0.0    0.0
0.0018085106382978724    0.0
0.003617021276595745    0.0
0.005425531914893617    0.0
0.00723404255319149    0.0
0.009042553191489363    0.0
0.010851063829787235    0.0
0.012659574468085107    0.0
0.01446808510638298    0.0
0.016276595744680853    0.0
0.018085106382978725    0.0
0.019893617021276597    0.0
0.02170212765957447    0.0
0.023510638297872342    0.0
0.025319148936170214    0.0
0.027127659574468086    0.0
0.02893617021276596    0.0
0.03074468085106383    0.0
0.032553191489361706    0.0
0.03436170212765958    0.0
0.03617021276595745    0.0
0.03797872340425532    0.0
0.039787234042553195    0.0
0.04159574468085107    0.0
0.04340425531914894    0.0
0.04521276595744681    0.0
0.047021276595744683    0.0
0.048829787234042556    0.0
0.05063829787234043    0.0
0.0524468085106383    0.0
0.05425531914893617    0.0
0.056063829787234044    0.0
0.05787234042553192    0.0
0.05968085106382979    0.0
0.06148936170212766    0.0
0.06329787234042554    0.0
0.06510638297872341    0.0
0.06691489361702128    0.0
0.06872340425531916    0.0
0.07053191489361703    0.0
0.0723404255319149    0.0
0.07414893617021277    0.0
0.07595744680851065    0.0
0.07776595744680852    0.0
0.07957446808510639    0.0
0.08138297872340426    0.0
0.08319148936170213    0.0
0.085    0.0
0.08680851063829788    0.0
0.08861702127659575    0.0
0.09042553191489362    0.0
0.0922340425531915    0.0
0.09404255319148937    0.0
0.09585106382978724    1.723213139725559e-106
0.09765957446808511    3.1418006628599452e-102
0.09946808510638298    9.686624883737735e-99
0.10127659574468086    1.2118547277368172e-95
0.10308510638297873    8.23770249612883e-93
0.1048936170212766    3.533235638098793e-90
0.10670212765957447    1.0475999951211884e-87
0.10851063829787234    2.28366407257969e-85
0.11031914893617022    3.826176363304361e-83
0.11212765957446809    5.095057490532754e-81
0.11393617021276596    5.535529919833416e-79
0.11574468085106383    5.011027162871796e-77
0.1175531914893617    3.8454008721598587e-75
0.11936170212765958    2.5377926069753303e-73
0.12117021276595745    1.4580301982860457e-71
0.12297872340425532    7.369109904453856e-70
0.1247872340425532    3.306273650051015e-68
0.12659574468085108    1.327339218049779e-66
0.12840425531914895    4.80155136290419e-65
0.13021276595744682    1.5748350317613345e-63
0.1320212765957447    4.709263655895172e-62
0.13382978723404257    1.290333378348066e-60
0.13563829787234044    3.254159832185429e-59
0.1374468085106383    7.584723132801826e-58
0.13925531914893619    1.6399200485838908e-56
0.14106382978723406    3.300409148298585e-55
0.14287234042553193    6.202024586068835e-54
0.1446808510638298    1.0913662572352539e-52
0.14648936170212767    1.8031582993285643e-51
0.14829787234042555    2.8040959148575162e-50
0.15010638297872342    4.113771541421731e-49
0.1519148936170213    5.705572995580439e-48
0.15372340425531916    7.49602781290723e-47
0.15553191489361703    9.346313481935935e-46
0.1573404255319149    1.1078465979408295e-44
0.15914893617021278    1.250417272259914e-43
0.16095744680851065    1.3459511549142342e-42
0.16276595744680852    1.3836497723075466e-41
0.1645744680851064    1.3602943855804509e-40
0.16638297872340427    1.2805702685444184e-39
0.16819148936170214    1.1557417284647036e-38
0.17    1.0011510238904625e-37
0.17180851063829788    8.332741376176365e-37
0.17361702127659576    6.67066605894276e-36
0.17542553191489363    5.141194938913564e-35
0.1772340425531915    3.818314888248034e-34
0.17904255319148937    2.7350890708303596e-33
0.18085106382978725    1.891140768058676e-32
0.18265957446808512    1.2631995534742135e-31
0.184468085106383    8.157224676342697e-31
0.18627659574468086    5.0961993294967456e-30
0.18808510638297873    3.082339780559539e-29
0.1898936170212766    1.8060409862679497e-28
0.19170212765957448    1.025787877863879e-27
0.19351063829787235    5.651035025408501e-27
0.19531914893617022    3.021237632607366e-26
0.1971276595744681    1.5684228493716313e-25
0.19893617021276597    7.910196608741399e-25
0.20074468085106384    3.8776777709296105e-24
0.2025531914893617    1.8485085056431976e-23
0.20436170212765958    8.572991544367336e-23
0.20617021276595746    3.8698291263259917e-22
0.20797872340425533    1.7008992546807696e-21
0.2097872340425532    7.282220333339038e-21
0.21159574468085107    3.038161482619813e-20
0.21340425531914894    1.2355939505170402e-19
0.21521276595744682    4.900129866032616e-19
0.2170212765957447    1.8956079510142104e-18
0.21882978723404256    7.155405020933397e-18
0.22063829787234043    2.636294922108899e-17
0.2224468085106383    9.483114373365196e-17
0.22425531914893618    3.331366294302551e-16
0.22606382978723405    1.1431930157796452e-15
0.22787234042553192    3.833083048903932e-15
0.2296808510638298    1.256054774058207e-14
0.23148936170212767    4.023420279705062e-14
0.23329787234042554    1.2600802031495158e-13
0.2351063829787234    3.859235071833325e-13
0.23691489361702128    1.156068856534437e-12
0.23872340425531915    3.3878151647831668e-12
0.24053191489361703    9.71355852989003e-12
0.2423404255319149    2.7253595978778485e-11
0.24414893617021277    7.48368126223665e-11
0.24595744680851064    2.0114399379856558e-10
0.24776595744680852    5.292350027810214e-10
0.2495744680851064    1.3632773353645928e-09
0.25138297872340426    3.43837736609053e-09
0.25319148936170216    8.491629719525862e-09
0.255    2.053648954103346e-08
0.2568085106382979    4.863885785227027e-08
0.25861702127659575    1.1281885108446409e-07
0.26042553191489365    2.562919463231841e-07
0.2622340425531915    5.702320680525564e-07
0.2640425531914894    1.2426091523526602e-06
0.26585106382978724    2.6520445091985087e-06
0.26765957446808514    5.543469093700953e-06
0.269468085106383    1.1348073051929374e-05
0.2712765957446809    2.274998267601049e-05
0.2730851063829787    4.466123122485339e-05
0.2748936170212766    8.584922429458122e-05
0.27670212765957447    0.00016156838923540298
0.27851063829787237    0.00029767448113385855
0.2803191489361702    0.0005368279490362462
0.2821276595744681    0.0009474841941290529
0.28393617021276596    0.0016363597821618015
0.28574468085106386    0.0027648620563929696
0.2875531914893617    0.004569459284373634
0.2893617021276596    0.007385031092275524
0.29117021276595745    0.011668794889534505
0.29297872340425535    0.01802047601308852
0.2947872340425532    0.027192181436558095
0.2965957446808511    0.04007940813795305
0.29840425531914894    0.057683514011345444
0.30021276595744684    0.08103677784381136
0.3020212765957447    0.11108488707355604
0.3038297872340426    0.14852901171062885
0.3056382978723404    0.19364044911268233
0.3074468085106383    0.24607378019479106
0.30925531914893617    0.3047166321140169
0.31106382978723407    0.3676211968068106
0.3128723404255319    0.4320598119976582
0.3146808510638298    0.4947304695073107
0.31648936170212766    0.5521075073215309
0.31829787234042556    0.6008923563633235
0.3201063829787234    0.6384790489807148
0.3219148936170213    0.6633234087681359
0.32372340425531915    0.6751077557380722
0.32553191489361705    0.6746331428333174
0.3273404255319149    0.6634453802760356
0.3291489361702128    0.6432911510943238
0.33095744680851064    0.6155753772025259
0.33276595744680854    0.5810160912316218
0.3345744680851064    0.539644682952038
0.3363829787234043    0.4911792589081019
0.3381914893617021    0.4356416980674105
0.34    0.37395641381097733
0.34180851063829787    0.30822780342636535
0.34361702127659577    0.24148495330290787
0.3454255319148936    0.17689373502535738
0.3472340425531915    0.11669311570120111
0.34904255319148936    0.061298709348044045
0.35085106382978726    0.009024957429436264
0.3526595744680851    -0.0433334214539379
0.354468085106383    -0.09918777979064639
0.35627659574468085    -0.16060531895208005
0.35808510638297875    -0.2272003587888287
0.3598936170212766    -0.2960178603443422
0.3617021276595745    -0.3625419057672261
0.36351063829787233    -0.42242983039169446
0.36531914893617023    -0.4731903528068817
0.3671276595744681    -0.5150086841130174
0.368936170212766    -0.5503157605971788
0.3707446808510638    -0.5823234360547035
0.3725531914893617    -0.6132786251929999
0.37436170212765957    -0.6433301667204198
0.37617021276595747    -0.6705592489001383
0.3779787234042553    -0.6920795374013905
0.3797872340425532    -0.7055334960176812
0.38159574468085106    -0.7101354782376698
0.38340425531914896    -0.706739286068719
0.3852127659574468    -0.6970263741603658
0.3870212765957447    -0.6824252579577527
0.38882978723404255    -0.6634592794345858
0.39063829787234045    -0.639844890384539
0.3924468085106383    -0.6111082327207037
0.3942553191489362    -0.577155816931156
0.39606382978723403    -0.5383568131695958
0.39787234042553193    -0.49515592071382597
0.3996808510638298    -0.4476578770301677
0.4014893617021277    -0.3956537925025848
0.4032978723404255    -0.3391556252877509
0.4051063829787234    -0.2789960056729659
0.40691489361702127    -0.21688609658653896
0.40872340425531917    -0.15470291886640053
0.410531914893617    -0.09344470199133667
0.4123404255319149    -0.03270026763400408
0.41414893617021276    0.02878113915181217
0.41595744680851066    0.09165233257968299
0.4177659574468085    0.1546666015332221
0.4195744680851064    0.21457575479212693
0.42138297872340424    0.2674811649279334
0.42319148936170214    0.3107616768040615
0.425    0.3441478929357834
0.4268085106382979    0.36906220494942155
0.42861702127659573    0.38667111961481737
0.43042553191489363    0.39619008052306126
0.4322340425531915    0.39491559269158116
0.4340425531914894    0.38017770553619246
0.4358510638297872    0.3518523809838904
0.4376595744680851    0.3134980897939984
0.43946808510638297    0.27112332655619487
0.44127659574468087    0.23037690114012155
0.4430851063829787    0.1941731280437311
0.4448936170212766    0.16241031707536407
0.44670212765957445    0.13376682474578927
0.44851063829787235    0.10792163924927634
0.4503191489361702    0.08630205310204472
0.4521276595744681    0.07081368244720856
0.45393617021276594    0.06180557349447566
0.45574468085106384    0.05721532785297845
0.4575531914893617    0.05381122287319942
0.4593617021276596    0.04957558667226629
0.46117021276595743    0.04518767325665771
0.46297872340425533    0.04323912688543685
0.46478723404255323    0.045704709812144084
0.4665957446808511    0.05168799643830006
0.468404255319149    0.05729020810175012
0.4702127659574468    0.057767191501771536
0.4720212765957447    0.05037385852159526
0.47382978723404257    0.03588361157154904
0.47563829787234047    0.017931021026674293
0.4774468085106383    0.0009591470137250181
0.4792553191489362    -0.01170089872276581
0.48106382978723405    -0.018648926808922422
0.48287234042553195    -0.020260715817564067
0.4846808510638298    -0.018236625365332364
0.4864893617021277    -0.015196484989109294
0.48829787234042554    -0.014075308607604652
0.49010638297872344    -0.017053446670704197
0.4919148936170213    -0.02438464463411193
0.4937234042553192    -0.034017905040636565
0.49553191489361703    -0.042593582847681194
0.49734042553191493    -0.04734691681791302
0.4991489361702128    -0.047623113666674585
0.5009574468085106    -0.0449417852574268
0.5027659574468085    -0.04169831412177742
0.5045744680851064    -0.039619518643668736
0.5063829787234043    -0.03908854868679344
0.5081914893617021    -0.03952333568751373
0.51    -0.04010694596808813
0.5118085106382979    -0.040144804359002834
0.5136170212765958    -0.0390107269642047
0.5154255319148936    -0.03616557614542491
0.5172340425531915    -0.03150391187345318
0.5190425531914894    -0.02565915876058427
0.5208510638297873    -0.019726746677554134
0.5226595744680851    -0.014458838462870355
0.524468085106383    -0.009686339817143851
0.5262765957446809    -0.004632346846377344
0.5280851063829788    0.0011485240659657083
0.5298936170212766    0.007241694422272148
0.5317021276595745    0.012931538267584742
0.5335106382978724    0.018275935947656623
0.5353191489361703    0.024355450629093837
0.5371276595744681    0.03209917267846102
0.538936170212766    0.040748530925713206
0.5407446808510639    0.04778676919005652
0.5425531914893618    0.050923491218671596
0.5443617021276596    0.05048785717125272
0.5461702127659575    0.049700496917187045
0.5479787234042554    0.052028144794509956
0.5497872340425533    0.0577647476041883
0.551595744680851    0.06317214778876389
0.5534042553191489    0.06342792728501
0.5552127659574468    0.05698964347152789
0.5570212765957447    0.047331062022908876
0.5588297872340425    0.040199627051336145
0.5606382978723404    0.03870987876062659
0.5624468085106383    0.04074362230792808
0.5642553191489362    0.041076524210059515
0.566063829787234    0.03625549479395368
0.5678723404255319    0.027709115809418372
0.5696808510638298    0.02031287427573439
0.5714893617021277    0.017924707833468667
0.5732978723404255    0.02010646438856134
0.5751063829787234    0.022880841640823886
0.5769148936170213    0.02247510887769262
0.5787234042553192    0.018416901886355683
0.580531914893617    0.013364161818642743
0.5823404255319149    0.0103272120718114
0.5841489361702128    0.010143017972322699
0.5859574468085107    0.011303386939636277
0.5877659574468085    0.011720626171120383
0.5895744680851064    0.01041768920992904
0.5913829787234043    0.00776092788239572
0.5931914893617022    0.00458956982655578
0.595    0.0014666980405848799
0.5968085106382979    -0.0013501007735964349
0.5986170212765958    -0.003649319475729885
0.6004255319148937    -0.005308490501097299
0.6022340425531915    -0.006552932620718298
0.6040425531914894    -0.007896343194597179
0.6058510638297873    -0.009643353214159378
0.6076595744680852    -0.011522165432319723
0.609468085106383    -0.012992944072323251
0.6112765957446809    -0.013976743610189895
0.6130851063829788    -0.015148564499121327
0.6148936170212767    -0.01734465310603275
0.6167021276595744    -0.020644555736488223
0.6185106382978723    -0.02412633446324001
0.6203191489361702    -0.026613655464743608
0.6221276595744681    -0.02768671417370683
0.6239361702127659    -0.027981404815263382
0.6257446808510638    -0.02857860901941312
0.6275531914893617    -0.030164653285434957
0.6293617021276596    -0.03269242852546811
0.6311702127659574    -0.035609236621225226
0.6329787234042553    -0.0382290099097162
0.6347872340425532    -0.039991351028125205
0.6365957446808511    -0.04070878515705774
0.6384042553191489    -0.04081975511671168
0.6402127659574468    -0.04129159919326632
0.6420212765957447    -0.04290592805284052
0.6438297872340426    -0.0454014993457673
0.6456382978723404    -0.04746560218643624
0.6474468085106383    -0.047922152567611356
0.6492553191489362    -0.04707898872017917
0.6510638297872341    -0.04667672247618934
0.6528723404255319    -0.048165842910725454
0.6546808510638298    -0.05097536347421126
0.6564893617021277    -0.05278228456213055
0.6582978723404256    -0.05181391636056827
0.6601063829787234    -0.04887368421789215
0.6619148936170213    -0.04677957057710169
0.6637234042553192    -0.04755446836094855
0.6655319148936171    -0.050256940636253175
0.6673404255319149    -0.05186540881597118
0.6691489361702128    -0.050419127499320746
0.6709574468085107    -0.047107008765822106
0.6727659574468086    -0.04503152006351763
0.6745744680851063    -0.04594552751645699
0.6763829787234042    -0.04846735619000045
0.6781914893617021    -0.04965669890181339
0.68    -0.04816007043552366
0.6818085106382978    -0.04548353332320057
0.6836170212765957    -0.04411743773981584
0.6854255319148936    -0.044732302059122125
0.6872340425531915    -0.045567107458777276
0.6890425531914893    -0.04453471614595553
0.6908510638297872    -0.04152491086404046
0.6926595744680851    -0.03832890657442033
0.694468085106383    -0.036451405334483364
0.6962765957446809    -0.03544567092100395
0.6980851063829787    -0.033635777043032944
0.6998936170212766    -0.030234763876595294
0.7017021276595745    -0.026318968613505904
0.7035106382978724    -0.02358441140701461
0.7053191489361702    -0.022430726566880915
0.7071276595744681    -0.021603401455433692
0.708936170212766    -0.0197016983385117
0.7107446808510639    -0.016709289139286508
0.7125531914893617    -0.013818591973796146
0.7143617021276596    -0.011903109244304152
0.7161702127659575    -0.010497151383396748
0.7179787234042554    -0.008390244776574848
0.7197872340425532    -0.0050038582613973395
0.7215957446808511    -0.000932572771765232
0.723404255319149    0.00282625044872769
0.7252127659574469    0.005902764381279323
0.7270212765957447    0.008687540073506889
0.7288297872340426    0.01164105834775677
0.7306382978723405    0.014771780846873174
0.7324468085106384    0.017838197926454864
0.7342553191489362    0.02080037315889685
0.7360638297872341    0.02382124258719511
0.737872340425532    0.026881652843891386
0.7396808510638299    0.029672400059597127
0.7414893617021276    0.03201063725673602
0.7432978723404255    0.03420195197651952
0.7451063829787234    0.03673886925414988
0.7469148936170213    0.03961676967338528
0.7487234042553191    0.04217439256511701
0.750531914893617    0.04380055253177537
0.7523404255319149    0.04472322198223346
0.7541489361702128    0.04587053523330436
0.7559574468085106    0.04786172992060778
0.7577659574468085    0.050281482150789585
0.7595744680851064    0.05212102753036179
0.7613829787234043    0.05289615831962622
0.7631914893617021    0.053133085535117676
0.765    0.053666958121723
0.7668085106382979    0.05462231010849564
0.7686170212765958    0.0553082232550871
0.7704255319148936    0.05512981488054972
0.7722340425531915    0.05438260215468594
0.7740425531914894    0.05395515983601918
0.7758510638297873    0.05429804510819911
0.7776595744680851    0.054890367985064865
0.779468085106383    0.054817422691737956
0.7812765957446809    0.05375364649852316
0.7830851063829788    0.05221577095043058
0.7848936170212766    0.05086704894711012
0.7867021276595745    0.04975799834413947
0.7885106382978724    0.048382428258214406
0.7903191489361703    0.04640548695290043
0.7921276595744681    0.04415150249729687
0.793936170212766    0.04228671516486219
0.7957446808510639    0.04109567172507294
0.7975531914893618    0.04018166386050403
0.7993617021276596    0.03889682182048761
0.8011702127659575    0.03700504799746452
0.8029787234042554    0.034884347919416726
0.8047872340425533    0.033101491544790314
0.806595744680851    0.031813840644250184
0.808404255319149    0.030571188177246487
0.8102127659574468    0.02868150642439777
0.8120212765957447    0.025792337564919443
0.8138297872340425    0.022152412245700505
0.8156382978723404    0.01829960380457024
0.8174468085106383    0.014463220841608442
0.8192553191489362    0.01030256882802039
0.821063829787234    0.005331722367354286
0.8228723404255319    -0.00035608039211515626
0.8246808510638298    -0.005904010931556485
0.8264893617021277    -0.010413398161730762
0.8282978723404255    -0.013884199799780964
0.8301063829787234    -0.017254769126169914
0.8319148936170213    -0.021321703979904263
0.8337234042553192    -0.0256927020993573
0.835531914893617    -0.02909501247385295
0.8373404255319149    -0.030873332318715124
0.8391489361702128    -0.03197729739446223
0.8409574468085107    -0.03411874608400556
0.8427659574468085    -0.037883156920858266
0.8445744680851064    -0.04197717657331894
0.8463829787234043    -0.04462767466321085
0.8481914893617022    -0.04559576710074745
0.85    -0.04639854673077694
0.8518085106382979    -0.04838596151768955
0.8536170212765958    -0.05095836345662763
0.8554255319148937    -0.05216166105777244
0.8572340425531915    -0.05104193197660649
0.8590425531914894    -0.04889771245416531
0.8608510638297873    -0.047798340124564284
0.8626595744680852    -0.04808219830884873
0.864468085106383    -0.04790499001065342
0.8662765957446809    -0.0454758138698171
0.8680851063829788    -0.04129412425925946
0.8698936170212767    -0.03762244508809806
0.8717021276595744    -0.035799815388999984
0.8735106382978723    -0.03469053222386591
0.8753191489361702    -0.03218887872793512
0.8771276595744681    -0.027913199978358415
0.8789361702127659    -0.023735689695023036
0.8807446808510638    -0.021494082993539665
0.8825531914893617    -0.020753968313598034
0.8843617021276596    -0.01941021017702093
0.8861702127659574    -0.016333801451298494
0.8879787234042553    -0.012713108892585506
0.8897872340425532    -0.01043481475467612
0.8915957446808511    -0.009625851171486947
0.8934042553191489    -0.008518844767351447
0.8952127659574468    -0.005795498996053923
0.8970212765957447    -0.002369074674438589
0.8988297872340426    -0.00028309908817422463
0.9006382978723404    -0.00010587447187498635
0.9024468085106383    -0.00013766703883416793
0.9042553191489362    0.0015580014840807146
0.9060638297872341    0.0048679534756869485
0.9078723404255319    0.007932793775816887
0.9096808510638298    0.009550640405754825
0.9114893617021277    0.01056420865637191
0.9132978723404256    0.012533677303690881
0.9151063829787234    0.015544182450909539
0.9169148936170213    0.018048966478579013
0.9187234042553192    0.018904181254104636
0.9205319148936171    0.018863184205182928
0.9223404255319149    0.019548583276854745
0.9241489361702128    0.02127609262938682
0.9259574468085107    0.022620643598665297
0.9277659574468086    0.02230242995232486
0.9295744680851065    0.02089957411393553
0.9313829787234043    0.020127747176226302
0.9331914893617022    0.020652523032632927
0.935    0.02134344555549046
0.936808510638298    0.02095687528626106
0.9386170212765957    0.01998465995151733
0.9404255319148936    0.020146000077644593
0.9422340425531915    0.022112639900646592
0.9440425531914894    0.02444751878499264
0.9458510638297872    0.02521767102825621
0.9476595744680851    0.02426322589608362
0.949468085106383    0.02322372433886988
0.9512765957446809    0.023317198790828306
0.9530851063829787    0.02376417908324013
0.9548936170212766    0.02286741360561351
0.9567021276595745    0.020272129886310598
0.9585106382978724    0.017420186299927847
0.9603191489361702    0.015635371872436795
0.9621276595744681    0.014412796858921523
0.963936170212766    0.012191272022489253
0.9657446808510639    0.008569141058087686
0.9675531914893617    0.004986269967625372
0.9693617021276596    0.002913664813692358
0.9711702127659575    0.0019061557590072283
0.9729787234042554    9.79378418123956e-05
0.9747872340425532    -0.0034603878353252973
0.9765957446808511    -0.007635846005855942
0.978404255319149    -0.010706145418410761
0.9802127659574469    -0.012545524147091109
0.9820212765957447    -0.014677198386299405
0.9838297872340426    -0.01819234964548197
0.9856382978723405    -0.022306775562816385
0.9874468085106384    -0.025424443198098334
0.9892553191489362    -0.027248528689845113
0.9910638297872341    -0.02913269192093878
0.992872340425532    -0.03223267989876074
0.9946808510638299    -0.035923568487437905
0.9964893617021277    -0.03855951420372466
0.9982978723404256    -0.03954057190231589
1.0001063829787233    -0.039962654912496516
1.0019148936170212    -0.041056883779373325
1.0037234042553191    -0.042551214494456334
1.005531914893617    -0.043121443853242604
1.007340425531915    -0.042256412006973366
1.0091489361702128    -0.040979933688007765
1.0109574468085107    -0.04044912506664349
1.0127659574468086    -0.040334188026702335
1.0145744680851063    -0.03919503805764383
1.0163829787234042    -0.03639214005304927
1.0181914893617021    -0.03299340240404806
1.02    -0.03044903909626747
1.021808510638298    -0.02876529403784911
1.0236170212765958    -0.02658343411641418
1.0254255319148937    -0.02306671855707819
1.0272340425531916    -0.019128136276742036
1.0290425531914893    -0.016407369444652056
1.0308510638297872    -0.01533793353812058
1.032659574468085    -0.014771846734603227
1.034468085106383    -0.013534686840948669
1.036276595744681    -0.011802063204439567
1.0380851063829788    -0.01056805994373233
1.0398936170212767    -0.010094392333763184
1.0417021276595746    -0.009530103380766302
1.0435106382978723    -0.008188753762406818
1.0453191489361702    -0.006646625732746627
1.047127659574468    -0.006054862298435635
1.048936170212766    -0.006520151447390573
1.0507446808510639    -0.006750754025678858
1.0525531914893618    -0.00554040234573454
1.0543617021276597    -0.003220751551260519
1.0561702127659576    -0.001217571892886007
1.0579787234042553    -0.0003071892687248256
1.0597872340425532    0.000166673259463099
1.061595744680851    0.001172128854569193
1.063404255319149    0.0025432014857624317
1.0652127659574468    0.0031703673008269518
1.0670212765957447    0.002560045236027544
1.0688297872340426    0.0016454746924411015
1.0706382978723405    0.0017169922308254196
1.0724468085106382    0.0028389619891095994
1.0742553191489361    0.0038191041949141046
1.076063829787234    0.003778598826755256
1.077872340425532    0.003298307795755183
1.0796808510638298    0.003688438016831709
1.0814893617021277    0.005359533966724624
1.0832978723404256    0.0073825399750999145
1.0851063829787235    0.008726793145966815
1.0869148936170212    0.009507221990528437
1.088723404255319    0.010650955126482068
1.090531914893617    0.012514934833401156
1.092340425531915    0.014327293415402797
1.0941489361702128    0.015182124695603427
1.0959574468085107    0.015262813517256165
1.0977659574468086    0.015693670892250346
1.0995744680851065    0.01721684228056671
1.1013829787234042    0.019378320660658078
1.103191489361702    0.02119745673943785
1.105    0.022390623577856126
1.1068085106382979    0.02359214519333634
1.1086170212765958    0.025383061496005787
1.1104255319148937    0.02745362154057666
1.1122340425531916    0.02896738329788606
1.1140425531914895    0.029602881903328857
1.1158510638297872    0.029916978771756465
1.117659574468085    0.03060175002719757
1.119468085106383    0.03161568370209063
1.1212765957446809    0.03226582888507332
1.1230851063829788    0.032071330045640334
1.1248936170212767    0.03129234763574967
1.1267021276595746    0.030508178832047032
1.1285106382978725    0.0298462698646837
1.1303191489361701    0.028845687364064537
1.132127659574468    0.027080797023246596
1.133936170212766    0.02471946751466094
1.1357446808510638    0.022317802559236516
1.1375531914893617    0.020134306800158215
1.1393617021276596    0.01783524376423711
1.1411702127659575    0.014962422754933848
1.1429787234042554    0.011589982322823475
1.1447872340425531    0.008354061388677194
1.146595744680851    0.005778172794606058
1.148404255319149    0.0036625615169226505
1.1502127659574468    0.0012697343506384217
1.1520212765957447    -0.0018520870011113607
1.1538297872340426    -0.005306912788177399
1.1556382978723405    -0.008190334930878472
1.1574468085106384    -0.009976272497405719
1.1592553191489363    -0.010979911412604178
1.161063829787234    -0.011902215820812505
1.162872340425532    -0.013007832570172892
1.1646808510638298    -0.013893460861770585
1.1664893617021277    -0.014075466255195013
1.1682978723404256    -0.013625235053460184
1.1701063829787235    -0.013039814167745818
1.1719148936170214    -0.012533087639522274
1.1737234042553193    -0.011720252196800562
1.175531914893617    -0.010192882965953321
1.1773404255319149    -0.008285156658365756
1.1791489361702128    -0.006966090620626125
1.1809574468085107    -0.006837149425383845
1.1827659574468086    -0.007408622258386942
1.1845744680851065    -0.007592554607533032
1.1863829787234044    -0.006873200149402426
1.1881914893617023    -0.0057471123074874855
1.19    -0.004931934060546523
1.1918085106382978    -0.004412335299658725
1.1936170212765957    -0.003581404656665248
1.1954255319148936    -0.002257683685056467
1.1972340425531915    -0.0011498094219111418
1.1990425531914894    -0.0010550233577934537
1.2008510638297873    -0.001821479449783052
1.2026595744680852    -0.0025236059515776265
1.204468085106383    -0.0027257525508078027
1.2062765957446808    -0.003180725872499659
1.2080851063829787    -0.0049428283922472215
1.2098936170212766    -0.007961502384590834
1.2117021276595745    -0.011014030055672829
1.2135106382978724    -0.013168304951101842
1.2153191489361703    -0.014937824004244659
1.2171276595744682    -0.017606138180186044
1.218936170212766    -0.021549583566960216
1.2207446808510638    -0.025726383584416413
1.2225531914893617    -0.029011770494928476
1.2243617021276596    -0.031636329062983304
1.2261702127659575    -0.034820586948524704
1.2279787234042554    -0.03905916838569293
1.2297872340425533    -0.04330637799748856
1.2315957446808512    -0.04615714373991303
1.2334042553191489    -0.04750184003268436
1.2352127659574468    -0.04851170730982664
1.2370212765957447    -0.05001255935968213
1.2388297872340426    -0.05141219535602905
1.2406382978723405    -0.051569205575363736
1.2424468085106384    -0.05038416973791385
1.2442553191489363    -0.04895166654600627
1.2460638297872342    -0.04808140746644873
1.2478723404255319    -0.047209420902944596
1.2496808510638298    -0.04518583494947519
1.2514893617021277    -0.0418713920047321
1.2532978723404256    -0.03836724619108538
1.2551063829787235    -0.035556413045664245
1.2569148936170214    -0.032943681964575255
1.2587234042553193    -0.029396066594863046
1.2605319148936172    -0.02480031290139642
1.2623404255319148    -0.020370088439636683
1.2641489361702127    -0.017131132378932094
1.2659574468085106    -0.014595187652562423
1.2677659574468085    -0.011434129652431395
1.2695744680851064    -0.007301978222913126
1.2713829787234043    -0.0033849108107922004
1.2731914893617022    -0.0009188894893924953
1.2750000000000001    0.0003879621672624881
1.2768085106382978    0.0019548607730108473
1.2786170212765957    0.004487770430565327
1.2804255319148936    0.007115756532309159
1.2822340425531915    0.008584050531910262
1.2840425531914894    0.008853968677765021
1.2858510638297873    0.008991233607012449
1.2876595744680852    0.009590481278170256
1.289468085106383    0.009949786481819253
1.2912765957446808    0.009128880585043266
1.2930851063829787    0.0074040432522415045
1.2948936170212766    0.006058500288103794
1.2967021276595745    0.005714558696431839
1.2985106382978724    0.005448140743834888
1.3003191489361703    0.003946467538839159
1.3021276595744682    0.00125446937436678
1.303936170212766    -0.0011654494982346654
1.3057446808510638    -0.0021536362005573828
1.3075531914893617    -0.002150932764910087
1.3093617021276596    -0.0024760798134793923
1.3111702127659575    -0.003632303699619418
1.3129787234042554    -0.004861798510078024
1.3147872340425533    -0.0053903295450331914
1.3165957446808512    -0.005548178348432386
1.318404255319149    -0.006226585700402612
1.3202127659574467    -0.007465905671209874
1.3220212765957446    -0.008163277533284542
1.3238297872340425    -0.007352698062640366
1.3256382978723404    -0.0053722751607055575
1.3274468085106383    -0.003380978785067261
1.3292553191489362    -0.0018844345773511373
1.3310638297872341    -0.0002060330297481935
1.332872340425532    0.0024722336746495505
1.3346808510638297    0.005955015318682699
1.3364893617021276    0.009292005390895842
1.3382978723404255    0.012029778031469294
1.3401063829787234    0.014740876465613544
1.3419148936170213    0.018159010522127633
1.3437234042553192    0.02213731714194316
1.3455319148936171    0.0258214149988498
1.347340425531915    0.02873613021622733
1.3491489361702127    0.03127721884560232
1.3509574468085106    0.033977338191346115
1.3527659574468085    0.03660762716405011
1.3545744680851064    0.03836565317060853
1.3563829787234043    0.03888711074115797
1.3581914893617022    0.03870777419031396
1.36    0.03857689679559545
1.361808510638298    0.03856798973936877
1.3636170212765957    0.03814139425212093
1.3654255319148936    0.03697208283560302
1.3672340425531915    0.03535437676758009
1.3690425531914894    0.03367311708475308
1.3708510638297873    0.031775782108543774
1.3726595744680852    0.029198632097074018
1.374468085106383    0.025953162841857176
1.376276595744681    0.022737391445264626
1.3780851063829787    0.02019617971937046
1.3798936170212766    0.018178702638811203
1.3817021276595745    0.015994800671333388
1.3835106382978724    0.013352554536046057
1.3853191489361703    0.010744630860769367
1.3871276595744682    0.008781179870513689
1.388936170212766    0.007366908728807419
1.390744680851064    0.005821256977655981
1.3925531914893619    0.0037882932027730274
1.3943617021276595    0.001748599252664876
1.3961702127659574    0.0004768727378470796
1.3979787234042553    0.00014842725218636187
1.3997872340425532    0.00020068815041655137
1.4015957446808511    3.940244674494498e-05
1.403404255319149    -0.00036529204656366734
1.405212765957447    -0.0006879263494494487
1.4070212765957448    -0.0008420494555194669
1.4088297872340425    -0.0010922303281789114
1.4106382978723404    -0.001564924309762505
1.4124468085106383    -0.0018967504114001021
1.4142553191489362    -0.001563527801833205
1.416063829787234    -0.0004946856492981089
1.417872340425532    0.0008191542395883037
1.41968085106383    0.0018636776050536
1.4214893617021278    0.002611137199315782
1.4232978723404255    0.003410755599965728
1.4251063829787234    0.004471429058535275
1.4269148936170213    0.00560719226899809
1.4287234042553192    0.00649736279201428
1.430531914893617    0.00704834022137245
1.432340425531915    0.007394912944563577
1.4341489361702129    0.007616221189722196
1.4359574468085108    0.007595243477789313
1.4377659574468085    0.007194639939630858
1.4395744680851064    0.006475979369332035
1.4413829787234043    0.00565989948879091
1.4431914893617022    0.0048907153286293446
1.445    0.004101080920886265
1.446808510638298    0.0031002997806869126
1.4486170212765959    0.0017322957029383074
1.4504255319148938    -6.161475440609725e-05
1.4522340425531914    -0.0022502859387806885
1.4540425531914893    -0.004702343578769801
1.4558510638297872    -0.007197151203087712
1.4576595744680851    -0.009549828478944193
1.459468085106383    -0.011779532144718816
1.461276595744681    -0.014107086237377546
1.4630851063829788    -0.016716205257109398
1.4648936170212767    -0.019515195090853994
1.4667021276595744    -0.02218604996458586
1.4685106382978723    -0.024489810720399127
1.4703191489361702    -0.0264869079958412
1.4721276595744681    -0.028425213131227155
1.473936170212766    -0.0304395370615439
1.475744680851064    -0.03241341074675258
1.4775531914893618    -0.03413643517723122
1.4793617021276597    -0.035539161957028484
1.4811702127659574    -0.036732058348858065
1.4829787234042553    -0.03784527558357867
1.4847872340425532    -0.038895622054821
1.486595744680851    -0.039827449555290426
1.488404255319149    -0.040629714401781286
1.490212765957447    -0.0413480627096532
1.4920212765957448    -0.04197124307408473
1.4938297872340427    -0.0423476235847719
1.4956382978723404    -0.04226060428445136
1.4974468085106383    -0.04160942717660329
1.4992553191489362    -0.040522779684803376
1.501063829787234    -0.03929491662414887
1.502872340425532    -0.03819415740251286
1.5046808510638299    -0.037295842661969475
1.5064893617021278    -0.03646352346886249
1.5082978723404257    -0.03548238731463635
1.5101063829787233    -0.03423159666653838
1.5119148936170212    -0.032756208750804955
1.5137234042553191    -0.0311923927947316
1.515531914893617    -0.029636211079733882
1.517340425531915    -0.028091461678535247
1.5191489361702128    -0.02653116867358149
1.5209574468085107    -0.024970419421196807
1.5227659574468086    -0.023440013189067646
1.5245744680851063    -0.021885848448349142
1.5263829787234042    -0.020129769985101117
1.5281914893617021    -0.017968702808416746
1.53    -0.015328792993761942
1.531808510638298    -0.012327192758666006
1.5336170212765958    -0.009197050269754252
1.5354255319148937    -0.006162217634819441
1.5372340425531916    -0.0033549076470299217
1.5390425531914893    -0.0007842984816035532
1.5408510638297872    0.0016704873877714304
1.542659574468085    0.004223868164690455
1.544468085106383    0.007076377833811347
1.546276595744681    0.010297807496303171
1.5480851063829788    0.013824344976549805
1.5498936170212767    0.017593169942530944
1.5517021276595746    0.02166374132497723
1.5535106382978723    0.02616243920890315
1.5553191489361702    0.03109409595972509
1.557127659574468    0.03624632063486784
1.558936170212766    0.041321677280297814
1.5607446808510639    0.046160436769994345
1.5625531914893618    0.05080298927416599
1.5643617021276597    0.05533494783522931
1.5661702127659576    0.05971289474862154
1.5679787234042553    0.06376370458831714
1.5697872340425532    0.067313236673697
1.571595744680851    0.0702583360605935
1.573404255319149    0.0725234457672063
1.5752127659574469    0.0740302975473927
1.5770212765957448    0.0747743716320383
1.5788297872340427    0.07490104408254276
1.5806382978723406    0.07462298572931943
1.5824468085106382    0.07402867930479691
1.5842553191489361    0.07301843810470048
1.586063829787234    0.07147821916425369
1.587872340425532    0.06949398917953355
1.5896808510638298    0.06733062481740117
1.5914893617021277    0.06518278376669724
1.5932978723404256    0.06299827832811207
1.5951063829787235    0.06059015924047738
1.5969148936170212    0.057891395305416204
1.5987234042553191    0.05503204112978592
1.600531914893617    0.05215363083633444
1.602340425531915    0.0492070515178543
1.6041489361702128    0.04598374670532643
1.6059574468085107    0.04232411344511644
1.6077659574468086    0.03824287534597329
1.6095744680851065    0.03385234714642167
1.6113829787234042    0.029226509829065647
1.613191489361702    0.02438191881582013
1.615    0.019355325731085025
1.616808510638298    0.014235862839089286
1.6186170212765958    0.009113185777388108
1.6204255319148937    0.004039638758982219
1.6222340425531916    -0.0009393228315958094
1.6240425531914895    -0.005764223511074288
1.6258510638297874    -0.010412682724107383
1.627659574468085    -0.014935560907598166
1.629468085106383    -0.019368330232292855
1.6312765957446809    -0.023600242340168595
1.6330851063829788    -0.027413568539191455
1.6348936170212767    -0.030716534990331473
1.6367021276595746    -0.033690468276093635
1.6385106382978725    -0.03660520087097595
1.6403191489361704    -0.039471957079368875
1.642127659574468    -0.041975821382002426
1.643936170212766    -0.04383436439271417
1.6457446808510638    -0.04517879665430781
1.6475531914893617    -0.04647243545871965
1.6493617021276596    -0.04803722661151878
1.6511702127659575    -0.04976494786184746
1.6529787234042554    -0.05136369553126388
1.6547872340425533    -0.0527932501136035
1.656595744680851    -0.05429245492077042
1.658404255319149    -0.055959509181579895
1.6602127659574468    -0.05748595381356961
1.6620212765957447    -0.058482748730361966
1.6638297872340426    -0.05903691547069559
1.6656382978723405    -0.059757059330355106
1.6674468085106384    -0.06116682462861499
1.6692553191489363    -0.06315498062940926
1.671063829787234    -0.06517325251802948
1.672872340425532    -0.06695928131473826
1.6746808510638298    -0.06889607849554909
1.6764893617021277    -0.07155755344401167
1.6782978723404256    -0.07498703984579179
1.6801063829787235    -0.07856219156332404
1.6819148936170214    -0.08156144063150374
1.6837234042553193    -0.08372724848636866
1.685531914893617    -0.08522388250687028
1.6873404255319149    -0.08619120155736677
1.6891489361702128    -0.08652746870668467
1.6909574468085107    -0.08610620264162495
1.6927659574468086    -0.08501285742264385
1.6945744680851065    -0.08341872900794099
1.6963829787234044    -0.08127907726237864
1.6981914893617023    -0.07831589592707404
1.7    -0.07435411179642369
1.7018085106382979    -0.06959271381501263
1.7036170212765958    -0.0644804446291339
1.7054255319148937    -0.05937870440741164
1.7072340425531916    -0.054420046096559704
1.7090425531914895    -0.04964617306123793
1.7108510638297874    -0.04513969128762778
1.7126595744680853    -0.04095427869113559
1.714468085106383    -0.03699985096368126
1.7162765957446808    -0.033101817652722326
1.7180851063829787    -0.02915867452495669
1.7198936170212766    -0.025157050043353425
1.7217021276595745    -0.021038699371278557
1.7235106382978724    -0.016673822446255662
1.7253191489361703    -0.012037033918674788
1.7271276595744682    -0.007318118601205896
1.728936170212766    -0.002723412339768713
1.7307446808510638    0.0018132338119539301
1.7325531914893617    0.006559215065167245
1.7343617021276596    0.011543143900526633
1.7361702127659575    0.016317304517982703
1.7379787234042554    0.020343386604349097
1.7397872340425533    0.02360869305836589
1.7415957446808512    0.0266699908172415
1.7434042553191489    0.029975463207080548
1.7452127659574468    0.033271912668473534
1.7470212765957447    0.03587945880439564
1.7488297872340426    0.03753874646811089
1.7506382978723405    0.03876566305875786
1.7524468085106384    0.040233945229668146
1.7542553191489363    0.04194388841333801
1.7560638297872342    0.04322457582528683
1.7578723404255319    0.04355953963899294
1.7596808510638298    0.04318444958548336
1.7614893617021277    0.0427265162920658
1.7632978723404256    0.04239698032344829
1.7651063829787235    0.04178071212911081
1.7669148936170214    0.040437037969694216
1.7687234042553193    0.038481892770127375
1.7705319148936172    0.03642841191261117
1.7723404255319148    0.03459048860373027
1.7741489361702127    0.03287206125839786
1.7759574468085106    0.03113247193930243
1.7777659574468085    0.029500678070810395
1.7795744680851064    0.02816066570376944
1.7813829787234043    0.02697170579655918
1.7831914893617022    0.02556318428542915
1.7850000000000001    0.023841868613367977
1.7868085106382978    0.022194075189582982
1.7886170212765957    0.02103999265350865
1.7904255319148936    0.02031038083479307
1.7922340425531915    0.019568719144970312
1.7940425531914894    0.018636514166779465
1.7958510638297873    0.01787956942142055
1.7976595744680852    0.01776054353990182
1.7994680851063831    0.0182507689664057
1.8012765957446808    0.018862220373725008
1.8030851063829787    0.019196218358463857
1.8048936170212766    0.019232062003193065
1.8067021276595745    0.01902229793384467
1.8085106382978724    0.018348838898640883
1.8103191489361703    0.016931239569120703
1.8121276595744682    0.014914465868069382
1.813936170212766    0.012873185223070113
1.8157446808510638    0.011212403757371325
1.8175531914893617    0.009732089069300964
1.8193617021276596    0.007958966075019572
1.8211702127659575    0.00580672740209669
1.8229787234042554    0.0036658315666604126
1.8247872340425533    0.0018285640592302322
1.8265957446808512    0.00010914566450494082
1.828404255319149    -0.0017524728068963591
1.8302127659574468    -0.003467862698892191
1.8320212765957447    -0.004316940949499022
1.8338297872340426    -0.003970034648274004
1.8356382978723405    -0.0029476567944507048
1.8374468085106384    -0.002061910415752248
1.8392553191489363    -0.0015419814467118498
1.8410638297872342    -0.0009849427567880675
1.842872340425532    -0.00014478631869722642
1.8446808510638297    0.0005873102395656696
1.8464893617021276    0.0007221769387211262
1.8482978723404255    0.0004835896099912994
1.8501063829787234    0.0007004214420272541
1.8519148936170213    0.0018342748184972167
1.8537234042553192    0.0034380362945730355
1.8555319148936171    0.00482219448988742
1.857340425531915    0.006072873060802669
1.859148936170213    0.008045752208448626
1.8609574468085106    0.011309750661251637
1.8627659574468085    0.015430989356143524
1.8645744680851064    0.019541703242790393
1.8663829787234043    0.023422084541582025
1.8681914893617022    0.027659513629517726
1.87    0.03272498326765026
1.871808510638298    0.03826399165420445
1.873617021276596    0.04355735099380989
1.8754255319148936    0.04847072394518136
1.8772340425531915    0.05354948908580144
1.8790425531914894    0.05912435002605254
1.8808510638297873    0.0646793935955902
1.8826595744680852    0.06937589339111551
1.884468085106383    0.07302509675781417
1.886276595744681    0.07617624668432048
1.8880851063829789    0.07919420750782817
1.8898936170212766    0.0815811020708113
1.8917021276595745    0.08246640680286273
1.8935106382978724    0.08162017953135624
1.8953191489361703    0.0796706883827301
1.8971276595744682    0.07729884298409116
1.898936170212766    0.074510761008328
1.900744680851064    0.07088714095137143
1.9025531914893619    0.06634813821541703
1.9043617021276595    0.06134747468592598
1.9061702127659574    0.05628900064540111
1.9079787234042553    0.051029909505516
1.9097872340425532    0.04513325367230668
1.9115957446808511    0.03844877013042258
1.913404255319149    0.0312014432566389
1.915212765957447    0.023540294502234764
1.9170212765957448    0.015260026547702268
1.9188297872340425    0.006085461727397868
1.9206382978723404    -0.003942608357386444
1.9224468085106383    -0.014544935692947035
1.9242553191489362    -0.025561705448138836
1.9260638297872341    -0.03697877526100121
1.927872340425532    -0.04855873425613744
1.92968085106383    -0.05969389853145479
1.9314893617021278    -0.06983400049628796
1.9332978723404255    -0.07896980213688257
1.9351063829787234    -0.08747920268361509
1.9369148936170213    -0.09550081309780242
1.9387234042553192    -0.10268854145521553
1.940531914893617    -0.10868565459913865
1.942340425531915    -0.11362344431096164
1.944148936170213    -0.11788783802105113
1.9459574468085108    -0.1214520561801016
1.9477659574468085    -0.12375977406291122
1.9495744680851064    -0.12442872066358854
1.9513829787234043    -0.1238733305411221
1.9531914893617022    -0.1229714072975997
1.955    -0.12214903345214254
1.956808510638298    -0.12103241826502825
1.9586170212765959    -0.11904562206673613
1.9604255319148938    -0.11608762492385494
1.9622340425531914    -0.1124192581661688
1.9640425531914893    -0.10808422971690221
1.9658510638297872    -0.10284527030674029
1.9676595744680851    -0.0967922119663697
1.969468085106383    -0.09068192029253086
1.971276595744681    -0.08534213507659263
1.9730851063829788    -0.0808042478474543
1.9748936170212767    -0.07633580388457528
1.9767021276595744    -0.07141966785506856
1.9785106382978723    -0.06645931633635516
1.9803191489361702    -0.06233201605217936
1.9821276595744681    -0.05942715801726342
1.983936170212766    -0.05743825793622846
1.985744680851064    -0.05608695549232447
1.9875531914893618    -0.055681877792403286
1.9893617021276597    -0.05671176360192093
1.9911702127659574    -0.0590764523930655
1.9929787234042553    -0.06207086631055693
1.9947872340425532    -0.06514974443181525
1.996595744680851    -0.06838226893703177
1.998404255319149    -0.07195680537694378
2.0002127659574467    -0.07547341064648581
2.0020212765957446    -0.07809242040469767
2.0038297872340425    -0.07939852401556939
2.0056382978723404    -0.07979542625767579
2.0074468085106383    -0.07986124425499129
2.009255319148936    -0.07952601635084543
2.011063829787234    -0.0781725713484842
2.012872340425532    -0.07547100852965881
2.01468085106383    -0.07175131310423115
2.016489361702128    -0.06741066156006197
2.0182978723404257    -0.06225284882763517
2.0201063829787236    -0.055770262165957346
2.0219148936170215    -0.04802720880623898
2.0237234042553194    -0.039896515469432944
2.0255319148936173    -0.03224609004849467
2.0273404255319147    -0.02511301350784631
2.0291489361702126    -0.017925165468002116
2.0309574468085105    -0.01039059399666184
2.0327659574468084    -0.0027775140580051892
2.0345744680851063    0.004793675267049676
2.0363829787234042    0.012989069971704549
2.038191489361702    0.022819912481284677
2.04    0.03459855952112844
2.041808510638298    0.04764189772961818
2.043617021276596    0.06110781457906924
2.0454255319148937    0.07485417586579313
2.0472340425531916    0.08921321369812193
2.0490425531914895    0.10405054430508379
2.0508510638297874    0.118412694697973
2.0526595744680853    0.1312329602930983
2.0544680851063832    0.14215262028572254
2.0562765957446807    0.15143121047429028
2.0580851063829786    0.15919175455150017
2.0598936170212765    0.16508382722227508
2.0617021276595744    0.1687623288425882
2.0635106382978723    0.17041781203534215
2.06531914893617    0.17057742204672052
2.067127659574468    0.16947004638044846
2.068936170212766    0.1668579930869282
2.070744680851064    0.1625531776844785
2.072553191489362    0.15686932569269194
2.0743617021276597    0.150371979538002
2.0761702127659576    0.14328167012198859
2.0779787234042555    0.13535413130912224
2.0797872340425534    0.12638163693266394
2.0815957446808513    0.11661325494911637
2.083404255319149    0.10653818546339963
2.085212765957447    0.09636091672536404
2.0870212765957445    0.08588535831256064
2.0888297872340424    0.07493781885554213
2.0906382978723403    0.06375358403451706
2.0924468085106382    0.05285726064625386
2.094255319148936    0.042644081408553206
2.096063829787234    0.03317235491550298
2.097872340425532    0.024301534540295266
2.09968085106383    0.01589025391373626
2.1014893617021277    0.007855072523515836
2.1032978723404256    0.0002069147776561312
2.1051063829787235    -0.006825484043433321
2.1069148936170214    -0.012752867784822994
2.1087234042553193    -0.017053420014729134
2.1105319148936172    -0.019513829892622216
2.112340425531915    -0.020321086535852816
2.114148936170213    -0.019832444921260184
2.1159574468085105    -0.01835334394852716
2.1177659574468084    -0.016193478066657656
2.1195744680851063    -0.01383954784137002
2.121382978723404    -0.011909369986078437
2.123191489361702    -0.010875385949962096
2.125    -0.010871197504090206
2.126808510638298    -0.011750202321044421
2.128617021276596    -0.013209291025849716
2.1304255319148937    -0.014792906149475597
2.1322340425531916    -0.015929262979641718
2.1340425531914895    -0.016222218355802457
2.1358510638297874    -0.01581521292927621
2.1376595744680853    -0.015354146576930738
2.139468085106383    -0.015455894242800739
2.141276595744681    -0.01622728629880379
2.143085106382979    -0.017371156070776796
2.1448936170212765    -0.01867458655130128
2.1467021276595744    -0.02017663770197328
2.1485106382978723    -0.021784004976630775
2.15031914893617    -0.022935937685656955
2.152127659574468    -0.022939033562968347
2.153936170212766    -0.02170075393211639
2.155744680851064    -0.019980342636471648
2.1575531914893618    -0.018817926400715803
2.1593617021276597    -0.018810001734599496
2.1611702127659576    -0.02003079630435416
2.1629787234042555    -0.02249648823499865
2.1647872340425534    -0.026379834730832014
2.1665957446808513    -0.031632784626350205
2.168404255319149    -0.03759508179133947
2.170212765957447    -0.04324656471754651
2.172021276595745    -0.047886716203063326
2.1738297872340424    -0.05142807514086789
2.1756382978723403    -0.05400663115924069
2.177446808510638    -0.055515955156584196
2.179255319148936    -0.05570925268503342
2.181063829787234    -0.05466304042551261
2.182872340425532    -0.05287252596549083
2.18468085106383    -0.05077792427717455
2.1864893617021277    -0.04833678760091613
2.1882978723404256    -0.04521092063567747
2.1901063829787235    -0.04131024079931027
2.1919148936170214    -0.03698879169701624
2.1937234042553193    -0.03270354727691814
2.195531914893617    -0.028653201569852058
2.197340425531915    -0.024836043755504307
2.199148936170213    -0.021300019788808154
2.200957446808511    -0.018117474245241308
2.2027659574468084    -0.015125912402687805
2.2045744680851063    -0.011924462721350986
2.206382978723404    -0.008289313401607896
2.208191489361702    -0.00452403637061353
2.21    -0.0012559207659873879
2.211808510638298    0.0011170516831234374
2.2136170212765958    0.002684979578008331
2.2154255319148937    0.003760139408572359
2.2172340425531916    0.0045187582558380845
2.2190425531914895    0.004981389982426953
2.2208510638297874    0.005182168829549
2.2226595744680853    0.00512571875239091
2.224468085106383    0.004566863180797558
2.226276595744681    0.0030538970331684904
2.228085106382979    0.0003569276148845733
2.229893617021277    -0.0032207889346372535
2.2317021276595743    -0.007118236172817781
2.233510638297872    -0.011099807989338392
2.23531914893617    -0.015417273287853278
2.237127659574468    -0.020339744455622255
2.238936170212766    -0.02565560206761082
2.240744680851064    -0.03075382731542354
2.2425531914893617    -0.03509886458524202
2.2443617021276596    -0.03844220858056343
2.2461702127659575    -0.04059855358625495
2.2479787234042554    -0.04130660510773885
2.2497872340425533    -0.040556692397906914
2.251595744680851    -0.038986126879191625
2.253404255319149    -0.037679375842606146
2.255212765957447    -0.0374203598721277
2.257021276595745    -0.03818475981612789
2.258829787234043    -0.03939528871101753
2.2606382978723403    -0.04053233573660917
2.262446808510638    -0.041347730119311275
2.264255319148936    -0.041590207028678
2.266063829787234    -0.04084777391833005
2.267872340425532    -0.03887905590793963
2.2696808510638298    -0.03602467355359367
2.2714893617021277    -0.03309702842911003
2.2732978723404256    -0.03080419311359863
2.2751063829787235    -0.02933091716503204
2.2769148936170214    -0.02841984633198677
2.2787234042553193    -0.027646109795352446
2.280531914893617    -0.026499834264809945
2.282340425531915    -0.02439414030205623
2.284148936170213    -0.020927337404920733
2.285957446808511    -0.01626851249877667
2.2877659574468088    -0.011133860934157153
2.2895744680851062    -0.006210706730596888
2.291382978723404    -0.0016253763161024337
2.293191489361702    0.0029239717019642645
2.295    0.007569238583835768
2.296808510638298    0.011995573485114111
2.2986170212765957    0.015818598031500694
2.3004255319148936    0.019074446104828245
2.3022340425531915    0.022179836520918483
2.3040425531914894    0.02548232999826445
2.3058510638297873    0.02903894026220242
2.3076595744680852    0.03283170441997604
2.309468085106383    0.03694634302541763
2.311276595744681    0.041343274067472985
2.313085106382979    0.04557504718881174
2.314893617021277    0.049021170752633375
2.3167021276595747    0.05151358199387304
2.3185106382978726    0.05358686781706609
2.32031914893617    0.05597640214811524
2.322127659574468    0.05893085469460331
2.323936170212766    0.06211176945922546
2.325744680851064    0.06504900993094008
2.3275531914893617    0.0674494960069809
2.3293617021276596    0.06903611529847876
2.3311702127659575    0.0694007182486449
2.3329787234042554    0.06835095707772489
2.3347872340425533    0.06639640607943896
2.336595744680851    0.06461366932390049
2.338404255319149    0.0638476644847716
2.340212765957447    0.0641063528601545
2.342021276595745    0.06481462598390476
2.343829787234043    0.06553613777439372
2.3456382978723407    0.06628255759213393
2.3474468085106386    0.06721841175362546
2.349255319148936    0.06838214402164187
2.351063829787234    0.06982639357075059
2.352872340425532    0.07176320184693548
2.3546808510638297    0.07422028575357316
2.3564893617021276    0.07656446845754163
2.3582978723404255    0.07771060222886926
2.3601063829787234    0.07703711679070195
2.3619148936170213    0.0749738592887197
2.3637234042553192    0.07247281580043168
2.365531914893617    0.06994544795150372
2.367340425531915    0.06693323950739276
2.369148936170213    0.06280882719530533
2.370957446808511    0.05749103184465988
2.3727659574468087    0.051292974743788716
2.3745744680851066    0.04435585923331131
2.3763829787234045    0.036694224606289974
2.378191489361702    0.028841141463760753
2.38    0.021970030061021745
2.381808510638298    0.016930411180993823
2.3836170212765957    0.013228012003004046
2.3854255319148936    0.009339985578353922
2.3872340425531915    0.004186881458772777
2.3890425531914894    -0.0019120262844405079
2.3908510638297873    -0.007855900615473187
2.392659574468085    -0.013045565163187901
2.394468085106383    -0.017711099995738756
2.396276595744681    -0.02208499667448184
2.398085106382979    -0.025777051962668808
2.399893617021277    -0.028288337517710413
2.4017021276595747    -0.029893787360860624
2.4035106382978726    -0.031570791056692575
2.4053191489361705    -0.03400214159968117
2.407127659574468    -0.03698042925163501
2.408936170212766    -0.039948266612864373
2.4107446808510637    -0.04280782395606781
2.4125531914893616    -0.045829706832595234
2.4143617021276595    -0.04889451462134777
2.4161702127659574    -0.05134237329658654
2.4179787234042553    -0.05283022175797076
2.4197872340425532    -0.054034581846066916
2.421595744680851    -0.05608101691342698
2.423404255319149    -0.05928366109144264
2.425212765957447    -0.06279559841689178
2.427021276595745    -0.06563368906914924
2.4288297872340427    -0.06775456234101063
2.4306382978723406    -0.0698444946255902
2.4324468085106385    -0.0722330223810938
2.4342553191489364    -0.07444358497257356
2.436063829787234    -0.07590616191310015
2.437872340425532    -0.07673879360579902
2.4396808510638297    -0.07750540679643239
2.4414893617021276    -0.07837266752865443
2.4432978723404255    -0.0789126418146385
2.4451063829787234    -0.0788016740716106
2.4469148936170213    -0.07834616798555841
2.448723404255319    -0.07803142033610752
2.450531914893617    -0.07772634992583213
2.452340425531915    -0.07669567099404903
2.454148936170213    -0.07443573865715533
2.455957446808511    -0.07121005147109188
2.4577659574468087    -0.0676411435024086
2.4595744680851066    -0.06408084870421635
2.4613829787234045    -0.060727317409009496
2.4631914893617024    -0.05823492015770003
2.465    -0.05769097370052072
2.4668085106382978    -0.05965914223734731
2.4686170212765957    -0.06340074235665404
2.4704255319148936    -0.06735047455803043
2.4722340425531915    -0.07038814710674167
2.4740425531914894    -0.07246072089512275
2.4758510638297873    -0.07398371537089803
2.477659574468085    -0.07497014622585162
2.479468085106383    -0.07498379919462324
2.481276595744681    -0.0737470690633563
2.483085106382979    -0.07140556804466959
2.4848936170212768    -0.06813119206628952
2.4867021276595747    -0.06379509205393906
2.4885106382978726    -0.05828988245448555
2.4903191489361705    -0.05201210258093829
2.4921276595744684    -0.04568153458508084
2.493936170212766    -0.039616549558689526
2.4957446808510637    -0.03343440221338745
2.4975531914893616    -0.02663085123317825
2.4993617021276595    -0.019309042089713443
2.5011702127659574    -0.01213915688042904
2.5029787234042553    -0.00568098360826122
2.504787234042553    9.436173066362276e-06
2.506595744680851    0.005101950058525954
2.508404255319149    0.009642906879236364
2.510212765957447    0.013710262444126754
2.512021276595745    0.017720846661731116
2.5138297872340427    0.02218409605617037
2.5156382978723406    0.027028218706868817
2.5174468085106385    0.031421934513252814
2.5192553191489364    0.03450640813334524
2.5210638297872343    0.03624314323240224
2.5228723404255318    0.03736902061593744
2.5246808510638297    0.0385841169316128
2.5264893617021276    0.04003757609067353
2.5282978723404255    0.04164696700552124
2.5301063829787234    0.04358694479599151
2.5319148936170213    0.04612975658674422
2.533723404255319    0.04908320317267939
2.535531914893617    0.05175364440670298
2.537340425531915    0.05363303792459187
2.539148936170213    0.054918539497489025
2.5409574468085108    0.056135685931103727
2.5427659574468087    0.05737388649071727
2.5445744680851066    0.058201076807036595
2.5463829787234045    0.058380410344438666
2.5481914893617024    0.058377511744277716
2.5500000000000003    0.05891959282708448
2.551808510638298    0.06016524824494077
2.5536170212765956    0.06155482667710449
2.5554255319148935    0.0624617424110392
2.5572340425531914    0.06273024944473825
2.5590425531914893    0.062485793252546065
2.560851063829787    0.06170362061780103
2.562659574468085    0.06028258394379736
2.564468085106383    0.0584664351798745
2.566276595744681    0.056807866677257984
2.568085106382979    0.05551418577396795
2.5698936170212767    0.054027575827171784
2.5717021276595746    0.05152987979062344
2.5735106382978725    0.04784254446018474
2.5753191489361704    0.043607052979416736
2.5771276595744683    0.039540305060187866
2.578936170212766    0.03573949967757355
2.580744680851064    0.031865706740056635
2.5825531914893616    0.02782783049614998
2.5843617021276595    0.02401527601078038
2.5861702127659574    0.020890493788575062
2.5879787234042553    0.01864082261143462
2.589787234042553    0.017329249233585656
2.591595744680851    0.017090959135448086
2.593404255319149    0.017846111167022526
2.595212765957447    0.01888320112242778
2.5970212765957448    0.01910068166689824
2.5988297872340427    0.017863674985357805
2.6006382978723406    0.015463927607816598
2.6024468085106385    0.012560323267571283
2.6042553191489364    0.009321503094417281
2.6060638297872343    0.005416642715234619
2.607872340425532    0.0008240361832855068
2.60968085106383    -0.003751462224841014
2.6114893617021275    -0.007550843353089526
2.6132978723404254    -0.010676653083129822
2.6151063829787233    -0.013985893711387599
2.6169148936170212    -0.018036208693538877
2.618723404255319    -0.022432268924968732
2.620531914893617    -0.026360569781272207
2.622340425531915    -0.02950326663549361
2.624148936170213    -0.03211105319725046
2.6259574468085107    -0.03430854552678233
2.6277659574468086    -0.03580237989080088
2.6295744680851065    -0.03648360018410749
2.6313829787234044    -0.036978590203948704
2.6331914893617023    -0.0381539131019893
2.6350000000000002    -0.04007296196733114
2.636808510638298    -0.041809067091846196
2.638617021276596    -0.04245876185674662
2.6404255319148935    -0.04207463011307234
2.6422340425531914    -0.04132699371060266
2.6440425531914893    -0.040434971174970864
2.645851063829787    -0.03889607028128562
2.647659574468085    -0.03640477825675142
2.649468085106383    -0.03365394737380694
2.651276595744681    -0.03181685658845016
2.653085106382979    -0.03128621849096452
2.6548936170212767    -0.03126817029306755
2.6567021276595746    -0.030720103920454385
2.6585106382978725    -0.029415124555602974
2.6603191489361704    -0.027882207004611956
2.6621276595744683    -0.026522621657410123
2.663936170212766    -0.025159760161811158
2.665744680851064    -0.023463522546490104
2.667553191489362    -0.02144000086872852
2.6693617021276594    -0.019275406318564565
2.6711702127659573    -0.016953729918778006
2.6729787234042552    -0.014424907208651597
2.674787234042553    -0.01213331331373007
2.676595744680851    -0.01094567783333748
2.678404255319149    -0.01124625600873545
2.680212765957447    -0.012261904377345673
2.6820212765957447    -0.012624070537601097
2.6838297872340426    -0.01165554256957545
2.6856382978723405    -0.009880333192033509
2.6874468085106384    -0.008183607756008078
2.6892553191489363    -0.006719781429413856
2.6910638297872342    -0.004898358665508558
2.692872340425532    -0.002319065461752915
2.69468085106383    0.0006489102721264637
2.696489361702128    0.0033502178355156436
2.6982978723404254    0.005646506107731588
2.7001063829787233    0.0079570870111237
2.701914893617021    0.010559508899223854
2.703723404255319    0.013132705497562232
2.705531914893617    0.01510591140532496
2.707340425531915    0.016285345885594535
2.709148936170213    0.016964408906690293
2.7109574468085107    0.017498566374559724
2.7127659574468086    0.01797204511913402
2.7145744680851065    0.0182992757429659
2.7163829787234044    0.01846387183369494
2.7181914893617023    0.018534102102745205
2.72    0.018547909132223324
2.721808510638298    0.01854318390088653
2.723617021276596    0.01867984709732544
2.725425531914894    0.01916735585994958
2.7272340425531914    0.019997816041391968
2.7290425531914893    0.020845654536654164
2.730851063829787    0.02132914354132577
2.732659574468085    0.021342500694990753
2.734468085106383    0.021074912685603256
2.736276595744681    0.020766499575049654
2.7380851063829788    0.02056152645971284
2.7398936170212767    0.020574494343091353
2.7417021276595746    0.02091980628783552
2.7435106382978725    0.021565912661135563
2.7453191489361704    0.022261181517409336
2.7471276595744683    0.02275791608243629
2.748936170212766    0.023088240528067017
2.750744680851064    0.023468927261579148
2.752553191489362    0.023916623168817965
2.75436170212766    0.024148746093034308
2.7561702127659573    0.024010868738551724
2.757978723404255    0.023870648787105007
2.759787234042553    0.024321110564461144
2.761595744680851    0.025426943006662574
2.763404255319149    0.026460054862417183
2.765212765957447    0.026544317151852917
2.7670212765957447    0.025477706079541862
2.7688297872340426    0.023769359963608794
2.7706382978723405    0.021955358093995486
2.7724468085106384    0.02014266671133634
2.7742553191489363    0.018275677891361614
2.776063829787234    0.016522097270910717
2.777872340425532    0.015043621267441062
2.77968085106383    0.013448604173119737
2.781489361702128    0.010878382453997568
2.783297872340426    0.006892140879724527
2.7851063829787237    0.0021125938006611895
2.786914893617021    -0.0022804163728630156
2.788723404255319    -0.00570312703290912
2.790531914893617    -0.0086212718188605
2.792340425531915    -0.011843073960771493
2.7941489361702128    -0.015622196716495569
2.7959574468085107    -0.01962522096139794
2.7977659574468086    -0.02355405953516171
2.7995744680851065    -0.027419817210623476
2.8013829787234044    -0.031175796819943515
2.8031914893617023    -0.034469634390626495
2.805    -0.03706910629948428
2.806808510638298    -0.03937715993167378
2.808617021276596    -0.04214487060452999
2.810425531914894    -0.04559047441228415
2.8122340425531918    -0.049086060199086685
2.8140425531914897    -0.05190861532030242
2.815851063829787    -0.05408946431427774
2.817659574468085    -0.05620216043960733
2.819468085106383    -0.05837606112823828
2.821276595744681    -0.059941454206022
2.8230851063829787    -0.06028498045967547
2.8248936170212766    -0.059782864797894554
2.8267021276595745    -0.05945430833656166
2.8285106382978724    -0.05964688527432465
2.8303191489361703    -0.05942899639189641
2.832127659574468    -0.05755208535474448
2.833936170212766    -0.05386514321898945
2.835744680851064    -0.0494803310104067
2.837553191489362    -0.04553210683906287
2.83936170212766    -0.0420376540158977
2.8411702127659577    -0.03810619797799606
2.8429787234042556    -0.03305969157322363
2.844787234042553    -0.027101062164858948
2.846595744680851    -0.020957391920793635
2.848404255319149    -0.015164689514388055
2.8502127659574468    -0.00980371681057501
2.8520212765957447    -0.004696281229806951
2.8538297872340426    0.00039525654606497283
2.8556382978723405    0.0056915412076035095
2.8574468085106384    0.011227452761807883
2.8592553191489363    0.016635357284270715
2.861063829787234    0.02126928680631871
2.862872340425532    0.02475554228768176
2.86468085106383    0.027414887484087852
2.866489361702128    0.029994979648046975
2.8682978723404258    0.03293645592758534
2.8701063829787237    0.03598067828073249
2.8719148936170216    0.03852348673023349
2.873723404255319    0.04024643612303264
2.875531914893617    0.041322173522439894
2.877340425531915    0.04209884066556851
2.8791489361702127    0.042748063174441985
2.8809574468085106    0.0432330890013622
2.8827659574468085    0.04346822013354377
2.8845744680851064    0.043404771182784276
2.8863829787234043    0.04303051693081845
2.8881914893617022    0.042398006664700665
2.89    0.04163922529236969
2.891808510638298    0.040858553413379205
2.893617021276596    0.040007497154440276
2.895425531914894    0.03895487036407625
2.8972340425531917    0.03768879156745953
2.8990425531914896    0.036317670115502666
2.9008510638297875    0.03479484752655473
2.902659574468085    0.032793813780472574
2.904468085106383    0.030092655106974696
2.906276595744681    0.02709927289153876
2.9080851063829787    0.024749170488647332
2.9098936170212766    0.023668269802808145
2.9117021276595745    0.023488640895714792
2.9135106382978724    0.023170066454327704
2.9153191489361703    0.02201664383122194
2.917127659574468    0.020243874895759822
2.918936170212766    0.01854539945207149
2.920744680851064    0.01733447848749764
2.922553191489362    0.016572391124420008
2.92436170212766    0.016135945800683428
2.9261702127659577    0.015968693705704716
2.9279787234042556    0.01579197047542276
2.9297872340425535    0.015018851003641292
2.931595744680851    0.013293934424840032
2.933404255319149    0.01102327931625378
2.9352127659574467    0.009010645206805012
2.9370212765957446    0.007462480569575672
2.9388297872340425    0.00563150451368059
2.9406382978723404    0.0026778045920178364
2.9424468085106383    -0.0012892380154372728
2.9442553191489362    -0.0053465528641399316
2.946063829787234    -0.008896970961173613
2.947872340425532    -0.012291665433413427
2.94968085106383    -0.016137293104838406
2.951489361702128    -0.02032427461958699
2.9532978723404257    -0.02419543067328679
2.9551063829787236    -0.027625049380502885
2.9569148936170215    -0.03140246999300943
2.9587234042553194    -0.03621705292963581
2.960531914893617    -0.041546161928949554
2.962340425531915    -0.0460376495108418
2.9641489361702127    -0.049031977059845744
2.9659574468085106    -0.051291998645685566
2.9677659574468085    -0.053991282271493884
2.9695744680851064    -0.05727645309287706
2.9713829787234043    -0.06022593910129344
2.973191489361702    -0.062128165218095
2.975    -0.06330144573499352
2.976808510638298    -0.0644327867806
2.978617021276596    -0.06547904067734009
2.980425531914894    -0.06568597838750931
2.9822340425531917    -0.06463532672835137
2.9840425531914896    -0.06281091596799723
2.9858510638297875    -0.06092981927314457
2.9876595744680854    -0.059044306646335004
2.989468085106383    -0.05667210517863289
2.9912765957446807    -0.05367880251947832
2.9930851063829786    -0.050575022516413354
2.9948936170212765    -0.04779935219965341
2.9967021276595744    -0.04506355496003829
2.9985106382978723    -0.041742885501621294
3.0003191489361702    -0.03775953573945477
3.002127659574468    -0.033679290136537976
3.003936170212766    -0.029883838267156973
3.005744680851064    -0.02603658589641014
3.007553191489362    -0.02165116279703206
3.0093617021276597    -0.01696419075094955
3.0111702127659576    -0.012817995611305595
3.0129787234042555    -0.009622293116240015
3.0147872340425534    -0.00678605958178026
3.0165957446808513    -0.0034247617159789603
3.0184042553191492    0.0005527736837506523
3.0202127659574467    0.004363544508321285
3.0220212765957446    0.007319296001008703
3.0238297872340425    0.009582521824784335
3.0256382978723404    0.011869324609191236
3.0274468085106383    0.014662741163847533
3.029255319148936    0.01793112217372611
3.031063829787234    0.02142360816718497
3.032872340425532    0.024862416013747744
3.03468085106383    0.02780901207164798
3.036489361702128    0.02973354665243213
3.0382978723404257    0.0305420556151154
3.0401063829787236    0.030900880255068083
3.0419148936170215    0.03167965050540825
3.0437234042553194    0.03298602310086314
3.0455319148936173    0.03399745220437947
3.047340425531915    0.03390949503354705
3.0491489361702127    0.03287628701995818
3.0509574468085106    0.03178602029160851
3.0527659574468085    0.031205799411765364
3.0545744680851064    0.030865376474935424
3.0563829787234043    0.030260461615093596
3.058191489361702    0.02946258745409197
3.06    0.029046055954348657
3.061808510638298    0.029322047108708192
3.063617021276596    0.029970345022753378
3.0654255319148938    0.0305016421680986
3.0672340425531917    0.030817623391546832
3.0690425531914896    0.031117188943753718
3.0708510638297875    0.03142593336865905
3.0726595744680854    0.031527979349132984
3.0744680851063833    0.03137260056984008
3.076276595744681    0.031257953749220704
3.0780851063829786    0.03144390492050525
3.0798936170212765    0.03175966933328386
3.0817021276595744    0.03182664544032317
3.0835106382978723    0.031595221941704374
3.08531914893617    0.03138558412581202
3.087127659574468    0.031335502160610915
3.088936170212766    0.031066583177290358
3.090744680851064    0.030111927932095328
3.092553191489362    0.028543788983702155
3.0943617021276597    0.026909343645597335
3.0961702127659576    0.025547164542520415
3.0979787234042555    0.024239593201901492
3.0997872340425534    0.02266502682182466
3.1015957446808513    0.020949751840261613
3.103404255319149    0.019484106380691882
3.105212765957447    0.018275243008202352
3.1070212765957446    0.016834143674347143
3.1088297872340425    0.01483688175549392
3.1106382978723404    0.012631912432990267
3.1124468085106383    0.010815972068614291
3.114255319148936    0.009420784186476034
3.116063829787234    0.007857998120347282
3.117872340425532    0.005740333264586461
3.11968085106383    0.0034521821907440697
3.1214893617021278    0.0016594657859971022
3.1232978723404257    0.0004133267345681111
3.1251063829787236    -0.0009342032380750678
3.1269148936170215    -0.0029088188768990864
3.1287234042553194    -0.005316835594910651
3.1305319148936173    -0.007626355429511048
3.132340425531915    -0.009693752335875274
3.134148936170213    -0.011793476175749587
3.1359574468085105    -0.014003848606340739
3.1377659574468084    -0.01595308514167048
3.1395744680851063    -0.017348816272368707
3.141382978723404    -0.018486922681486273
3.143191489361702    -0.01990519392318002
3.145    -0.021598419415647663
3.146808510638298    -0.02292145061999412
3.148617021276596    -0.023396052749013255
3.1504255319148937    -0.023367436082915458
3.1522340425531916    -0.02363791193093282
3.1540425531914895    -0.024593327191968016
3.1558510638297874    -0.025978536473447916
3.1576595744680853    -0.02750445151252165
3.159468085106383    -0.029314686303033168
3.161276595744681    -0.03164092240239769
3.163085106382979    -0.03422695633170252
3.1648936170212765    -0.03644426218379083
3.1667021276595744    -0.037976922134284906
3.1685106382978723    -0.03909174435525114
3.17031914893617    -0.040112762774669526
3.172127659574468    -0.040889107466200274
3.173936170212766    -0.041039355127661346
3.175744680851064    -0.040579599964656064
3.1775531914893618    -0.03995612100385896
3.1793617021276597    -0.03940566893055599
3.1811702127659576    -0.03862145472882566
3.1829787234042555    -0.0372912107713942
3.1847872340425534    -0.03573820967017701
3.1865957446808513    -0.034630644942368664
3.188404255319149    -0.034038631771553994
3.190212765957447    -0.033166992155021634
3.192021276595745    -0.031274832216831576
3.1938297872340424    -0.02864223778911274
3.1956382978723403    -0.026280611971653142
3.1974468085106382    -0.024726402294698836
3.199255319148936    -0.023484523721987546
3.201063829787234    -0.021801890388395716
3.202872340425532    -0.019672853468138178
3.20468085106383    -0.017746686692355088
3.2064893617021277    -0.01637750907971025
3.2082978723404256    -0.015191123573560714
3.2101063829787235    -0.013701570743278008
3.2119148936170214    -0.011984985247378462
3.2137234042553193    -0.010410162494702273
3.2155319148936172    -0.008879720102842194
3.217340425531915    -0.006783672483804501
3.219148936170213    -0.0038094965274639604
3.220957446808511    -0.00045189978635112437
3.2227659574468084    0.002549488799725119
3.2245744680851063    0.005079024952475905
3.226382978723404    0.007601902259659444
3.228191489361702    0.010304010229356883
3.23    0.012699515893006358
3.231808510638298    0.014316246856286907
3.233617021276596    0.01548063935331961
3.2354255319148937    0.017022004799252744
3.2372340425531916    0.0192297232543872
3.2390425531914895    0.021478607009692795
3.2408510638297874    0.023029476012260536
3.2426595744680853    0.02389188306313535
3.244468085106383    0.024599209468005593
3.246276595744681    0.02532207415115532
3.248085106382979    0.02566337668425341
3.249893617021277    0.025432409845507663
3.251702127659575    0.025217592284858755
3.2535106382978722    0.025822175103622436
3.25531914893617    0.027262954781321184
3.257127659574468    0.028708785445168358
3.258936170212766    0.029460980060852713
3.260744680851064    0.02964841161391735
3.2625531914893617    0.029746432350035632
3.2643617021276596    0.02969324668858406
3.2661702127659575    0.02890146559143868
3.2679787234042554    0.02713203589663261
3.2697872340425533    0.02494415373551025
3.2715957446808512    0.023044794858249572
3.273404255319149    0.021434602954762346
3.275212765957447    0.019526396080347504
3.277021276595745    0.017028448867299147
3.278829787234043    0.01434167760927271
3.2806382978723407    0.011981476250670989
3.282446808510638    0.009944484045586809
3.284255319148936    0.007948296378872274
3.286063829787234    0.00611514358243604
3.287872340425532    0.004980653055828491
3.28968085106383    0.004719134679930757
3.2914893617021277    0.004703488490962486
3.2932978723404256    0.0041262236901419905
3.2951063829787235    0.002909318400144339
3.2969148936170214    0.001677360848128977
3.2987234042553193    0.0008482106266520474
3.300531914893617    0.00011122200588610227
3.302340425531915    -0.0010096439552891036
3.304148936170213    -0.0023556354972607894
3.305957446808511    -0.0032683708090356285
3.307765957446809    -0.003490589417953813
3.3095744680851067    -0.0035702327140914396
3.311382978723404    -0.004197996459039123
3.313191489361702    -0.005380127200677015
3.315    -0.006529076428029084
3.316808510638298    -0.007250853497761918
3.3186170212765957    -0.007704386658299334
3.3204255319148936    -0.008129631185599962
3.3222340425531915    -0.008356706272259625
3.3240425531914894    -0.008053932058661886
3.3258510638297873    -0.007305638212753053
3.3276595744680852    -0.006599683417173593
3.329468085106383    -0.0061958213869101626
3.331276595744681    -0.005793680785374948
3.333085106382979    -0.0050045916712165035
3.334893617021277    -0.003960441261830518
3.3367021276595747    -0.003191666562618222
3.3385106382978726    -0.0029722701215152397
3.34031914893617    -0.003093125646134642
3.342127659574468    -0.003364758277264248
3.343936170212766    -0.004049625128568985
3.345744680851064    -0.005522548438565157
3.3475531914893617    -0.007627893420618084
3.3493617021276596    -0.009711782504624818
3.3511702127659575    -0.011365240742753214
3.3529787234042554    -0.012865145192580111
3.3547872340425533    -0.014691533333074271
3.356595744680851    -0.016806656809710115
3.358404255319149    -0.01872441714655626
3.360212765957447    -0.020260170398764196
3.362021276595745    -0.02185302626562853
3.363829787234043    -0.023943326898198836
3.3656382978723407    -0.026246164885495506
3.3674468085106386    -0.027953916319320565
3.369255319148936    -0.02863999521912572
3.371063829787234    -0.028689879094074715
3.372872340425532    -0.02875766079719031
3.3746808510638298    -0.029051306108023818
3.3764893617021277    -0.029365301275104082
3.3782978723404256    -0.029639350482709985
3.3801063829787235    -0.030124921015720806
3.3819148936170214    -0.03094291997300392
3.3837234042553193    -0.03178737442699702
3.385531914893617    -0.03229523742864244
3.387340425531915    -0.03253825852499211
3.389148936170213    -0.032845170723083565
3.390957446808511    -0.03315888739793841
3.3927659574468088    -0.032898556824255014
3.3945744680851067    -0.031625961651751223
3.3963829787234046    -0.029620289664592375
3.398191489361702    -0.027509454034552988
3.4    -0.02541298436369057
3.401808510638298    -0.0227777755406234
3.4036170212765957    -0.019149281262884482
3.4054255319148936    -0.014807295101851248
3.4072340425531915    -0.010381727217977366
3.4090425531914894    -0.006015259458040476
3.4108510638297873    -0.0012969247286494182
3.412659574468085    0.003909689732731312
3.414468085106383    0.008937531999608344
3.416276595744681    0.012926191686863398
3.418085106382979    0.015835729780365557
3.419893617021277    0.018521668886609735
3.4217021276595747    0.021749924571365424
3.4235106382978726    0.025408394527116816
3.4253191489361705    0.02884393611636802
3.427127659574468    0.03173751988020897
3.428936170212766    0.03433099979586336
3.4307446808510638    0.03686320588314933
3.4325531914893617    0.039181279838118546
3.4343617021276596    0.04110984749986178
3.4361702127659575    0.04294392277619549
3.4379787234042554    0.04521123975470563
3.4397872340425533    0.04794654897403153
3.441595744680851    0.050509054220585214
3.443404255319149    0.05226972829320124
3.445212765957447    0.053279519512753254
3.447021276595745    0.0540386677775673
3.4488297872340428    0.054720020621554386
3.4506382978723407    0.054923152497724045
3.4524468085106386    0.05425600534441474
3.4542553191489365    0.05288578146850664
3.456063829787234    0.05128874492706949
3.457872340425532    0.04958629298554834
3.4596808510638297    0.04742193336374852
3.4614893617021276    0.04454152180516084
3.4632978723404255    0.041248795661738585
3.4651063829787234    0.038106573682986436
3.4669148936170213    0.035309076106112836
3.468723404255319    0.032562894129683606
3.470531914893617    0.029564442413420045
3.472340425531915    0.026366804143337835
3.474148936170213    0.023175356692065198
3.475957446808511    0.019952594280793413
3.4777659574468087    0.016422781101672786
3.4795744680851066    0.012427636144442238
3.4813829787234045    0.00809550283842778
3.4831914893617024    0.003627404726990054
3.4850000000000003    -0.0009169884576702017
3.4868085106382978    -0.005518366120339885
3.4886170212765957    -0.010021622208914647
3.4904255319148936    -0.014261517708550199
3.4922340425531915    -0.018358063893248816
3.4940425531914894    -0.022697209175957772
3.4958510638297873    -0.027511400392052132
3.497659574468085    -0.03257272022210726
3.499468085106383    -0.03741067298285984
3.501276595744681    -0.041774535384165784
3.503085106382979    -0.045757426049797836
3.5048936170212768    -0.04950355449474937
3.5067021276595747    -0.0529774810291954
3.5085106382978726    -0.056086209885648636
3.5103191489361705    -0.05884967721886944
3.5121276595744684    -0.061255611704173527
3.5139361702127663    -0.06301058504420397
3.5157446808510637    -0.06369073638598978
3.5175531914893616    -0.06326191140821481
3.5193617021276595    -0.06230585116513919
3.5211702127659574    -0.061541284271082325
3.5229787234042553    -0.061127320275422156
3.5247872340425532    -0.060565980615096465
3.526595744680851    -0.059290670260058465
3.528404255319149    -0.057199304956798674
3.530212765957447    -0.054554219130051596
3.532021276595745    -0.05153875433684442
3.5338297872340427    -0.04811815710647431
3.5356382978723406    -0.044287088341287154
3.5374468085106385    -0.04020520489850399
3.5392553191489364    -0.03597035169399787
3.5410638297872343    -0.031416166736095
3.5428723404255322    -0.02633431684430724
3.5446808510638297    -0.020867552847981773
3.5464893617021276    -0.015493304040949445
3.5482978723404255    -0.010553094365685058
3.5501063829787234    -0.005928988220457256
3.5519148936170213    -0.0012786620640689531
3.553723404255319    0.003522915731982252
3.555531914893617    0.008327639170593521
3.557340425531915    0.013030039082879861
3.559148936170213    0.017704759345326025
3.560957446808511    0.02234118213838835
3.5627659574468087    0.026622885099646568
3.5645744680851066    0.03017477126938241
3.5663829787234045    0.032986900278349704
3.5681914893617024    0.035398557880320744
3.5700000000000003    0.037625377990785414
3.571808510638298    0.039485457469781896
3.5736170212765956    0.04071526634289249
3.5754255319148935    0.04141340738246875
3.5772340425531914    0.041957187049101605
3.5790425531914893    0.042512340545978036
3.5808510638297872    0.042869132811793165
3.582659574468085    0.04285785197968074
3.584468085106383    0.042703770513547956
3.586276595744681    0.04272047044863264
3.588085106382979    0.04272401297608104
3.5898936170212767    0.042054862190106096
3.5917021276595746    0.04030362987204135
3.5935106382978725    0.03780783514342716
3.5953191489361704    0.035215017688601954
3.5971276595744683    0.03265952303888092
3.5989361702127662    0.02965387262068119
3.600744680851064    0.02584385381842999
3.6025531914893616    0.02160741403449013
3.6043617021276595    0.017701903390259482
3.6061702127659574    0.014458591019162297
3.6079787234042553    0.01158814087487045
3.609787234042553    0.008753978255605296
3.611595744680851    0.006021870622031239
3.613404255319149    0.0035764089267108674
3.615212765957447    0.0012331002406436578
