0.0    0.0
0.0018085106382978724    0.0
0.003617021276595745    0.0
0.005425531914893617    0.0
0.00723404255319149    0.0
0.009042553191489363    0.0
0.010851063829787235    0.0
0.012659574468085107    0.0
0.01446808510638298    0.0
0.016276595744680853    0.0
0.018085106382978725    0.0
0.019893617021276597    0.0
0.02170212765957447    0.0
0.023510638297872342    0.0
0.025319148936170214    0.0
0.027127659574468086    0.0
0.02893617021276596    0.0
0.03074468085106383    0.0
0.032553191489361706    0.0
0.03436170212765958    0.0
0.03617021276595745    0.0
0.03797872340425532    0.0
0.039787234042553195    0.0
0.04159574468085107    0.0
0.04340425531914894    0.0
0.04521276595744681    0.0
0.047021276595744683    0.0
0.048829787234042556    0.0
0.05063829787234043    0.0
0.0524468085106383    0.0
0.05425531914893617    0.0
0.056063829787234044    0.0
0.05787234042553192    0.0
0.05968085106382979    0.0
0.06148936170212766    0.0
0.06329787234042554    0.0
0.06510638297872341    0.0
0.06691489361702128    0.0
0.06872340425531916    0.0
0.07053191489361703    0.0
0.0723404255319149    0.0
0.07414893617021277    0.0
0.07595744680851065    0.0
0.07776595744680852    0.0
0.07957446808510639    0.0
0.08138297872340426    0.0
0.08319148936170213    0.0
0.085    0.0
0.08680851063829788    0.0
0.08861702127659575    0.0
0.09042553191489362    0.0
0.0922340425531915    0.0
0.09404255319148937    0.0
0.09585106382978724    0.0
0.09765957446808511    0.0
0.09946808510638298    0.0
0.10127659574468086    0.0
0.10308510638297873    0.0
0.1048936170212766    1.9792363198254093e-116
0.10670212765957447    4.319418857593256e-112
0.10851063829787234    1.5920840084992404e-108
0.11031914893617022    2.3782794939375503e-105
0.11212765957446809    1.928067614945917e-102
0.11393617021276596    9.85122573416414e-100
0.11574468085106383    3.475559882307251e-97
0.1175531914893617    9.005242262048807e-95
0.11936170212765958    1.791415198777368e-92
0.12117021276595745    2.8293998683099614e-90
0.12297872340425532    3.642300350705209e-88
0.1247872340425532    3.902862149006823e-86
0.12659574468085108    3.5417475915479013e-84
0.12840425531914895    2.761481383595828e-82
0.13021276595744682    1.872680316826382e-80
0.1320212765957447    1.1161817101599692e-78
0.13382978723404257    5.900697052644306e-77
0.13563829787234044    2.7888371729650536e-75
0.1374468085106383    1.1867017026871014e-73
0.13925531914893619    4.574732384164474e-72
0.14106382978723406    1.6066299530362162e-70
0.14287234042553193    5.166163763772131e-69
0.1446808510638298    1.5278794908840963e-67
0.14648936170212767    4.1731487409532235e-66
0.14829787234042555    1.056622513092497e-64
0.15010638297872342    2.488549430514863e-63
0.1519148936170213    5.469032992731921e-62
0.15372340425531916    1.1247923141923599e-60
0.15553191489361703    2.170678260424663e-59
0.1573404255319149    3.9405608256419586e-58
0.15914893617021278    6.744680528985748e-57
0.16095744680851065    1.0907811414031361e-55
0.16276595744680852    1.67015334258148e-54
0.1645744680851064    2.425663085795495e-53
0.16638297872340427    3.347506146962824e-52
0.16819148936170214    4.3968677849848434e-51
0.17    5.50513396450955e-50
0.17180851063829788    6.5800129379517286e-49
0.17361702127659576    7.51823043414624e-48
0.17542553191489363    8.22236603980308e-47
0.1772340425531915    8.617904689738705e-46
0.17904255319148937    8.666288658237874e-45
0.18085106382978725    8.370812474841254e-44
0.18265957446808512    7.774221398738341e-43
0.184468085106383    6.949122633847251e-42
0.18627659574468086    5.984039404635023e-41
0.18808510638297873    4.968645426526007e-40
0.1898936170212766    3.9813441207580425e-39
0.19170212765957448    3.081209119934303e-38
0.19351063829787235    2.30487613753341e-37
0.19531914893617022    1.6677416820272543e-36
0.1971276595744681    1.1680732428292278e-35
0.19893617021276597    7.924340725932552e-35
0.20074468085106384    5.210588375785501e-34
0.2025531914893617    3.322825733488457e-33
0.20436170212765958    2.0562723341542148e-32
0.20617021276595746    1.2355210573672322e-31
0.20797872340425533    7.211904338473297e-31
0.2097872340425532    4.091702566328557e-30
0.21159574468085107    2.2574966316758666e-29
0.21340425531914894    1.2117830900095505e-28
0.21521276595744682    6.331325997022827e-28
0.2170212765957447    3.221259214185494e-27
0.21882978723404256    1.5966118657315445e-26
0.22063829787234043    7.712404333660206e-26
0.2224468085106383    3.63215175265333e-25
0.22425531914893618    1.6683307321493845e-24
0.22606382978723405    7.476493852730559e-24
0.22787234042553192    3.2700840186769415e-23
0.2296808510638298    1.396388777349281e-22
0.23148936170212767    5.823390286595498e-22
0.23329787234042554    2.3724526549593023e-21
0.2351063829787234    9.444868309547971e-21
0.23691489361702128    3.6752789506751254e-20
0.23872340425531915    1.398282864752107e-19
0.24053191489361703    5.202588206865091e-19
0.2423404255319149    1.8935123285774107e-18
0.24414893617021277    6.742811518511833e-18
0.24595744680851064    2.3498140598378646e-17
0.24776595744680852    8.015609372380274e-17
0.2495744680851064    2.676928720234861e-16
0.25138297872340426    8.754204713656463e-16
0.25319148936170216    2.80384804308619e-15
0.255    8.796791562019088e-15
0.2568085106382979    2.703935518272988e-14
0.25861702127659575    8.143980711501998e-14
0.26042553191489365    2.4038522431170255e-13
0.2622340425531915    6.954530091571155e-13
0.2640425531914894    1.972292383993739e-12
0.26585106382978724    5.483640109495687e-12
0.26765957446808514    1.4948841922626405e-11
0.269468085106383    3.9960424894819297e-11
0.2712765957446809    1.0475523356748278e-10
0.2730851063829787    2.693268958962576e-10
0.2748936170212766    6.791621525475421e-10
0.27670212765957447    1.6799039176537874e-09
0.27851063829787237    4.076018166413804e-09
0.2803191489361702    9.701701934627619e-09
0.2821276595744681    2.265349583876275e-08
0.28393617021276596    5.189304612146186e-08
0.28574468085106386    1.1662095159110568e-07
0.2875531914893617    2.5712240942533814e-07
0.2893617021276596    5.5615664382079e-07
0.29117021276595745    1.1801614707769454e-06
0.29297872340425535    2.456751649839774e-06
0.2947872340425532    5.016952838288635e-06
0.2965957446808511    1.004976564828773e-05
0.29840425531914894    1.974612162018915e-05
0.30021276595744684    3.805264007572732e-05
0.3020212765957447    7.191610273784606e-05
0.3038297872340426    0.0001332787565242363
0.3056382978723404    0.0002421797070802603
0.3074468085106383    0.0004314181262145365
0.30925531914893617    0.0007533165323593788
0.31106382978723407    0.001289146374705887
0.3128723404255319    0.0021616823035234024
0.3146808510638298    0.0035510553128047335
0.31648936170212766    0.005713488431155615
0.31829787234042556    0.009001544897098503
0.3201063829787234    0.01388317172822082
0.3219148936170213    0.020955157749080407
0.32372340425531915    0.030944880249033743
0.32553191489361705    0.04469282683451141
0.3273404255319149    0.063107990848692
0.3291489361702128    0.08708962125779719
0.33095744680851064    0.1174126833341083
0.33276595744680854    0.15458114164191067
0.3345744680851064    0.19866250865741858
0.3363829787234043    0.24912769295986786
0.3381914893617021    0.3047295564390649
0.34    0.36345834013213457
0.34180851063829787    0.4226086109491242
0.34361702127659577    0.4789779704361314
0.3454255319148936    0.5291922698467366
0.3472340425531915    0.570119046754078
0.34904255319148936    0.5992980335171745
0.35085106382978726    0.6152956415552675
0.3526595744680851    0.6178902574189367
0.354468085106383    0.6080239424409253
0.35627659574468085    0.5875122939412796
0.35808510638297875    0.558575465391399
0.3598936170212766    0.5233175543954738
0.3617021276595745    0.4833128004992602
0.36351063829787233    0.43943532466098967
0.36531914893617023    0.39199114146919756
0.3671276595744681    0.341096783096021
0.368936170212766    0.2871391631490944
0.3707446808510638    0.2310956689454171
0.3725531914893617    0.17452866105846232
0.37436170212765957    0.11919754638002206
0.37617021276595747    0.06641294948950352
0.3779787234042553    0.016414222156465014
0.3797872340425532    -0.031899426523420774
0.38159574468085106    -0.08066068598836124
0.38340425531914896    -0.13216763101885878
0.3852127659574468    -0.18776092639693384
0.3870212765957447    -0.24693385172043927
0.38882978723404255    -0.30713955830658424
0.39063829787234045    -0.3644954560511653
0.3924468085106383    -0.4151738401088172
0.3942553191489362    -0.45689988337875453
0.39606382978723403    -0.48985271781416106
0.39787234042553193    -0.5164849777914368
0.3996808510638298    -0.5402722568772699
0.4014893617021277    -0.5639468424765423
0.4032978723404255    -0.5880734471502717
0.4051063829787234    -0.610699164115282
0.40691489361702127    -0.6282842447930471
0.40872340425531917    -0.6374515289494574
0.410531914893617    -0.6366424961606988
0.4123404255319149    -0.6268031101898518
0.41414893617021276    -0.6107472744644277
0.41595744680851066    -0.5915782342399368
0.4177659574468085    -0.571069758750819
0.4195744680851064    -0.5489091622586358
0.42138297872340424    -0.5231779567855604
0.42319148936170214    -0.49170965327943594
0.425    -0.45346839377009196
0.4268085106382979    -0.4091379193019231
0.42861702127659573    -0.36065306526108587
0.43042553191489363    -0.3100810137046507
0.4322340425531915    -0.2586243625739313
0.4340425531914894    -0.20635099596896866
0.4358510638297872    -0.15270489404363236
0.4376595744680851    -0.09732445165205866
0.43946808510638297    -0.04055977204593819
0.44127659574468087    0.016599111834606307
0.4430851063829787    0.0729762762966216
0.4448936170212766    0.1275705875935535
0.44670212765957445    0.17950589658547284
0.44851063829787235    0.2276809292235396
0.4503191489361702    0.27053956713059574
0.4521276595744681    0.306290295072763
0.45393617021276594    0.3334781731429837
0.45574468085106384    0.35143565219078327
0.4575531914893617    0.3601812631401881
0.4593617021276596    0.3598149933365025
0.46117021276595743    0.3499809863821936
0.46297872340425533    0.330036233089172
0.46478723404255323    0.30002639603635145
0.4665957446808511    0.26181175411986896
0.468404255319149    0.21936102152455444
0.4702127659574468    0.17771045717754552
0.4720212765957447    0.14108446006462616
0.47382978723404257    0.11140734082525278
0.47563829787234047    0.08824512869787415
0.4774468085106383    0.07016091302396565
0.4792553191489362    0.05635781984445229
0.48106382978723405    0.04725596028208531
0.48287234042553195    0.04356030427655529
0.4846808510638298    0.04471365260414065
0.4864893617021277    0.04824890244141064
0.48829787234042554    0.05085246441177205
0.49010638297872344    0.050443734747468216
0.4919148936170213    0.04754451390291095
0.4937234042553192    0.0446285987021065
0.49553191489361703    0.04377573324821414
0.49734042553191493    0.04447482816523411
0.4991489361702128    0.04348350087460205
0.5009574468085106    0.03707922695247226
0.5027659574468085    0.02406317730043433
0.5045744680851064    0.007153585595538126
0.5063829787234043    -0.008405798252812981
0.5081914893617021    -0.018032963829091368
0.51    -0.02043931277164489
0.5118085106382979    -0.017896953708507937
0.5136170212765958    -0.014263798725859391
0.5154255319148936    -0.012540016145579091
0.5172340425531915    -0.013757048196859339
0.5190425531914894    -0.017548650211439306
0.5208510638297873    -0.023258843677563267
0.5226595744680851    -0.030267701078080963
0.524468085106383    -0.03739059178015436
0.5262765957446809    -0.04244384227067431
0.5280851063829788    -0.0430489790591765
0.5298936170212766    -0.03842753003560745
0.5317021276595745    -0.030631827239811837
0.5335106382978724    -0.023767832509352778
0.5353191489361703    -0.021382423244307072
0.5371276595744681    -0.023906625231354305
0.538936170212766    -0.028242201108569995
0.5407446808510639    -0.029945500528540073
0.5425531914893618    -0.02635949534832352
0.5443617021276596    -0.018293219620341666
0.5461702127659575    -0.009082892585316912
0.5479787234042554    -0.001985369921957473
0.5497872340425533    0.001961694476434124
0.551595744680851    0.0041220077698176675
0.5534042553191489    0.006728424571829434
0.5552127659574468    0.011133446911252055
0.5570212765957447    0.01716799250971212
0.5588297872340425    0.02375287627734208
0.5606382978723404    0.02991091038547193
0.5624468085106383    0.03529527856764422
0.5642553191489362    0.04003982739368393
0.566063829787234    0.04433910188523536
0.5678723404255319    0.04819313523129323
0.5696808510638298    0.05141013049261038
0.5714893617021277    0.05373051057697076
0.5732978723404255    0.05497681230929219
0.5751063829787234    0.05520761805625078
0.5769148936170213    0.054768771286592396
0.5787234042553192    0.05406267154583198
0.580531914893617    0.05307486241515447
0.5823404255319149    0.051096985521854835
0.5841489361702128    0.047146037961906556
0.5859574468085107    0.04098736729374672
0.5877659574468085    0.0338753812036303
0.5895744680851064    0.028055409609551593
0.5913829787234043    0.02509573433222039
0.5931914893617022    0.024415279481870368
0.595    0.02354844618300473
0.5968085106382979    0.020254774455873772
0.5986170212765958    0.014718670427411283
0.6004255319148937    0.009684987439982064
0.6022340425531915    0.008112712090633255
0.6040425531914894    0.010333554882433975
0.6058510638297873    0.013411054521054958
0.6076595744680852    0.013507476989442074
0.609468085106383    0.009228973553377814
0.6112765957446809    0.0028723392714948507
0.6130851063829788    -0.0016336275077709112
0.6148936170212767    -0.0022228572926436666
0.6167021276595744    -0.0004212942281782636
0.6185106382978723    0.00019215565381920522
0.6203191489361702    -0.0027675714110303945
0.6221276595744681    -0.008567287685287507
0.6239361702127659    -0.014342289324873022
0.6257446808510638    -0.017785819799375244
0.6275531914893617    -0.018935322754616544
0.6293617021276596    -0.019629111873236595
0.6311702127659574    -0.021540070827720147
0.6329787234042553    -0.024810195577917058
0.6347872340425532    -0.028343703849671848
0.6365957446808511    -0.03106766949680299
0.6384042553191489    -0.0327829237851025
0.6402127659574468    -0.03402751692131979
0.6420212765957447    -0.035475115289168
0.6438297872340426    -0.037568517179627
0.6456382978723404    -0.04044806128763502
0.6474468085106383    -0.04383242082020804
0.6492553191489362    -0.046873467904920196
0.6510638297872341    -0.04846970935200931
0.6528723404255319    -0.04818888966629711
0.6546808510638298    -0.04702987959694886
0.6564893617021277    -0.046973478541838184
0.6582978723404256    -0.04932969996656855
0.6601063829787234    -0.053339317521226254
0.6619148936170213    -0.0566015343865441
0.6637234042553192    -0.05721111506067533
0.6655319148936171    -0.05561566652031373
0.6673404255319149    -0.05425373035845925
0.6691489361702128    -0.05519742029359273
0.6709574468085107    -0.05812732762637829
0.6727659574468086    -0.06071448473647595
0.6745744680851063    -0.06101969333578389
0.6763829787234042    -0.05941769450398596
0.6781914893617021    -0.058076618842895694
0.68    -0.05862649682731576
0.6818085106382978    -0.06052947128682819
0.6836170212765957    -0.06181453146544004
0.6854255319148936    -0.06124945553606431
0.6872340425531915    -0.059548875591594774
0.6890425531914893    -0.05840702163038848
0.6908510638297872    -0.058569317874306276
0.6926595744680851    -0.059099879239346634
0.694468085106383    -0.05852069626575336
0.6962765957446809    -0.05639412431066598
0.6980851063829787    -0.05357783040465276
0.6998936170212766    -0.051047096503289466
0.7017021276595745    -0.04880438394027274
0.7035106382978724    -0.046119836679053436
0.7053191489361702    -0.04264133130796774
0.7071276595744681    -0.03890242384031997
0.708936170212766    -0.03561557676928345
0.7107446808510639    -0.03272150544365629
0.7125531914893617    -0.029474797935526265
0.7143617021276596    -0.025501534176051756
0.7161702127659575    -0.02146472180134134
0.7179787234042554    -0.018386974748456145
0.7197872340425532    -0.016355795923944767
0.7215957446808511    -0.014209415882602525
0.723404255319149    -0.01071654401712956
0.7252127659574469    -0.005954886899015657
0.7270212765957447    -0.00125591373277707
0.7288297872340426    0.002288788276149873
0.7306382978723405    0.005053272036531595
0.7324468085106384    0.008393210178293475
0.7342553191489362    0.012998523132985235
0.7360638297872341    0.018013435439320893
0.737872340425532    0.021972936183548376
0.7396808510638299    0.024466272892066716
0.7414893617021276    0.026568251302953767
0.7432978723404255    0.02952777163846866
0.7451063829787234    0.03327148011975205
0.7469148936170213    0.03651154793563963
0.7487234042553191    0.038344113815084874
0.750531914893617    0.03943083553236788
0.7523404255319149    0.04131163840777785
0.7541489361702128    0.04459789255164942
0.7559574468085106    0.048160511577131915
0.7577659574468085    0.05032636168907735
0.7595744680851064    0.05077636640698753
0.7613829787234043    0.05098528227736723
0.7631914893617021    0.0526608002330131
0.765    0.0558916055033401
0.7668085106382979    0.05904554272021735
0.7686170212765958    0.06051434801030854
0.7704255319148936    0.0603839773436282
0.7722340425531915    0.06024536632422328
0.7740425531914894    0.061424088895169024
0.7758510638297873    0.06357742017099992
0.7776595744680851    0.06511257681888748
0.779468085106383    0.06488279031986859
0.7812765957446809    0.0633292674266963
0.7830851063829788    0.06194268764175391
0.7848936170212766    0.06171342619222743
0.7867021276595745    0.06219352498671987
0.7885106382978724    0.06203877521684047
0.7903191489361703    0.06037421333215086
0.7921276595744681    0.0576019738162377
0.793936170212766    0.05493748458535894
0.7957446808510639    0.05322143377562165
0.7975531914893618    0.0521806275381279
0.7993617021276596    0.05080458163586639
0.8011702127659575    0.048423057926934174
0.8029787234042554    0.04541760454630779
0.8047872340425533    0.04285525844074746
0.806595744680851    0.04137713137487253
0.808404255319149    0.04044535004279817
0.8102127659574468    0.038763986585103674
0.8120212765957447    0.0355256086509565
0.8138297872340425    0.03121909728013078
0.8156382978723404    0.027092988681960258
0.8174468085106383    0.023770140792394576
0.8192553191489362    0.02050532446067503
0.821063829787234    0.01597845984414878
0.8228723404255319    0.009830452741375229
0.8246808510638298    0.003223765832563164
0.8264893617021277    -0.0022914697712238196
0.8282978723404255    -0.006401350829183831
0.8301063829787234    -0.010288639778516412
0.8319148936170213    -0.01517373197614892
0.8337234042553192    -0.02079207154137378
0.835531914893617    -0.025616708960537332
0.8373404255319149    -0.028631567823564484
0.8391489361702128    -0.030590059749052927
0.8409574468085107    -0.03321816684052766
0.8427659574468085    -0.03722689892004718
0.8445744680851064    -0.04146583840860523
0.8463829787234043    -0.04426377382583386
0.8481914893617022    -0.0454101590067554
0.85    -0.0464181047621526
0.8518085106382979    -0.048714365946499465
0.8536170212765958    -0.0518842003997232
0.8554255319148937    -0.05407711363361289
0.8572340425531915    -0.05412696716836612
0.8590425531914894    -0.05288371344358995
0.8608510638297873    -0.05217070102999014
0.8626595744680852    -0.05259996707870556
0.864468085106383    -0.052835423037802955
0.8662765957446809    -0.05116869983395627
0.8680851063829788    -0.04753240842537306
0.8698936170212767    -0.04358562913195269
0.8717021276595744    -0.04081446484806147
0.8735106382978723    -0.03891232050708702
0.8753191489361702    -0.036303212822312324
0.8771276595744681    -0.0321061717103936
0.8789361702127659    -0.027200126380611124
0.8807446808510638    -0.023210903292951134
0.8825531914893617    -0.020705556942551967
0.8843617021276596    -0.018703847567258104
0.8861702127659574    -0.015954571297145795
0.8879787234042553    -0.012379425918963693
0.8897872340425532    -0.009045705672301067
0.8915957446808511    -0.0068572264615764066
0.8934042553191489    -0.0055732769237285
0.8952127659574468    -0.004205056510023513
0.8970212765957447    -0.0021716111403209098
0.8988297872340426    0.0001512961100222569
0.9006382978723404    0.0019819648081643233
0.9024468085106383    0.003012550240485434
0.9042553191489362    0.0036531107661112038
0.9060638297872341    0.004541433067160643
0.9078723404255319    0.005972614433738192
0.9096808510638298    0.00778127089595948
0.9114893617021277    0.009614131454620558
0.9132978723404256    0.011233956771234805
0.9151063829787234    0.012645842140578081
0.9169148936170213    0.01403657239606796
0.9187234042553192    0.015564477579030674
0.9205319148936171    0.017111212950812384
0.9223404255319149    0.01825230874025417
0.9241489361702128    0.01861011858527987
0.9259574468085107    0.01830740562303162
0.9277659574468086    0.017953402047552174
0.9295744680851065    0.01801995614744849
0.9313829787234043    0.018265521596118186
0.9331914893617022    0.017992503765904114
0.935    0.016988392828173594
0.936808510638298    0.016038973730477756
0.9386170212765957    0.016240106221376314
0.9404255319148936    0.01777878813250155
0.9422340425531915    0.019657428996908314
0.9440425531914894    0.0208215580150642
0.9458510638297872    0.021401828548063048
0.9476595744680851    0.02250163534640583
0.949468085106383    0.024684642250382947
0.9512765957446809    0.02700429610496195
0.9530851063829787    0.027878170864363668
0.9548936170212766    0.026854556533903496
0.9567021276595745    0.025121368486152543
0.9585106382978724    0.024072300926852096
0.9603191489361702    0.023650950874720782
0.9621276595744681    0.02251919657880772
0.963936170212766    0.01984475280823914
0.9657446808510639    0.01645571157780944
0.9675531914893617    0.013880895721625673
0.9693617021276596    0.01246634810170821
0.9711702127659575    0.010954626578829417
0.9729787234042554    0.008077050426756043
0.9747872340425532    0.00414615204118117
0.9765957446808511    0.0006254115617946822
0.978404255319149    -0.0017620737236112107
0.9802127659574469    -0.003946744366622198
0.9820212765957447    -0.007265988694250989
0.9838297872340426    -0.01167053039705271
0.9856382978723405    -0.01572156102809097
0.9874468085106384    -0.018410973022000468
0.9892553191489362    -0.02046343566945437
0.9910638297872341    -0.023419932418160143
0.992872340425532    -0.02765683680297923
0.9946808510638299    -0.03187975642903821
0.9964893617021277    -0.03474101392595786
0.9982978723404256    -0.036494616937176004
1.0001063829787233    -0.038560692054178884
1.0019148936170212    -0.041579523477167764
1.0037234042553191    -0.044485393576353345
1.005531914893617    -0.04579896156070814
1.007340425531915    -0.04546183655883248
1.0091489361702128    -0.04485228955987592
1.0109574468085107    -0.044997005673010855
1.0127659574468086    -0.045318148201868684
1.0145744680851063    -0.04450870867466238
1.0163829787234042    -0.04232305976535449
1.0181914893617021    -0.039896782230278836
1.02    -0.0381925053576098
1.021808510638298    -0.03667143155609629
1.0236170212765958    -0.03400131962956259
1.0254255319148937    -0.029907508444902524
1.0272340425531916    -0.0257250998677477
1.0290425531914893    -0.022878336937138845
1.0308510638297872    -0.021224233141344903
1.032659574468085    -0.019391828665965942
1.034468085106383    -0.016658424886157895
1.036276595744681    -0.013912484325902218
1.0380851063829788    -0.012458872992929363
1.0398936170212767    -0.012240905760330933
1.0417021276595746    -0.011804983899592971
1.0435106382978723    -0.010059416244238686
1.0453191489361702    -0.007566719787084546
1.047127659574468    -0.0057516174774524444
1.048936170212766    -0.00510904105031541
1.0507446808510639    -0.004712777261272581
1.0525531914893618    -0.0035364550657145943
1.0543617021276597    -0.001740361607140267
1.0561702127659576    -0.0002490844989203752
1.0579787234042553    0.0006794293904988156
1.0597872340425532    0.0018463007773333625
1.061595744680851    0.0038873352301279393
1.063404255319149    0.006118396884015347
1.0652127659574468    0.007117852404639538
1.0670212765957447    0.006407091473797446
1.0688297872340426    0.005074143731590616
1.0706382978723405    0.004504581961627499
1.0724468085106382    0.004820342135937629
1.0742553191489361    0.004979931101193184
1.076063829787234    0.0043166378427863476
1.077872340425532    0.0034603395940012048
1.0796808510638298    0.003479088438063156
1.0814893617021277    0.004452837558999616
1.0832978723404256    0.005399490361638262
1.0851063829787235    0.005628544670086259
1.0869148936170212    0.00569721193988005
1.088723404255319    0.006697510213778909
1.090531914893617    0.008823888953116223
1.092340425531915    0.011096258220233947
1.0941489361702128    0.012565093318634372
1.0959574468085107    0.013408891094354971
1.0977659574468086    0.014561003992914972
1.0995744680851065    0.016472803719040027
1.1013829787234042    0.018668172302953142
1.103191489361702    0.020557520388300807
1.105    0.02227217163938947
1.1068085106382979    0.02436449058054509
1.1086170212765958    0.026874985187292883
1.1104255319148937    0.029146605154092457
1.1122340425531916    0.03067397715441476
1.1140425531914895    0.03178202276876711
1.1158510638297872    0.033143577385833234
1.117659574468085    0.03477631745377499
1.119468085106383    0.035922273725540424
1.1212765957446809    0.03601537308766267
1.1230851063829788    0.03542183248052133
1.1248936170212767    0.034916940958480774
1.1267021276595746    0.034595075638631234
1.1285106382978725    0.033718146022814144
1.1303191489361701    0.031742338061436254
1.132127659574468    0.02912757684885011
1.133936170212766    0.026788196944652044
1.1357446808510638    0.02488899228904696
1.1375531914893617    0.022623329057962334
1.1393617021276596    0.019317952458281017
1.1411702127659575    0.015405804768668777
1.1429787234042554    0.01194787225347653
1.1447872340425531    0.009319224903519188
1.146595744680851    0.006806734853434797
1.148404255319149    0.0036515321058981226
1.1502127659574468    0.00013052637198544175
1.1520212765957447    -0.0027730030151715455
1.1538297872340426    -0.004645089836717955
1.1556382978723405    -0.006120760633103781
1.1574468085106384    -0.007924385709259062
1.1592553191489363    -0.009807230234692177
1.161063829787234    -0.010867589828391875
1.162872340425532    -0.010832765499588821
1.1646808510638298    -0.010524318424040233
1.1664893617021277    -0.010811845532840666
1.1682978723404256    -0.011446709033730207
1.1701063829787235    -0.011393430339128806
1.1719148936170214    -0.01026782680389156
1.1737234042553193    -0.008945231456127025
1.175531914893617    -0.00846747314417749
1.1773404255319149    -0.008683286254992309
1.1791489361702128    -0.008482527227369507
1.1809574468085107    -0.007374057692320276
1.1827659574468086    -0.006296073682961367
1.1845744680851065    -0.006482725995541758
1.1863829787234044    -0.007786491647361254
1.1881914893617023    -0.00866347086584214
1.19    -0.007930031630414166
1.1918085106382978    -0.006102624171400848
1.1936170212765957    -0.004656902580765503
1.1954255319148936    -0.004216349166781675
1.1972340425531915    -0.004006288918928035
1.1990425531914894    -0.0031749189910681673
1.2008510638297873    -0.002115219084223778
1.2026595744680852    -0.001985548614107365
1.204468085106383    -0.003097509392447067
1.2062765957446808    -0.004393797689747972
1.2080851063829787    -0.004793611587497519
1.2098936170212766    -0.004666387751403229
1.2117021276595745    -0.005468827832244115
1.2135106382978724    -0.007966667873799273
1.2153191489361703    -0.011317195747256072
1.2171276595744682    -0.014171632184466421
1.218936170212766    -0.0163472883079041
1.2207446808510638    -0.018933781379439463
1.2225531914893617    -0.02278204877441263
1.2243617021276596    -0.027396587665223286
1.2261702127659575    -0.03162170044235156
1.2279787234042554    -0.03510464582227499
1.2297872340425533    -0.03855471600707981
1.2315957446808512    -0.04251441601371729
1.2334042553191489    -0.046378677101494376
1.2352127659574468    -0.04903432719650379
1.2370212765957447    -0.050274203743807894
1.2388297872340426    -0.05106857428437832
1.2406382978723405    -0.05228694850653018
1.2424468085106384    -0.05353251962112736
1.2442553191489363    -0.05362162618873126
1.2460638297872342    -0.0520858665727522
1.2478723404255319    -0.04974388207546927
1.2496808510638298    -0.04762329178055304
1.2514893617021277    -0.045668357037289914
1.2532978723404256    -0.0429204596694478
1.2551063829787235    -0.038908757811137895
1.2569148936170214    -0.03440997178324512
1.2587234042553193    -0.03057251320866171
1.2605319148936172    -0.027529191704939254
1.2623404255319148    -0.024279244736064395
1.2641489361702127    -0.019992659656916545
1.2659574468085106    -0.015100320876510136
1.2677659574468085    -0.010840812549375311
1.2695744680851064    -0.007873142091650749
1.2713829787234043    -0.005656175216070765
1.2731914893617022    -0.003253106928161966
1.2750000000000001    -0.0004701328066626844
1.2768085106382978    0.0020353720000696567
1.2786170212765957    0.003653725994835444
1.2804255319148936    0.004515316680985602
1.2822340425531915    0.00519062698413027
1.2840425531914894    0.005933091480618771
1.2858510638297873    0.006474460795667829
1.2876595744680852    0.006531795833706785
1.289468085106383    0.006250492012034454
1.2912765957446808    0.0059936628296564974
1.2930851063829787    0.005831709440262745
1.2948936170212766    0.00547354406933686
1.2967021276595745    0.004734140689077811
1.2985106382978724    0.0038737636241489024
1.3003191489361703    0.0033041778437486362
1.3021276595744682    0.0030170174235258076
1.303936170212766    0.0025034069980129376
1.3057446808510638    0.001340092631198931
1.3075531914893617    -0.0002425423887055698
1.3093617021276596    -0.00152838817427585
1.3111702127659575    -0.002075366557782183
1.3129787234042554    -0.0022034846246404387
1.3147872340425533    -0.0026412355214725436
1.3165957446808512    -0.0037242542387717755
1.318404255319149    -0.00504198094532348
1.3202127659574467    -0.005893731522636875
1.3220212765957446    -0.0059891775397666
1.3238297872340425    -0.005593108231959646
1.3256382978723404    -0.005018077650884305
1.3274468085106383    -0.0041492426744087945
1.3292553191489362    -0.002607482489828932
1.3310638297872341    -0.00032889997364718817
1.332872340425532    0.0022128253933944774
1.3346808510638297    0.004489283191172465
1.3364893617021276    0.0065528890993627326
1.3382978723404255    0.009021676879179177
1.3401063829787234    0.01236910125274408
1.3419148936170213    0.016342135173241963
1.3437234042553192    0.02021451016109701
1.3455319148936171    0.023577976351841848
1.347340425531915    0.026709854282622444
1.3491489361702127    0.030077440392820426
1.3509574468085106    0.03361630571616368
1.3527659574468085    0.03669370950110806
1.3545744680851064    0.03878571440260674
1.3563829787234043    0.039990539939810055
1.3581914893617022    0.040746248239522095
1.36    0.04118857745231487
1.361808510638298    0.04104786043321515
1.3636170212765957    0.04020995773328341
1.3654255319148936    0.03910002161126146
1.3672340425531915    0.03824200834112111
1.3690425531914894    0.03750268748628406
1.3708510638297873    0.03608074265572962
1.3726595744680852    0.03340718605026484
1.374468085106383    0.02989030684833134
1.376276595744681    0.02653567254613655
1.3780851063829787    0.023871959881646504
1.3798936170212766    0.02151722991460931
1.3817021276595745    0.018899101994252765
1.3835106382978724    0.01613302286238512
1.3853191489361703    0.013866752032159601
1.3871276595744682    0.012311174601533133
1.388936170212766    0.010821168386506926
1.390744680851064    0.00868852291782806
1.3925531914893619    0.006147094340760814
1.3943617021276595    0.004209004968766814
1.3961702127659574    0.0034441953039602473
1.3979787234042553    0.00324958877341953
1.3997872340425532    0.0025855192336149066
1.4015957446808511    0.0012632532600685602
1.403404255319149    0.00012704861808441334
1.405212765957447    -0.0001024969851303345
1.4070212765957448    0.00018730193920757962
1.4088297872340425    -2.7108682938335304e-05
1.4106382978723404    -0.0010984614960079832
1.4124468085106383    -0.0022626357814015396
1.4142553191489362    -0.0026003100672676565
1.416063829787234    -0.002125460340887418
1.417872340425532    -0.001621542033758115
1.41968085106383    -0.0015425426601297452
1.4214893617021278    -0.0014821255960796188
1.4232978723404255    -0.0008484034299979662
1.4251063829787234    0.0002766405592980499
1.4269148936170213    0.001290119560634307
1.4287234042553192    0.001949757626579565
1.430531914893617    0.002672485862088657
1.432340425531915    0.003800230578774065
1.4341489361702129    0.004902002930830136
1.4359574468085108    0.005187946129216976
1.4377659574468085    0.00454874518424217
1.4395744680851064    0.0037807198951187553
1.4413829787234043    0.0036042421054484058
1.4431914893617022    0.0037458263803951067
1.445    0.003324636891160809
1.446808510638298    0.0020347941378115785
1.4486170212765959    0.0005146313589737285
1.4504255319148938    -0.0006115452018977094
1.4522340425531914    -0.001694994162926968
1.4540425531914893    -0.0036481892697952222
1.4558510638297872    -0.0066437349231117625
1.4576595744680851    -0.009692307035053943
1.459468085106383    -0.011763936599426966
1.461276595744681    -0.013053127829389163
1.4630851063829788    -0.014732483991034221
1.4648936170212767    -0.017483533341952854
1.4667021276595744    -0.020679804033746165
1.4685106382978723    -0.023226175741578783
1.4703191489361702    -0.024900380853606605
1.4721276595744681    -0.02646016130735215
1.473936170212766    -0.02849109804934247
1.475744680851064    -0.030627011267560882
1.4775531914893618    -0.032169639947110654
1.4793617021276597    -0.03316525615631742
1.4811702127659574    -0.03438602859695675
1.4829787234042553    -0.03622552194663596
1.4847872340425532    -0.03806740079326937
1.486595744680851    -0.039065176189561665
1.488404255319149    -0.03931518172495797
1.490212765957447    -0.03980528776768365
1.4920212765957448    -0.041136629283972326
1.4938297872340427    -0.04268069217025837
1.4956382978723404    -0.04329280082285894
1.4974468085106383    -0.042666453499476134
1.4992553191489362    -0.04159700936503673
1.501063829787234    -0.040888246861619695
1.502872340425532    -0.04039180696230649
1.5046808510638299    -0.03939603882041995
1.5064893617021278    -0.0377269881142417
1.5082978723404257    -0.036022878971357086
1.5101063829787233    -0.03485069374522842
1.5119148936170212    -0.03392898534938811
1.5137234042553191    -0.03253068217149788
1.515531914893617    -0.03048999433534949
1.517340425531915    -0.028426262749091713
1.5191489361702128    -0.026903669465630102
1.5209574468085107    -0.025697861358775137
1.5227659574468086    -0.02414521580128707
1.5245744680851063    -0.02203290675231282
1.5263829787234042    -0.019777741842850693
1.5281914893617021    -0.017691719400562515
1.53    -0.015431830527728722
1.531808510638298    -0.01245499812801024
1.5336170212765958    -0.008852392311132672
1.5354255319148937    -0.005366216980909479
1.5372340425531916    -0.0025097482647971313
1.5390425531914893    3.617500426684713e-05
1.5408510638297872    0.002940384144168038
1.542659574468085    0.006326570923577917
1.544468085106383    0.009690460906117174
1.546276595744681    0.012709621063005149
1.5480851063829788    0.01578241230326024
1.5498936170212767    0.019519775357242586
1.5517021276595746    0.023894561322101354
1.5535106382978723    0.028259849113077426
1.5553191489361702    0.032252387196576776
1.557127659574468    0.0363405385172693
1.558936170212766    0.041214959796867845
1.5607446808510639    0.04679177028519034
1.5625531914893618    0.052162976009478515
1.5643617021276597    0.056592993113732906
1.5661702127659576    0.060273140446701165
1.5679787234042553    0.0638712569216657
1.5697872340425532    0.067508174702403
1.571595744680851    0.07052058974724226
1.573404255319149    0.07228888780215273
1.5752127659574469    0.07300414663287458
1.5770212765957448    0.07338507196384844
1.5788297872340427    0.07377929167402164
1.5806382978723406    0.07384578735700165
1.5824468085106382    0.07315082071969609
1.5842553191489361    0.07178007971394637
1.586063829787234    0.07014969539177043
1.587872340425532    0.06838508607251056
1.5896808510638298    0.06621939864627338
1.5914893617021277    0.06355276051553035
1.5932978723404256    0.06080976906499749
1.5951063829787235    0.05849204812287466
1.5969148936170212    0.0564924423219062
1.5987234042553191    0.05415127367097117
1.600531914893617    0.05106175142389689
1.602340425531915    0.04758615468126769
1.6041489361702128    0.044383324236455426
1.6059574468085107    0.041546702964431914
1.6077659574468086    0.03846619367549543
1.6095744680851065    0.03456849305014589
1.6113829787234042    0.029956076822779842
1.613191489361702    0.025159605386649443
1.615    0.020426535695429973
1.616808510638298    0.015533018844375121
1.6186170212765958    0.010308246496440247
1.6204255319148937    0.005057156230552987
1.6222340425531916    0.00024620887618496436
1.6240425531914895    -0.004112334566959315
1.6258510638297874    -0.008497625694687889
1.627659574468085    -0.01325631441691106
1.629468085106383    -0.01815103064271082
1.6312765957446809    -0.022674061552666144
1.6330851063829788    -0.026666737404922924
1.6348936170212767    -0.030388493258526175
1.6367021276595746    -0.03397815581451087
1.6385106382978725    -0.037114673685930966
1.6403191489361704    -0.03940180729308941
1.642127659574468    -0.040965399641410785
1.643936170212766    -0.04241470546871956
1.6457446808510638    -0.04416971125343418
1.6475531914893617    -0.046033294072359995
1.6493617021276596    -0.04757649529605244
1.6511702127659575    -0.04881515351983161
1.6529787234042554    -0.05026362270780198
1.6547872340425533    -0.052287133452497164
1.656595744680851    -0.05460835712323278
1.658404255319149    -0.05660975175476296
1.6602127659574468    -0.05802517993353007
1.6620212765957447    -0.05914395618010253
1.6638297872340426    -0.060344881451958446
1.6656382978723405    -0.06165092651348997
1.6674468085106384    -0.06288152497393523
1.6692553191489363    -0.06410578100001976
1.671063829787234    -0.06570290304345575
1.672872340425532    -0.06792898707355075
1.6746808510638298    -0.07059764751069275
1.6764893617021277    -0.07331307992854211
1.6782978723404256    -0.07591575482165272
1.6801063829787235    -0.07852209871089247
1.6819148936170214    -0.08113496249910909
1.6837234042553193    -0.08340907701380051
1.685531914893617    -0.08491913881719723
1.6873404255319149    -0.08555387496614472
1.6891489361702128    -0.08548816411994636
1.6909574468085107    -0.08480287752952789
1.6927659574468086    -0.08332946196637803
1.6945744680851065    -0.08095341513815493
1.6963829787234044    -0.0779092594353733
1.6981914893617023    -0.07457276082021475
1.7    -0.07098670773457322
1.7018085106382979    -0.06681038279940757
1.7036170212765958    -0.061855094685002165
1.7054255319148937    -0.05653046665577745
1.7072340425531916    -0.051556531820374535
1.7090425531914895    -0.047235395427804666
1.7108510638297874    -0.0431932603658368
1.7126595744680853    -0.03893450714480716
1.714468085106383    -0.03450266236478987
1.7162765957446808    -0.030398547996677017
1.7180851063829787    -0.026873471740105265
1.7198936170212766    -0.02353050088841297
1.7217021276595745    -0.019759316143260167
1.7235106382978724    -0.015442454311358995
1.7253191489361703    -0.011032202452534307
1.7271276595744682    -0.006931239793398502
1.728936170212766    -0.0029991014213558292
1.7307446808510638    0.0012014141816928852
1.7325531914893617    0.005788163884099944
1.7343617021276596    0.01039053599568383
1.7361702127659575    0.014607076984509526
1.7379787234042554    0.0184468607370002
1.7397872340425533    0.022187173196991816
1.7415957446808512    0.025891557445639042
1.7434042553191489    0.029261152171095067
1.7452127659574468    0.03200048457953911
1.7470212765957447    0.03418248523355426
1.7488297872340426    0.03613328224117249
1.7506382978723405    0.03802258990987023
1.7524468085106384    0.03970815100708855
1.7542553191489363    0.040987344955947316
1.7560638297872342    0.04185328493861437
1.7578723404255319    0.04240233773351762
1.7596808510638298    0.04257530988083899
1.7614893617021277    0.042153668967470206
1.7632978723404256    0.04105144329139594
1.7651063829787235    0.039504223190779564
1.7669148936170214    0.03788344463115817
1.7687234042553193    0.03637013734354684
1.7705319148936172    0.03489851182823188
1.7723404255319148    0.03339777393937153
1.7741489361702127    0.031968315722952584
1.7759574468085106    0.030758175008153907
1.7777659574468085    0.029741734928454375
1.7795744680851064    0.028723473931294097
1.7813829787234043    0.027554654404664522
1.7831914893617022    0.02626439750542099
1.7850000000000001    0.024964354385036094
1.7868085106382978    0.02371900331359749
1.7886170212765957    0.0225779274000419
1.7904255319148936    0.021661612367021132
1.7922340425531915    0.021079867951425205
1.7940425531914894    0.020748064031458666
1.7958510638297873    0.02041283939531781
1.7976595744680852    0.0199620372505512
1.7994680851063831    0.019640585837827462
1.8012765957446808    0.01980079707774101
1.8030851063829787    0.020390498288345583
1.8048936170212766    0.02080434919322679
1.8067021276595745    0.020366642487138084
1.8085106382978724    0.01895015973976652
1.8103191489361703    0.017030750773506832
1.8121276595744682    0.015132519920177917
1.813936170212766    0.013331711626857617
1.8157446808510638    0.011367427297442705
1.8175531914893617    0.009129504608203581
1.8193617021276596    0.006863553528460343
1.8211702127659575    0.004867892093178379
1.8229787234042554    0.0031371988034569597
1.8247872340425533    0.001435620665600869
1.8265957446808512    -0.00032852660759817077
1.828404255319149    -0.0019476645368367354
1.8302127659574468    -0.0031647984383337633
1.8320212765957447    -0.003950389091255316
1.8338297872340426    -0.004423719202391986
1.8356382978723405    -0.004571467858297106
1.8374468085106384    -0.0042180870110893835
1.8392553191489363    -0.003336270742165395
1.8410638297872342    -0.0022639654521828248
1.842872340425532    -0.0014642538506173383
1.8446808510638297    -0.0010643552764019399
1.8464893617021276    -0.0007358571689680977
1.8482978723404255    -7.302348709416152e-05
1.8501063829787234    0.0009933901060639333
1.8519148936170213    0.0022371831926846653
1.8537234042553192    0.0035334468247112663
1.8555319148936171    0.00507995830683797
1.857340425531915    0.00718016914843144
1.859148936170213    0.00990669647789344
1.8609574468085106    0.013090841763180053
1.8627659574468085    0.016620787410278726
1.8645744680851064    0.02061913776469322
1.8663829787234043    0.02524778716291287
1.8681914893617022    0.030396456719000257
1.87    0.03567424010969881
1.871808510638298    0.04074177850155102
1.873617021276596    0.04559888621694443
1.8754255319148936    0.05050315040667531
1.8772340425531915    0.055632452854417334
1.8790425531914894    0.0608707983220891
1.8808510638297873    0.06590952279568288
1.8826595744680852    0.07049246759378774
1.884468085106383    0.07452170442641218
1.886276595744681    0.07794779464589155
1.8880851063829789    0.08060829369277997
1.8898936170212766    0.08220411742780756
1.8917021276595745    0.08244804667845174
1.8935106382978724    0.08126465826736834
1.8953191489361703    0.07887963183478847
1.8971276595744682    0.07571192351118491
1.898936170212766    0.07212817336382465
1.900744680851064    0.06824490076793788
1.9025531914893619    0.06394695792566976
1.9043617021276595    0.05909785093627544
1.9061702127659574    0.053717616009076694
1.9079787234042553    0.04793251993873242
1.9097872340425532    0.04176334194480062
1.9115957446808511    0.03502256313241697
1.913404255319149    0.027473111827124225
1.915212765957447    0.01908039345574792
1.9170212765957448    0.010055622218507958
1.9188297872340425    0.0006250786333592828
1.9206382978723404    -0.009207384143660445
1.9224468085106383    -0.019615994750002107
1.9242553191489362    -0.030663115893352202
1.9260638297872341    -0.04208534601510336
1.927872340425532    -0.05338988887601505
1.92968085106383    -0.0641504986039422
1.9314893617021278    -0.07419408622925325
1.9332978723404255    -0.08352146565234922
1.9351063829787234    -0.09210147244135969
1.9369148936170213    -0.09978064817419693
1.9387234042553192    -0.10638278792411601
1.940531914893617    -0.11185540098140634
1.942340425531915    -0.11628782583090883
1.944148936170213    -0.11978301969450372
1.9459574468085108    -0.12232667117182752
1.9477659574468085    -0.1238001883548028
1.9495744680851064    -0.12413385066669214
1.9513829787234043    -0.12344407254841444
1.9531914893617022    -0.12200004612019405
1.955    -0.12003284970545366
1.956808510638298    -0.11757153065382817
1.9586170212765959    -0.11447456706322101
1.9604255319148938    -0.11062040224999628
1.9622340425531914    -0.10605259309062756
1.9640425531914893    -0.10094692222096255
1.9658510638297872    -0.09549395736684341
1.9676595744680851    -0.08987648396607664
1.969468085106383    -0.08434613107307692
1.971276595744681    -0.07921210447196109
1.9730851063829788    -0.07464846082110874
1.9748936170212767    -0.07052056828032305
1.9767021276595744    -0.06651126989440637
1.9785106382978723    -0.06250438673237627
1.9803191489361702    -0.05882284843457289
1.9821276595744681    -0.05601879845842837
1.983936170212766    -0.05442076492645852
1.985744680851064    -0.053944268502898074
1.9875531914893618    -0.05435844386352205
1.9893617021276597    -0.0556393168933252
1.9911702127659574    -0.057943285541614056
1.9929787234042553    -0.06123645134287958
1.9947872340425532    -0.06507204985231871
1.996595744680851    -0.06882543877415123
1.998404255319149    -0.0721142738893262
2.0002127659574467    -0.07491101930621802
2.0020212765957446    -0.07726960310223616
2.0038297872340425    -0.07907141129446413
2.0056382978723404    -0.08011304514074641
2.0074468085106383    -0.08035442789170263
2.009255319148936    -0.07992539585270794
2.011063829787234    -0.07884469769288488
2.012872340425532    -0.0768321071739598
2.01468085106383    -0.07349972967429691
2.016489361702128    -0.0687232206294742
2.0182978723404257    -0.06277152036243394
2.0201063829787236    -0.05608928500734556
2.0219148936170215    -0.04902890061266263
2.0237234042553194    -0.04179934034428508
2.0255319148936173    -0.03455040381340517
2.0273404255319147    -0.027366918870459743
2.0291489361702126    -0.020170594563274746
2.0309574468085105    -0.012724780747899768
2.0327659574468084    -0.004789638161516188
2.0345744680851063    0.003777570054173783
2.0363829787234042    0.01311978268383285
2.038191489361702    0.023504573374617137
2.04    0.0352218337854222
2.041808510638298    0.04831495808983063
2.043617021276596    0.06247713452191562
2.0454255319148937    0.07724996390776803
2.0472340425531916    0.0922496357624753
2.0490425531914895    0.10711795281899344
2.0508510638297874    0.12132245698752556
2.0526595744680853    0.13419664473098628
2.0544680851063832    0.14528714876299145
2.0562765957446807    0.1545853651548569
2.0580851063829786    0.16229413937971174
2.0598936170212765    0.16838596060390257
2.0617021276595744    0.1725254934287351
2.0635106382978723    0.17447122301368287
2.06531914893617    0.174423326782886
2.067127659574468    0.17284244115630357
2.068936170212766    0.16997652079369155
2.070744680851064    0.16572873251073408
2.072553191489362    0.1600207992695
2.0743617021276597    0.15311221570388414
2.0761702127659576    0.1454042752914109
2.0779787234042555    0.13700509785055745
2.0797872340425534    0.12770074557059805
2.0815957446808513    0.11741983624913643
2.083404255319149    0.10655994611152336
2.085212765957447    0.09569412063638927
2.0870212765957445    0.0850243078472169
2.0888297872340424    0.07431992720167599
2.0906382978723403    0.06343007750055071
2.0924468085106382    0.0526673691051546
2.094255319148936    0.042531694738186326
2.096063829787234    0.03315020907780057
2.097872340425532    0.024198710325581102
2.09968085106383    0.015401787523787958
2.1014893617021277    0.006924410613440606
2.1032978723404256    -0.0008378989176403267
2.1051063829787235    -0.007688118439135092
2.1069148936170214    -0.013606733726473455
2.1087234042553193    -0.018332123841364602
2.1105319148936172    -0.02126819844099899
2.112340425531915    -0.022043764425890913
2.114148936170213    -0.021081081977199642
2.1159574468085105    -0.01938600157650265
2.1177659574468084    -0.017742898799090884
2.1195744680851063    -0.0162920005133421
2.121382978723404    -0.014964002747971751
2.123191489361702    -0.014091797559504259
2.125    -0.014285030033091901
2.126808510638298    -0.015678085525513898
2.128617021276596    -0.01755685906988643
2.1304255319148937    -0.01891336794194351
2.1322340425531916    -0.019290432518746355
2.1340425531914895    -0.01895740368780252
2.1358510638297874    -0.01838065973171569
2.1376595744680853    -0.01780679764563975
2.139468085106383    -0.017427265606687663
2.141276595744681    -0.017642320259475174
2.143085106382979    -0.01880485736354777
2.1448936170212765    -0.020682468861348745
2.1467021276595744    -0.022435783020009196
2.1485106382978723    -0.023296530710348123
2.15031914893617    -0.02317488166312661
2.152127659574468    -0.022499414689370383
2.153936170212766    -0.021619509137948877
2.155744680851064    -0.020638327905128512
2.1575531914893618    -0.019839695575500013
2.1593617021276597    -0.019950519697180855
2.1611702127659576    -0.021690661859052045
2.1629787234042555    -0.02512200684228113
2.1647872340425534    -0.02967621837999889
2.1665957446808513    -0.03483115573129509
2.168404255319149    -0.04048601723789646
2.170212765957447    -0.04650421690114314
2.172021276595745    -0.05211797967248224
2.1738297872340424    -0.05618233529478973
2.1756382978723403    -0.058134763581066486
2.177446808510638    -0.058481633793836675
2.179255319148936    -0.05815940903764614
2.181063829787234    -0.05754927898667999
2.182872340425532    -0.05633400202429054
2.18468085106383    -0.05422905943018307
2.1864893617021277    -0.05148905550933667
2.1882978723404256    -0.04851324167692179
2.1901063829787235    -0.0452078791628961
2.1919148936170214    -0.04111493785249732
2.1937234042553193    -0.03619917648344286
2.195531914893617    -0.031188887248964563
2.197340425531915    -0.02691474921876457
2.199148936170213    -0.02344527609365825
2.200957446808511    -0.020108022754308133
2.2027659574468084    -0.01632282112743453
2.2045744680851063    -0.012163318289468601
2.206382978723404    -0.008047350984386786
2.208191489361702    -0.004172913941053364
2.21    -0.0005404771852755338
2.211808510638298    0.0026008376224554283
2.2136170212765958    0.0047442048757161855
2.2154255319148937    0.005754972158446796
2.2172340425531916    0.006281818067915822
2.2190425531914895    0.00722390659543678
2.2208510638297874    0.008767961366122087
2.2226595744680853    0.010157782488846334
2.224468085106383    0.010480377907858168
2.226276595744681    0.009502264806113955
2.228085106382979    0.007620035471091762
2.229893617021277    0.005185271125680889
2.2317021276595743    0.002166938498398395
2.233510638297872    -0.0015366075825616289
2.23531914893617    -0.005770449549974823
2.237127659574468    -0.010295356308268448
2.238936170212766    -0.015079768428757672
2.240744680851064    -0.02009523422009393
2.2425531914893617    -0.024819236610931095
2.2443617021276596    -0.028272614237998542
2.2461702127659575    -0.02979998376571089
2.2479787234042554    -0.029724556628775153
2.2497872340425533    -0.02903825409746565
2.251595744680851    -0.028493761879387045
2.253404255319149    -0.02821871939970363
2.255212765957447    -0.028209090364568857
2.257021276595745    -0.02882550949517775
2.258829787234043    -0.030447345914566635
2.2606382978723403    -0.032709376992982125
2.262446808510638    -0.034464774818538074
2.264255319148936    -0.034727719479620306
2.266063829787234    -0.03353456594282969
2.267872340425532    -0.031728407356496735
2.2696808510638298    -0.03003566450233816
2.2714893617021277    -0.028613993277306585
2.2732978723404256    -0.027459806629585352
2.2751063829787235    -0.02684543378491753
2.2769148936170214    -0.0270159453140352
2.2787234042553193    -0.02756300212499721
2.280531914893617    -0.027468210826047806
2.282340425531915    -0.02593464723974017
2.284148936170213    -0.02303537921281825
2.285957446808511    -0.019431121762227527
2.2877659574468088    -0.015616529995366918
2.2895744680851062    -0.01166745302080946
2.291382978723404    -0.00764007187272964
2.293191489361702    -0.003862191271698538
2.295    -0.0006396909887739013
2.296808510638298    0.0021306769792057015
2.2986170212765957    0.004785072339948003
2.3004255319148936    0.007381958472827988
2.3022340425531915    0.009667391125030232
2.3040425531914894    0.011661244214889626
2.3058510638297873    0.014018515753754403
2.3076595744680852    0.017498381142853577
2.309468085106383    0.022085703071539127
2.311276595744681    0.026883161509563873
2.313085106382979    0.03096418179678461
2.314893617021277    0.03416605267001133
2.3167021276595747    0.03694549698176194
2.3185106382978726    0.03968392761799785
2.32031914893617    0.04244991743707895
2.322127659574468    0.045394505726654204
2.323936170212766    0.04894192947204535
2.325744680851064    0.05324839822785179
2.3275531914893617    0.0575973699014243
2.3293617021276596    0.0607139790465483
2.3311702127659575    0.06185690718951258
2.3329787234042554    0.06148220324408676
2.3347872340425533    0.06074653063967848
2.336595744680851    0.06050857068799018
2.338404255319149    0.06094939292056686
2.340212765957447    0.061955472517011785
2.342021276595745    0.06345485085014813
2.343829787234043    0.06525763885200683
2.3456382978723407    0.06692868137593816
2.3474468085106386    0.06823604034366237
2.349255319148936    0.06970114186958573
2.351063829787234    0.07231008307011175
2.352872340425532    0.0764259808859083
2.3546808510638297    0.08112892713235759
2.3564893617021276    0.08487660640111122
2.3582978723404255    0.0868030419267487
2.3601063829787234    0.08719393645465878
2.3619148936170213    0.0867369724149562
2.3637234042553192    0.08563496445535626
2.365531914893617    0.08364137341464706
2.367340425531915    0.08069361562998961
2.369148936170213    0.07706009509155837
2.370957446808511    0.07278656019214766
2.3727659574468087    0.0673884565771033
2.3745744680851066    0.06045910111741695
2.3763829787234045    0.052507497013081966
2.378191489361702    0.04484977174605456
2.38    0.038523996500656243
2.381808510638298    0.033459475198797994
2.3836170212765957    0.028803833968331936
2.3854255319148936    0.023862723739976846
2.3872340425531915    0.01849378339273098
2.3890425531914894    0.01273924312988061
2.3908510638297873    0.006540028350069005
2.392659574468085    6.076768214971582e-05
2.394468085106383    -0.005965793646828603
2.396276595744681    -0.010659026101969142
2.398085106382979    -0.013867651516812551
2.399893617021277    -0.016391356507323665
2.4017021276595747    -0.01916366227392785
2.4035106382978726    -0.022363195389071104
2.4053191489361705    -0.025534147821249333
2.407127659574468    -0.028468569797265843
2.408936170212766    -0.03161038388371547
2.4107446808510637    -0.03542119854607581
2.4125531914893616    -0.039573462713579755
2.4143617021276595    -0.04309096377815089
2.4161702127659574    -0.045326728274515074
2.4179787234042553    -0.04660861601110956
2.4197872340425532    -0.047844113264884136
2.421595744680851    -0.04965888748985499
2.423404255319149    -0.0520690918589571
2.425212765957447    -0.05485692193317253
2.427021276595745    -0.05797417652722635
2.4288297872340427    -0.06149105153818095
2.4306382978723406    -0.06535618448416815
2.4324468085106385    -0.06941490166714752
2.4342553191489364    -0.07361566071040464
2.436063829787234    -0.07801437834947796
2.437872340425532    -0.0825457654048967
2.4396808510638297    -0.0869542924004935
2.4414893617021276    -0.09106199540816119
2.4432978723404255    -0.09500698917982119
2.4451063829787234    -0.09906407658786133
2.4469148936170213    -0.10323710279041838
2.448723404255319    -0.10715197112699261
2.450531914893617    -0.11036558400959547
2.452340425531915    -0.11263504864313849
2.454148936170213    -0.11380491349155993
2.455957446808511    -0.11360267654076207
2.4577659574468087    -0.11182885111619313
2.4595744680851066    -0.10884305508637483
2.4613829787234045    -0.10569466036262214
2.4631914893617024    -0.10356030738001791
2.465    -0.10297967809725177
2.4668085106382978    -0.10364168410126919
2.4686170212765957    -0.10483360455600226
2.4704255319148936    -0.10597330227151348
2.4722340425531915    -0.10673675517446897
2.4740425531914894    -0.10690179510859114
2.4758510638297873    -0.10627585974375624
2.477659574468085    -0.10474264353217498
2.479468085106383    -0.10219233708420018
2.481276595744681    -0.09833761309352797
2.483085106382979    -0.09273792454807943
2.4848936170212768    -0.0851637697202088
2.4867021276595747    -0.07593351028093077
2.4885106382978726    -0.06578907315424602
2.4903191489361705    -0.05540758851909301
2.4921276595744684    -0.04507082232475991
2.493936170212766    -0.034762629617738086
2.4957446808510637    -0.02442213021252209
2.4975531914893616    -0.01401190700739681
2.4993617021276595    -0.003485663949184873
2.5011702127659574    0.007064473508908832
2.5029787234042553    0.01717130198409731
2.504787234042553    0.026096014006162918
2.506595744680851    0.03337509082230139
2.508404255319149    0.039278374018960865
2.510212765957447    0.044619255974328115
2.512021276595745    0.050081163387620045
2.5138297872340427    0.055774277572001804
2.5156382978723406    0.061387290784062146
2.5174468085106385    0.06655657720966897
2.5192553191489364    0.07096098676142586
2.5210638297872343    0.07423896147500932
2.5228723404255318    0.07615927352515055
2.5246808510638297    0.07701124076079051
2.5264893617021276    0.07763222388234152
2.5282978723404255    0.07879696816728034
2.5301063829787234    0.08055445546166061
2.5319148936170213    0.08229203926788366
2.533723404255319    0.08344242650277779
2.535531914893617    0.08393859068403174
2.537340425531915    0.0838927109004922
2.539148936170213    0.08305255026289561
2.5409574468085108    0.08088806353593105
2.5427659574468087    0.0772536229568518
2.5445744680851066    0.07272179112294792
2.5463829787234045    0.06810020393827686
2.5481914893617024    0.063758644245638
2.5500000000000003    0.059638465250597586
2.551808510638298    0.055831940438850994
2.5536170212765956    0.05279556607845784
2.5554255319148935    0.05079311496488692
2.5572340425531914    0.04933310928264423
2.5590425531914893    0.04750392978852511
2.560851063829787    0.044942759882299926
2.562659574468085    0.042260373917571356
2.564468085106383    0.040356496996885066
2.566276595744681    0.03942868915542869
2.568085106382979    0.03881839795320491
2.5698936170212767    0.037754534939907616
2.5717021276595746    0.03601279554233876
2.5735106382978725    0.03380399759410607
2.5753191489361704    0.031279731102133265
2.5771276595744683    0.02840195977217403
2.578936170212766    0.025224505383457732
2.580744680851064    0.022020865898795795
2.5825531914893616    0.019033561011017094
2.5843617021276595    0.01629237429660902
2.5861702127659574    0.013862946907665763
2.5879787234042553    0.012156566750599253
2.589787234042553    0.011705274551911657
2.591595744680851    0.012525826075416236
2.593404255319149    0.01387063042157739
2.595212765957447    0.01476867383713783
2.5970212765957448    0.014756257614317033
2.5988297872340427    0.013948614147409017
2.6006382978723406    0.01246819558309729
2.6024468085106385    0.010056914242652364
2.6042553191489364    0.006378872374657205
2.6060638297872343    0.0015541039746803098
2.607872340425532    -0.0038139877651736246
2.60968085106383    -0.009126027610951177
2.6114893617021275    -0.01413493937199432
2.6132978723404254    -0.018797833602508248
2.6151063829787233    -0.023012555225593093
2.6169148936170212    -0.026699828369209404
2.618723404255319    -0.03004799541131505
2.620531914893617    -0.033392763921351765
2.622340425531915    -0.036727589537190256
2.624148936170213    -0.039482343834968917
2.6259574468085107    -0.04098153455539602
2.6277659574468086    -0.04112823114835695
2.6295744680851065    -0.04052414630692236
2.6313829787234044    -0.03990876026017691
2.6331914893617023    -0.03959961285935114
2.6350000000000002    -0.03951648686922202
2.636808510638298    -0.039579234139284714
2.638617021276596    -0.0398645768121698
2.6404255319148935    -0.04035148304091349
2.6422340425531914    -0.04068210152560987
2.6440425531914893    -0.040322398138781246
2.645851063829787    -0.03898133878468084
2.647659574468085    -0.03687767795685859
2.649468085106383    -0.03467222647865327
2.651276595744681    -0.03317248284804927
2.653085106382979    -0.03294284467258091
2.6548936170212767    -0.03393340327871068
2.6567021276595746    -0.03537699927739854
2.6585106382978725    -0.03620105680848805
2.6603191489361704    -0.03575925563228388
2.6621276595744683    -0.03421667472858464
2.663936170212766    -0.032151791328680915
2.665744680851064    -0.029798622609368455
2.667553191489362    -0.026813843431736012
2.6693617021276594    -0.02283715685905944
2.6711702127659573    -0.018126655084078888
2.6729787234042552    -0.01346500760311696
2.674787234042553    -0.009470918246388446
2.676595744680851    -0.006172041917339371
2.678404255319149    -0.003266858071893171
2.680212765957447    -0.0005735527910354608
2.6820212765957447    0.0019651627262916903
2.6838297872340426    0.004571669339410927
2.6856382978723405    0.007585450392220841
2.6874468085106384    0.011002802967947938
2.6892553191489363    0.014287496562628859
2.6910638297872342    0.016888910327011793
2.692872340425532    0.018901021474948987
2.69468085106383    0.02097626568030994
2.696489361702128    0.02353748023553876
2.6982978723404254    0.026285608373117823
2.7001063829787233    0.028627049181552018
2.701914893617021    0.03040691262219098
2.703723404255319    0.031938959114512624
2.705531914893617    0.03333497622320093
2.707340425531915    0.03414454544323767
2.709148936170213    0.03388885654774414
2.7109574468085107    0.032789183966710475
2.7127659574468086    0.03165878794527521
2.7145744680851065    0.031041543049933604
2.7163829787234044    0.030707264711231738
2.7181914893617023    0.03012885518903563
2.72    0.029249887401796182
2.721808510638298    0.028521791433932395
2.723617021276596    0.02825389977680369
2.725425531914894    0.0282415546607878
2.7272340425531914    0.028148894994431593
2.7290425531914893    0.027999227596332
2.730851063829787    0.028014285474834463
2.732659574468085    0.028070254326755813
2.734468085106383    0.0276543267137978
2.736276595744681    0.026474788978291315
2.7380851063829788    0.024867178854270026
2.7398936170212767    0.02336898502573735
2.7417021276595746    0.02202745046229726
2.7435106382978725    0.020430182289361457
2.7453191489361704    0.018430720295767658
2.7471276595744683    0.01650447998458597
2.748936170212766    0.015141954934564064
2.750744680851064    0.014068519949799605
2.752553191489362    0.012422283963680867
2.75436170212766    0.009771576365055695
2.7561702127659573    0.006696637823516885
2.757978723404255    0.004195772272718003
2.759787234042553    0.002681645236766352
2.761595744680851    0.0017693847622902194
2.763404255319149    0.0009063269116177928
2.765212765957447    -0.00017329147102491103
2.7670212765957447    -0.001711273965927093
2.7688297872340426    -0.00423495712858441
2.7706382978723405    -0.008130564703322402
2.7724468085106384    -0.012880168211964001
2.7742553191489363    -0.017090601878176348
2.776063829787234    -0.019556582740984048
2.777872340425532    -0.020240848000838765
2.77968085106383    -0.020094669645749637
2.781489361702128    -0.02005332549559015
2.783297872340426    -0.0204317423799861
2.7851063829787237    -0.02120443917114049
2.786914893617021    -0.0224389783946082
2.788723404255319    -0.024163125367217382
2.790531914893617    -0.026013440379466485
2.792340425531915    -0.02744780018415688
2.7941489361702128    -0.028426994169042916
2.7959574468085107    -0.029613785526087823
2.7977659574468086    -0.03166842471441609
2.7995744680851065    -0.03447510168962984
2.8013829787234044    -0.037311974047831716
2.8031914893617023    -0.03974004231974151
2.805    -0.04201826225956807
2.806808510638298    -0.044513818701506384
2.808617021276596    -0.046963508612486195
2.810425531914894    -0.04863227912507379
2.8122340425531918    -0.04915655570781725
2.8140425531914897    -0.04891335442186027
2.815851063829787    -0.048421413139269655
2.817659574468085    -0.04760671364636724
2.819468085106383    -0.04592231127282089
2.821276595744681    -0.043135617844914285
2.8230851063829787    -0.039732708622013814
2.8248936170212766    -0.03645676469646784
2.8267021276595745    -0.03361555648900321
2.8285106382978724    -0.030952408730829904
2.8303191489361703    -0.028039941859944045
2.832127659574468    -0.024610818538051596
2.833936170212766    -0.020616310945995614
2.835744680851064    -0.016284905999665353
2.837553191489362    -0.012219413403703337
2.83936170212766    -0.009134617871889301
2.8411702127659577    -0.007166253069602179
2.8429787234042556    -0.005487131336048411
2.844787234042553    -0.002931946944874945
2.846595744680851    0.0008501300461244547
2.848404255319149    0.005048709484450662
2.8502127659574468    0.008667679034942215
2.8520212765957447    0.011700532366389389
2.8538297872340426    0.01505663079251652
2.8556382978723405    0.01932346882603822
2.8574468085106384    0.023918252371187283
2.8592553191489363    0.027673467256408964
2.861063829787234    0.03008523143238545
2.862872340425532    0.03169535849388324
2.86468085106383    0.033281271158529725
2.866489361702128    0.03500398340936237
2.8682978723404258    0.03650764812013576
2.8701063829787237    0.03758328299129866
2.8719148936170216    0.0383795617294991
2.873723404255319    0.03899515321100364
2.875531914893617    0.039227599921804794
2.877340425531915    0.03891567391385204
2.8791489361702127    0.03830934471456502
2.8809574468085106    0.03781045198416926
2.8827659574468085    0.037400542969717794
2.8845744680851064    0.0366234466547441
2.8863829787234043    0.035232692759758065
2.8881914893617022    0.033621186456606895
2.89    0.032403131599819786
2.891808510638298    0.031703556154695355
2.893617021276596    0.03112705976559587
2.895425531914894    0.03040122845612208
2.8972340425531917    0.029719225938432153
2.8990425531914896    0.029259365912633083
2.9008510638297875    0.028602564015183435
2.902659574468085    0.02699314358054028
2.904468085106383    0.0242206493774847
2.906276595744681    0.020977464650884285
2.9080851063829787    0.018195390522890764
2.9098936170212766    0.016195368673608476
2.9117021276595745    0.01465353599637641
2.9135106382978724    0.013215513486966816
2.9153191489361703    0.01178640226467306
2.917127659574468    0.010192727932368965
2.918936170212766    0.007976221629688356
2.920744680851064    0.004892129464569064
2.922553191489362    0.001492904457468888
2.92436170212766    -0.0011951400103628299
2.9261702127659577    -0.0027386277184177125
2.9279787234042556    -0.003816192706269999
2.9297872340425535    -0.005472528581027935
2.931595744680851    -0.008005537748933618
2.933404255319149    -0.010859607047533684
2.9352127659574467    -0.013556019149659851
2.9370212765957446    -0.016348915351443997
2.9388297872340425    -0.019764113544704497
2.9406382978723404    -0.023759440393440114
2.9424468085106383    -0.027728141750690778
2.9442553191489362    -0.031322003285150765
2.946063829787234    -0.034892247046254765
2.947872340425532    -0.03889460241211201
2.94968085106383    -0.043084116696476715
2.951489361702128    -0.04664301750285109
2.9532978723404257    -0.049104338989638646
2.9551063829787236    -0.05084913897105914
2.9569148936170215    -0.052546126781738214
2.9587234042553194    -0.05430592319428208
2.960531914893617    -0.05561714645054601
2.962340425531915    -0.056018583528988156
2.9641489361702127    -0.05555569486927937
2.9659574468085106    -0.05454037984459724
2.9677659574468085    -0.053145353337357246
2.9695744680851064    -0.05144293650129539
2.9713829787234043    -0.04967554450705135
2.973191489361702    -0.048170718315041036
2.975    -0.0469462993078565
2.976808510638298    -0.045645728879197156
2.978617021276596    -0.04400359563706581
2.980425531914894    -0.04219740901396052
2.9822340425531917    -0.040527256434517156
2.9840425531914896    -0.03885383669729843
2.9858510638297875    -0.03666136264478591
2.9876595744680854    -0.033752004583089176
2.989468085106383    -0.03060193119761917
2.9912765957446807    -0.027790503503100944
2.9930851063829786    -0.025224251132556094
2.9948936170212765    -0.022262310592359474
2.9967021276595744    -0.0186570426986903
2.9985106382978723    -0.015043145099376688
3.0003191489361702    -0.012227311976533591
3.002127659574468    -0.01013077095551182
3.003936170212766    -0.007761821611835886
3.005744680851064    -0.0042982233126228776
3.007553191489362    4.797671449133841e-05
3.0093617021276597    0.004383176532490794
3.0111702127659576    0.008143790231076049
3.0129787234042555    0.011503898723222768
3.0147872340425534    0.014870772919827555
3.0165957446808513    0.018327156926867715
3.0184042553191492    0.021708003315142863
3.0202127659574467    0.02494805300070946
3.0220212765957446    0.028026706533974845
3.0238297872340425    0.03063460240316761
3.0256382978723404    0.03225862817254822
3.0274468085106383    0.032775273273294825
3.029255319148936    0.032750957022223734
3.031063829787234    0.032891141080203995
3.032872340425532    0.033240907630563574
3.03468085106383    0.033180445196372144
3.036489361702128    0.032266314349279304
3.0382978723404257    0.030850056634326245
3.0401063829787236    0.029698976110877046
3.0419148936170215    0.02915823267390978
3.0437234042553194    0.028941725585389745
3.0455319148936173    0.02872203268881751
3.047340425531915    0.02862522143089591
3.0491489361702127    0.028970861357695214
3.0509574468085106    0.029710624519403303
3.0527659574468085    0.03040802546833432
3.0545744680851064    0.03077756457513909
3.0563829787234043    0.031004164414026515
3.058191489361702    0.03141653834930226
3.06    0.03201665574292574
3.061808510638298    0.03251609715148057
3.063617021276596    0.03274542061477248
3.0654255319148938    0.03278671364984967
3.0672340425531917    0.032670725750790636
3.0690425531914896    0.032186442800011164
3.0708510638297875    0.031177759576126216
3.0726595744680854    0.029906909083917035
3.0744680851063833    0.02887359416453822
3.076276595744681    0.028238767799591516
3.0780851063829786    0.02762207646717771
3.0798936170212765    0.026580469681205067
3.0817021276595744    0.025148207718881065
3.0835106382978723    0.023739824048066273
3.08531914893617    0.022600740841612545
3.087127659574468    0.021576602513018538
3.088936170212766    0.020450743791600758
3.090744680851064    0.019268576005625523
3.092553191489362    0.018149495806391844
3.0943617021276597    0.01692792035850938
3.0961702127659576    0.015271446283725523
3.0979787234042555    0.013194315634969093
3.0997872340425534    0.011194240631449814
3.1015957446808513    0.009683033146068692
3.103404255319149    0.008408776509256009
3.105212765957447    0.006697847269702158
3.1070212765957446    0.004292653549433267
3.1088297872340425    0.0017281007600263715
3.1106382978723404    -0.0002529151398411873
3.1124468085106383    -0.00151394603837835
3.114255319148936    -0.0025753286440902572
3.116063829787234    -0.00392799446212074
3.117872340425532    -0.005539523511250845
3.11968085106383    -0.007101913960128098
3.1214893617021278    -0.00854025790251352
3.1232978723404257    -0.010056804737757856
3.1251063829787236    -0.01175200087106353
3.1269148936170215    -0.013460719927728954
3.1287234042553194    -0.015049709100004914
3.1305319148936173    -0.016705334132492596
3.132340425531915    -0.018772303291672947
3.134148936170213    -0.021384012580468188
3.1359574468085105    -0.024406248698684956
3.1377659574468084    -0.02770750924194528
3.1395744680851063    -0.03128595370256952
3.141382978723404    -0.03506315115307981
3.143191489361702    -0.03873035772251125
3.145    -0.041970710290582594
3.146808510638298    -0.04475241467121903
3.148617021276596    -0.04719877849537399
3.1504255319148937    -0.04917089918302983
3.1522340425531916    -0.05022734816611564
3.1540425531914895    -0.05016279745100348
3.1558510638297874    -0.049436626239943826
3.1576595744680853    -0.048805219008170045
3.159468085106383    -0.04850898797942868
3.161276595744681    -0.04804367867908681
3.163085106382979    -0.04684443966540151
3.1648936170212765    -0.04500609568739622
3.1667021276595744    -0.04310526791321141
3.1685106382978723    -0.04140188814614
3.17031914893617    -0.03953456561308069
3.172127659574468    -0.03712644081337606
3.173936170212766    -0.0344417849585066
3.175744680851064    -0.03214761752139783
3.1775531914893618    -0.030466903964948888
3.1793617021276597    -0.028863817409571432
3.1811702127659576    -0.026702948303620078
3.1829787234042555    -0.02403069798933226
3.1847872340425534    -0.02148480719255723
3.1865957446808513    -0.019494787336008013
3.188404255319149    -0.017807999389319117
3.190212765957447    -0.01585947625472759
3.192021276595745    -0.013405210253061173
3.1938297872340424    -0.01063533642716713
3.1956382978723403    -0.007794016296939779
3.1974468085106382    -0.004927553768798942
3.199255319148936    -0.0020229722159307963
3.201063829787234    0.0008224151417831553
3.202872340425532    0.0035030310156079388
3.20468085106383    0.006052761840183652
3.2064893617021277    0.008524326626419188
3.2082978723404256    0.0107759035364477
3.2101063829787235    0.012572567045571558
3.2119148936170214    0.01393677509386
3.2137234042553193    0.015216812389378028
3.2155319148936172    0.016683832779397875
3.217340425531915    0.01819234284556235
3.219148936170213    0.019431915755939944
3.220957446808511    0.02045447953678909
3.2227659574468084    0.021683070309571742
3.2245744680851063    0.023292149667404338
3.226382978723404    0.02480951015247379
3.228191489361702    0.025604497901890982
3.23    0.025720042143143253
3.231808510638298    0.025925801306316075
3.233617021276596    0.026823057486393645
3.2354255319148937    0.028108997734227203
3.2372340425531916    0.02895473683205156
3.2390425531914895    0.0290085003835436
3.2408510638297874    0.028723413953594082
3.2426595744680853    0.028627526544509327
3.244468085106383    0.02856084077834893
3.246276595744681    0.027906641895747056
3.248085106382979    0.02647527309818891
3.249893617021277    0.024836154924654005
3.251702127659575    0.023670777747602893
3.2535106382978722    0.023021549565221677
3.25531914893617    0.022381473524140792
3.257127659574468    0.021405129202561428
3.258936170212766    0.020262814484302907
3.260744680851064    0.019262303007693632
3.2625531914893617    0.018370335954979007
3.2643617021276596    0.017286391439582285
3.2661702127659575    0.015866175978855084
3.2679787234042554    0.014258683710579086
3.2697872340425533    0.012648699050026108
3.2715957446808512    0.011085306292544662
3.273404255319149    0.009640012514341136
3.275212765957447    0.008527313332225204
3.277021276595745    0.007858753293150257
3.278829787234043    0.007356783518725008
3.2806382978723407    0.006561243483319108
3.282446808510638    0.005380523893197042
3.284255319148936    0.004233225054426734
3.286063829787234    0.0034840245487978653
3.287872340425532    0.0028703230068155526
3.28968085106383    0.00173118687162212
3.2914893617021277    -0.0001838541152387708
3.2932978723404256    -0.002362151546715257
3.2951063829787235    -0.004108823853891416
3.2969148936170214    -0.0053196079486573485
3.2987234042553193    -0.006467998430320845
3.300531914893617    -0.007888610345072863
3.302340425531915    -0.009343542678201828
3.304148936170213    -0.0104036673996173
3.305957446808511    -0.011044462758583177
3.307765957446809    -0.011618579287818141
3.3095744680851067    -0.012294670141568237
3.311382978723404    -0.01279776547291991
3.313191489361702    -0.012823974973131737
3.315    -0.01253472926035816
3.316808510638298    -0.012437561731606404
3.3186170212765957    -0.012829956107110005
3.3204255319148936    -0.013565242272467828
3.3222340425531915    -0.014404030940814105
3.3240425531914894    -0.015393712362685708
3.3258510638297873    -0.016733451310917715
3.3276595744680852    -0.018356982715424398
3.329468085106383    -0.019865719032096458
3.331276595744681    -0.020929601325845874
3.333085106382979    -0.021617268647022823
3.334893617021277    -0.022241449523108987
3.3367021276595747    -0.022980298195801812
3.3385106382978726    -0.023787483252357616
3.34031914893617    -0.024634271682719224
3.342127659574468    -0.025665695009714145
3.343936170212766    -0.02703611303185562
3.345744680851064    -0.02867647393176766
3.3475531914893617    -0.030312205971597634
3.3493617021276596    -0.031668109044625
3.3511702127659575    -0.032584719047816124
3.3529787234042554    -0.03300073717869857
3.3547872340425533    -0.03298072616543313
3.356595744680851    -0.03279885085547711
3.358404255319149    -0.03284613052797991
3.360212765957447    -0.03330452447236114
3.362021276595745    -0.03393319466469022
3.363829787234043    -0.03428267981241627
3.3656382978723407    -0.034113981508640825
3.3674468085106386    -0.033493542841851326
3.369255319148936    -0.03246572165077111
3.371063829787234    -0.030813000507019878
3.372872340425532    -0.02830893774932993
3.3746808510638298    -0.025143272166771827
3.3764893617021277    -0.02188203475138628
3.3782978723404256    -0.018924979295946075
3.3801063829787235    -0.016133672774865798
3.3819148936170214    -0.013107047692001599
3.3837234042553193    -0.009715892500847399
3.385531914893617    -0.006177497194135156
3.387340425531915    -0.0026229630936036342
3.389148936170213    0.0011717094038804106
3.390957446808511    0.005476468642862655
3.3927659574468088    0.0101603414648504
3.3945744680851067    0.014761260987483366
3.3963829787234046    0.01898969891103118
3.398191489361702    0.0229638343880018
3.4    0.02687080904337103
3.401808510638298    0.030579892855309626
3.4036170212765957    0.03378369873334085
3.4054255319148936    0.0364434582191749
3.4072340425531915    0.03885003761232575
3.4090425531914894    0.041184377062312705
3.4108510638297873    0.04323362972645407
3.412659574468085    0.04472777184911332
3.414468085106383    0.04584188222401993
3.416276595744681    0.04710248562499865
3.418085106382979    0.04874342073341194
3.419893617021277    0.05036212041441289
3.4217021276595747    0.05136563624647786
3.4235106382978726    0.051638013033712016
3.4253191489361705    0.051573758514243104
3.427127659574468    0.05149316302518592
3.428936170212766    0.05125266422488235
3.4307446808510638    0.05050458661919269
3.4325531914893617    0.049130541563598
3.4343617021276596    0.0472219370928377
3.4361702127659575    0.04475350017303159
3.4379787234042554    0.04157393371872646
3.4397872340425533    0.03779518660184014
3.441595744680851    0.033953655062414725
3.443404255319149    0.030578234971118667
3.445212765957447    0.027693788986766825
3.447021276595745    0.024956464063297962
3.4488297872340428    0.022228745606374965
3.4506382978723407    0.01973774094331269
3.4524468085106386    0.01755905346682536
3.4542553191489365    0.015216574197520767
3.456063829787234    0.012113850281437414
3.457872340425532    0.008313723099586327
3.4596808510638297    0.004563339012846021
3.4614893617021276    0.0014161620970364703
3.4632978723404255    -0.0014229680617349034
3.4651063829787234    -0.004636798088048373
3.4669148936170213    -0.008336924488372087
3.468723404255319    -0.011933821478457932
3.470531914893617    -0.015028354513492123
3.472340425531915    -0.0180766430864943
3.474148936170213    -0.021854238661066762
3.475957446808511    -0.026396218959685226
3.4777659574468087    -0.030839474152237374
3.4795744680851066    -0.03439039384398954
3.4813829787234045    -0.037139855791057184
3.4831914893617024    -0.039705303404401766
3.4850000000000003    -0.04229671687182351
3.4868085106382978    -0.04451853684466781
3.4886170212765957    -0.04609480618264198
3.4904255319148936    -0.04739136600689282
3.4922340425531915    -0.04895511151083803
3.4940425531914894    -0.05073718520058924
3.4958510638297873    -0.052116460518295056
3.497659574468085    -0.052680721352710465
3.499468085106383    -0.05265953227977988
3.501276595744681    -0.05245163025300394
3.503085106382979    -0.052006645399228786
3.5048936170212768    -0.05097749409992496
3.5067021276595747    -0.0493645647341996
3.5085106382978726    -0.047621676954818136
3.5103191489361705    -0.04600920712417756
3.5121276595744684    -0.04415002312309418
3.5139361702127663    -0.04150451128340111
3.5157446808510637    -0.03813605638512992
3.5175531914893616    -0.034659859320089546
3.5193617021276595    -0.03141136651664279
3.5211702127659574    -0.028013339892977558
3.5229787234042553    -0.023979694767769198
3.5247872340425532    -0.01950158060527321
3.526595744680851    -0.01526635342415869
3.528404255319149    -0.011530010476741424
3.530212765957447    -0.007755386779288359
3.532021276595745    -0.0033525585031801333
3.5338297872340427    0.0015071054174868753
3.5356382978723406    0.006144665661426131
3.5374468085106385    0.010312733190615304
3.5392553191489364    0.014453649242859185
3.5410638297872343    0.01889811871700925
3.5428723404255322    0.023186022158577596
3.5446808510638297    0.026562035062276432
3.5464893617021276    0.029012092785481683
3.5482978723404255    0.03135971071484628
3.5501063829787234    0.034198296435909645
3.5519148936170213    0.037079280362438224
3.553723404255319    0.03908317456321929
3.555531914893617    0.04002781648667994
3.557340425531915    0.04069225491603756
3.559148936170213    0.04176745175372601
3.560957446808511    0.04294873043422433
3.5627659574468087    0.04334178914551998
3.5645744680851066    0.042562069198990055
3.5663829787234045    0.04105334333299436
3.5681914893617024    0.039326006418231974
3.5700000000000003    0.03728569728787352
3.571808510638298    0.034563717665131014
3.5736170212765956    0.03126529085537451
3.5754255319148935    0.027995757275386952
3.5772340425531914    0.025127478743663174
3.5790425531914893    0.02236724910520814
3.5808510638297872    0.01921335775887581
3.582659574468085    0.015609757830607779
3.584468085106383    0.011890556507349836
3.586276595744681    0.008208186410643237
3.588085106382979    0.004380070720103067
3.5898936170212767    0.00038849536011307997
3.5917021276595746    -0.0032877276778160436
3.5935106382978725    -0.006130730846145412
3.5953191489361704    -0.008260066828377365
3.5971276595744683    -0.010344474280976951
3.5989361702127662    -0.01279425857477911
3.600744680851064    -0.015302814376652771
3.6025531914893616    -0.017340263492050527
3.6043617021276595    -0.018887133890764934
3.6061702127659574    -0.020391500069355077
3.6079787234042553    -0.022055449505003627
3.609787234042553    -0.023493681780975134
3.611595744680851    -0.024240224541458938
3.613404255319149    -0.024356629138470788
3.615212765957447    -0.024276512985977855
