0.0    0.0
0.0018085106382978724    0.0
0.003617021276595745    0.0
0.005425531914893617    0.0
0.00723404255319149    0.0
0.009042553191489363    0.0
0.010851063829787235    0.0
0.012659574468085107    0.0
0.01446808510638298    0.0
0.016276595744680853    0.0
0.018085106382978725    0.0
0.019893617021276597    0.0
0.02170212765957447    0.0
0.023510638297872342    0.0
0.025319148936170214    0.0
0.027127659574468086    0.0
0.02893617021276596    0.0
0.03074468085106383    0.0
0.032553191489361706    0.0
0.03436170212765958    0.0
0.03617021276595745    0.0
0.03797872340425532    0.0
0.039787234042553195    0.0
0.04159574468085107    0.0
0.04340425531914894    0.0
0.04521276595744681    0.0
0.047021276595744683    0.0
0.048829787234042556    0.0
0.05063829787234043    0.0
0.0524468085106383    0.0
0.05425531914893617    0.0
0.056063829787234044    0.0
0.05787234042553192    0.0
0.05968085106382979    0.0
0.06148936170212766    0.0
0.06329787234042554    0.0
0.06510638297872341    0.0
0.06691489361702128    0.0
0.06872340425531916    0.0
0.07053191489361703    0.0
0.0723404255319149    0.0
0.07414893617021277    0.0
0.07595744680851065    0.0
0.07776595744680852    0.0
0.07957446808510639    0.0
0.08138297872340426    0.0
0.08319148936170213    0.0
0.085    0.0
0.08680851063829788    0.0
0.08861702127659575    0.0
0.09042553191489362    0.0
0.0922340425531915    0.0
0.09404255319148937    0.0
0.09585106382978724    0.0
0.09765957446808511    0.0
0.09946808510638298    0.0
0.10127659574468086    0.0
0.10308510638297873    0.0
0.1048936170212766    0.0
0.10670212765957447    0.0
0.10851063829787234    0.0
0.11031914893617022    4.6214004883204404e-119
0.11212765957446809    3.680539442174306e-115
0.11393617021276596    8.90566308969074e-112
0.11574468085106383    1.0390472494118397e-108
0.1175531914893617    7.159676275309251e-106
0.11936170212765958    3.2689107637412926e-103
0.12117021276595745    1.0652042998127797e-100
0.12297872340425532    2.609523430078911e-98
0.1247872340425532    4.994302224143374e-96
0.12659574468085108    7.691458292702132e-94
0.12840425531914895    9.757533189751984e-92
0.13021276595744682    1.0392851106903329e-89
0.1320212765957447    9.441428894832954e-88
0.13382978723404257    7.413258574024262e-86
0.13563829787234044    5.088171113982014e-84
0.1374468085106383    3.082717971917644e-82
0.13925531914893619    1.662716966849382e-80
0.14106382978723406    8.043790880807204e-79
0.14287234042553193    3.51345975289864e-77
0.1446808510638298    1.3938076900640768e-75
0.14648936170212767    5.048494022700111e-74
0.14829787234042555    1.6775802940823348e-72
0.15010638297872342    5.1362223311918036e-71
0.1519148936170213    1.454624330889885e-69
0.15372340425531916    3.8244086744366736e-68
0.15553191489361703    9.365141906385099e-67
0.1573404255319149    2.1424798284394488e-65
0.15914893617021278    4.591826741999613e-64
0.16095744680851065    9.243662322020371e-63
0.16276595744680852    1.7520028864103134e-61
0.1645744680851064    3.1334816777136794e-60
0.16638297872340427    5.299376313573761e-59
0.16819148936170214    8.49125236537861e-58
0.17    1.291392306979819e-56
0.17180851063829788    1.8673465912675985e-55
0.17361702127659576    2.57138926564436e-54
0.17542553191489363    3.377081595379386e-53
0.1772340425531915    4.236068583729519e-52
0.17904255319148937    5.0817603863194985e-51
0.18085106382978725    5.837745121498196e-50
0.18265957446808512    6.429484104751925e-49
0.184468085106383    6.796729743712764e-48
0.18627659574468086    6.90373442720634e-47
0.18808510638297873    6.7448448439105936e-46
0.1898936170212766    6.344321589073068e-45
0.19170212765957448    5.750752428642131e-44
0.19351063829787235    5.0277314578422486e-43
0.19531914893617022    4.243175835520034e-42
0.1971276595744681    3.4596190292425254e-41
0.19893617021276597    2.7271855688536183e-40
0.20074468085106384    2.0800138435681563e-39
0.2025531914893617    1.5359773054379958e-38
0.20436170212765958    1.0989023166159001e-37
0.20617021276595746    7.62193566677194e-37
0.20797872340425533    5.128232920356597e-36
0.2097872340425532    3.3490349374496646e-35
0.21159574468085107    2.1240449219131403e-34
0.21340425531914894    1.3089780631860184e-33
0.21521276595744682    7.842395159270859e-33
0.2170212765957447    4.5701107023058166e-32
0.21882978723404256    2.591622230548184e-31
0.22063829787234043    1.430806021572932e-30
0.2224468085106383    7.693840363219217e-30
0.22425531914893618    4.0312590123939777e-29
0.22606382978723405    2.0589602522414515e-28
0.22787234042553192    1.0254930064718185e-27
0.2296808510638298    4.982600960062017e-27
0.23148936170212767    2.3625067557474267e-26
0.23329787234042554    1.0935342526427975e-25
0.2351063829787234    4.9428464506624875e-25
0.23691489361702128    2.1824518083387138e-24
0.23872340425531915    9.416012911880601e-24
0.24053191489361703    3.9707366887988226e-23
0.2423404255319149    1.6371127401408288e-22
0.24414893617021277    6.600950561739101e-22
0.24595744680851064    2.6035564309429126e-21
0.24776595744680852    1.0047726465981713e-20
0.2495744680851064    3.795003207129353e-20
0.25138297872340426    1.4031334079558557e-19
0.25319148936170216    5.079523887612479e-19
0.255    1.800839218141263e-18
0.2568085106382979    6.253763385849307e-18
0.25861702127659575    2.1276750860997296e-17
0.26042553191489365    7.093253776455347e-17
0.2622340425531915    2.317593382671069e-16
0.2640425531914894    7.4225322377148955e-16
0.26585106382978724    2.330547628657711e-15
0.26765957446808514    7.17495663865496e-15
0.269468085106383    2.166191418661791e-14
0.2712765957446809    6.414281161184232e-14
0.2730851063829787    1.8630592572982989e-13
0.2748936170212766    5.308640635556209e-13
0.27670212765957447    1.4841063331601712e-12
0.27851063829787237    4.071133845631309e-12
0.2803191489361702    1.095909374118468e-11
0.2821276595744681    2.8952069318759878e-11
0.28393617021276596    7.506952354157122e-11
0.28574468085106386    1.9105425155277635e-10
0.2875531914893617    4.772931228515614e-10
0.2893617021276596    1.1705014718756998e-09
0.29117021276595745    2.817970095009134e-09
0.29297872340425535    6.66030461886489e-09
0.2947872340425532    1.5454574664720982e-08
0.2965957446808511    3.5207357634602064e-08
0.29840425531914894    7.874581578129684e-08
0.30021276595744684    1.7291771785530461e-07
0.3020212765957447    3.72791170045677e-07
0.3038297872340426    7.890377169803776e-07
0.3056382978723404    1.6395454072378242e-06
0.3074468085106383    3.344457076902067e-06
0.30925531914893617    6.697034036107796e-06
0.31106382978723407    1.3163378044955711e-05
0.3128723404255319    2.539500331926089e-05
0.3146808510638298    4.808260241698204e-05
0.31648936170212766    8.933948880189254e-05
0.31829787234042556    0.0001628792843861135
0.3201063829787234    0.0002913398969316853
0.3219148936170213    0.0005111919822296841
0.32372340425531915    0.0008797299300061377
0.32553191489361705    0.0014846358795909433
0.3273404255319149    0.0024564734134405646
0.3291489361702128    0.003984133546509564
0.33095744680851064    0.006332643836197544
0.33276595744680854    0.009861803149453181
0.3345744680851064    0.015042815557259583
0.3363829787234043    0.022468563225941703
0.3381914893617021    0.03285162430132883
0.34    0.047003031397930814
0.34180851063829787    0.06578467299509029
0.34361702127659577    0.09002984826837267
0.3454255319148936    0.12043040188418604
0.3472340425531915    0.157395359112532
0.34904255319148936    0.20089468015304196
0.35085106382978726    0.25031137241581125
0.3526595744680851    0.3043334526947744
0.354468085106383    0.3609210714302371
0.35627659574468085    0.41738030561384865
0.35808510638297875    0.4705614393689277
0.3598936170212766    0.5171759379851659
0.3617021276595745    0.5541960271167177
0.36351063829787233    0.5792706723015109
0.36531914893617023    0.5910713379124428
0.3671276595744681    0.5894799282210472
0.368936170212766    0.5755561184710907
0.3707446808510638    0.5512710678522734
0.3725531914893617    0.5190590204775696
0.37436170212765957    0.4812986336112408
0.37617021276595747    0.43986923430106195
0.3779787234042553    0.39591512547469054
0.3797872340425532    0.34988853288527744
0.38159574468085106    0.3018434265995974
0.38340425531914896    0.2518517102519665
0.3852127659574468    0.20035259877035244
0.3870212765957447    0.14825976921445289
0.38882978723404255    0.09674706782663833
0.39063829787234045    0.04678312569074505
0.3924468085106383    -0.0013732348234044983
0.3942553191489362    -0.04844281422317245
0.39606382978723403    -0.09595217326021305
0.39787234042553193    -0.1455933645068006
0.3996808510638298    -0.19833189766895715
0.4014893617021277    -0.2536540367722028
0.4032978723404255    -0.30935533663263226
0.4051063829787234    -0.3620778342258827
0.40691489361702127    -0.4084647888805353
0.40872340425531917    -0.4464699864108732
0.410531914893617    -0.47620974233525115
0.4123404255319149    -0.49989010482544105
0.41414893617021276    -0.5207498888299457
0.41595744680851066    -0.5414537254312991
0.4177659574468085    -0.5626950177316993
0.4195744680851064    -0.5827286402145871
0.42138297872340424    -0.5981255550133299
0.42319148936170214    -0.6054185386221119
0.425    -0.6028150118698706
0.4268085106382979    -0.5910761385909625
0.42861702127659573    -0.573077374462926
0.43042553191489363    -0.5522731907681727
0.4322340425531915    -0.530900424590724
0.4340425531914894    -0.5089119140268054
0.4358510638297872    -0.48422321252723377
0.4376595744680851    -0.4541016142083998
0.43946808510638297    -0.4168682318267807
0.44127659574468087    -0.3729183408546476
0.4430851063829787    -0.3244978041408203
0.4448936170212766    -0.2744387191848705
0.44670212765957445    -0.22467746980162356
0.44851063829787235    -0.17546598559610377
0.4503191489361702    -0.12569981017897497
0.4521276595744681    -0.0740572667913405
0.45393617021276594    -0.020157962363662643
0.45574468085106384    0.0349854973942626
0.4575531914893617    0.08940879643696821
0.4593617021276596    0.14110307807010464
0.46117021276595743    0.18870581927221425
0.46297872340425533    0.23154737116151058
0.46478723404255323    0.2691586437721073
0.4665957446808511    0.30073538934121125
0.468404255319149    0.32501657427815933
0.4702127659574468    0.3406392814901843
0.4720212765957447    0.34663549224467205
0.47382978723404257    0.34267336087646993
0.47563829787234047    0.32894908624023855
0.4774468085106383    0.30600646485138205
0.4792553191489362    0.27483500872143896
0.48106382978723405    0.23727861029907593
0.48287234042553195    0.19635789841615975
0.4846808510638298    0.1559984242591887
0.4864893617021277    0.12004388632176966
0.48829787234042554    0.09104574308283261
0.49010638297872344    0.0696245007022035
0.4919148936170213    0.0548614708190185
0.4937234042553192    0.04540833885125296
0.49553191489361703    0.04042384352876986
0.49734042553191493    0.039594868367467284
0.4991489361702128    0.042312635934115536
0.5009574468085106    0.0468825818041166
0.5027659574468085    0.05070725017157969
0.5045744680851064    0.051553353197263715
0.5063829787234043    0.04895774001799269
0.5081914893617021    0.04449777194261953
0.51    0.04045954460408839
0.5118085106382979    0.037804075378752924
0.5136170212765958    0.03509483460154346
0.5154255319148936    0.029445758230289637
0.5172340425531915    0.018943098395403007
0.5190425531914894    0.00467743715731558
0.5208510638297873    -0.009342966296101474
0.5226595744680851    -0.018536195005404182
0.524468085106383    -0.020687323884995466
0.5262765957446809    -0.01730765411978049
0.5280851063829788    -0.012458963184721072
0.5298936170212766    -0.01005164494175263
0.5317021276595745    -0.011695688522542755
0.5335106382978724    -0.016512386018530344
0.5353191489361703    -0.022572025504501828
0.5371276595744681    -0.028383673274074168
0.538936170212766    -0.033178107607570145
0.5407446808510639    -0.03617198907801934
0.5425531914893618    -0.03610529200484233
0.5443617021276596    -0.03199317689955372
0.5461702127659575    -0.024569062651163813
0.5479787234042554    -0.016817915533427957
0.5497872340425533    -0.012521896460582514
0.551595744680851    -0.013550587315553024
0.5534042553191489    -0.018068118575675883
0.5552127659574468    -0.021416957642401403
0.5570212765957447    -0.019324214189568832
0.5588297872340425    -0.01103783436038655
0.5606382978723404    0.00011453464221556839
0.5624468085106383    0.009228302645072116
0.5642553191489362    0.013395900692307302
0.566063829787234    0.013550553703769065
0.5678723404255319    0.01329442509068563
0.5696808510638298    0.01590733765683345
0.5714893617021277    0.02204558965132747
0.5732978723404255    0.029781668816705686
0.5751063829787234    0.036539353819772
0.5769148936170213    0.04104880231726789
0.5787234042553192    0.043795317866686015
0.580531914893617    0.04598995614962992
0.5823404255319149    0.0483066858441393
0.5841489361702128    0.05051180994420612
0.5859574468085107    0.05202942219628989
0.5877659574468085    0.052625758283660284
0.5895744680851064    0.05250826210273411
0.5913829787234043    0.05190067472246089
0.5931914893617022    0.050680323287170786
0.595    0.048472612505259347
0.5968085106382979    0.04503955556370548
0.5986170212765958    0.04053462182745708
0.6004255319148937    0.03543652619311245
0.6022340425531915    0.030332347679731406
0.6040425531914894    0.025759676759802994
0.6058510638297873    0.022087578707881958
0.6076595744680852    0.019326307549086333
0.609468085106383    0.016982340260423633
0.6112765957446809    0.014277999653624383
0.6130851063829788    0.010805740639725909
0.6148936170212767    0.007111418576061214
0.6167021276595744    0.004483620408611036
0.6185106382978723    0.0038404527062319647
0.6203191489361702    0.004606274987314933
0.6221276595744681    0.004781154560773255
0.6239361702127659    0.002458823714946592
0.6257446808510638    -0.0024145334871154187
0.6275531914893617    -0.007743706714688261
0.6293617021276596    -0.01096965558115673
0.6311702127659574    -0.01136409926058539
0.6329787234042553    -0.010811742931374187
0.6347872340425532    -0.012233958182305221
0.6365957446808511    -0.017004775492536102
0.6384042553191489    -0.023714791167751756
0.6402127659574468    -0.029417892581128216
0.6420212765957447    -0.03218623410343573
0.6438297872340426    -0.03262319486361571
0.6456382978723404    -0.03304805226326831
0.6474468085106383    -0.035276391341607614
0.6492553191489362    -0.0391195358950226
0.6510638297872341    -0.0428554302789988
0.6528723404255319    -0.044989616801792164
0.6546808510638298    -0.045556655919087134
0.6564893617021277    -0.045892525637239744
0.6582978723404256    -0.04733915126021095
0.6601063829787234    -0.05016477764997427
0.6619148936170213    -0.053503420855850144
0.6637234042553192    -0.05609649789629157
0.6655319148936171    -0.057123282341403896
0.6673404255319149    -0.05665257460972412
0.6691489361702128    -0.05564352452671532
0.6709574468085107    -0.05551443438411812
0.6727659574468086    -0.05731257566361705
0.6745744680851063    -0.06084176124551211
0.6763829787234042    -0.06449676414626634
0.6781914893617021    -0.0662961192135246
0.68    -0.06554020902267177
0.6818085106382978    -0.06361873960941589
0.6836170212765957    -0.06295295541849014
0.6854255319148936    -0.06479285370000079
0.6872340425531915    -0.06793395037413416
0.6890425531914893    -0.06976584108370851
0.6908510638297872    -0.06878853744708421
0.6926595744680851    -0.06610662673556172
0.694468085106383    -0.06429542765953317
0.6962765957446809    -0.06471207163614681
0.6980851063829787    -0.06602916527170197
0.6998936170212766    -0.06557942453452348
0.7017021276595745    -0.06214730395587989
0.7035106382978724    -0.05725789245981888
0.7053191489361702    -0.053569897274126074
0.7071276595744681    -0.05207506237789421
0.708936170212766    -0.05110243032916205
0.7107446808510639    -0.04818273340187379
0.7125531914893617    -0.042737498875827076
0.7143617021276596    -0.03669000741138276
0.7161702127659575    -0.032390478833590114
0.7179787234042554    -0.03016519638246508
0.7197872340425532    -0.028134274911061824
0.7215957446808511    -0.024382475699831978
0.723404255319149    -0.019004549680996963
0.7252127659574469    -0.013809320881848289
0.7270212765957447    -0.010164257515669434
0.7288297872340426    -0.007497528113820439
0.7306382978723405    -0.004095704881876008
0.7324468085106384    0.0008464075121699865
0.7342553191489362    0.006336908871098564
0.7360638297872341    0.01082037527580565
0.737872340425532    0.01399921770348049
0.7396808510638299    0.017089111976280637
0.7414893617021276    0.021268432882545776
0.7432978723404255    0.02621573339714884
0.7451063829787234    0.030474239370963892
0.7469148936170213    0.033175619061962806
0.7487234042553191    0.035047482572676626
0.750531914893617    0.037514571142289656
0.7523404255319149    0.040991838808215046
0.7541489361702128    0.044416965051657174
0.7559574468085106    0.046564887651351354
0.7577659574468085    0.047549836453007484
0.7595744680851064    0.04871176895693596
0.7613829787234043    0.05103837562375688
0.7631914893617021    0.05403186830401727
0.765    0.05637867422364002
0.7668085106382979    0.05759086486107807
0.7686170212765958    0.05860726673956047
0.7704255319148936    0.060605165242810795
0.7722340425531915    0.06346479752758327
0.7740425531914894    0.0657910228307716
0.7758510638297873    0.06653420186086825
0.7776595744680851    0.06628277007807576
0.779468085106383    0.06661926304774632
0.7812765957446809    0.06822223696226651
0.7830851063829788    0.06995084069364116
0.7848936170212766    0.07006872952725601
0.7867021276595745    0.06825458472477874
0.7885106382978724    0.06605162390057168
0.7903191489361703    0.0651550658351949
0.7921276595744681    0.0654489185050458
0.793936170212766    0.06506356159292481
0.7957446808510639    0.06246494816956749
0.7975531914893618    0.058260348860915856
0.7993617021276596    0.054673710880108764
0.8011702127659575    0.053224938598324875
0.8029787234042554    0.053144060266632334
0.8047872340425533    0.05223826273708998
0.806595744680851    0.049239311768029884
0.808404255319149    0.04508113517374189
0.8102127659574468    0.04178282045968808
0.8120212765957447    0.04021951179646184
0.8138297872340425    0.03919121737667801
0.8156382978723404    0.03671005696434733
0.8174468085106383    0.03204096285169386
0.8192553191489362    0.02632482944171842
0.821063829787234    0.021227808404345454
0.8228723404255319    0.017155514134022005
0.8246808510638298    0.012928961353762307
0.8264893617021277    0.007182842476101646
0.8282978723404255    -6.13522857901708e-05
0.8301063829787234    -0.007301920753295016
0.8319148936170213    -0.012995965352177754
0.8337234042553192    -0.01700469327877972
0.835531914893617    -0.020570351925864826
0.8373404255319149    -0.024907375758000377
0.8391489361702128    -0.02991180488046052
0.8409574468085107    -0.03432992867374604
0.8427659574468085    -0.03717590205397919
0.8445744680851064    -0.03886712144981112
0.8463829787234043    -0.04084020164252333
0.8481914893617022    -0.0440332337100383
0.85    -0.047866163349833055
0.8518085106382979    -0.050854271023740585
0.8536170212765958    -0.05221946777007824
0.8554255319148937    -0.05272386269842019
0.8572340425531915    -0.053755824870139565
0.8590425531914894    -0.055651635597918414
0.8608510638297873    -0.05717017555789353
0.8626595744680852    -0.05680777490172707
0.864468085106383    -0.05453088514126335
0.8662765957446809    -0.051922501385920625
0.8680851063829788    -0.05047011297609591
0.8698936170212767    -0.04988229167778148
0.8717021276595744    -0.0483898151873932
0.8735106382978723    -0.04476277883733411
0.8753191489361702    -0.03976181740395884
0.8771276595744681    -0.03532865899925887
0.8789361702127659    -0.032423811356616025
0.8807446808510638    -0.03002593307868829
0.8825531914893617    -0.02647507658847935
0.8843617021276596    -0.021572768059733134
0.8861702127659574    -0.016921258398794978
0.8879787234042553    -0.014057975051200378
0.8897872340425532    -0.012597690639057073
0.8915957446808511    -0.010641429946146853
0.8934042553191489    -0.007026160065070442
0.8952127659574468    -0.0027534736354630704
0.8970212765957447    0.00013922093683523548
0.8988297872340426    0.0009670252598785903
0.9006382978723404    0.0012214349279163544
0.9024468085106383    0.0028415509434178464
0.9042553191489362    0.005971338181028972
0.9060638297872341    0.008845822088409411
0.9078723404255319    0.009913848091019611
0.9096808510638298    0.009669589787088644
0.9114893617021277    0.01005964374323966
0.9132978723404256    0.012230803290446339
0.9151063829787234    0.015292153508494395
0.9169148936170213    0.017461354446896046
0.9187234042553192    0.01811459602057469
0.9205319148936171    0.018300380640896702
0.9223404255319149    0.019247169176404733
0.9241489361702128    0.020795570145720615
0.9259574468085107    0.021637945408607917
0.9277659574468086    0.02096009901905832
0.9295744680851065    0.019427414666739085
0.9313829787234043    0.0183760880017914
0.9331914893617022    0.01828481471888012
0.935    0.01837396616014817
0.936808510638298    0.017700667173568732
0.9386170212765957    0.016337973503357105
0.9404255319148936    0.015280553105511116
0.9422340425531915    0.015348582278583722
0.9440425531914894    0.016458807705022862
0.9458510638297872    0.017977000037358432
0.9476595744680851    0.01949604738137983
0.949468085106383    0.021047893959880732
0.9512765957446809    0.022677751208009325
0.9530851063829787    0.024119026645336033
0.9548936170212766    0.02500236038011171
0.9567021276595745    0.02521076226724869
0.9585106382978724    0.024852712211380985
0.9603191489361702    0.023969026717846304
0.9621276595744681    0.022492097890644238
0.963936170212766    0.02053602864150909
0.9657446808510639    0.018505169784339675
0.9675531914893617    0.01671320664303724
0.9693617021276596    0.014972202678807698
0.9711702127659575    0.012796806508854092
0.9729787234042554    0.010075497624089932
0.9747872340425532    0.0073284604455790825
0.9765957446808511    0.005105611454706732
0.978404255319149    0.003228674577264126
0.9802127659574469    0.0009017556067870101
0.9820212765957447    -0.0023529737931570188
0.9838297872340426    -0.006104052357809461
0.9856382978723405    -0.0095675536255675
0.9874468085106384    -0.012622795181605393
0.9892553191489362    -0.015929426384927618
0.9910638297872341    -0.019930047534165326
0.992872340425532    -0.024056486274041358
0.9946808510638299    -0.027306036140601776
0.9964893617021277    -0.029567943432166507
0.9982978723404256    -0.03195233610844753
1.0001063829787233    -0.03550951326544895
1.0019148936170212    -0.039816273358933105
1.0037234042553191    -0.043244839295145485
1.005531914893617    -0.04472356310272359
1.007340425531915    -0.04489578451524788
1.0091489361702128    -0.045248805667565395
1.0109574468085107    -0.046281659649951554
1.0127659574468086    -0.04698100956983474
1.0145744680851063    -0.04622049965012294
1.0163829787234042    -0.04425998725099453
1.0181914893617021    -0.04241102274352157
1.02    -0.041311381817462356
1.021808510638298    -0.04006472518574561
1.0236170212765958    -0.037397927291295416
1.0254255319148937    -0.0333717520713572
1.0272340425531916    -0.029434563748995543
1.0290425531914893    -0.026723797975787937
1.0308510638297872    -0.024778796466493738
1.032659574468085    -0.02230312169278631
1.034468085106383    -0.0189705324912103
1.036276595744681    -0.01592599254329878
1.0380851063829788    -0.014333830062525463
1.0398936170212767    -0.013862125909355302
1.0417021276595746    -0.013070055925836023
1.0435106382978723    -0.011188547824565971
1.0453191489361702    -0.00898525966411146
1.047127659574468    -0.007623720520484167
1.048936170212766    -0.007057212747822455
1.0507446808510639    -0.006090051058976014
1.0525531914893618    -0.004018930279567481
1.0543617021276597    -0.001657551982516642
1.0561702127659576    -0.0003365491044763167
1.0579787234042553    -0.00014274301590995057
1.0597872340425532    0.0002883538537153265
1.061595744680851    0.0020900492357414854
1.063404255319149    0.004706581459951654
1.0652127659574468    0.006510502774675869
1.0670212765957447    0.00670333554456651
1.0688297872340426    0.0061072373984955375
1.0706382978723405    0.005941197540634596
1.0724468085106382    0.006271035137384191
1.0742553191489361    0.006149216303931038
1.076063829787234    0.005155041962140121
1.077872340425532    0.004189051239837752
1.0796808510638298    0.004407595980377858
1.0814893617021277    0.005703636848906317
1.0832978723404256    0.006787165987395546
1.0851063829787235    0.006823264231654524
1.0869148936170212    0.006512526516345656
1.088723404255319    0.00719305773805757
1.090531914893617    0.0091108768969041
1.092340425531915    0.011088928328390063
1.0941489361702128    0.01201205373929689
1.0959574468085107    0.01220748319166572
1.0977659574468086    0.012969787619919387
1.0995744680851065    0.014895431122069112
1.1013829787234042    0.017190281923105198
1.103191489361702    0.018785958686955706
1.105    0.019744155428544685
1.1068085106382979    0.02112014602891244
1.1086170212765958    0.023526237871111536
1.1104255319148937    0.0263148124082849
1.1122340425531916    0.028419994542503713
1.1140425531914895    0.0296956585853327
1.1158510638297872    0.030986261429114453
1.117659574468085    0.03289544852825599
1.119468085106383    0.03492806583606041
1.1212765957446809    0.03612708683048822
1.1230851063829788    0.03631137491812164
1.1248936170212767    0.036247402629813755
1.1267021276595746    0.036544476147836416
1.1285106382978725    0.03676562551536117
1.1303191489361701    0.035939984206166134
1.132127659574468    0.03379901471922772
1.133936170212766    0.03112500175143157
1.1357446808510638    0.02878931671076955
1.1375531914893617    0.026749264004455008
1.1393617021276596    0.024254728470765048
1.1411702127659575    0.020898989281854623
1.1429787234042554    0.017111486563613852
1.1447872340425531    0.013534249767400013
1.146595744680851    0.010218797379634319
1.148404255319149    0.006725816912896927
1.1502127659574468    0.002912285704000645
1.1520212765957447    -0.0007264427625780991
1.1538297872340426    -0.0036235432965952114
1.1556382978723405    -0.005815651535917671
1.1574468085106384    -0.007804530843068079
1.1592553191489363    -0.009819549303866358
1.161063829787234    -0.011494068955160636
1.162872340425532    -0.012366379209892015
1.1646808510638298    -0.012491152198982216
1.1664893617021277    -0.012344028334264638
1.1682978723404256    -0.012202808458483675
1.1701063829787235    -0.01187452597750511
1.1719148936170214    -0.011096670054035704
1.1737234042553193    -0.009991881571036169
1.175531914893617    -0.008934204649794842
1.1773404255319149    -0.008066030653838879
1.1791489361702128    -0.007195037616454849
1.1809574468085107    -0.006211145425952693
1.1827659574468086    -0.005377573301254383
1.1845744680851065    -0.005026225009485555
1.1863829787234044    -0.0050766058818246754
1.1881914893617023    -0.005092972700751874
1.19    -0.0048305740027997975
1.1918085106382978    -0.004489159389380956
1.1936170212765957    -0.004291959833302867
1.1954255319148936    -0.004019153907160294
1.1972340425531915    -0.0032683433440166563
1.1990425531914894    -0.00217983359785481
1.2008510638297873    -0.001572948346246687
1.2026595744680852    -0.0021134254320989833
1.204468085106383    -0.0034821750342486934
1.2062765957446808    -0.004679348493197741
1.2080851063829787    -0.005200094279836158
1.2098936170212766    -0.005639517642859068
1.2117021276595745    -0.006948218295223485
1.2135106382978724    -0.009280650380470578
1.2153191489361703    -0.011900623587961014
1.2171276595744682    -0.01421026939709148
1.218936170212766    -0.016495405232339812
1.2207446808510638    -0.019407221482682507
1.2225531914893617    -0.022950196622182575
1.2243617021276596    -0.026426856745795507
1.2261702127659575    -0.029442491090881498
1.2279787234042554    -0.03253402142841523
1.2297872340425533    -0.03642718094618487
1.2315957446808512    -0.040834903323380786
1.2334042553191489    -0.04448313952607523
1.2352127659574468    -0.04651169208062876
1.2370212765957447    -0.0475126507365794
1.2388297872340426    -0.04880663509627235
1.2406382978723405    -0.050798474570014324
1.2424468085106384    -0.05248628329623099
1.2442553191489363    -0.052743314737020416
1.2460638297872342    -0.05170523908129279
1.2478723404255319    -0.050478083873026006
1.2496808510638298    -0.049602068664907656
1.2514893617021277    -0.04833499045172414
1.2532978723404256    -0.04570091564229016
1.2551063829787235    -0.04188142285187359
1.2569148936170214    -0.03807129505190425
1.2587234042553193    -0.034984179047995306
1.2605319148936172    -0.032006695789448564
1.2623404255319148    -0.028126137480604253
1.2641489361702127    -0.023371231379656875
1.2659574468085106    -0.01882221020649788
1.2677659574468085    -0.015192655148611948
1.2695744680851064    -0.011934094328585627
1.2713829787234043    -0.008113447303576916
1.2731914893617022    -0.0038837314446980905
1.2750000000000001    -0.0005007651749659257
1.2768085106382978    0.0012387060506686915
1.2786170212765957    0.002091411718419457
1.2804255319148936    0.0034761981633765053
1.2822340425531915    0.005679659974216418
1.2840425531914894    0.0074835678504880845
1.2858510638297873    0.0077307356037173095
1.2876595744680852    0.006824960989772833
1.289468085106383    0.006237513860353799
1.2912765957446808    0.0066770499378180186
1.2930851063829787    0.007289753883224944
1.2948936170212766    0.006873710697256756
1.2967021276595745    0.005465547741621068
1.2985106382978724    0.004234183788953957
1.3003191489361703    0.0038958411471732915
1.3021276595744682    0.003795283660165948
1.303936170212766    0.0028544422313914585
1.3057446808510638    0.0010827871891224104
1.3075531914893617    -0.0003816550995476436
1.3093617021276596    -0.0007503847492024037
1.3111702127659575    -0.0006118663524271031
1.3129787234042554    -0.001152216059528652
1.3147872340425533    -0.002606989206182548
1.3165957446808512    -0.003971355212018936
1.318404255319149    -0.004307499111040819
1.3202127659574467    -0.003896171339183731
1.3220212765957446    -0.00373621270630362
1.3238297872340425    -0.004105051788467707
1.3256382978723404    -0.004108943166247068
1.3274468085106383    -0.002808841190959372
1.3292553191489362    -0.0004322123569103068
1.3310638297872341    0.0018989874277655703
1.332872340425532    0.0035382039363259497
1.3346808510638297    0.005011067540534479
1.3364893617021276    0.007216420660261062
1.3382978723404255    0.010255497574094309
1.3401063829787234    0.013398333078278368
1.3419148936170213    0.016117530588115554
1.3437234042553192    0.01874277824906026
1.3455319148936171    0.021893986303214596
1.347340425531915    0.025526513162917118
1.3491489361702127    0.028901665337003467
1.3509574468085106    0.03150174391355981
1.3527659574468085    0.03363469053912267
1.3545744680851064    0.03591396111571572
1.3563829787234043    0.03831793969934712
1.3581914893617022    0.040089387837509816
1.36    0.040620495774589926
1.361808510638298    0.04018650283568777
1.3636170212765957    0.039609175862275844
1.3654255319148936    0.0393110082706284
1.3672340425531915    0.038945732223044136
1.3690425531914894    0.03798054342338758
1.3708510638297873    0.036391131010261715
1.3726595744680852    0.03458164143897986
1.374468085106383    0.03272941648381675
1.376276595744681    0.030497179016119924
1.3780851063829787    0.027517059969300386
1.3798936170212766    0.02400482374451856
1.3817021276595745    0.020687928807349522
1.3835106382978724    0.01811010705511768
1.3853191489361703    0.01614148111194174
1.3871276595744682    0.014230461393577316
1.388936170212766    0.012025468431193363
1.390744680851064    0.009632531438939163
1.3925531914893619    0.007328992658307495
1.3943617021276595    0.005225569465849476
1.3961702127659574    0.003313256024495396
1.3979787234042553    0.0017214593191364922
1.3997872340425532    0.0007161905307528035
1.4015957446808511    0.00036360286945315767
1.403404255319149    0.0003072114522653384
1.405212765957447    2.921270680082233e-05
1.4070212765957448    -0.000640359756094606
1.4088297872340425    -0.0013629329897339615
1.4106382978723404    -0.0017019752074750934
1.4124468085106383    -0.0016457837723426523
1.4142553191489362    -0.001621474152983278
1.416063829787234    -0.0019617823453533514
1.417872340425532    -0.0024447358804876402
1.41968085106383    -0.0024737263308054853
1.4214893617021278    -0.0017308903362020763
1.4232978723404255    -0.0005615961019630731
1.4251063829787234    0.00037539469016101886
1.4269148936170213    0.0008138380656601439
1.4287234042553192    0.0011283848264776427
1.430531914893617    0.0018255242574761034
1.432340425531915    0.002871715003482992
1.4341489361702129    0.0036692332198577553
1.4359574468085108    0.0037329122773017533
1.4377659574468085    0.003267297341396338
1.4395744680851064    0.0029347753801629234
1.4413829787234043    0.003069388013576534
1.4431914893617022    0.0032735363310186496
1.445    0.002883851883104604
1.446808510638298    0.0017376313310483458
1.4486170212765959    0.00031000016222991044
1.4504255319148938    -0.0009198968101995088
1.4522340425531914    -0.00205971890373881
1.4540425531914893    -0.0036146367188831657
1.4558510638297872    -0.005784085774413108
1.4576595744680851    -0.008156283528083827
1.459468085106383    -0.010183512839999402
1.461276595744681    -0.011817994165955154
1.4630851063829788    -0.013508213415712591
1.4648936170212767    -0.015603214646055154
1.4667021276595744    -0.017954320898706678
1.4685106382978723    -0.02018477527150152
1.4703191489361702    -0.022192984783681934
1.4721276595744681    -0.024194372399864047
1.473936170212766    -0.026303249680200893
1.475744680851064    -0.02830814897622912
1.4775531914893618    -0.02999007990003409
1.4793617021276597    -0.03151696805471371
1.4811702127659574    -0.03329353910533704
1.4829787234042553    -0.03540428014890673
1.4847872340425532    -0.037405425735500306
1.486595744680851    -0.03880119243924095
1.488404255319149    -0.03961713771670783
1.490212765957447    -0.04032811832889445
1.4920212765957448    -0.04124982022881954
1.4938297872340427    -0.04220515991931929
1.4956382978723404    -0.04286261145207766
1.4974468085106383    -0.043195548297556494
1.4992553191489362    -0.043372299198066
1.501063829787234    -0.04326561239542204
1.502872340425532    -0.042403738082310224
1.5046808510638299    -0.0405985557004339
1.5064893617021278    -0.038436814575535716
1.5082978723404257    -0.036829997931141736
1.5101063829787233    -0.036024452278845834
1.5119148936170212    -0.03529759315384072
1.5137234042553191    -0.03380124436878244
1.515531914893617    -0.03155499639452072
1.517340425531915    -0.029358682119449295
1.5191489361702128    -0.027758782206122747
1.5209574468085107    -0.02641186841720014
1.5227659574468086    -0.02464001960312663
1.5245744680851063    -0.022384550334019378
1.5263829787234042    -0.020250915561883923
1.5281914893617021    -0.01858737225652761
1.53    -0.016869271052474204
1.531808510638298    -0.014267262941966119
1.5336170212765958    -0.010680290743457648
1.5354255319148937    -0.006869971544796006
1.5372340425531916    -0.003522704496034616
1.5390425531914893    -0.0004890452489671251
1.5408510638297872    0.002816813350094142
1.542659574468085    0.006465333882291242
1.544468085106383    0.009862643752751891
1.546276595744681    0.012638312198380788
1.5480851063829788    0.01534015299778631
1.5498936170212767    0.018912701475130057
1.5517021276595746    0.023568529560536053
1.5535106382978723    0.02852354060807792
1.5553191489361702    0.03297111501302961
1.557127659574468    0.03705278454706159
1.558936170212766    0.04158855831081031
1.5607446808510639    0.04694274328605017
1.5625531914893618    0.052487877172282
1.5643617021276597    0.057298469430359024
1.5661702127659576    0.06111898844272017
1.5679787234042553    0.06439767666799406
1.5697872340425532    0.06748806426347131
1.571595744680851    0.07016263734454395
1.573404255319149    0.07201781666366922
1.5752127659574469    0.07307996858419652
1.5770212765957448    0.07372850272824502
1.5788297872340427    0.07410965808993
1.5806382978723406    0.07394755760990479
1.5824468085106382    0.07303227579420005
1.5842553191489361    0.07163205806500633
1.586063829787234    0.07016987901762181
1.587872340425532    0.06860786649051215
1.5896808510638298    0.06648156017666221
1.5914893617021277    0.06363046723878821
1.5932978723404256    0.060612509272708434
1.5951063829787235    0.05812481186884469
1.5969148936170212    0.05611922800184392
1.5987234042553191    0.05381705246340539
1.600531914893617    0.05068849400685986
1.602340425531915    0.04714430257778664
1.6041489361702128    0.04400238661151204
1.6059574468085107    0.04139100951377442
1.6077659574468086    0.03851584520691413
1.6095744680851065    0.034603366254890175
1.6113829787234042    0.029801646562887293
1.613191489361702    0.024902696300534786
1.615    0.020319042754058922
1.616808510638298    0.01569400312955809
1.6186170212765958    0.010608398566457341
1.6204255319148937    0.005344035350918555
1.6222340425531916    0.0006135913992581891
1.6240425531914895    -0.003392964195048693
1.6258510638297874    -0.007340231434339352
1.627659574468085    -0.011971968729340199
1.629468085106383    -0.017212900479034367
1.6312765957446809    -0.02227738891101882
1.6330851063829788    -0.026580059626378664
1.6348936170212767    -0.030246781870253748
1.6367021276595746    -0.03365540385632654
1.6385106382978725    -0.03675707565276329
1.6403191489361704    -0.039139103328446403
1.642127659574468    -0.04068761684663631
1.643936170212766    -0.041876929434745844
1.6457446808510638    -0.043273920519966855
1.6475531914893617    -0.04494986269349181
1.6493617021276596    -0.046583480065107416
1.6511702127659575    -0.048041945352953225
1.6529787234042554    -0.04958650257106595
1.6547872340425533    -0.05144813230304557
1.656595744680851    -0.05344900976796829
1.658404255319149    -0.05525250194250941
1.6602127659574468    -0.05686170226037471
1.6620212765957447    -0.058585661088321514
1.6638297872340426    -0.06047827038250492
1.6656382978723405    -0.06210085559105491
1.6674468085106384    -0.06307963123762239
1.6692553191489363    -0.06377176049111008
1.671063829787234    -0.06506137337906007
1.672872340425532    -0.06740654629649495
1.6746808510638298    -0.07031592071374418
1.6764893617021277    -0.07295850249507566
1.6782978723404256    -0.07514941127632618
1.6801063829787235    -0.07744323582568075
1.6819148936170214    -0.08022622140242894
1.6837234042553193    -0.08301288927558637
1.685531914893617    -0.08487443450009166
1.6873404255319149    -0.08542942311982524
1.6891489361702128    -0.08511088494668098
1.6909574468085107    -0.08442185020696494
1.6927659574468086    -0.08323112916225597
1.6945744680851065    -0.08104369578034495
1.6963829787234044    -0.07781118747728086
1.6981914893617023    -0.07412031149485149
1.7    -0.07048810018355817
1.7018085106382979    -0.06674846199277981
1.7036170212765958    -0.06239471790259557
1.7054255319148937    -0.0574157548392204
1.7072340425531916    -0.052463724931253175
1.7090425531914895    -0.048093537599401354
1.7108510638297874    -0.04409242143176145
1.7126595744680853    -0.03981960042459419
1.714468085106383    -0.035117907438270035
1.7162765957446808    -0.030573334493279203
1.7180851063829787    -0.02675275003807394
1.7198936170212766    -0.023409313531746676
1.7217021276595745    -0.019704046769683174
1.7235106382978724    -0.015182071360237678
1.7253191489361703    -0.010287717800553937
1.7271276595744682    -0.005814340808338009
1.728936170212766    -0.002011389520137118
1.7307446808510638    0.0015906903750544132
1.7325531914893617    0.005549722694352425
1.7343617021276596    0.00992463100357481
1.7361702127659575    0.014351314288782467
1.7379787234042554    0.018492697048726567
1.7397872340425533    0.02224252103785998
1.7415957446808512    0.025587415703095952
1.7434042553191489    0.028510915762577672
1.7452127659574468    0.031098157041351826
1.7470212765957447    0.033555721637328506
1.7488297872340426    0.0359700740506875
1.7506382978723405    0.03812401033208167
1.7524468085106384    0.039730119283844206
1.7542553191489363    0.040844763690499386
1.7560638297872342    0.04185398420693276
1.7578723404255319    0.042931442114882284
1.7596808510638298    0.0436475439555508
1.7614893617021277    0.043333001808733035
1.7632978723404256    0.041846138732073324
1.7651063829787235    0.039803876239241975
1.7669148936170214    0.03796351235813915
1.7687234042553193    0.03651447916777846
1.7705319148936172    0.035134284023609685
1.7723404255319148    0.03364022217637112
1.7741489361702127    0.032301307450767924
1.7759574468085106    0.03139767735265102
1.7777659574468085    0.030696744501341064
1.7795744680851064    0.02964906160105024
1.7813829787234043    0.028091183880737572
1.7831914893617022    0.026487627785915187
1.7850000000000001    0.025333324612097065
1.7868085106382978    0.0244992897242867
1.7886170212765957    0.023429048602635574
1.7904255319148936    0.021956286311033232
1.7922340425531915    0.02063828153608102
1.7940425531914894    0.020107959543872726
1.7958510638297873    0.02026502790333814
1.7976595744680852    0.020381226784432695
1.7994680851063831    0.020007263109536308
1.8012765957446808    0.019500606661629546
1.8030851063829787    0.019474171136048532
1.8048936170212766    0.019875984445011104
1.8067021276595745    0.019895586843697202
1.8085106382978724    0.018826399489393915
1.8103191489361703    0.01680504420965627
1.8121276595744682    0.014554365762296392
1.813936170212766    0.012543159597259382
1.8157446808510638    0.010635027184241416
1.8175531914893617    0.008544791403539875
1.8193617021276596    0.0063560376409691755
1.8211702127659575    0.004393731269732521
1.8229787234042554    0.00272624143863193
1.8247872340425533    0.0010775732993825267
1.8265957446808512    -0.0007052575427964882
1.828404255319149    -0.0023133376835349695
1.8302127659574468    -0.003287631735769005
1.8320212765957447    -0.0035880138755939595
1.8338297872340426    -0.003647219993608267
1.8356382978723405    -0.0038256188959160204
1.8374468085106384    -0.003986444062069628
1.8392553191489363    -0.0037350517528697653
1.8410638297872342    -0.002973658120476632
1.842872340425532    -0.0020364773347657274
1.8446808510638297    -0.0012738449013487787
1.8464893617021276    -0.0006745873651639958
1.8482978723404255    1.6266996813911602e-05
1.8501063829787234    0.0009502616319257187
1.8519148936170213    0.002125555026579946
1.8537234042553192    0.0036359653297492
1.8555319148936171    0.005735998063661757
1.857340425531915    0.008532576526069506
1.859148936170213    0.01174801877620728
1.8609574468085106    0.014993909203113323
1.8627659574468085    0.01828177235853643
1.8645744680851064    0.022075422076031928
1.8663829787234043    0.026728502480288727
1.8681914893617022    0.03198108682235876
1.87    0.03717251757666055
1.871808510638298    0.04193169427601367
1.873617021276596    0.04649811464688056
1.8754255319148936    0.05131072697348179
1.8772340425531915    0.05642775573236463
1.8790425531914894    0.061490433634074006
1.8808510638297873    0.06617183937275584
1.8826595744680852    0.07044117855410575
1.884468085106383    0.07432098906698362
1.886276595744681    0.07756552373372225
1.8880851063829789    0.07976892943397729
1.8898936170212766    0.0807483315773257
1.8917021276595745    0.08063292827203061
1.8935106382978724    0.07953532138034289
1.8953191489361703    0.07732717000260797
1.8971276595744682    0.0739130147192806
1.898936170212766    0.06963578970742554
1.900744680851064    0.06515906797991747
1.9025531914893619    0.06084599340199104
1.9043617021276595    0.05640221427618998
1.9061702127659574    0.05128745639092462
1.9079787234042553    0.045400268183133086
1.9097872340425532    0.03914313744038117
1.9115957446808511    0.0327733209153777
1.913404255319149    0.02591305635276967
1.915212765957447    0.017919534601369157
1.9170212765957448    0.008684649104154101
1.9188297872340425    -0.0011681920981801144
1.9206382978723404    -0.010976421384562816
1.9224468085106383    -0.020763806544566523
1.9242553191489362    -0.03109016853257578
1.9260638297872341    -0.042219048202732756
1.927872340425532    -0.05363182710944167
1.92968085106383    -0.06444497585679326
1.9314893617021278    -0.07417079336000731
1.9332978723404255    -0.08292856444912922
1.9351063829787234    -0.09099053950784264
1.9369148936170213    -0.09834194505934812
1.9387234042553192    -0.10476137109801414
1.940531914893617    -0.11015904764961598
1.942340425531915    -0.11463385503433732
1.944148936170213    -0.11821489766612919
1.9459574468085108    -0.12073577447334496
1.9477659574468085    -0.12206399547769245
1.9495744680851064    -0.12235132144333047
1.9513829787234043    -0.12191639124290227
1.9531914893617022    -0.12089605251973409
1.955    -0.1191420047513777
1.956808510638298    -0.11650253513698991
1.9586170212765959    -0.1130934878614587
1.9604255319148938    -0.10918529690013645
1.9622340425531914    -0.10487807891700851
1.9640425531914893    -0.10003770295695666
1.9658510638297872    -0.09460609834124231
1.9676595744680851    -0.08888063103981056
1.969468085106383    -0.08338516127286738
1.971276595744681    -0.07847386584362437
1.9730851063829788    -0.07411973301433486
1.9748936170212767    -0.07007558279111645
1.9767021276595744    -0.06616660703483776
1.9785106382978723    -0.062427392131137904
1.9803191489361702    -0.059076739306047385
1.9821276595744681    -0.05646237770365889
1.983936170212766    -0.054970086140262345
1.985744680851064    -0.054823656105227464
1.9875531914893618    -0.055900648597930536
1.9893617021276597    -0.05782374468615216
1.9911702127659574    -0.06031532875748283
1.9929787234042553    -0.06340549371725783
1.9947872340425532    -0.06717219120636313
1.996595744680851    -0.07128794381386401
1.998404255319149    -0.07499386518429772
2.0002127659574467    -0.07766001676072724
2.0020212765957446    -0.07932132638364374
2.0038297872340425    -0.08051457149651182
2.0056382978723404    -0.08155987058181323
2.0074468085106383    -0.08213084337008376
2.009255319148936    -0.08161760892580293
2.011063829787234    -0.0798010971329642
2.012872340425532    -0.07698235959988962
2.01468085106383    -0.07343719715055842
2.016489361702128    -0.06895484100624998
2.0182978723404257    -0.0631102069728554
2.0201063829787236    -0.055949408230526354
2.0219148936170215    -0.04819779422148639
2.0237234042553194    -0.040672388655037556
2.0255319148936173    -0.03356565720237267
2.0273404255319147    -0.02641850500537655
2.0291489361702126    -0.018751654429986796
2.0309574468085105    -0.01056089078041373
2.0327659574468084    -0.0021234680458094655
2.0345744680851063    0.006561849082086831
2.0363829787234042    0.01597758835697691
2.038191489361702    0.026707612724818402
2.04    0.038945728859756196
2.041808510638298    0.05241602241958268
2.043617021276596    0.06667909222131033
2.0454255319148937    0.08139259605380517
2.0472340425531916    0.09627049371129459
2.0490425531914895    0.11090972563100601
2.0508510638297874    0.12477166175391896
2.0526595744680853    0.13735245809600927
2.0544680851063832    0.1483417005878836
2.0562765957446807    0.1576216811745561
2.0580851063829786    0.1651589899090095
2.0598936170212765    0.17091872815109393
2.0617021276595744    0.17485193186547715
2.0635106382978723    0.17692275737192653
2.06531914893617    0.1771388455088201
2.067127659574468    0.17557196953651888
2.068936170212766    0.17235840740855546
2.070744680851064    0.1676766009851715
2.072553191489362    0.16172331967247322
2.0743617021276597    0.15470054775284642
2.0761702127659576    0.1467826328780687
2.0779787234042555    0.1380455666601903
2.0797872340425534    0.12843543665667506
2.0815957446808513    0.1178887590970395
2.083404255319149    0.10656235092256575
2.085212765957447    0.09492556223030282
2.0870212765957445    0.08352371955240709
2.0888297872340424    0.07258101252186316
2.0906382978723403    0.06187382275745951
2.0924468085106382    0.051077614903054847
2.094255319148936    0.040250148771060645
2.096063829787234    0.029897581385026198
2.097872340425532    0.02050492968694969
2.09968085106383    0.012041166794598983
2.1014893617021277    0.004023839308335955
2.1032978723404256    -0.0038794904646851647
2.1051063829787235    -0.011343264397843732
2.1069148936170214    -0.017513354136893863
2.1087234042553193    -0.021646422385429385
2.1105319148936172    -0.023632381918557727
2.112340425531915    -0.023956024136495186
2.114148936170213    -0.023246443315689414
2.1159574468085105    -0.021907112930576306
2.1177659574468084    -0.020126371433306377
2.1195744680851063    -0.018138071589366127
2.121382978723404    -0.016389631195715116
2.123191489361702    -0.015417816835531947
2.125    -0.01552791792119276
2.126808510638298    -0.016552663566187013
2.128617021276596    -0.017910774808902945
2.1304255319148937    -0.018945653920039388
2.1322340425531916    -0.01929031853373774
2.1340425531914895    -0.01898741607948032
2.1358510638297874    -0.018331631676421805
2.1376595744680853    -0.01765901055914888
2.139468085106383    -0.017289360287735946
2.141276595744681    -0.01755478524446422
2.143085106382979    -0.01868646636206914
2.1448936170212765    -0.02054002512307145
2.1467021276595744    -0.02247251940678684
2.1485106382978723    -0.02365590556906892
2.15031914893617    -0.023655966489913572
2.152127659574468    -0.022748517801026418
2.153936170212766    -0.02166962306310052
2.155744680851064    -0.02108388644641569
2.1575531914893618    -0.021309172696926473
2.1593617021276597    -0.022464832414103925
2.1611702127659576    -0.024704274378103932
2.1629787234042555    -0.028180408386388297
2.1647872340425534    -0.03282411252503473
2.1665957446808513    -0.03827125727665276
2.168404255319149    -0.0440310912534691
2.170212765957447    -0.04964393670910042
2.172021276595745    -0.054643242391219454
2.1738297872340424    -0.05849801988235488
2.1756382978723403    -0.060794361153969176
2.177446808510638    -0.061547166596978176
2.179255319148936    -0.06123484835789571
2.181063829787234    -0.06040506542451608
2.182872340425532    -0.0592294539602502
2.18468085106383    -0.05748197743428368
2.1864893617021277    -0.05491661240798154
2.1882978723404256    -0.051563009297795184
2.1901063829787235    -0.04762959560403418
2.1919148936170214    -0.04324381612189618
2.1937234042553193    -0.03843091398504865
2.195531914893617    -0.033334015332337485
2.197340425531915    -0.028298984884899535
2.199148936170213    -0.023626382143068198
2.200957446808511    -0.019272045736623084
2.2027659574468084    -0.014885739308471702
2.2045744680851063    -0.010170004806689281
2.206382978723404    -0.005173786511185358
2.208191489361702    -0.00026332053530328265
2.21    0.004106655405830872
2.211808510638298    0.0075866829402411315
2.2136170212765958    0.010054092941536263
2.2154255319148937    0.011717474951545643
2.2172340425531916    0.013093913619706622
2.2190425531914895    0.014693085347368812
2.2208510638297874    0.016559486793396524
2.2226595744680853    0.01813828484674492
2.224468085106383    0.018697561885908067
2.226276595744681    0.017915799271342545
2.228085106382979    0.016015687483037503
2.229893617021277    0.013356202184204413
2.2317021276595743    0.010037951972921347
2.233510638297872    0.0059912195790505565
2.23531914893617    0.0013284620529729263
2.237127659574468    -0.003593303197764488
2.238936170212766    -0.00848066840891075
2.240744680851064    -0.013277761744728639
2.2425531914893617    -0.017882652757397904
2.2443617021276596    -0.021806270698493262
2.2461702127659575    -0.024377942133392467
2.2479787234042554    -0.025401866280408084
2.2497872340425533    -0.025483377976379864
2.251595744680851    -0.025565120925596967
2.253404255319149    -0.026184429980734485
2.255212765957447    -0.027294848343302185
2.257021276595745    -0.028726632523726956
2.258829787234043    -0.030533241044418593
2.2606382978723403    -0.032713778627897386
2.262446808510638    -0.03476451273896608
2.264255319148936    -0.03583372253018445
2.266063829787234    -0.03545524571452201
2.267872340425532    -0.0340087500367212
2.2696808510638298    -0.03235363866354894
2.2714893617021277    -0.031113537164028107
2.2732978723404256    -0.030447850951915413
2.2751063829787235    -0.030380634874620047
2.2769148936170214    -0.030982453148380884
2.2787234042553193    -0.03202126772147647
2.280531914893617    -0.03263342966190011
2.282340425531915    -0.03172419871859938
2.284148936170213    -0.02887155068883438
2.285957446808511    -0.024732643718071108
2.2877659574468088    -0.020446669216110706
2.2895744680851062    -0.016697557783447198
2.291382978723404    -0.013436185459857548
2.293191489361702    -0.010377441439695118
2.295    -0.007493914028008787
2.296808510638298    -0.00493957021501072
2.2986170212765957    -0.0027053720358650255
2.3004255319148936    -0.0005787255084641909
2.3022340425531915    0.0016121122167038044
2.3040425531914894    0.0039431504543447436
2.3058510638297873    0.006627166610700199
2.3076595744680852    0.01005978202217946
2.309468085106383    0.014407406074107149
2.311276595744681    0.019217729937255505
2.313085106382979    0.02368350450301252
2.314893617021277    0.02738100307462573
2.3167021276595747    0.030614362902552025
2.3185106382978726    0.03395174379317578
2.32031914893617    0.03758183572161651
2.322127659574468    0.0413099272700653
2.323936170212766    0.0450668513427452
2.325744680851064    0.04905998951817633
2.3275531914893617    0.05324768523915825
2.3293617021276596    0.05691262171484163
2.3311702127659575    0.05914126834538545
2.3329787234042554    0.059816909969224855
2.3347872340425533    0.059912740165418116
2.336595744680851    0.06062985515118313
2.338404255319149    0.06233975825016794
2.340212765957447    0.06450974191090067
2.342021276595745    0.06654092543177223
2.343829787234043    0.06840281077674726
2.3456382978723407    0.07042343861729472
2.3474468085106386    0.0727977081454812
2.349255319148936    0.07559956422721545
2.351063829787234    0.07912262498899764
2.352872340425532    0.08374967619121776
2.3546808510638297    0.08925672312838012
2.3564893617021276    0.09447823953502951
2.3582978723404255    0.0980182375696054
2.3601063829787234    0.09936366022812329
2.3619148936170213    0.09913220740706163
2.3637234042553192    0.09819049706488653
2.365531914893617    0.09672893744004707
2.367340425531915    0.09431197103599634
2.369148936170213    0.09059822174003632
2.370957446808511    0.08567103477737456
2.3727659574468087    0.07967750315429853
2.3745744680851066    0.07254565582644393
2.3763829787234045    0.06436672102187688
2.378191489361702    0.055898301144713045
2.38    0.0482772780566762
2.381808510638298    0.042055652867336674
2.3836170212765957    0.036686373966665825
2.3854255319148936    0.031125061970857806
2.3872340425531915    0.024842478590491164
2.3890425531914894    0.018097129921230935
2.3908510638297873    0.01135520782308886
2.392659574468085    0.004799780010631586
2.394468085106383    -0.001463710927590592
2.396276595744681    -0.00702674792552123
2.398085106382979    -0.011392539231514284
2.399893617021277    -0.014600016744106537
2.4017021276595747    -0.01735851351543576
2.4035106382978726    -0.020415459537471533
2.4053191489361705    -0.023955289757927756
2.407127659574468    -0.027780704471425516
2.408936170212766    -0.03189349647283195
2.4107446808510637    -0.036515983734390106
2.4125531914893616    -0.0414581883284077
2.4143617021276595    -0.045823758208936555
2.4161702127659574    -0.04872864012138299
2.4179787234042553    -0.05030588941773728
2.4197872340425532    -0.05171890408978415
2.421595744680851    -0.05406539577306267
2.423404255319149    -0.057445757085953925
2.425212765957447    -0.061241436857369644
2.427021276595745    -0.06510605298704199
2.4288297872340427    -0.06935994192509375
2.4306382978723406    -0.07440354362435155
2.4324468085106385    -0.08008336592515851
2.4342553191489364    -0.0858808776960112
2.436063829787234    -0.09156213418972377
2.437872340425532    -0.09731390616426534
2.4396808510638297    -0.10320944990464061
2.4414893617021276    -0.10884932731677487
2.4432978723404255    -0.11375734987149654
2.4451063829787234    -0.11798551950691004
2.4469148936170213    -0.12203204399616739
2.448723404255319    -0.1261133906534208
2.450531914893617    -0.1297315038777867
2.452340425531915    -0.1320861402396813
2.454148936170213    -0.13277322976368922
2.455957446808511    -0.1319246461919703
2.4577659574468087    -0.12980458709482678
2.4595744680851066    -0.12659699950282005
2.4613829787234045    -0.12269624655696354
2.4631914893617024    -0.1189409307233879
2.465    -0.1162289714206306
2.4668085106382978    -0.11483812340699764
2.4686170212765957    -0.1142620816246539
2.4704255319148936    -0.113746557206301
2.4722340425531915    -0.11285050866890173
2.4740425531914894    -0.11144191974307427
2.4758510638297873    -0.10936329039744608
2.477659574468085    -0.10635138163030033
2.479468085106383    -0.10224460278150532
2.481276595744681    -0.09700071280306263
2.483085106382979    -0.09040430861503065
2.4848936170212768    -0.08199331587920877
2.4867021276595747    -0.07156332924615752
2.4885106382978726    -0.059720932926309395
2.4903191489361705    -0.047654122674388566
2.4921276595744684    -0.036182177530453496
2.493936170212766    -0.025130844883030426
2.4957446808510637    -0.013770961106350281
2.4975531914893616    -0.0017767819361949096
2.4993617021276595    0.010424143686460042
2.5011702127659574    0.02217427936706821
2.5029787234042553    0.0331445685624812
2.504787234042553    0.04322900536184171
2.506595744680851    0.05215579030605795
2.508404255319149    0.059607407096473955
2.510212765957447    0.06579158046909699
2.512021276595745    0.07156547063177145
2.5138297872340427    0.07768754279557093
2.5156382978723406    0.08397677343248518
2.5174468085106385    0.0894092622308212
2.5192553191489364    0.09306416965990132
2.5210638297872343    0.09482083637186474
2.5228723404255318    0.09513306549561702
2.5246808510638297    0.09441788429128851
2.5264893617021276    0.09292714338014722
2.5282978723404255    0.09107708155349013
2.5301063829787234    0.08948128155616512
2.5319148936170213    0.08843212059673804
2.533723404255319    0.08751964265865321
2.535531914893617    0.08601196670193047
2.537340425531915    0.08358077480470032
2.539148936170213    0.080441039168421
2.5409574468085108    0.07677653197638333
2.5427659574468087    0.07233240307531828
2.5445744680851066    0.0668206331955206
2.5463829787234045    0.06060392260490759
2.5481914893617024    0.05466434057660438
2.5500000000000003    0.04979898135793667
2.551808510638298    0.04602530119751409
2.5536170212765956    0.04288240903950308
2.5554255319148935    0.04011886484633655
2.5572340425531914    0.03783836749764989
2.5590425531914893    0.03606075828468054
2.560851063829787    0.03451005516029952
2.562659574468085    0.033021528308012194
2.564468085106383    0.03192078259884236
2.566276595744681    0.03165817467632778
2.568085106382979    0.03206123523954628
2.5698936170212767    0.032245449176454666
2.5717021276595746    0.03143610611606837
2.5735106382978725    0.029716626721102084
2.5753191489361704    0.027760806766459964
2.5771276595744683    0.025925942662007477
2.578936170212766    0.023897817550741378
2.580744680851064    0.0212872681403891
2.5825531914893616    0.018293878974752376
2.5843617021276595    0.015537481595885867
2.5861702127659574    0.0133698830554601
2.5879787234042553    0.011673656902006002
2.589787234042553    0.01037493041370002
2.591595744680851    0.009809204795002694
2.593404255319149    0.010278761302390884
2.595212765957447    0.011357330272253066
2.5970212765957448    0.011973888933976863
2.5988297872340427    0.01130743521122661
2.6006382978723406    0.009410801638817749
2.6024468085106385    0.006814896853663491
2.6042553191489364    0.0037072544066986592
2.6060638297872343    -0.0002046807698083612
2.607872340425532    -0.005026548030572869
2.60968085106383    -0.010192897170627433
2.6114893617021275    -0.014866900613128302
2.6132978723404254    -0.018700143277962544
2.6151063829787233    -0.021976981150147755
2.6169148936170212    -0.0250545307712823
2.618723404255319    -0.027931759711120933
2.620531914893617    -0.03047235970886366
2.622340425531915    -0.03279902850085815
2.624148936170213    -0.0351614566441712
2.6259574468085107    -0.03743921042531117
2.6277659574468086    -0.03907705972276428
2.6295744680851065    -0.03969397578919286
2.6313829787234044    -0.039627541246798674
2.6331914893617023    -0.039682217399580784
2.6350000000000002    -0.04037188180052021
2.636808510638298    -0.04158032090761942
2.638617021276596    -0.04294952119547724
2.6404255319148935    -0.04432793833459204
2.6422340425531914    -0.04563243683052782
2.6440425531914893    -0.046426914948729435
2.645851063829787    -0.04601682864459484
2.647659574468085    -0.0441656472623447
2.649468085106383    -0.04159536984917172
2.651276595744681    -0.03955074903540847
2.653085106382979    -0.03878098136016008
2.6548936170212767    -0.038966741405168655
2.6567021276595746    -0.039095625442958616
2.6585106382978725    -0.03828683246083509
2.6603191489361704    -0.036268246866948774
2.6621276595744683    -0.03326765489110204
2.663936170212766    -0.02965395153048913
2.665744680851064    -0.02567174474798184
2.667553191489362    -0.021340637862747286
2.6693617021276594    -0.016509501790126647
2.6711702127659573    -0.011092641646707702
2.6729787234042552    -0.005360184047985651
2.674787234042553    5.1012335651864395e-05
2.676595744680851    0.004561024895887042
2.678404255319149    0.008146813270671379
2.680212765957447    0.011360272730575082
2.6820212765957447    0.014787516046200168
2.6838297872340426    0.018506327596012416
2.6856382978723405    0.022093465263994506
2.6874468085106384    0.02509678814295907
2.6892553191489363    0.027420295147397085
2.6910638297872342    0.029293086979278155
2.692872340425532    0.031008496274380078
2.69468085106383    0.03275390288017566
2.696489361702128    0.034578710404240216
2.6982978723404254    0.03638029453595403
2.7001063829787233    0.037924039819910875
2.701914893617021    0.03899429248146529
2.703723404255319    0.03956753407897819
2.705531914893617    0.03975612243843359
2.707340425531915    0.03954806233209859
2.709148936170213    0.03873435081804514
2.7109574468085107    0.03724255582367914
2.7127659574468086    0.03548144414464894
2.7145744680851065    0.03411883570053829
2.7163829787234044    0.033389420074598865
2.7181914893617023    0.03275633261295006
2.72    0.03146256721249067
2.721808510638298    0.02941847672473017
2.723617021276596    0.02736696149909143
2.725425531914894    0.0260941590746476
2.7272340425531914    0.025615821325567306
2.7290425531914893    0.02527229278601395
2.730851063829787    0.02450852996738618
2.732659574468085    0.02331905980022133
2.734468085106383    0.021902435556201236
2.736276595744681    0.020154754409321962
2.7380851063829788    0.017755022214231204
2.7398936170212767    0.014673317953016074
2.7417021276595746    0.011325050298537004
2.7435106382978725    0.00814044484050139
2.7453191489361704    0.005174854857498027
2.7471276595744683    0.002292384434912145
2.748936170212766    -0.0004269979290212084
2.750744680851064    -0.0027464578263958284
2.752553191489362    -0.0047511673002141866
2.75436170212766    -0.006972775922676803
2.7561702127659573    -0.009802739098335764
2.757978723404255    -0.012885833372415174
2.759787234042553    -0.015355851172271485
2.761595744680851    -0.016725526808977806
2.763404255319149    -0.0173646164745883
2.765212765957447    -0.018014765234647435
2.7670212765957447    -0.01901624800382306
2.7688297872340426    -0.020197104631825565
2.7706382978723405    -0.021371701938758293
2.7724468085106384    -0.02256906057077771
2.7742553191489363    -0.02363015317202271
2.776063829787234    -0.023892839594489144
2.777872340425532    -0.02270001274893972
2.77968085106383    -0.020299572696756377
2.781489361702128    -0.017974382249697968
2.783297872340426    -0.017059433327853327
2.7851063829787237    -0.01787384595024298
2.786914893617021    -0.019717792440519737
2.788723404255319    -0.021795113441274286
2.790531914893617    -0.023900975152074795
2.792340425531915    -0.02620780291541245
2.7941489361702128    -0.02869700459750065
2.7959574468085107    -0.03108091391206627
2.7977659574468086    -0.03319703385190981
2.7995744680851065    -0.03517123167803633
2.8013829787234044    -0.037074061966303126
2.8031914893617023    -0.03860856112790974
2.805    -0.03934018540986553
2.806808510638298    -0.039176546439231644
2.808617021276596    -0.03843162093408825
2.810425531914894    -0.03741245207885123
2.8122340425531918    -0.036146837874060825
2.8140425531914897    -0.03462356001422304
2.815851063829787    -0.0331121520489988
2.817659574468085    -0.03197204874599703
2.819468085106383    -0.031123208126347834
2.821276595744681    -0.029942394494239667
2.8230851063829787    -0.027866464680153816
2.8248936170212766    -0.025025389013201962
2.8267021276595745    -0.022103961775830634
2.8285106382978724    -0.019560201579541983
2.8303191489361703    -0.01712445123574432
2.832127659574468    -0.014159104158819526
2.833936170212766    -0.010439043507352943
2.835744680851064    -0.006472600100789039
2.837553191489362    -0.003056379868737231
2.83936170212766    -0.0005618633182603913
2.8411702127659577    0.0013828570148589976
2.8429787234042556    0.0036057988801477038
2.844787234042553    0.006766613275777156
2.846595744680851    0.010837364228172462
2.848404255319149    0.015063782557167324
2.8502127659574468    0.018512785145831212
2.8520212765957447    0.02084014695781635
2.8538297872340426    0.022578643352966887
2.8556382978723405    0.02457261219415654
2.8574468085106384    0.027063839719963026
2.8592553191489363    0.02941530253215876
2.861063829787234    0.030822711048645465
2.862872340425532    0.031221739952974864
2.86468085106383    0.031337853186332115
2.866489361702128    0.03184342771970897
2.8682978723404258    0.032654059290026446
2.8701063829787237    0.03317289300848569
2.8719148936170216    0.033086747417478066
2.873723404255319    0.03269412654331111
2.875531914893617    0.03245063756680722
2.877340425531915    0.03243119336959052
2.8791489361702127    0.032388521236363085
2.8809574468085106    0.0321855593703632
2.8827659574468085    0.03192141959665318
2.8845744680851064    0.03163576301630204
2.8863829787234043    0.03113801011354045
2.8881914893617022    0.03026773642093593
2.89    0.029160419921332677
2.891808510638298    0.028036725922833274
2.893617021276596    0.02678498381409499
2.895425531914894    0.025013314947429845
2.8972340425531917    0.022601299336257902
2.8990425531914896    0.019969612507296536
2.9008510638297875    0.017572720988794407
2.902659574468085    0.015230582337745505
2.904468085106383    0.012280877896322158
2.906276595744681    0.00850100335010234
2.9080851063829787    0.004642165622411742
2.9098936170212766    0.001798842998564201
2.9117021276595745    0.00030035115784798547
2.9135106382978724    -0.0005609996742679772
2.9153191489361703    -0.0017011328150297583
2.917127659574468    -0.0033850102685285214
2.918936170212766    -0.005293927943807807
2.920744680851064    -0.007183427965322937
2.922553191489362    -0.009136403799792197
2.92436170212766    -0.011194987924640182
2.9261702127659577    -0.01312483209979942
2.9279787234042556    -0.01479885112636333
2.9297872340425535    -0.016632487075345724
2.931595744680851    -0.01928422126075985
2.933404255319149    -0.022852365874664132
2.9352127659574467    -0.026608187655264078
2.9370212765957446    -0.02969044156826279
2.9388297872340425    -0.03193832572309935
2.9406382978723404    -0.03387082712834766
2.9424468085106383    -0.03595153131607083
2.9442553191489362    -0.03814032800647825
2.946063829787234    -0.04019362744220874
2.947872340425532    -0.04209507418601971
2.94968085106383    -0.04393334749204769
2.951489361702128    -0.04549683848032496
2.9532978723404257    -0.046340180074011056
2.9551063829787236    -0.04634525251885503
2.9569148936170215    -0.04595559476313647
2.9587234042553194    -0.04563350861700677
2.960531914893617    -0.04521806778114369
2.962340425531915    -0.044107043856703346
2.9641489361702127    -0.04210044722263169
2.9659574468085106    -0.03980127662039952
2.9677659574468085    -0.03801442070946487
2.9695744680851064    -0.036904779711166055
2.9713829787234043    -0.03596779937544804
2.973191489361702    -0.034755239957592915
2.975    -0.03334257064076615
2.976808510638298    -0.03199995650244142
2.978617021276596    -0.030673932468250772
2.980425531914894    -0.02906112300908402
2.9822340425531917    -0.027097275824490556
2.9840425531914896    -0.025066020230195225
2.9858510638297875    -0.023151734192555617
2.9876595744680854    -0.021142402281598305
2.989468085106383    -0.018769846356271797
2.9912765957446807    -0.01617101974280022
2.9930851063829786    -0.013709751092502973
2.9948936170212765    -0.011358568480027208
2.9967021276595744    -0.008598551103104233
2.9985106382978723    -0.0051282290447633525
3.0003191489361702    -0.0014375010842763844
3.002127659574468    0.0016734240998901547
3.003936170212766    0.004130958846811233
3.005744680851064    0.006789266593501221
3.007553191489362    0.010389824760311172
3.0093617021276597    0.014527499214011008
3.0111702127659576    0.017961738339800665
3.0129787234042555    0.019940273753615886
3.0147872340425534    0.0209389560266458
3.0165957446808513    0.021997985926484574
3.0184042553191492    0.02357709005413907
3.0202127659574467    0.02529049714800962
3.0220212765957446    0.026603360543231806
3.0238297872340425    0.027418584770951715
3.0256382978723404    0.027909707837282006
3.0274468085106383    0.028122314574007545
3.029255319148936    0.02804381624777308
3.031063829787234    0.027925949408836782
3.032872340425532    0.028160537470793674
3.03468085106383    0.028737906488995747
3.036489361702128    0.0291168916707849
3.0382978723404257    0.028880364155246488
3.0401063829787236    0.028388840262571838
3.0419148936170215    0.028487005050790534
3.0437234042553194    0.0295297158366135
3.0455319148936173    0.03095238216085415
3.047340425531915    0.031945295274732374
3.0491489361702127    0.03235658043417136
3.0509574468085106    0.03268327296350733
3.0527659574468085    0.03325454266806367
3.0545744680851064    0.03374926038478712
3.0563829787234043    0.03364712233744721
3.058191489361702    0.03291981369327794
3.06    0.03202110496906345
3.061808510638298    0.031277342680342116
3.063617021276596    0.030571944956132517
3.0654255319148938    0.029692217046684954
3.0672340425531917    0.028727514532511482
3.0690425531914896    0.027911090022033187
3.0708510638297875    0.027199999690782434
3.0726595744680854    0.026292610024052858
3.0744680851063833    0.02509366015476138
3.076276595744681    0.023916826107308532
3.0780851063829786    0.02307217188168454
3.0798936170212765    0.022406442330414403
3.0817021276595744    0.021471156248551698
3.0835106382978723    0.020099740412290047
3.08531914893617    0.01858077248926831
3.087127659574468    0.017197434209084102
3.088936170212766    0.01581565996312853
3.090744680851064    0.014110693522572704
3.092553191489362    0.012069938437572751
3.0943617021276597    0.010013951584386206
3.0961702127659576    0.00812388781608435
3.0979787234042555    0.006226598205062163
3.0997872340425534    0.0041970650450680585
3.1015957446808513    0.0023528425881770417
3.103404255319149    0.0011447304742780522
3.105212765957447    0.00048779693663183717
3.1070212765957446    -0.00028019424068914775
3.1088297872340425    -0.0016225591148395365
3.1106382978723404    -0.0032146948064934464
3.1124468085106383    -0.004401584024133426
3.114255319148936    -0.0051554777868384645
3.116063829787234    -0.0062395467566227596
3.117872340425532    -0.008296828850306241
3.11968085106383    -0.011033760142181014
3.1214893617021278    -0.013573280261873502
3.1232978723404257    -0.015522073089737243
3.1251063829787236    -0.017395097203698764
3.1269148936170215    -0.01994495974818955
3.1287234042553194    -0.02335768145783327
3.1305319148936173    -0.027291300549291048
3.132340425531915    -0.031467500134228964
3.134148936170213    -0.0358412944927922
3.1359574468085105    -0.04017211385332887
3.1377659574468084    -0.0438199783423781
3.1395744680851063    -0.046273846038534204
3.141382978723404    -0.04776010236182867
3.143191489361702    -0.04902682137148832
3.145    -0.050491592562388034
3.146808510638298    -0.0518347189162705
3.148617021276596    -0.052520810473495695
3.1504255319148937    -0.05247915526551438
3.1522340425531916    -0.05203654722576883
3.1540425531914895    -0.051325809689202036
3.1558510638297874    -0.050122881422455266
3.1576595744680853    -0.04835038239889216
3.159468085106383    -0.046421614772375545
3.161276595744681    -0.0448000095931167
3.163085106382979    -0.043349959457917246
3.1648936170212765    -0.041464920887429764
3.1667021276595744    -0.038894496001315164
3.1685106382978723    -0.03614943793754256
3.17031914893617    -0.033891863947725524
3.172127659574468    -0.03213079553129302
3.173936170212766    -0.030327840850826564
3.175744680851064    -0.028225562774563832
3.1775531914893618    -0.026169341649723697
3.1793617021276597    -0.02442715871032168
3.1811702127659576    -0.02251237192893494
3.1829787234042555    -0.019608710392318762
3.1847872340425534    -0.015654988948956443
3.1865957446808513    -0.011606534329960384
3.188404255319149    -0.008390259579787389
3.190212765957447    -0.005828907839166118
3.192021276595745    -0.002922307720138408
3.1938297872340424    0.0008684711277452467
3.1956382978723403    0.004969849230761007
3.1974468085106382    0.008442826485245306
3.199255319148936    0.011080339543683412
3.201063829787234    0.013462102124117858
3.202872340425532    0.016045479966631807
3.20468085106383    0.01858952003572632
3.2064893617021277    0.020604222623229963
3.2082978723404256    0.022075887102172443
3.2101063829787235    0.023451447366983288
3.2119148936170214    0.02499962672289179
3.2137234042553193    0.026504658766783065
3.2155319148936172    0.027670075227329945
3.217340425531915    0.02857184378217113
3.219148936170213    0.029509050530974797
3.220957446808511    0.030539325081221976
3.2227659574468084    0.031415812745046526
3.2245744680851063    0.031978220390149165
3.226382978723404    0.03235765044928268
3.228191489361702    0.032680245178832876
3.23    0.03276180725463042
3.231808510638298    0.03231288748207978
3.233617021276596    0.03137107853056481
3.2354255319148937    0.030287591414662238
3.2372340425531916    0.029255720983429385
3.2390425531914895    0.02809840416012086
3.2408510638297874    0.026678594428180186
3.2426595744680853    0.025320316886097413
3.244468085106383    0.024509385315247857
3.246276595744681    0.024176702115339392
3.248085106382979    0.023599890221716255
3.249893617021277    0.022225573024615468
3.251702127659575    0.02041509510425346
3.2535106382978722    0.01907950368924813
3.25531914893617    0.018575493142213143
3.257127659574468    0.01824159177616933
3.258936170212766    0.017172637981701745
3.260744680851064    0.015256755066971259
3.2625531914893617    0.013201415996868988
3.2643617021276596    0.011609588066581439
3.2661702127659575    0.010335488644564593
3.2679787234042554    0.008862867016721468
3.2697872340425533    0.00707415423600961
3.2715957446808512    0.005373908551272373
3.273404255319149    0.004105685739285001
3.275212765957447    0.0031169745070719467
3.277021276595745    0.001996513163491794
3.278829787234043    0.0005544077294769049
3.2806382978723407    -0.0010947348365283717
3.282446808510638    -0.002802302243294189
3.284255319148936    -0.0045041665831008606
3.286063829787234    -0.006070727308835718
3.287872340425532    -0.007288237564865216
3.28968085106383    -0.008147023535153532
3.2914893617021277    -0.009005748387396265
3.2932978723404256    -0.010235510753830654
3.2951063829787235    -0.011693410728213918
3.2969148936170214    -0.01275059745048365
3.2987234042553193    -0.012953864532154413
3.300531914893617    -0.0125485262076429
3.302340425531915    -0.012221524332703768
3.304148936170213    -0.01240133235690628
3.305957446808511    -0.012969144547742065
3.307765957446809    -0.013630618731459657
3.3095744680851067    -0.014345203585603511
3.311382978723404    -0.015257696239734983
3.313191489361702    -0.01635289452710289
3.315    -0.017405582386406042
3.316808510638298    -0.018281276540808987
3.3186170212765957    -0.019097828330840616
3.3204255319148936    -0.019998991865234836
3.3222340425531915    -0.020909824723060043
3.3240425531914894    -0.02167251063537614
3.3258510638297873    -0.022355577353528694
3.3276595744680852    -0.023231648841761363
3.329468085106383    -0.024414034831560467
3.331276595744681    -0.02569281213137893
3.333085106382979    -0.026849502779182695
3.334893617021277    -0.027998883891949156
3.3367021276595747    -0.029408150239197274
3.3385106382978726    -0.03099668337964892
3.34031914893617    -0.03225687326470825
3.342127659574468    -0.0328166286197767
3.343936170212766    -0.03294837696469721
3.345744680851064    -0.033315342390611374
3.3475531914893617    -0.034223207848334755
3.3493617021276596    -0.03530659774749707
3.3511702127659575    -0.03601572346007691
3.3529787234042554    -0.036238243358861166
3.3547872340425533    -0.036274611176998706
3.356595744680851    -0.0362878673212388
3.358404255319149    -0.036008515683939674
3.360212765957447    -0.03504393535055768
3.362021276595745    -0.03330617582986134
3.363829787234043    -0.030995758876427665
3.3656382978723407    -0.028267261817511206
3.3674468085106386    -0.02510635607294817
3.369255319148936    -0.02153968241282985
3.371063829787234    -0.017772918224664522
3.372872340425532    -0.014006862092375796
3.3746808510638298    -0.010225580887274214
3.3764893617021277    -0.00630628634468814
3.3782978723404256    -0.002277815768142984
3.3801063829787235    0.0017102965614780139
3.3819148936170214    0.0056977350723793636
3.3837234042553193    0.010000428280728004
3.385531914893617    0.014839345409028657
3.387340425531915    0.019970320356584463
3.389148936170213    0.024855697773934086
3.390957446808511    0.029191144285807734
3.3927659574468088    0.03308670567903961
3.3945744680851067    0.03668180826399081
3.3963829787234046    0.03979552828342378
3.398191489361702    0.04217356416590064
3.4    0.044002451427150494
3.401808510638298    0.0458990349587266
3.4036170212765957    0.04827225670030773
3.4054255319148936    0.050861191823072596
3.4072340425531915    0.053069320862782376
3.4090425531914894    0.05464838923598872
3.4108510638297873    0.055822503911219054
3.412659574468085    0.05674827453458041
3.414468085106383    0.05714460460756014
3.416276595744681    0.05665618077544628
3.418085106382979    0.05541895550986249
3.419893617021277    0.053958662280092856
3.4217021276595747    0.05249454753105834
3.4235106382978726    0.05061370169219502
3.4253191489361705    0.047821215193699654
3.427127659574468    0.044258207054550316
3.428936170212766    0.04061304056016045
3.4307446808510638    0.03733334917883448
3.4325531914893617    0.034189915109453045
3.4343617021276596    0.030743341564058724
3.4361702127659575    0.027025693913687664
3.4379787234042554    0.023490918111620046
3.4397872340425533    0.020338448084053287
3.441595744680851    0.01718354323794173
3.443404255319149    0.01354125166663989
3.445212765957447    0.009457933002979622
3.447021276595745    0.005449317750670748
3.4488297872340428    0.0018767815649923343
3.4506382978723407    -0.0013854987489722887
3.4524468085106386    -0.004630727598759497
3.4542553191489365    -0.00790318263806802
3.456063829787234    -0.011074488100160394
3.457872340425532    -0.01419775267086796
3.4596808510638297    -0.01752699856148262
3.4614893617021276    -0.021155622986536858
3.4632978723404255    -0.024845723501660623
3.4651063829787234    -0.028328506474378776
3.4669148936170213    -0.03160792299372239
3.468723404255319    -0.034771878548065155
3.470531914893617    -0.03759798647353657
3.472340425531915    -0.039642790883645904
3.474148936170213    -0.0408282402823045
3.475957446808511    -0.041713653175806956
3.4777659574468087    -0.04293899042127734
3.4795744680851066    -0.04445818057994248
3.4813829787234045    -0.045578698248540175
3.4831914893617024    -0.045830184233597956
3.4850000000000003    -0.04557851479178171
3.4868085106382978    -0.04559609682285999
3.4886170212765957    -0.04613914615653163
3.4904255319148936    -0.04669073145363489
3.4922340425531915    -0.046621201054687395
3.4940425531914894    -0.04585080807535266
3.4958510638297873    -0.04471403856535634
3.497659574468085    -0.043363259457505146
3.499468085106383    -0.04160364070799588
3.501276595744681    -0.03933025549100924
3.503085106382979    -0.03684852126866742
3.5048936170212768    -0.0345602919675623
3.5067021276595747    -0.03244217118365374
3.5085106382978726    -0.03005403443820058
3.5103191489361705    -0.02707524988783528
3.5121276595744684    -0.023650131451196252
3.5139361702127663    -0.020120539870256166
3.5157446808510637    -0.01656237828425946
3.5175531914893616    -0.012745939620965128
3.5193617021276595    -0.008502191734440764
3.5211702127659574    -0.003958243332273374
3.5229787234042553    0.0006164905493121326
3.5247872340425532    0.005048816058245965
3.526595744680851    0.009263588613213964
3.528404255319149    0.013172536742178437
3.530212765957447    0.0167193074400743
3.532021276595745    0.01999616254387502
3.5338297872340427    0.023141522692850226
3.5356382978723406    0.02607867801434595
3.5374468085106385    0.028518505960678987
3.5392553191489364    0.030351587692080073
3.5410638297872343    0.03193389916909978
3.5428723404255322    0.033783718209557945
3.5446808510638297    0.0359803716949576
3.5464893617021276    0.038042355183119186
3.5482978723404255    0.03949092420124113
3.5501063829787234    0.04037901490645357
3.5519148936170213    0.04107916351295032
3.553723404255319    0.0416246001013172
3.555531914893617    0.04152618831048306
3.557340425531915    0.04034599753616751
3.559148936170213    0.038257911974193995
3.560957446808511    0.03582881202950956
3.5627659574468087    0.0333224516977369
3.5645744680851066    0.03047896973078816
3.5663829787234045    0.027045832927673798
3.5681914893617024    0.023279516930041946
3.5700000000000003    0.019684620548305318
3.571808510638298    0.0163424724090227
3.5736170212765956    0.012780720784033212
3.5754255319148935    0.00860528744397131
3.5772340425531914    0.004069268686675596
3.5790425531914893    -0.00016621841986590082
3.5808510638297872    -0.0037458877026673243
3.582659574468085    -0.006885204318074632
3.584468085106383    -0.009922688766789298
3.586276595744681    -0.01283909257721828
3.588085106382979    -0.015368962646618627
3.5898936170212767    -0.01745129376498355
3.5917021276595746    -0.019341376982479584
3.5935106382978725    -0.021268527895689178
3.5953191489361704    -0.02318092333186149
3.5971276595744683    -0.024924596690625564
3.5989361702127662    -0.026517017833715024
3.600744680851064    -0.028054366942671112
3.6025531914893616    -0.02939965036171157
3.6043617021276595    -0.03018753739724208
3.6061702127659574    -0.03023055011401598
3.6079787234042553    -0.029772211902144657
3.609787234042553    -0.029179866744677603
3.611595744680851    -0.02844828338329413
3.613404255319149    -0.02719441031096824
3.615212765957447    -0.025189581784946576
