0.0    0.0
0.0018085106382978724    0.0
0.003617021276595745    0.0
0.005425531914893617    0.0
0.00723404255319149    0.0
0.009042553191489363    0.0
0.010851063829787235    0.0
0.012659574468085107    0.0
0.01446808510638298    0.0
0.016276595744680853    0.0
0.018085106382978725    0.0
0.019893617021276597    0.0
0.02170212765957447    0.0
0.023510638297872342    0.0
0.025319148936170214    0.0
0.027127659574468086    0.0
0.02893617021276596    0.0
0.03074468085106383    0.0
0.032553191489361706    0.0
0.03436170212765958    0.0
0.03617021276595745    0.0
0.03797872340425532    0.0
0.039787234042553195    0.0
0.04159574468085107    0.0
0.04340425531914894    0.0
0.04521276595744681    0.0
0.047021276595744683    0.0
0.048829787234042556    0.0
0.05063829787234043    0.0
0.0524468085106383    0.0
0.05425531914893617    0.0
0.056063829787234044    0.0
0.05787234042553192    0.0
0.05968085106382979    0.0
0.06148936170212766    0.0
0.06329787234042554    0.0
0.06510638297872341    0.0
0.06691489361702128    0.0
0.06872340425531916    0.0
0.07053191489361703    0.0
0.0723404255319149    0.0
0.07414893617021277    0.0
0.07595744680851065    0.0
0.07776595744680852    0.0
0.07957446808510639    0.0
0.08138297872340426    0.0
0.08319148936170213    0.0
0.085    0.0
0.08680851063829788    0.0
0.08861702127659575    0.0
0.09042553191489362    0.0
0.0922340425531915    0.0
0.09404255319148937    0.0
0.09585106382978724    0.0
0.09765957446808511    0.0
0.09946808510638298    0.0
0.10127659574468086    0.0
0.10308510638297873    0.0
0.1048936170212766    0.0
0.10670212765957447    0.0
0.10851063829787234    0.0
0.11031914893617022    0.0
0.11212765957446809    0.0
0.11393617021276596    0.0
0.11574468085106383    0.0
0.1175531914893617    0.0
0.11936170212765958    5.777637000877548e-129
0.12117021276595745    5.388662516658363e-125
0.12297872340425532    1.5255024405753142e-121
0.1247872340425532    2.080426415009542e-118
0.12659574468085108    1.6741061024249123e-115
0.12840425531914895    8.918174603349778e-113
0.13021276595744682    3.387727089284736e-110
0.1320212765957447    9.666448625308351e-108
0.13382978723404257    2.1530129903284537e-105
0.13563829787234044    3.8555870048552237e-103
0.1374468085106383    5.683078694505489e-101
0.13925531914893619    7.0274824337163195e-99
0.14106382978723406    7.406132878111715e-97
0.14287234042553193    6.741032960341e-95
0.1446808510638298    5.359506244796498e-93
0.14648936170212767    3.7586526283841816e-91
0.14829787234042555    2.3450321478102383e-89
0.15010638297872342    1.3113758178758827e-87
0.1519148936170213    6.61680229732096e-86
0.15372340425531916    3.0302646533572096e-84
0.15553191489361703    1.2662767762979422e-82
0.1573404255319149    4.851438070560208e-81
0.15914893617021278    1.7115488594490007e-79
0.16095744680851065    5.582119610968277e-78
0.16276595744680852    1.689142812503172e-76
0.1645744680851064    4.758034847614685e-75
0.16638297872340427    1.2514252792174577e-73
0.16819148936170214    3.0819006179850685e-72
0.17    7.125222273874391e-71
0.17180851063829788    1.5502180524056908e-69
0.17361702127659576    3.1810997936505662e-68
0.17542553191489363    6.169665983937354e-67
0.1772340425531915    1.1331724681619665e-65
0.17904255319148937    1.974587681302283e-64
0.18085106382978725    3.270014277841592e-63
0.18265957446808512    5.154866868469944e-62
0.184468085106383    7.747121776494023e-61
0.18627659574468086    1.1115810681413556e-59
0.18808510638297873    1.5247814924631128e-58
0.1898936170212766    2.002145140965642e-57
0.19170212765957448    2.5195968379839203e-56
0.19351063829787235    3.0423745872904384e-55
0.19531914893617022    3.528690065872496e-54
0.1971276595744681    3.9353457248631788e-53
0.19893617021276597    4.224235011980216e-52
0.20074468085106384    4.3683326654116647e-51
0.2025531914893617    4.355852672365415e-50
0.20436170212765958    4.1916969829652e-49
0.20617021276595746    3.895994035783551e-48
0.20797872340425533    3.500217464085187e-47
0.2097872340425532    3.041878406135594e-46
0.21159574468085107    2.5589775091045484e-45
0.21340425531914894    2.0852752611382028e-44
0.21521276595744682    1.6470798643469004e-43
0.2170212765957447    1.2618000401088209e-42
0.21882978723404256    9.381022094551773e-42
0.22063829787234043    6.772392358257275e-41
0.2224468085106383    4.750124429637786e-40
0.22425531914893618    3.2386789090711566e-39
0.22606382978723405    2.1475878172335092e-38
0.22787234042553192    1.3856885703690652e-37
0.2296808510638298    8.703929819848964e-37
0.23148936170212767    5.3247077611885604e-36
0.23329787234042554    3.173913020659774e-35
0.2351063829787234    1.8441414655730916e-34
0.23691489361702128    1.0448832623665213e-33
0.23872340425531915    5.775419431499738e-33
0.24053191489361703    3.115323867923952e-32
0.2423404255319149    1.640523864769071e-31
0.24414893617021277    8.436681378430505e-31
0.24595744680851064    4.238528316267222e-30
0.24776595744680852    2.080904846560083e-29
0.2495744680851064    9.986592680586992e-29
0.25138297872340426    4.686405424208404e-28
0.25319148936170216    2.1510203192593835e-27
0.255    9.659430191813447e-27
0.2568085106382979    4.244990030621709e-26
0.25861702127659575    1.8261296892334236e-25
0.26042553191489365    7.691726815441792e-25
0.2622340425531915    3.172903976132188e-24
0.2640425531914894    1.282125568345756e-23
0.26585106382978724    5.076223410848726e-23
0.26765957446808514    1.9696079285464554e-22
0.269468085106383    7.490944115851129e-22
0.2712765957446809    2.7931640220649082e-21
0.2730851063829787    1.0212721084327124e-20
0.2748936170212766    3.6622705205483706e-20
0.27670212765957447    1.2882461650108135e-19
0.27851063829787237    4.445895184724454e-19
0.2803191489361702    1.5055697205020788e-18
0.2821276595744681    5.003687365892322e-18
0.28393617021276596    1.6322643432315247e-17
0.28574468085106386    5.2271182283623243e-17
0.2875531914893617    1.6434755588831797e-16
0.2893617021276596    5.073971530025725e-16
0.29117021276595745    1.538397600009913e-15
0.29297872340425535    4.581145748403391e-15
0.2947872340425532    1.3400190218594271e-14
0.2965957446808511    3.850550277462837e-14
0.29840425531914894    1.0870524944279321e-13
0.30021276595744684    3.0153122158912734e-13
0.3020212765957447    8.218707852631823e-13
0.3038297872340426    2.2013899437376197e-12
0.3056382978723404    5.794854486843939e-12
0.3074468085106383    1.4992269716335104e-11
0.30925531914893617    3.8123776511328754e-11
0.31106382978723407    9.529051620819097e-11
0.3128723404255319    2.341247802876016e-10
0.3146808510638298    5.65463823933745e-10
0.31648936170212766    1.3425635684069696e-09
0.31829787234042556    3.133627136309535e-09
0.3201063829787234    7.190332485912499e-09
0.3219148936170213    1.621972286630527e-08
0.32372340425531915    3.596922353871111e-08
0.32553191489361705    7.84167636582343e-08
0.3273404255319149    1.6806241022728177e-07
0.3291489361702128    3.540838583397046e-07
0.33095744680851064    7.333341322293508e-07
0.33276595744680854    1.4929333796968373e-06
0.3345744680851064    2.987447328217129e-06
0.3363829787234043    5.875647892099229e-06
0.3381914893617021    1.1357348828941753e-05
0.34    2.157393274765995e-05
0.34180851063829787    4.026924507830151e-05
0.34361702127659577    7.385247902257078e-05
0.3454255319148936    0.0001330621014601844
0.3472340425531915    0.00023549736567477818
0.34904255319148936    0.00040935379528427387
0.35085106382978726    0.0006987552728986827
0.3526595744680851    0.0011710909338242402
0.354468085106383    0.001926699687349345
0.35627659574468085    0.003111046032713885
0.35808510638297875    0.004929137942967727
0.3598936170212766    0.007661296595250278
0.3617021276595745    0.011678471682130633
0.36351063829787233    0.017454136151938297
0.36531914893617023    0.02556851570110659
0.3671276595744681    0.036699762267629575
0.368936170212766    0.05159605713482949
0.3707446808510638    0.07102303172728666
0.3725531914893617    0.095682857600457
0.37436170212765957    0.1261052968822005
0.37617021276595747    0.1625170063764494
0.3779787234042553    0.2047029778226382
0.3797872340425532    0.25188195865777363
0.38159574468085106    0.3026240509388627
0.38340425531914896    0.354840913392118
0.3852127659574468    0.40587458970232704
0.3870212765957447    0.4526983095750663
0.38882978723404255    0.49222184132395697
0.39063829787234045    0.5216679179800834
0.3924468085106383    0.5389605383275407
0.3942553191489362    0.5430482558781158
0.39606382978723403    0.5340838154785315
0.39787234042553193    0.5134010536092111
0.3996808510638298    0.4832708145197684
0.4014893617021277    0.4464724237321184
0.4032978723404255    0.4057716655166723
0.4051063829787234    0.3634320836057401
0.40691489361702127    0.3208876592001878
0.40872340425531917    0.278664389527286
0.410531914893617    0.2365631875762534
0.4123404255319149    0.19402918545563863
0.41414893617021276    0.15056486717128148
0.41595744680851066    0.10602657195135246
0.4177659574468085    0.06069035849038987
0.4195744680851064    0.015072893525464967
0.42138297872340424    -0.030391479660549697
0.42319148936170214    -0.07563680537330367
0.425    -0.12103462831608422
0.4268085106382979    -0.16715979531970507
0.42861702127659573    -0.21432181485497367
0.43042553191489363    -0.26207765500626157
0.4322340425531915    -0.30900096303207825
0.4340425531914894    -0.3529043706043238
0.4358510638297872    -0.3915097759104105
0.4376595744680851    -0.42332008540669364
0.43946808510638297    -0.4482878177556763
0.44127659574468087    -0.4679038798397158
0.4430851063829787    -0.48456478239251577
0.4448936170212766    -0.5004294595181082
0.44670212765957445    -0.5162763348139883
0.44851063829787235    -0.5309443974910351
0.4503191489361702    -0.5417119769227625
0.4521276595744681    -0.5455139276569478
0.45393617021276594    -0.5404406211902752
0.45574468085106384    -0.5267543635143137
0.4575531914893617    -0.5068485214872978
0.4593617021276596    -0.4841018615149707
0.46117021276595743    -0.4611834378447156
0.46297872340425533    -0.4387051335044049
0.46478723404255323    -0.41497841467502306
0.4665957446808511    -0.38704887534266974
0.468404255319149    -0.35246263716445103
0.4702127659574468    -0.3107769478709185
0.4720212765957447    -0.26394395636206835
0.47382978723404257    -0.21533419703307827
0.47563829787234047    -0.1679663335908192
0.4774468085106383    -0.12299196604963392
0.4792553191489362    -0.07934014441499579
0.48106382978723405    -0.03472472592597685
0.48287234042553195    0.012617334925475027
0.4846808510638298    0.06253379224229878
0.4864893617021277    0.1127552383831288
0.48829787234042554    0.15996154943412316
0.49010638297872344    0.201390064214106
0.4919148936170213    0.23594140229612798
0.4937234042553192    0.26411253676070284
0.49553191489361703    0.2868923802299575
0.49734042553191493    0.3044432838274052
0.4991489361702128    0.31550005564359346
0.5009574468085106    0.317890933022768
0.5027659574468085    0.309808106464697
0.5045744680851064    0.29097599020951087
0.5063829787234043    0.262998726792896
0.5081914893617021    0.22877870127180622
0.51    0.19151475766298026
0.5118085106382979    0.15396904210439344
0.5136170212765958    0.11834872779697464
0.5154255319148936    0.08659996270079823
0.5172340425531915    0.060607324074766294
0.5190425531914894    0.04195443176086211
0.5208510638297873    0.031356438957145905
0.5226595744680851    0.02821681375450783
0.524468085106383    0.030700775138003907
0.5262765957446809    0.03632484323907469
0.5280851063829788    0.04268866088868261
0.5298936170212766    0.04793835749276532
0.5317021276595745    0.05085040276087397
0.5335106382978724    0.05075463170255325
0.5353191489361703    0.04755630223302113
0.5371276595744681    0.04184837472507776
0.538936170212766    0.034831910640817275
0.5407446808510639    0.02782091652746784
0.5425531914893618    0.021511997514854567
0.5443617021276596    0.015576066388385962
0.5461702127659575    0.00904458213465623
0.5479787234042554    0.0013618724737814898
0.5497872340425533    -0.006681418870472932
0.551595744680851    -0.01300861058072781
0.5534042553191489    -0.015498765355150296
0.5552127659574468    -0.013609370249062142
0.5570212765957447    -0.009120099756431695
0.5588297872340425    -0.005283958190614035
0.5606382978723404    -0.00487044187468187
0.5624468085106383    -0.008479344246537193
0.5642553191489362    -0.01432658202869672
0.566063829787234    -0.019566850903211096
0.5678723404255319    -0.022060851481319487
0.5696808510638298    -0.021284997151268286
0.5714893617021277    -0.01795564416637774
0.5732978723404255    -0.013069968611346905
0.5751063829787234    -0.007411170223856144
0.5769148936170213    -0.0018476875771288002
0.5787234042553192    0.002262131642683934
0.580531914893617    0.003481130280665628
0.5823404255319149    0.0015603427939106036
0.5841489361702128    -0.0015623443233529076
0.5859574468085107    -0.0023488820738855284
0.5877659574468085    0.002063028236974814
0.5895744680851064    0.01145797687615597
0.5913829787234043    0.022113540641857714
0.5931914893617022    0.02910613432402264
0.595    0.029850782603309457
0.5968085106382979    0.02612656736050588
0.5986170212765958    0.02284475899607393
0.6004255319148937    0.024391691575346604
0.6022340425531915    0.03139023144973495
0.6040425531914894    0.0404180652869726
0.6058510638297873    0.04680607461924441
0.6076595744680852    0.04815902096409898
0.609468085106383    0.04579251957304871
0.6112765957446809    0.04317150887958893
0.6130851063829788    0.042942535246758146
0.6148936170212767    0.04510464763064416
0.6167021276595744    0.047582854186851306
0.6185106382978723    0.04828358943468708
0.6203191489361702    0.04663111342805884
0.6221276595744681    0.043422479182300674
0.6239361702127659    0.03957628826991222
0.6257446808510638    0.035250517223735095
0.6275531914893617    0.030128027959429593
0.6293617021276596    0.02429395430104183
0.6311702127659574    0.018543122395271124
0.6329787234042553    0.01370387538619585
0.6347872340425532    0.009751985498368067
0.6365957446808511    0.005787613417471461
0.6384042553191489    0.001024046452659264
0.6402127659574468    -0.004210342467986587
0.6420212765957447    -0.008567224896027667
0.6438297872340426    -0.010890313075619738
0.6456382978723404    -0.011390287851333461
0.6474468085106383    -0.011607278903611743
0.6492553191489362    -0.013165338823016362
0.6510638297872341    -0.016504777344869954
0.6528723404255319    -0.02076059798615668
0.6546808510638298    -0.024783460244386494
0.6564893617021277    -0.0282001504853816
0.6582978723404256    -0.03149404779519217
0.6601063829787234    -0.03519439313595643
0.6619148936170213    -0.039176920957967265
0.6637234042553192    -0.04284335384778723
0.6655319148936171    -0.045886205153931686
0.6673404255319149    -0.048671971590599564
0.6691489361702128    -0.051743989790882766
0.6709574468085107    -0.05501546763429366
0.6727659574468086    -0.05765913157153289
0.6745744680851063    -0.05895806634516407
0.6763829787234042    -0.059249729827164366
0.6781914893617021    -0.05985649080514538
0.68    -0.06190694281107478
0.6818085106382978    -0.06518460117326899
0.6836170212765957    -0.06824266531948814
0.6854255319148936    -0.06978990462841878
0.6872340425531915    -0.07001345865924755
0.6890425531914893    -0.07047465524094679
0.6908510638297872    -0.07259668855950482
0.6926595744680851    -0.07619235600944935
0.694468085106383    -0.07949995026477633
0.6962765957446809    -0.08075249629490458
0.6980851063829787    -0.07981333978533994
0.6998936170212766    -0.07832907222675972
0.7017021276595745    -0.0782426839550611
0.7035106382978724    -0.08002363532847034
0.7053191489361702    -0.08219704659100935
0.7071276595744681    -0.08255335571424136
0.708936170212766    -0.07995552284341817
0.7107446808510639    -0.07522328477873758
0.7125531914893617    -0.07043166726387676
0.7143617021276596    -0.06727159038716188
0.7161702127659575    -0.06579766226832087
0.7179787234042554    -0.06449685007985625
0.7197872340425532    -0.061562968102016086
0.7215957446808511    -0.056362253952084385
0.723404255319149    -0.04994330157291525
0.7252127659574469    -0.04416801545408537
0.7270212765957447    -0.04013254910823831
0.7288297872340426    -0.03719351008475846
0.7306382978723405    -0.03350726531164895
0.7324468085106384    -0.02771007497819819
0.7342553191489362    -0.020253727518651295
0.7360638297872341    -0.013077323730292939
0.737872340425532    -0.007795795522146244
0.7396808510638299    -0.00410311756635617
0.7414893617021276    -4.6663961199028096e-05
0.7432978723404255    0.0059515642637157345
0.7451063829787234    0.013308715466354265
0.7469148936170213    0.01966175451915933
0.7487234042553191    0.023215733931321203
0.750531914893617    0.024724152840320722
0.7523404255319149    0.026944086891968352
0.7541489361702128    0.03193389687043134
0.7559574468085106    0.03890074558903747
0.7577659574468085    0.0449039334880742
0.7595744680851064    0.04781226418999335
0.7613829787234043    0.04848664231486409
0.7631914893617021    0.0498668166126337
0.765    0.053868875541333766
0.7668085106382979    0.05935714801498937
0.7686170212765958    0.06335959660405904
0.7704255319148936    0.06424344263991921
0.7722340425531915    0.06345445694941404
0.7740425531914894    0.06396476693642683
0.7758510638297873    0.06712760230069184
0.7776595744680851    0.07133871473343445
0.779468085106383    0.07389620442862069
0.7812765957446809    0.07395009597251914
0.7830851063829788    0.07329696463009794
0.7848936170212766    0.07422602465745706
0.7867021276595745    0.07689845878730645
0.7885106382978724    0.07919234632432959
0.7903191489361703    0.07911933191197842
0.7921276595744681    0.07703641785213636
0.793936170212766    0.07517090603647891
0.7957446808510639    0.07505509938366903
0.7975531914893618    0.07580532784121954
0.7993617021276596    0.07515648449630186
0.8011702127659575    0.07201403815534821
0.8029787234042554    0.0676246078514805
0.8047872340425533    0.06412710757161327
0.806595744680851    0.06223723927129721
0.808404255319149    0.06069575187432112
0.8102127659574468    0.05796268816068095
0.8120212765957447    0.05405391796806186
0.8138297872340425    0.050386649955022386
0.8156382978723404    0.04794679319733515
0.8174468085106383    0.046050695748508993
0.8192553191489362    0.043160777976447684
0.821063829787234    0.0386927894143126
0.8228723404255319    0.033589051502157075
0.8246808510638298    0.028996058821818896
0.8264893617021277    0.024732107623896056
0.8282978723404255    0.019485897024192574
0.8301063829787234    0.012535172746667878
0.8319148936170213    0.0048490963384144395
0.8337234042553192    -0.0018712698840370034
0.835531914893617    -0.007136923095232138
0.8373404255319149    -0.012228713927222686
0.8391489361702128    -0.01858310428112282
0.8409574468085107    -0.025858729416072684
0.8427659574468085    -0.032045302932199524
0.8445744680851064    -0.035635605950497876
0.8463829787234043    -0.03739331412001258
0.8481914893617022    -0.03959878472160937
0.85    -0.04353772896848415
0.8518085106382979    -0.04808392340858535
0.8536170212765958    -0.05103270831116037
0.8554255319148937    -0.05168593150312491
0.8572340425531915    -0.05171764686839238
0.8590425531914894    -0.053300255499731275
0.8608510638297873    -0.056618050030110154
0.8626595744680852    -0.05960934502790982
0.864468085106383    -0.06023078565181285
0.8662765957446809    -0.05866168518916677
0.8680851063829788    -0.056961537411144056
0.8698936170212767    -0.05662378402080735
0.8717021276595744    -0.05685157761051492
0.8735106382978723    -0.055507906645758304
0.8753191489361702    -0.05161531299734459
0.8771276595744681    -0.046540861196945185
0.8789361702127659    -0.042543077921106356
0.8807446808510638    -0.04035552078983938
0.8825531914893617    -0.03851643080070834
0.8843617021276596    -0.03512385328865547
0.8861702127659574    -0.02998080521842411
0.8879787234042553    -0.024752737344476243
0.8897872340425532    -0.021069183594863157
0.8915957446808511    -0.018773952246166896
0.8934042553191489    -0.0162449947156244
0.8952127659574468    -0.012313391453223375
0.8970212765957447    -0.00757142306143916
0.8988297872340426    -0.0036588384273381017
0.9006382978723404    -0.0014271265960214162
0.9024468085106383    -6.67819020917144e-05
0.9042553191489362    0.00189974649794539
0.9060638297872341    0.0049664149036469435
0.9078723404255319    0.008198071523700268
0.9096808510638298    0.010415141379937275
0.9114893617021277    0.011593698014674188
0.9132978723404256    0.01288370390339504
0.9151063829787234    0.015256297915529616
0.9169148936170213    0.018341515456743892
0.9187234042553192    0.020787991463011902
0.9205319148936171    0.02175614632019243
0.9223404255319149    0.02187673260936916
0.9241489361702128    0.02258628519354525
0.9259574468085107    0.024546379030608873
0.9277659574468086    0.02688023243260611
0.9295744680851065    0.028076045857355177
0.9313829787234043    0.02757346642708242
0.9331914893617022    0.026291543213706556
0.935    0.025530886087696474
0.936808510638298    0.02550294794118309
0.9386170212765957    0.025165921700940733
0.9404255319148936    0.023566125012960352
0.9422340425531915    0.021140588989183643
0.9440425531914894    0.019431541551468725
0.9458510638297872    0.019464417250136788
0.9476595744680851    0.020620389426579285
0.949468085106383    0.021334773201402393
0.9512765957446809    0.02086964483659098
0.9530851063829787    0.020124304574904047
0.9548936170212766    0.0205105270128367
0.9567021276595745    0.0221722424728
0.9585106382978724    0.023649360329838127
0.9603191489361702    0.023441371989257418
0.9621276595744681    0.021681490722842808
0.963936170212766    0.019942513703038168
0.9657446808510639    0.019359873236581646
0.9675531914893617    0.0192645603129258
0.9693617021276596    0.017961894707295912
0.9711702127659575    0.014767952440105873
0.9729787234042554    0.010899596656889724
0.9747872340425532    0.008143076241669746
0.9765957446808511    0.006855518126580636
0.978404255319149    0.005649936222076459
0.9802127659574469    0.0031096878072640628
0.9820212765957447    -0.0005323354256206738
0.9838297872340426    -0.003737232315064246
0.9856382978723405    -0.005556258066907328
0.9874468085106384    -0.006757087352811022
0.9892553191489362    -0.00884365782042472
0.9910638297872341    -0.01222137409373227
0.992872340425532    -0.015771941831026634
0.9946808510638299    -0.018323340444296357
0.9964893617021277    -0.02015460939238769
0.9982978723404256    -0.022659064181142025
1.0001063829787233    -0.02659310931846736
1.0019148936170212    -0.03108462335266713
1.0037234042553191    -0.03461261295137532
1.005531914893617    -0.03672850675767917
1.007340425531915    -0.03841157210654677
1.0091489361702128    -0.04068845430866135
1.0109574468085107    -0.04328892410529083
1.0127659574468086    -0.044994871281317565
1.0145744680851063    -0.0451776090387934
1.0163829787234042    -0.04456106725301016
1.0181914893617021    -0.044286383715361526
1.02    -0.04450331143729341
1.021808510638298    -0.044247127944771626
1.0236170212765958    -0.04267473260157003
1.0254255319148937    -0.04004327176712177
1.0272340425531916    -0.03724958684134314
1.0290425531914893    -0.0346534838281572
1.0308510638297872    -0.0317756312346846
1.032659574468085    -0.028216623892387695
1.034468085106383    -0.024490119268661577
1.036276595744681    -0.021591240688552157
1.0380851063829788    -0.01983180635641986
1.0398936170212767    -0.01847535306969221
1.0417021276595746    -0.01666360098745047
1.0435106382978723    -0.014427645102374265
1.0453191489361702    -0.012481473157196277
1.047127659574468    -0.011129762468255956
1.048936170212766    -0.00980268986714999
1.0507446808510639    -0.00786723977014812
1.0525531914893618    -0.005601638411110549
1.0543617021276597    -0.0039411513604327136
1.0561702127659576    -0.003241175774285369
1.0579787234042553    -0.0026956256352379917
1.0597872340425532    -0.001277206032206265
1.061595744680851    0.0009384657818115832
1.063404255319149    0.002797417073008323
1.0652127659574468    0.0034822313002076687
1.0670212765957447    0.003526144714816806
1.0688297872340426    0.004088908450673888
1.0706382978723405    0.005392487926139925
1.0724468085106382    0.006351149033276767
1.0742553191489361    0.005934358722497812
1.076063829787234    0.004551134502757478
1.077872340425532    0.003663322685683616
1.0796808510638298    0.004081715192448449
1.0814893617021277    0.00509496678897331
1.0832978723404256    0.005515051360466839
1.0851063829787235    0.0052527796603202455
1.0869148936170212    0.005369376105874056
1.088723404255319    0.00656741643421775
1.090531914893617    0.008156362919204364
1.092340425531915    0.008920275862556516
1.0941489361702128    0.00878953054953681
1.0959574468085107    0.009088111438946887
1.0977659574468086    0.010932948865140181
1.0995744680851065    0.013795666491494675
1.1013829787234042    0.016103865494042337
1.103191489361702    0.017162561441154037
1.105    0.017955988770603837
1.1068085106382979    0.019805946477331922
1.1086170212765958    0.022619318335653824
1.1104255319148937    0.02498784484728131
1.1122340425531916    0.02600294741949922
1.1140425531914895    0.026422646076030364
1.1158510638297872    0.02767275119828902
1.117659574468085    0.02998740516440066
1.119468085106383    0.03211582791163728
1.1212765957446809    0.032971931512680644
1.1230851063829788    0.03305425067910081
1.1248936170212767    0.03375546087861879
1.1267021276595746    0.03544847276044512
1.1285106382978725    0.036864153233372596
1.1303191489361701    0.036616279885095845
1.132127659574468    0.03492785558386999
1.133936170212766    0.03332656866956191
1.1357446808510638    0.032697185193527795
1.1375531914893617    0.032202480326683575
1.1393617021276596    0.030447260597414552
1.1411702127659575    0.02734519154565406
1.1429787234042554    0.024252207069461906
1.1447872340425531    0.02220813778842893
1.146595744680851    0.02059430523692904
1.148404255319149    0.01795560745330587
1.1502127659574468    0.013904932647997435
1.1520212765957447    0.009637222345232715
1.1538297872340426    0.006427385026488739
1.1556382978723405    0.004117312261955726
1.1574468085106384    0.001558225633105292
1.1592553191489363    -0.0016478059357744126
1.161063829787234    -0.004481452765211176
1.162872340425532    -0.005832505815639908
1.1646808510638298    -0.006048670670451218
1.1664893617021277    -0.006597532592229876
1.1682978723404256    -0.008216980958222753
1.1701063829787235    -0.009961238107571806
1.1719148936170214    -0.010420909269109348
1.1737234042553193    -0.009556761500252312
1.175531914893617    -0.008763528727084621
1.1773404255319149    -0.009074891780122999
1.1791489361702128    -0.009845855775213668
1.1809574468085107    -0.00963022892502725
1.1827659574468086    -0.008110056734644159
1.1845744680851065    -0.006563187785105609
1.1863829787234044    -0.00625825445120024
1.1881914893617023    -0.00685539845065509
1.19    -0.006869419165126496
1.1918085106382978    -0.005572627739080882
1.1936170212765957    -0.0038781670517091145
1.1954255319148936    -0.003111450545738143
1.1972340425531915    -0.0033198440240416434
1.1990425531914894    -0.003313624043532009
1.2008510638297873    -0.002325107238113555
1.2026595744680852    -0.0010782598324228796
1.204468085106383    -0.0008906679757866298
1.2062765957446808    -0.0020263153305181917
1.2080851063829787    -0.0034522188623050164
1.2098936170212766    -0.004252735923161686
1.2117021276595745    -0.004786652728417009
1.2135106382978724    -0.006087745435604351
1.2153191489361703    -0.008395159668781613
1.2171276595744682    -0.010848703966058783
1.218936170212766    -0.012777575316016542
1.2207446808510638    -0.014815345270304085
1.2225531914893617    -0.01824181929119379
1.2243617021276596    -0.0232980643824219
1.2261702127659575    -0.02865513411035967
1.2279787234042554    -0.0328133406152736
1.2297872340425533    -0.035745468140499996
1.2315957446808512    -0.03875167527591288
1.2334042553191489    -0.042722966383625695
1.2352127659574468    -0.0469755561642003
1.2370212765957447    -0.05005365576583035
1.2388297872340426    -0.051433085743712144
1.2406382978723405    -0.05201911289370862
1.2424468085106384    -0.052933613476510925
1.2442553191489363    -0.054195262673039
1.2460638297872342    -0.054875979055993375
1.2478723404255319    -0.05435644446476794
1.2496808510638298    -0.052996736001705104
1.2514893617021277    -0.0514606135457935
1.2532978723404256    -0.04972970482005564
1.2551063829787235    -0.04715855399376719
1.2569148936170214    -0.043459669108502554
1.2587234042553193    -0.039272028063487056
1.2605319148936172    -0.03554215198548153
1.2623404255319148    -0.03249912645863969
1.2641489361702127    -0.02949775314012533
1.2659574468085106    -0.025870690418176696
1.2677659574468085    -0.0216960043838038
1.2695744680851064    -0.017594186988934515
1.2713829787234043    -0.013937949889670183
1.2731914893617022    -0.010520573419080363
1.2750000000000001    -0.007027843905433411
1.2768085106382978    -0.0036086867544924284
1.2786170212765957    -0.0007852561598419034
1.2804255319148936    0.0011512079268003316
1.2822340425531915    0.00247423008159921
1.2840425531914894    0.0036947339409061338
1.2858510638297873    0.005013207588179612
1.2876595744680852    0.006200445477020952
1.289468085106383    0.006969410606333192
1.2912765957446808    0.007328288900042167
1.2930851063829787    0.007519496335359998
1.2948936170212766    0.007702845983160552
1.2967021276595745    0.0078091654175685135
1.2985106382978724    0.007710570626030293
1.3003191489361703    0.007447971236978748
1.3021276595744682    0.007216468361031584
1.303936170212766    0.007124893483467831
1.3057446808510638    0.00701623896668238
1.3075531914893617    0.006573485660221551
1.3093617021276596    0.005631200535091619
1.3111702127659575    0.00438145468394576
1.3129787234042554    0.0032353635235524564
1.3147872340425533    0.002437035344422741
1.3165957446808512    0.0018182482739970912
1.318404255319149    0.0009965643174038438
1.3202127659574467    -0.00013979882612488498
1.3220212765957446    -0.0011913857336457272
1.3238297872340425    -0.001583829670710624
1.3256382978723404    -0.001159040312810377
1.3274468085106383    -0.00033108565841929354
1.3292553191489362    0.00043149511804961067
1.3310638297872341    0.001208022502372739
1.332872340425532    0.002546667043603372
1.3346808510638297    0.004739952688844756
1.3364893617021276    0.007343185794182585
1.3382978723404255    0.00960447389128803
1.3401063829787234    0.011350298573727378
1.3419148936170213    0.01323227799882828
1.3437234042553192    0.015974369279979223
1.3455319148936171    0.01951195479246346
1.347340425531915    0.02308165676954972
1.3491489361702127    0.026129751121549097
1.3509574468085106    0.028863715439228513
1.3527659574468085    0.031751731335938733
1.3545744680851064    0.03467836262440429
1.3563829787234043    0.03693337174911366
1.3581914893617022    0.0380848370846591
1.36    0.03855238787613798
1.361808510638298    0.039049940331797185
1.3636170212765957    0.03960185908052522
1.3654255319148936    0.039488250803541215
1.3672340425531915    0.03827778022660156
1.3690425531914894    0.03659138423368192
1.3708510638297873    0.035482465290351255
1.3726595744680852    0.035118667431369315
1.374468085106383    0.03446302652382708
1.376276595744681    0.032454932416239556
1.3780851063829787    0.029261371923596888
1.3798936170212766    0.026036335783585773
1.3817021276595745    0.02352427581244089
1.3835106382978724    0.02131633506028284
1.3853191489361703    0.018671953736315604
1.3871276595744682    0.015726872204147015
1.388936170212766    0.013403876424349162
1.390744680851064    0.01211633253151299
1.3925531914893619    0.011040612959747953
1.3943617021276595    0.009037564910867046
1.3961702127659574    0.006100920504129005
1.3979787234042553    0.003437842374428693
1.3997872340425532    0.00202806237438661
1.4015957446808511    0.0014961929650563863
1.403404255319149    0.0007260109763621808
1.405212765957447    -0.0006381524830468748
1.4070212765957448    -0.0017981873855180957
1.4088297872340425    -0.001998632022631776
1.4106382978723404    -0.0016543529360896411
1.4124468085106383    -0.0018526868645402858
1.4142553191489362    -0.0028811029401115424
1.416063829787234    -0.00377577786892507
1.417872340425532    -0.003543112288037254
1.41968085106383    -0.0024597403341364357
1.4214893617021278    -0.001722777644808775
1.4232978723404255    -0.001899719362746956
1.4251063829787234    -0.002216277736477982
1.4269148936170213    -0.0016010183259625769
1.4287234042553192    -7.945099019983251e-05
1.430531914893617    0.0013169205447885132
1.432340425531915    0.0019442885589461788
1.4341489361702129    0.0023302187848842863
1.4359574468085108    0.0033071553011947237
1.4377659574468085    0.004720677991110807
1.4395744680851064    0.005513358713326334
1.4413829787234043    0.005096176105536368
1.4431914893617022    0.004141963480296968
1.445    0.003697964440888767
1.446808510638298    0.0037946827866439936
1.4486170212765959    0.0034277704265202992
1.4504255319148938    0.0019395797968702342
1.4522340425531914    -7.708571699997736e-05
1.4540425531914893    -0.0015937582669921584
1.4558510638297872    -0.002579051558246402
1.4576595744680851    -0.004072606150573782
1.459468085106383    -0.006736809943803601
1.461276595744681    -0.009813734029472408
1.4630851063829788    -0.011947564337633138
1.4648936170212767    -0.012874483398197006
1.4667021276595744    -0.013788786189660548
1.4685106382978723    -0.015879731999713476
1.4703191489361702    -0.01890099457208348
1.4721276595744681    -0.021576139719459233
1.473936170212766    -0.0232515910246244
1.475744680851064    -0.024632927368972334
1.4775531914893618    -0.026712406083081338
1.4793617021276597    -0.02938120786365007
1.4811702127659574    -0.03157246818774104
1.4829787234042553    -0.032702693114137996
1.4847872340425532    -0.03346993454623516
1.486595744680851    -0.034959752080541584
1.488404255319149    -0.037255238635180044
1.490212765957447    -0.03936244633377241
1.4920212765957448    -0.04049965186090661
1.4938297872340427    -0.04104316391437249
1.4956382978723404    -0.04194925638665771
1.4974468085106383    -0.04348285310265532
1.4992553191489362    -0.04489934227929726
1.501063829787234    -0.04537962981797715
1.502872340425532    -0.04491234860180271
1.5046808510638299    -0.04404840962514206
1.5064893617021278    -0.04304884644116745
1.5082978723404257    -0.04167193281740937
1.5101063829787233    -0.039804891262294056
1.5119148936170212    -0.037902453568711456
1.5137234042553191    -0.03650148768100685
1.515531914893617    -0.0354581861375837
1.517340425531915    -0.034025959332722996
1.5191489361702128    -0.031767839371603504
1.5209574468085107    -0.029124562094509726
1.5227659574468086    -0.026871709038558463
1.5245744680851063    -0.025160803140755597
1.5263829787234042    -0.02338061730322536
1.5281914893617021    -0.020977296944482852
1.53    -0.01812377815217564
1.531808510638298    -0.015387100047820922
1.5336170212765958    -0.0129083260234561
1.5354255319148937    -0.010223597980539203
1.5372340425531916    -0.006931847319403356
1.5390425531914893    -0.0032597561890976012
1.5408510638297872    0.00024678275395747986
1.542659574468085    0.0034561991819654714
1.544468085106383    0.006794188672677053
1.546276595744681    0.010619597378329033
1.5480851063829788    0.014718739995735655
1.5498936170212767    0.018626846111233872
1.5517021276595746    0.022329177826082652
1.5535106382978723    0.026356447641199807
1.5553191489361702    0.03110846021555115
1.557127659574468    0.03629933780602006
1.558936170212766    0.04127629173001479
1.5607446808510639    0.04580708341241217
1.5625531914893618    0.050306717332848416
1.5643617021276597    0.05520752233564655
1.5661702127659576    0.06028860117811331
1.5679787234042553    0.06481582549305552
1.5697872340425532    0.06829061954439573
1.571595744680851    0.07085912774331422
1.573404255319149    0.07292666183411793
1.5752127659574469    0.07454957518275711
1.5770212765957448    0.07539697254404944
1.5788297872340427    0.07527271920090943
1.5806382978723406    0.07446812003281998
1.5824468085106382    0.07348651613665451
1.5842553191489361    0.07251261635235952
1.586063829787234    0.07128875875332778
1.587872340425532    0.06949816403486485
1.5896808510638298    0.06713771168226491
1.5914893617021277    0.06446197935440377
1.5932978723404256    0.06167021688589795
1.5951063829787235    0.05877746179394584
1.5969148936170212    0.055774351285963766
1.5987234042553191    0.05277107085628471
1.600531914893617    0.049889570698843505
1.602340425531915    0.04706010179543564
1.6041489361702128    0.04402568668063969
1.6059574468085107    0.04057968016660794
1.6077659574468086    0.03675779151825309
1.6095744680851065    0.03277075666101806
1.6113829787234042    0.028778382416079128
1.613191489361702    0.02475974954251048
1.615    0.020581836198993966
1.616808510638298    0.016152022496663657
1.6186170212765958    0.011506888516165197
1.6204255319148937    0.006799725645683586
1.6222340425531916    0.002222777147138824
1.6240425531914895    -0.002101571545597649
1.6258510638297874    -0.006213903324844257
1.627659574468085    -0.010313445125235113
1.629468085106383    -0.01461732858122682
1.6312765957446809    -0.019176264198225726
1.6330851063829788    -0.023807452323461376
1.6348936170212767    -0.028198260914150147
1.6367021276595746    -0.03206692070279443
1.6385106382978725    -0.03524360038959651
1.6403191489361704    -0.03766765804216557
1.642127659574468    -0.03938854942979843
1.643936170212766    -0.04059025780018867
1.6457446808510638    -0.04155927923921396
1.6475531914893617    -0.042559180572261796
1.6493617021276596    -0.043712161204203334
1.6511702127659575    -0.04501091210709243
1.6529787234042554    -0.04643522272517836
1.6547872340425533    -0.04802185170325708
1.656595744680851    -0.04980824975497744
1.658404255319149    -0.051742826561598454
1.6602127659574468    -0.05369185505001475
1.6620212765957447    -0.055536173510990786
1.6638297872340426    -0.057241511887886426
1.6656382978723405    -0.05884752603569747
1.6674468085106384    -0.060436891794206554
1.6692553191489363    -0.06213551019598551
1.671063829787234    -0.0640944043988198
1.672872340425532    -0.06640317016413716
1.6746808510638298    -0.06900997709351661
1.6764893617021277    -0.07176815748276058
1.6782978723404256    -0.07457573511825705
1.6801063829787235    -0.07741956175864542
1.6819148936170214    -0.08023764783842505
1.6837234042553193    -0.08277866069234768
1.685531914893617    -0.08469075069761692
1.6873404255319149    -0.08578283210641224
1.6891489361702128    -0.08613463157161802
1.6909574468085107    -0.08588696691848352
1.6927659574468086    -0.08496750020929517
1.6945744680851065    -0.08313154507957765
1.6963829787234044    -0.08030284808177063
1.6981914893617023    -0.0767749072958033
1.7    -0.07296920327481246
1.7018085106382979    -0.06901648451809606
1.7036170212765958    -0.0646938528854418
1.7054255319148937    -0.059826633104009236
1.7072340425531916    -0.05466536116360078
1.7090425531914895    -0.04975297323973836
1.7108510638297874    -0.045421059486404666
1.7126595744680853    -0.04150714267074383
1.714468085106383    -0.03759646508369753
1.7162765957446808    -0.0334508877350482
1.7180851063829787    -0.029117231098088475
1.7198936170212766    -0.02468150580227438
1.7217021276595745    -0.020085583432145164
1.7235106382978724    -0.015264876379629144
1.7253191489361703    -0.01036893827966347
1.7271276595744682    -0.005700392788341425
1.728936170212766    -0.001411374220325141
1.7307446808510638    0.0026515545680050583
1.7325531914893617    0.0067532865878531245
1.7343617021276596    0.010981662406331527
1.7361702127659575    0.015210086713175267
1.7379787234042554    0.019287502927035793
1.7397872340425533    0.02314791135200569
1.7415957446808512    0.026719048833964032
1.7434042553191489    0.029852718820888212
1.7452127659574468    0.03246469960173294
1.7470212765957447    0.03470748469736869
1.7488297872340426    0.03687169531200672
1.7506382978723405    0.03906489911924055
1.7524468085106384    0.0410692874274243
1.7542553191489363    0.04259196500685858
1.7560638297872342    0.04359893395515933
1.7578723404255319    0.044285074720487955
1.7596808510638298    0.04470956823182343
1.7614893617021277    0.04459530125512806
1.7632978723404256    0.04360023999060171
1.7651063829787235    0.041749195854411114
1.7669148936170214    0.039491563305107655
1.7687234042553193    0.03732427069828391
1.7705319148936172    0.03545039440516841
1.7723404255319148    0.0338325183675041
1.7741489361702127    0.03244125931001547
1.7759574468085106    0.03128916396883337
1.7777659574468085    0.03024581050102646
1.7795744680851064    0.02902161538817566
1.7813829787234043    0.027477014539190645
1.7831914893617022    0.0258747369981856
1.7850000000000001    0.02466025429747995
1.7868085106382978    0.023960537903196834
1.7886170212765957    0.023425764557998517
1.7904255319148936    0.022652019982006714
1.7922340425531915    0.021673379467867362
1.7940425531914894    0.020900627890758992
1.7958510638297873    0.020592041743100656
1.7976595744680852    0.020542478853045
1.7994680851063831    0.020369993413029905
1.8012765957446808    0.019981518757550096
1.8030851063829787    0.01958710234328983
1.8048936170212766    0.019276668742930166
1.8067021276595745    0.018775776856123333
1.8085106382978724    0.01773137191319448
1.8103191489361703    0.016129133462020613
1.8121276595744682    0.014263275401607909
1.813936170212766    0.012318179135972915
1.8157446808510638    0.010175041410739199
1.8175531914893617    0.007733098663555784
1.8193617021276596    0.00527710324872846
1.8211702127659575    0.003308813265186202
1.8229787234042554    0.001990846672804334
1.8247872340425533    0.0009332697953599225
1.8265957446808512    -0.0003454794845863514
1.828404255319149    -0.0018321590114268157
1.8302127659574468    -0.003036812385831359
1.8320212765957447    -0.003570929995612245
1.8338297872340426    -0.0035399336490176837
1.8356382978723405    -0.0032981790707246545
1.8374468085106384    -0.0029751250873452937
1.8392553191489363    -0.002433948863540589
1.8410638297872342    -0.001660737985681838
1.842872340425532    -0.0009598777106108276
1.8446808510638297    -0.0006215829521502452
1.8464893617021276    -0.0005067098005045786
1.8482978723404255    -0.0001477060661955684
1.8501063829787234    0.0007409694397938163
1.8519148936170213    0.002029299176549834
1.8537234042553192    0.003526284455586193
1.8555319148936171    0.00540647974460653
1.857340425531915    0.008069609725808556
1.859148936170213    0.01157788002681052
1.8609574468085106    0.015441499335678665
1.8627659574468085    0.019108059753683772
1.8645744680851064    0.022579997688711627
1.8663829787234043    0.026381210719767234
1.8681914893617022    0.030906016117447678
1.87    0.03595092246927894
1.871808510638298    0.04096568066439427
1.873617021276596    0.045648489983811415
1.8754255319148936    0.050146783455094206
1.8772340425531915    0.054713182355709426
1.8790425531914894    0.059349716292607387
1.8808510638297873    0.06386612277350376
1.8826595744680852    0.0681383729949363
1.884468085106383    0.0721230113865258
1.886276595744681    0.07563062019453992
1.8880851063829789    0.07826593687941094
1.8898936170212766    0.07969331262748264
1.8917021276595745    0.07987508256156378
1.8935106382978724    0.0789467731234487
1.8953191489361703    0.0769366944851744
1.8971276595744682    0.07379402148652989
1.898936170212766    0.06972991644075602
1.900744680851064    0.065337686440219
1.9025531914893619    0.06116782648697203
1.9043617021276595    0.057185144235984794
1.9061702127659574    0.052794190560372684
1.9079787234042553    0.04745587368914317
1.9097872340425532    0.04116999301564754
1.9115957446808511    0.03427405856742037
1.913404255319149    0.026894954760403884
1.915212765957447    0.018806318326199292
1.9170212765957448    0.009843095188738722
1.9188297872340425    0.00024513741832256353
1.9206382978723404    -0.009580753488779282
1.9224468085106383    -0.019550273746417723
1.9242553191489362    -0.02993238910854727
1.9260638297872341    -0.04083790206800471
1.927872340425532    -0.0518522612243842
1.92968085106383    -0.06233020196504681
1.9314893617021278    -0.07197502765896234
1.9332978723404255    -0.08093714998052655
1.9351063829787234    -0.08933128949019985
1.9369148936170213    -0.09687597377868055
1.9387234042553192    -0.10318208016692106
1.940531914893617    -0.10829299005893582
1.942340425531915    -0.11269219230225096
1.944148936170213    -0.11670567338143047
1.9459574468085108    -0.12007494655402233
1.9477659574468085    -0.12228347506009056
1.9495744680851064    -0.12321871488033705
1.9513829787234043    -0.12329532067367664
1.9531914893617022    -0.12288226660129604
1.955    -0.12180773812946467
1.956808510638298    -0.11960775528135824
1.9586170212765959    -0.11618849352251927
1.9604255319148938    -0.11202943100372038
1.9622340425531914    -0.10767741363118784
1.9640425531914893    -0.10321243317750982
1.9658510638297872    -0.0983653783951572
1.9676595744680851    -0.0930814297809897
1.969468085106383    -0.08776401201113108
1.971276595744681    -0.08291169181451001
1.9730851063829788    -0.07866531534474482
1.9748936170212767    -0.07483116080571482
1.9767021276595744    -0.0712580677711085
1.9785106382978723    -0.06802574961407075
1.9803191489361702    -0.0652783956053085
1.9821276595744681    -0.06307624140814426
1.983936170212766    -0.06153212268592659
1.985744680851064    -0.06095952322014202
1.9875531914893618    -0.06166077224694977
1.9893617021276597    -0.06353151320934866
1.9911702127659574    -0.06603456959870949
1.9929787234042553    -0.06866556008225294
1.9947872340425532    -0.0713379592395583
1.996595744680851    -0.0741703777576973
1.998404255319149    -0.07696925355504158
2.0002127659574467    -0.07915928428642627
2.0020212765957446    -0.08032669843883619
2.0038297872340425    -0.08066528054252772
2.0056382978723404    -0.08068026819753368
2.0074468085106383    -0.08048545403592627
2.009255319148936    -0.07960355457350207
2.011063829787234    -0.07752708520027501
2.012872340425532    -0.07427403276504094
2.01468085106383    -0.07018798639047952
2.016489361702128    -0.06529449072128926
2.0182978723404257    -0.05917632253257783
2.0201063829787236    -0.051632113148659925
2.0219148936170215    -0.043252948693194807
2.0237234042553194    -0.03505813031143698
2.0255319148936173    -0.02753484781003475
2.0273404255319147    -0.02023738025165725
2.0291489361702126    -0.012410175864061637
2.0309574468085105    -0.0038034221197291336
2.0327659574468084    0.005333085848453762
2.0345744680851063    0.01494273391196464
2.0363829787234042    0.025496966124349485
2.038191489361702    0.03747679366636533
2.04    0.05072434601696635
2.041808510638298    0.06457932359089745
2.043617021276596    0.07861686440026246
2.0454255319148937    0.09294922939806281
2.0472340425531916    0.10765050827838547
2.0490425531914895    0.12210612740898232
2.0508510638297874    0.1352508089812543
2.0526595744680853    0.14647523419744368
2.0544680851063832    0.15604600819879788
2.0562765957446807    0.1644857363486268
2.0580851063829786    0.17171556198335464
2.0598936170212765    0.17705964086182407
2.0617021276595744    0.18005954409957126
2.0635106382978723    0.18099690889577263
2.06531914893617    0.18046104568472238
2.067127659574468    0.17859196630181579
2.068936170212766    0.1750239585736254
2.070744680851064    0.1695597713591736
2.072553191489362    0.16261340071249847
2.0743617021276597    0.15480826702678174
2.0761702127659576    0.14628706290673826
2.0779787234042555    0.13666991642752224
2.0797872340425534    0.12570554474035045
2.0815957446808513    0.1137476517548168
2.083404255319149    0.1014757388001287
2.085212765957447    0.0893056397646077
2.0870212765957445    0.0772729838929885
2.0888297872340424    0.06542601490656666
2.0906382978723403    0.05405181379988741
2.0924468085106382    0.04338116295466263
2.094255319148936    0.03325289160240108
2.096063829787234    0.023321796062839135
2.097872340425532    0.013599079481098168
2.09968085106383    0.004575637619581654
2.1014893617021277    -0.0032881032330380703
2.1032978723404256    -0.010032190695156174
2.1051063829787235    -0.015969602151878266
2.1069148936170214    -0.0210492901346708
2.1087234042553193    -0.024687447852380397
2.1105319148936172    -0.02635268225962125
2.112340425531915    -0.026201251431163163
2.114148936170213    -0.024995125717623794
2.1159574468085105    -0.02345886987604605
2.1177659574468084    -0.021887929065905976
2.1195744680851063    -0.020378442864691947
2.121382978723404    -0.01919188002812526
2.123191489361702    -0.018679502607358588
2.125    -0.018907882571233714
2.126808510638298    -0.01956663166060474
2.128617021276596    -0.02029400612696384
2.1304255319148937    -0.02093264175990992
2.1322340425531916    -0.021371987218355246
2.1340425531914895    -0.02132423450843881
2.1358510638297874    -0.02054720783705588
2.1376595744680853    -0.01934580504558487
2.139468085106383    -0.01861779214174842
2.141276595744681    -0.01916383517583023
2.143085106382979    -0.020945222043794093
2.1448936170212765    -0.023140248349526854
2.1467021276595744    -0.024924351267896154
2.1485106382978723    -0.026062014222475748
2.15031914893617    -0.026735945809990093
2.152127659574468    -0.027062369238539004
2.153936170212766    -0.02705957942572742
2.155744680851064    -0.02706495047234181
2.1575531914893618    -0.027862089599877515
2.1593617021276597    -0.030139567937642962
2.1611702127659576    -0.03386353753552756
2.1629787234042555    -0.03835629310011473
2.1647872340425534    -0.04300275560897194
2.1665957446808513    -0.04771530772508726
2.168404255319149    -0.05263098276878294
2.170212765957447    -0.05751552103184055
2.172021276595745    -0.06167557070673608
2.1738297872340424    -0.06446178299132146
2.1756382978723403    -0.0657067170841103
2.177446808510638    -0.06563553861540772
2.179255319148936    -0.06452627397749644
2.181063829787234    -0.06260818620205405
2.182872340425532    -0.06016858731526785
2.18468085106383    -0.05746666731435274
2.1864893617021277    -0.05442041274133169
2.1882978723404256    -0.05055042718918697
2.1901063829787235    -0.04545316818848291
2.1919148936170214    -0.03933166607325597
2.1937234042553193    -0.03290428470109592
2.195531914893617    -0.026742052731550364
2.197340425531915    -0.020820292049883442
2.199148936170213    -0.01479397221029017
2.200957446808511    -0.008564137590040901
2.2027659574468084    -0.0023719047205661755
2.2045744680851063    0.0036217261911839684
2.206382978723404    0.009564552030548226
2.208191489361702    0.015538346816801175
2.21    0.021097742903717402
2.211808510638298    0.02547070576324622
2.2136170212765958    0.028313213168566782
2.2154255319148937    0.030112308268297035
2.2172340425531916    0.03170565615287802
2.2190425531914895    0.033467873552767015
2.2208510638297874    0.035078934250876055
2.2226595744680853    0.035994282405992194
2.224468085106383    0.035894733198164615
2.226276595744681    0.03461070279300212
2.228085106382979    0.03187650804186106
2.229893617021277    0.02749397501820222
2.2317021276595743    0.021767951219696748
2.233510638297872    0.015515391936641643
2.23531914893617    0.009440143114365002
2.237127659574468    0.0035739409017595328
2.238936170212766    -0.0024942610650753464
2.240744680851064    -0.008860391815101107
2.2425531914893617    -0.014967215161398782
2.2443617021276596    -0.020090175267893244
2.2461702127659575    -0.024000120505873315
2.2479787234042554    -0.026999972039218376
2.2497872340425533    -0.029427051613741977
2.251595744680851    -0.031386287400520706
2.253404255319149    -0.03302754956137833
2.255212765957447    -0.034810619285585535
2.257021276595745    -0.03719460901849344
2.258829787234043    -0.04006436509350878
2.2606382978723403    -0.042693011000527296
2.262446808510638    -0.04439232909064166
2.264255319148936    -0.04508841427926715
2.266063829787234    -0.04515794280493216
2.267872340425532    -0.044852174325014725
2.2696808510638298    -0.04414781721929411
2.2714893617021277    -0.043186218051515284
2.2732978723404256    -0.04255683709664888
2.2751063829787235    -0.04284529193055293
2.2769148936170214    -0.043906901187763296
2.2787234042553193    -0.044802977531554926
2.280531914893617    -0.04455615504317704
2.282340425531915    -0.042871380109046765
2.284148936170213    -0.04007329213629681
2.285957446808511    -0.03654733674679541
2.2877659574468088    -0.03251322797956301
2.2895744680851062    -0.028318967169254486
2.291382978723404    -0.02460081328760822
2.293191489361702    -0.02184310653155285
2.295    -0.01982696520736047
2.296808510638298    -0.017782117120572913
2.2986170212765957    -0.015200783265325556
2.3004255319148936    -0.012353596192949252
2.3022340425531915    -0.009846151797780651
2.3040425531914894    -0.007744307996919695
2.3058510638297873    -0.005342803882563196
2.3076595744680852    -0.0018516439537943864
2.309468085106383    0.0028287984332736878
2.311276595744681    0.008098205624182741
2.313085106382979    0.013284593136404559
2.314893617021277    0.01811422057797516
2.3167021276595747    0.022632985466932133
2.3185106382978726    0.026956381561160994
2.32031914893617    0.03128284972334653
2.322127659574468    0.03600793009629536
2.323936170212766    0.04150917537007252
2.325744680851064    0.04767010610570436
2.3275531914893617    0.05373952528441766
2.3293617021276596    0.05885005159855105
2.3311702127659575    0.06273052367749182
2.3329787234042554    0.06587232806937884
2.3347872340425533    0.06902131693896757
2.336595744680851    0.07258618253336355
2.338404255319149    0.07651513456153558
2.340212765957447    0.08055926734125579
2.342021276595745    0.08448657488059633
2.343829787234043    0.0881005150846022
2.3456382978723407    0.09129937680579878
2.3474468085106386    0.09429452707949426
2.349255319148936    0.09770165639602812
2.351063829787234    0.10219645107271094
2.352872340425532    0.10791432957599084
2.3546808510638297    0.11415850490330079
2.3564893617021276    0.11973870234005887
2.3582978723404255    0.12365775729495573
2.3601063829787234    0.1255800036256588
2.3619148936170213    0.1257975225205652
2.3637234042553192    0.12485359792659961
2.365531914893617    0.12313872949009022
2.367340425531915    0.12065444633312333
2.369148936170213    0.11701286128818178
2.370957446808511    0.111681457060786
2.3727659574468087    0.10437077007520582
2.3745744680851066    0.09531458950775673
2.3763829787234045    0.08521897620006022
2.378191489361702    0.07491947736127483
2.38    0.065023075418845
2.381808510638298    0.055759299146720606
2.3836170212765957    0.04702485304458036
2.3854255319148936    0.03849612815623023
2.3872340425531915    0.029783261682515938
2.3890425531914894    0.02066328485640921
2.3908510638297873    0.011299726414076859
2.392659574468085    0.002233038349260419
2.394468085106383    -0.005928089559957182
2.396276595744681    -0.012882322394143116
2.398085106382979    -0.018767190135366124
2.399893617021277    -0.023997096590290798
2.4017021276595747    -0.02903117686119839
2.4035106382978726    -0.03425501478699077
2.4053191489361705    -0.03993241643794295
2.407127659574468    -0.046125677815851675
2.408936170212766    -0.05264491322186309
2.4107446808510637    -0.059154214685102006
2.4125531914893616    -0.06537294947356068
2.4143617021276595    -0.07114635763799593
2.4161702127659574    -0.0763255424598922
2.4179787234042553    -0.08070011252790626
2.4197872340425532    -0.08419387433443623
2.421595744680851    -0.08712927087033476
2.423404255319149    -0.09014522474250924
2.425212765957447    -0.09371575461107176
2.427021276595745    -0.09776418736160711
2.4288297872340427    -0.10184944309539878
2.4306382978723406    -0.10574456817159486
2.4324468085106385    -0.10973091680655186
2.4342553191489364    -0.11425443972864463
2.436063829787234    -0.11935801871216936
2.437872340425532    -0.12455653252143362
2.4396808510638297    -0.12925952717302358
2.4414893617021276    -0.1332087141876651
2.4432978723404255    -0.1364719872882163
2.4451063829787234    -0.1391430844762423
2.4469148936170213    -0.1411983555485422
2.448723404255319    -0.14262027665570826
2.450531914893617    -0.1434751026253966
2.452340425531915    -0.14374274309786222
2.454148936170213    -0.14314055522592417
2.455957446808511    -0.14127481509204343
2.4577659574468087    -0.13803067012478543
2.4595744680851066    -0.13376343146358033
2.4613829787234045    -0.1290747032134522
2.4631914893617024    -0.12444543050229567
2.465    -0.12010041034807528
2.4668085106382978    -0.1161093708724116
2.4686170212765957    -0.11245152462402114
2.4704255319148936    -0.10895342505301703
2.4722340425531915    -0.10531017279871613
2.4740425531914894    -0.10130812225797106
2.4758510638297873    -0.09699806367432134
2.477659574468085    -0.09251189984069816
2.479468085106383    -0.08765143274133066
2.481276595744681    -0.08174628059722358
2.483085106382979    -0.0740350447143204
2.4848936170212768    -0.06422445401674534
2.4867021276595747    -0.05267220860740039
2.4885106382978726    -0.04006803569815828
2.4903191489361705    -0.026994465950538532
2.4921276595744684    -0.01374348174176332
2.493936170212766    -0.0003797309905673382
2.4957446808510637    0.013154594331801613
2.4975531914893616    0.026932750023244578
2.4993617021276595    0.04084095461891278
2.5011702127659574    0.05436424292196379
2.5029787234042553    0.06663864025969188
2.504787234042553    0.07685911877482696
2.506595744680851    0.08472280369891666
2.508404255319149    0.09050695022541083
2.510212765957447    0.09477481023830175
2.512021276595745    0.09806088972267618
2.5138297872340427    0.10075866018367477
2.5156382978723406    0.10307066860147987
2.5174468085106385    0.10485896980635179
2.5192553191489364    0.10557969471092482
2.5210638297872343    0.10460780099616271
2.5228723404255318    0.10183307425400662
2.5246808510638297    0.0979444345692202
2.5264893617021276    0.09401321424862846
2.5282978723404255    0.0907171380278933
2.5301063829787234    0.0879467954336641
2.5319148936170213    0.08510712475955501
2.533723404255319    0.08169883375267192
2.535531914893617    0.07759656712452323
2.537340425531915    0.07291982768427618
2.539148936170213    0.06782255054460343
2.5409574468085108    0.06242930594366228
2.5427659574468087    0.05683354208753162
2.5445744680851066    0.05106007422395731
2.5463829787234045    0.045107212402491256
2.5481914893617024    0.03915621968233807
2.5500000000000003    0.03372428658133375
2.551808510638298    0.029455776618094093
2.5536170212765956    0.026657552900584552
2.5554255319148935    0.02508395881716073
2.5572340425531914    0.02424954056272434
2.5590425531914893    0.023906418140834558
2.560851063829787    0.024115364441759067
2.562659574468085    0.024878515138434747
2.564468085106383    0.025873357470490035
2.566276595744681    0.02665024673893819
2.568085106382979    0.026987345380447128
2.5698936170212767    0.026893714287920048
2.5717021276595746    0.026305440295968575
2.5735106382978725    0.025014152996407628
2.5753191489361704    0.023037189770516192
2.5771276595744683    0.020915155442957238
2.578936170212766    0.01937890850457774
2.580744680851064    0.018637457855638348
2.5825531914893616    0.01813441712224203
2.5843617021276595    0.01713031619919088
2.5861702127659574    0.01546537699270601
2.5879787234042553    0.013646862506055332
2.589787234042553    0.012260588573358343
2.591595744680851    0.011490229175324138
2.593404255319149    0.011239379654158395
2.595212765957447    0.011470050801134113
2.5970212765957448    0.012147207440420648
2.5988297872340427    0.012876446630059345
2.6006382978723406    0.012881683734102423
2.6024468085106385    0.011543177829584184
2.6042553191489364    0.008889411228861457
2.6060638297872343    0.0054071119748618605
2.607872340425532    0.0014024030618864656
2.60968085106383    -0.0032611987661859835
2.6114893617021275    -0.008731649523953278
2.6132978723404254    -0.014661539654994837
2.6151063829787233    -0.020342514040581967
2.6169148936170212    -0.02534143512243471
2.618723404255319    -0.0298431942462227
2.620531914893617    -0.034297034092504106
2.622340425531915    -0.03883347539432232
2.624148936170213    -0.04312602966505433
2.6259574468085107    -0.046741652310467854
2.6277659574468086    -0.04946988296500192
2.6295744680851065    -0.05131240827826643
2.6313829787234044    -0.052335897867382006
2.6331914893617023    -0.05267368233874947
2.6350000000000002    -0.05259915342640557
2.636808510638298    -0.05242595993723269
2.638617021276596    -0.05226994993269196
2.6404255319148935    -0.05195664655978559
2.6422340425531914    -0.05117025157134793
2.6440425531914893    -0.04962725471146011
2.645851063829787    -0.04712487265183167
2.647659574468085    -0.043618940341993026
2.649468085106383    -0.03944883237035818
2.651276595744681    -0.03541757244539667
2.653085106382979    -0.03234720324754585
2.6548936170212767    -0.03032734765674404
2.6567021276595746    -0.02845542374447721
2.6585106382978725    -0.02551120279120963
2.6603191489361704    -0.020966813427576406
2.6621276595744683    -0.015290958300333973
2.663936170212766    -0.00930216299215052
2.665744680851064    -0.0034008202546889823
2.667553191489362    0.002485357780051236
2.6693617021276594    0.008407933046207065
2.6711702127659573    0.014150413555797409
2.6729787234042552    0.019495421234593975
2.674787234042553    0.024456184693489334
2.676595744680851    0.029030121816924444
2.678404255319149    0.032866464042217665
2.680212765957447    0.03548540284021499
2.6820212765957447    0.03688525737546874
2.6838297872340426    0.03768224523922877
2.6856382978723405    0.03846280654803343
2.6874468085106384    0.03914880462525943
2.6892553191489363    0.039267501789148014
2.6910638297872342    0.038815775215233
2.692872340425532    0.038524302668569634
2.69468085106383    0.0390671891713879
2.696489361702128    0.0402072000999728
2.6982978723404254    0.04102632929895062
2.7001063829787233    0.04096715131764855
2.701914893617021    0.04031321872929019
2.703723404255319    0.039503937304559526
2.705531914893617    0.03830011123880633
2.707340425531915    0.0360506371249042
2.709148936170213    0.03277894475555732
2.7109574468085107    0.029582189779085305
2.7127659574468086    0.02763810573494277
2.7145744680851065    0.026930149583393313
2.7163829787234044    0.026220869852275404
2.7181914893617023    0.024274086825534752
2.72    0.02087315542948131
2.721808510638298    0.01663745296791192
2.723617021276596    0.01222342030666054
2.725425531914894    0.008030645719705767
2.7272340425531914    0.004480967467267937
2.7290425531914893    0.002010342085776601
2.730851063829787    0.0004938351669095137
2.732659574468085    -0.001032181186486855
2.734468085106383    -0.0036267340462391093
2.736276595744681    -0.007354891071187785
2.7380851063829788    -0.011207416506117755
2.7398936170212767    -0.014224596795863886
2.7417021276595746    -0.016468608649608467
2.7435106382978725    -0.018661101337486427
2.7453191489361704    -0.021033905929368123
2.7471276595744683    -0.022936311048490428
2.748936170212766    -0.023683258239196585
2.750744680851064    -0.02346780720578049
2.752553191489362    -0.023127532649562278
2.75436170212766    -0.023126900883759238
2.7561702127659573    -0.023121059013812062
2.757978723404255    -0.022592151372263614
2.759787234042553    -0.021590312105385444
2.761595744680851    -0.02058024017496203
2.763404255319149    -0.019733868189374684
2.765212765957447    -0.018772227951860523
2.7670212765957447    -0.01759545164472881
2.7688297872340426    -0.016733745128827603
2.7706382978723405    -0.01684978333025041
2.7724468085106384    -0.017859474953036678
2.7742553191489363    -0.018838120136840913
2.776063829787234    -0.018898066156533118
2.777872340425532    -0.017997945944136548
2.77968085106383    -0.016798966211917996
2.781489361702128    -0.015922644492372927
2.783297872340426    -0.01558152589602358
2.7851063829787237    -0.015835921566431883
2.786914893617021    -0.016830658676133856
2.788723404255319    -0.018553889139829687
2.790531914893617    -0.020536370732466877
2.792340425531915    -0.022101406010801468
2.7941489361702128    -0.022980284859969356
2.7959574468085107    -0.023507263176148777
2.7977659574468086    -0.02411572933290681
2.7995744680851065    -0.024784386291450584
2.8013829787234044    -0.025130178779563937
2.8031914893617023    -0.024957266104465775
2.805    -0.024491160252187248
2.806808510638298    -0.024023224083377585
2.808617021276596    -0.023514108728855565
2.810425531914894    -0.022706867285604913
2.8122340425531918    -0.021545710761078418
2.8140425531914897    -0.020287243875221475
2.815851063829787    -0.01916102407037662
2.817659574468085    -0.018057618307930644
2.819468085106383    -0.016632985320697277
2.821276595744681    -0.014634241707662775
2.8230851063829787    -0.01203941213373497
2.8248936170212766    -0.008970142406821997
2.8267021276595745    -0.00562475038363576
2.8285106382978724    -0.0022733796039138606
2.8303191489361703    0.0008832145746470279
2.832127659574468    0.003949102739285387
2.833936170212766    0.0072654794782384255
2.835744680851064    0.010902419301263493
2.837553191489362    0.014276367094376234
2.83936170212766    0.016556833069343864
2.8411702127659577    0.017609892167324025
2.8429787234042556    0.018374208811489323
2.844787234042553    0.020037292979933292
2.846595744680851    0.02279388407201617
2.848404255319149    0.025580754116284632
2.8502127659574468    0.02712417650825425
2.8520212765957447    0.027147132133567273
2.8538297872340426    0.026475702159253593
2.8556382978723405    0.02611877152021913
2.8574468085106384    0.02646196927200735
2.8592553191489363    0.027304885509897098
2.861063829787234    0.02834150027715046
2.862872340425532    0.029357144756067273
2.86468085106383    0.03009733428051977
2.866489361702128    0.03028043145140094
2.8682978723404258    0.029855944395263533
2.8701063829787237    0.029069447931854155
2.8719148936170216    0.028123514695615935
2.873723404255319    0.026893492367680488
2.875531914893617    0.025169599857970668
2.877340425531915    0.023117536825547055
2.8791489361702127    0.02122251279333906
2.8809574468085106    0.01965351737030073
2.8827659574468085    0.01788524296033247
2.8845744680851064    0.015201051864805477
2.8863829787234043    0.011532916739594088
2.8881914893617022    0.007557368022076381
2.89    0.0038861893274358718
2.891808510638298    0.0003900069451654052
2.893617021276596    -0.0034648509148076777
2.895425531914894    -0.007728534748665921
2.8972340425531917    -0.011720158333666198
2.8990425531914896    -0.014747608585683228
2.9008510638297875    -0.016844563468033133
2.902659574468085    -0.018597873118054303
2.904468085106383    -0.02037295340170195
2.906276595744681    -0.021979878145158428
2.9080851063829787    -0.023117852095182308
2.9098936170212766    -0.023861886921997047
2.9117021276595745    -0.024511279015979916
2.9135106382978724    -0.02512753092635414
2.9153191489361703    -0.025535168227014897
2.917127659574468    -0.025808693419302975
2.918936170212766    -0.02646132997545124
2.920744680851064    -0.027916171403984412
2.922553191489362    -0.029895182130519282
2.92436170212766    -0.03158391881175135
2.9261702127659577    -0.03244202346311033
2.9279787234042556    -0.03266759923589285
2.9297872340425535    -0.032775459368431875
2.931595744680851    -0.03289725975075697
2.933404255319149    -0.03270527189064909
2.9352127659574467    -0.031962257799340574
2.9370212765957446    -0.030888479092182106
2.9388297872340425    -0.029883389285375234
2.9406382978723404    -0.02906189064337849
2.9424468085106383    -0.028249438194964747
2.9442553191489362    -0.02735158299770432
2.946063829787234    -0.026489383555590364
2.947872340425532    -0.025708746240219495
2.94968085106383    -0.0247571234582898
2.951489361702128    -0.023342548876941496
2.9532978723404257    -0.02157127731215179
2.9551063829787236    -0.019961016084474953
2.9569148936170215    -0.018976818229324392
2.9587234042553194    -0.018642264668808493
2.960531914893617    -0.018615144619254294
2.962340425531915    -0.01849884121292856
2.9641489361702127    -0.017992134077593834
2.9659574468085106    -0.01689010164276092
2.9677659574468085    -0.015183053295280614
2.9695744680851064    -0.013176351043573453
2.9713829787234043    -0.011289001750324029
2.973191489361702    -0.009584219647811806
2.975    -0.007636832748155582
2.976808510638298    -0.005085126039413574
2.978617021276596    -0.0022777973833562667
2.980425531914894    -0.00010068909679022747
2.9822340425531917    0.0009841693512839557
2.9840425531914896    0.001550311696904424
2.9858510638297875    0.002621529442283007
2.9876595744680854    0.004519368501355747
2.989468085106383    0.006553300714050295
2.9912765957446807    0.007943060008985287
2.9930851063829786    0.008798052351568192
2.9948936170212765    0.009910050405610226
2.9967021276595744    0.011652662709698197
2.9985106382978723    0.01342114060678926
3.0003191489361702    0.01431981067601568
3.002127659574468    0.014205080310306317
3.003936170212766    0.013806149221693417
3.005744680851064    0.013882814884236698
3.007553191489362    0.01453558365975604
3.0093617021276597    0.01541021073872411
3.0111702127659576    0.016311349648862147
3.0129787234042555    0.017358311521401076
3.0147872340425534    0.018639147605126694
3.0165957446808513    0.0200328943221572
3.0184042553191492    0.02147961776230102
3.0202127659574467    0.023184690607592658
3.0220212765957446    0.025303996122792896
3.0238297872340425    0.027495196888413044
3.0256382978723404    0.029054368578209214
3.0274468085106383    0.02960881666184246
3.029255319148936    0.0295220738193243
3.031063829787234    0.029465671882461374
3.032872340425532    0.029670559668317872
3.03468085106383    0.029769280576813092
3.036489361702128    0.02935822076809126
3.0382978723404257    0.028518628596018544
3.0401063829787236    0.027688410501673387
3.0419148936170215    0.027163154500396997
3.0437234042553194    0.026890195366347992
3.0455319148936173    0.026691438345740184
3.047340425531915    0.026475456629224965
3.0491489361702127    0.02616845794057039
3.0509574468085106    0.025619988673210504
3.0527659574468085    0.02475699934573925
3.0545744680851064    0.02377320035470893
3.0563829787234043    0.022978136948087174
3.058191489361702    0.022421080922432134
3.06    0.021819470146382296
3.061808510638298    0.020961293663537772
3.063617021276596    0.02006048096379307
3.0654255319148938    0.019535398388719517
3.0672340425531917    0.019443461844218378
3.0690425531914896    0.0193019850061137
3.0708510638297875    0.01854037164633491
3.0726595744680854    0.017012614551681342
3.0744680851063833    0.01497342203473849
3.076276595744681    0.012689941284417177
3.0780851063829786    0.01031057445842352
3.0798936170212765    0.008117808861495601
3.0817021276595744    0.006619590684315448
3.0835106382978723    0.006123263906960257
3.08531914893617    0.0062601207137980945
3.087127659574468    0.006172401315027326
3.088936170212766    0.005282973672002932
3.090744680851064    0.003768397447200594
3.092553191489362    0.002173701961309506
3.0943617021276597    0.0006783374902270545
3.0961702127659576    -0.0010568832082244327
3.0979787234042555    -0.0033135112093407534
3.0997872340425534    -0.005804354049228137
3.1015957446808513    -0.007905625630966143
3.103404255319149    -0.009340616701672789
3.105212765957447    -0.010482672988933437
3.1070212765957446    -0.011964184716420356
3.1088297872340425    -0.014099500426106314
3.1106382978723404    -0.016732766146928448
3.1124468085106383    -0.019530922423699842
3.114255319148936    -0.022299906192286365
3.116063829787234    -0.025050477979001482
3.117872340425532    -0.027885527074992793
3.11968085106383    -0.030855424097575194
3.1214893617021278    -0.03383327403101874
3.1232978723404257    -0.03649376658512156
3.1251063829787236    -0.03852540045613992
3.1269148936170215    -0.039978868619239896
3.1287234042553194    -0.04134801816599465
3.1305319148936173    -0.04313680934244074
3.132340425531915    -0.04528948717007768
3.134148936170213    -0.04716992095597661
3.1359574468085105    -0.04821257607376207
3.1377659574468084    -0.04852530786463766
3.1395744680851063    -0.04871371514304951
3.141382978723404    -0.049133867313799484
3.143191489361702    -0.0494985313829827
3.145    -0.049307358666301204
3.146808510638298    -0.04851559933097355
3.148617021276596    -0.047579229876192855
3.1504255319148937    -0.04686209037741948
3.1522340425531916    -0.04621133889429112
3.1540425531914895    -0.04522205085078572
3.1558510638297874    -0.043762010713225885
3.1576595744680853    -0.04202598952618407
3.159468085106383    -0.040102100599114315
3.161276595744681    -0.037723767263689506
3.163085106382979    -0.03459308855351312
3.1648936170212765    -0.030834468164607845
3.1667021276595744    -0.026941337441383044
3.1685106382978723    -0.023267315597180607
3.17031914893617    -0.019714053972382038
3.172127659574468    -0.015976754021085615
3.173936170212766    -0.011974029253367425
3.175744680851064    -0.007916037761091742
3.1775531914893618    -0.004011268805649211
3.1793617021276597    -0.00026249290076333677
3.1811702127659576    0.003418637465043967
3.1829787234042555    0.007025041992114641
3.1847872340425534    0.0104762745268613
3.1865957446808513    0.013757945854805933
3.188404255319149    0.01692381289873364
3.190212765957447    0.019964864669471324
3.192021276595745    0.02277133385794146
3.1938297872340424    0.02524398579914574
3.1956382978723403    0.027359565444834047
3.1974468085106382    0.029098159448032936
3.199255319148936    0.03041852959674282
3.201063829787234    0.031405777394487834
3.202872340425532    0.032352004368900046
3.20468085106383    0.03349321212647497
3.2064893617021277    0.034629361697181595
3.2082978723404256    0.03519886157695542
3.2101063829787235    0.03490160840881413
3.2119148936170214    0.03416401562316152
3.2137234042553193    0.03376872915118951
3.2155319148936172    0.03398905306709168
3.217340425531915    0.03429434513671487
3.219148936170213    0.03405274327193058
3.220957446808511    0.03336783029803656
3.2227659574468084    0.032954284320970285
3.2245744680851063    0.03318419663762787
3.226382978723404    0.03354767419765369
3.228191489361702    0.033260721613367274
3.23    0.03224637524882563
3.231808510638298    0.03120422515060394
3.233617021276596    0.030668208598366956
3.2354255319148937    0.03027521439337552
3.2372340425531916    0.029185240601918877
3.2390425531914895    0.027100587534539027
3.2408510638297874    0.02459655294268398
3.2426595744680853    0.022407275613675906
3.244468085106383    0.020617461091612457
3.246276595744681    0.018717270178125044
3.248085106382979    0.016316756396222327
3.249893617021277    0.013580630049750388
3.251702127659575    0.010967628015990556
3.2535106382978722    0.0087515091714329
3.25531914893617    0.006881074243117954
3.257127659574468    0.005134361969771798
3.258936170212766    0.003238556787048914
3.260744680851064    0.0009462422633253502
3.2625531914893617    -0.001744894505355753
3.2643617021276596    -0.004391366433748116
3.2661702127659575    -0.00634723701525196
3.2679787234042554    -0.007401041566571554
3.2697872340425533    -0.008079828362006575
3.2715957446808512    -0.009108154361422118
3.273404255319149    -0.010561346233713284
3.275212765957447    -0.011767387502287945
3.277021276595745    -0.012151284807563247
3.278829787234043    -0.011999818971048078
3.2806382978723407    -0.012182616950635449
3.282446808510638    -0.013189025453395006
3.284255319148936    -0.014696834184482397
3.286063829787234    -0.016144788199256754
3.287872340425532    -0.017460962602370577
3.28968085106383    -0.018983575862086693
3.2914893617021277    -0.02079049605455902
3.2932978723404256    -0.022448252296052473
3.2951063829787235    -0.02352694907279081
3.2969148936170214    -0.024113482352235236
3.2987234042553193    -0.024596105418987043
3.300531914893617    -0.025087744127621953
3.302340425531915    -0.025376678249500382
3.304148936170213    -0.02547009549927386
3.305957446808511    -0.02584941644494401
3.307765957446809    -0.026927154454719267
3.3095744680851067    -0.028406409139470266
3.311382978723404    -0.02952029384061181
3.313191489361702    -0.029957687686171717
3.315    -0.030253100253476776
3.316808510638298    -0.031043061441508302
3.3186170212765957    -0.03211804497641495
3.3204255319148936    -0.0325521601191511
3.3222340425531915    -0.03182038180081094
3.3240425531914894    -0.03050521672817156
3.3258510638297873    -0.029694543580959985
3.3276595744680852    -0.029826104640198102
3.329468085106383    -0.030380558893214518
3.331276595744681    -0.0306820551022068
3.333085106382979    -0.030696184961125278
3.334893617021277    -0.030863959467839798
3.3367021276595747    -0.03133482066943052
3.3385106382978726    -0.03165822232436153
3.34031914893617    -0.0312670258960765
3.342127659574468    -0.030054940890486083
3.343936170212766    -0.028358056276847524
3.345744680851064    -0.02650268313640789
3.3475531914893617    -0.024542882327012405
3.3493617021276596    -0.022393564391118344
3.3511702127659575    -0.020025979026937174
3.3529787234042554    -0.017465806162070656
3.3547872340425533    -0.014728246901129165
3.356595744680851    -0.011857519580076852
3.358404255319149    -0.00894326025544753
3.360212765957447    -0.005961145971309761
3.362021276595745    -0.0026329613086398668
3.363829787234043    0.0013822550767624059
3.3656382978723407    0.0060847922777725934
3.3674468085106386    0.011029059923064763
3.369255319148936    0.01572107700746945
3.371063829787234    0.020054551882656958
3.372872340425532    0.024238127482073615
3.3746808510638298    0.028347372729509365
3.3764893617021277    0.032148491155820275
3.3782978723404256    0.03544356518980958
3.3801063829787235    0.03842625538259821
3.3819148936170214    0.04150322325935746
3.3837234042553193    0.044793433527633014
3.385531914893617    0.047983727061679776
3.387340425531915    0.050719617648644494
3.389148936170213    0.05296263085921721
3.390957446808511    0.054828240052887944
3.3927659574468088    0.056200779177963595
3.3945744680851067    0.05674882867931072
3.3963829787234046    0.056350111573351264
3.398191489361702    0.05528932942165525
3.4    0.0538944256636599
3.401808510638298    0.05211290543428865
3.4036170212765957    0.049664123435377655
3.4054255319148936    0.046590227052097186
3.4072340425531915    0.04342027005559908
3.4090425531914894    0.040665176926898555
3.4108510638297873    0.038296216992163845
3.412659574468085    0.03589921607816143
3.414468085106383    0.03326916631158619
3.416276595744681    0.030620618000639338
3.418085106382979    0.02816048234109462
3.419893617021277    0.025670097288985193
3.4217021276595747    0.02269528397477858
3.4235106382978726    0.019057122213431497
3.4253191489361705    0.014974255114162213
3.427127659574468    0.010706080054672683
3.428936170212766    0.006318123375687153
3.4307446808510638    0.001898342930066358
3.4325531914893617    -0.0022293692708167147
3.4343617021276596    -0.0057871990321109335
3.4361702127659575    -0.008992478869354295
3.4379787234042554    -0.01243400618636447
3.4397872340425533    -0.016385210562681402
3.441595744680851    -0.020456472195268315
3.443404255319149    -0.024134052309359773
3.445212765957447    -0.027507873373283902
3.447021276595745    -0.03112362298772837
3.4488297872340428    -0.035068066285661115
3.4506382978723407    -0.03855112250532616
3.4524468085106386    -0.04068686042118688
3.4542553191489365    -0.04153794138848231
3.456063829787234    -0.04202396670672126
3.457872340425532    -0.04275364335074473
3.4596808510638297    -0.04330500015390808
3.4614893617021276    -0.042916793203571946
3.4632978723404255    -0.04166486515825768
3.4651063829787234    -0.04053150412682832
3.4669148936170213    -0.04025715719017044
3.468723404255319    -0.0404904140822024
3.470531914893617    -0.040325743025509064
3.472340425531915    -0.039452179641284835
3.474148936170213    -0.03838397897428862
3.475957446808511    -0.03757539805537516
3.4777659574468087    -0.03673647907710097
3.4795744680851066    -0.03528908347043995
3.4813829787234045    -0.033245049116331166
3.4831914893617024    -0.03121381626850614
3.4850000000000003    -0.02952429367597744
3.4868085106382978    -0.02772230953166282
3.4886170212765957    -0.025173065010541694
3.4904255319148936    -0.021934590525650277
3.4922340425531915    -0.018688536558771708
3.4940425531914894    -0.01583268657062869
3.4958510638297873    -0.012986362202764536
3.497659574468085    -0.009554210136401477
3.499468085106383    -0.005534736480905009
3.501276595744681    -0.0014879793838409741
3.503085106382979    0.0022050253455170323
3.5048936170212768    0.005720389322206965
3.5067021276595747    0.00934973237986175
3.5085106382978726    0.012970925026564873
3.5103191489361705    0.016210683907409096
3.5121276595744684    0.018998630815359727
3.5139361702127663    0.02164103913591575
3.5157446808510637    0.024299691125987483
3.5175531914893616    0.026684367591933746
3.5193617021276595    0.02846617249028588
3.5211702127659574    0.02983159500924553
3.5229787234042553    0.03133931657181009
3.5247872340425532    0.03322398253298382
3.526595744680851    0.03510155510137286
3.528404255319149    0.03648327695578436
3.530212765957447    0.03736975327073212
3.532021276595745    0.0380965124243936
3.5338297872340427    0.038677349532687796
3.5356382978723406    0.03860395583541616
3.5374468085106385    0.03740710190144342
3.5392553191489364    0.035216550267552715
3.5410638297872343    0.032583806736836265
3.5428723404255322    0.029867199684816957
3.5446808510638297    0.027022340198776362
3.5464893617021276    0.023970947369777333
3.5482978723404255    0.02088565035213854
3.5501063829787234    0.01794733500079386
3.5519148936170213    0.015008978807658675
3.553723404255319    0.011768121797181366
3.555531914893617    0.008244387350729906
3.557340425531915    0.00481992138871359
3.559148936170213    0.001703226190637671
3.560957446808511    -0.0014295610909640067
3.5627659574468087    -0.005034847640495367
3.5645744680851066    -0.009031252405824974
3.5663829787234045    -0.012786310523792144
3.5681914893617024    -0.01581808603192895
3.5700000000000003    -0.01829123625276308
3.571808510638298    -0.020687097401304682
3.5736170212765956    -0.023174313100519418
3.5754255319148935    -0.025559365472242402
3.5772340425531914    -0.027777610511817926
3.5790425531914893    -0.030073631656287906
3.5808510638297872    -0.03252764229972825
3.582659574468085    -0.034657653379100276
3.584468085106383    -0.03582590493359113
3.586276595744681    -0.03601404358766752
3.588085106382979    -0.03588282619977509
3.5898936170212767    -0.0359341457446489
3.5917021276595746    -0.03585644488069399
3.5935106382978725    -0.03495557306651016
3.5953191489361704    -0.0331198311831314
3.5971276595744683    -0.031026517655918212
3.5989361702127662    -0.029311941010985602
3.600744680851064    -0.027813493577027476
3.6025531914893616    -0.02585685191490459
3.6043617021276595    -0.023134166885792118
3.6061702127659574    -0.019994213772895286
3.6079787234042553    -0.01688261454005878
3.609787234042553    -0.013848019884770569
3.611595744680851    -0.010803422539978652
3.613404255319149    -0.008023692350977996
3.615212765957447    -0.005996446393381684
