0.0    0.0
0.0018085106382978724    0.0
0.003617021276595745    0.0
0.005425531914893617    0.0
0.00723404255319149    0.0
0.009042553191489363    0.0
0.010851063829787235    0.0
0.012659574468085107    0.0
0.01446808510638298    0.0
0.016276595744680853    0.0
0.018085106382978725    0.0
0.019893617021276597    0.0
0.02170212765957447    0.0
0.023510638297872342    0.0
0.025319148936170214    0.0
0.027127659574468086    0.0
0.02893617021276596    0.0
0.03074468085106383    0.0
0.032553191489361706    0.0
0.03436170212765958    0.0
0.03617021276595745    0.0
0.03797872340425532    0.0
0.039787234042553195    0.0
0.04159574468085107    0.0
0.04340425531914894    0.0
0.04521276595744681    0.0
0.047021276595744683    0.0
0.048829787234042556    0.0
0.05063829787234043    0.0
0.0524468085106383    0.0
0.05425531914893617    0.0
0.056063829787234044    0.0
0.05787234042553192    0.0
0.05968085106382979    0.0
0.06148936170212766    0.0
0.06329787234042554    0.0
0.06510638297872341    0.0
0.06691489361702128    0.0
0.06872340425531916    0.0
0.07053191489361703    0.0
0.0723404255319149    0.0
0.07414893617021277    0.0
0.07595744680851065    0.0
0.07776595744680852    0.0
0.07957446808510639    0.0
0.08138297872340426    0.0
0.08319148936170213    0.0
0.085    0.0
0.08680851063829788    0.0
0.08861702127659575    0.0
0.09042553191489362    0.0
0.0922340425531915    0.0
0.09404255319148937    0.0
0.09585106382978724    0.0
0.09765957446808511    0.0
0.09946808510638298    0.0
0.10127659574468086    0.0
0.10308510638297873    0.0
0.1048936170212766    0.0
0.10670212765957447    0.0
0.10851063829787234    0.0
0.11031914893617022    0.0
0.11212765957446809    0.0
0.11393617021276596    0.0
0.11574468085106383    0.0
0.1175531914893617    0.0
0.11936170212765958    0.0
0.12117021276595745    0.0
0.12297872340425532    2.6392770002588854e-136
0.1247872340425532    7.911111377244e-132
0.12659574468085108    3.9972237454413967e-128
0.12840425531914895    8.16976327594536e-125
0.13021276595744682    9.045128702478018e-122
0.1320212765957447    6.299964984918692e-119
0.13382978723404257    3.024508476350103e-116
0.13563829787234044    1.0645140430260243e-113
0.1374468085106383    2.871697633324808e-111
0.13925531914893619    6.140449266624565e-109
0.14106382978723406    1.068410031474001e-106
0.14287234042553193    1.5449365980356064e-104
0.1446808510638298    1.8890121492638707e-102
0.14648936170212767    1.9814756229427118e-100
0.14829787234042555    1.8050722565319026e-98
0.15010638297872342    1.4431779765435429e-96
0.1519148936170213    1.0219430561427834e-94
0.15372340425531916    6.460761101600918e-93
0.15553191489361703    3.672418782179773e-91
0.1573404255319149    1.8886584050973078e-89
0.15914893617021278    8.837338099459882e-88
0.16095744680851065    3.7813433527020756e-86
0.16276595744680852    1.4863028046896782e-84
0.1645744680851064    5.388942347247487e-83
0.16638297872340427    1.8091533857573161e-81
0.16819148936170214    5.643194800641505e-80
0.17    1.6407137019548023e-78
0.17180851063829788    4.4593450263879194e-77
0.17361702127659576    1.1360992067777754e-75
0.17542553191489363    2.7199378455061246e-74
0.1772340425531915    6.133564432321395e-73
0.17904255319148937    1.3056371793179417e-71
0.18085106382978725    2.6288722956419368e-70
0.18265957446808512    5.01624664787489e-69
0.184468085106383    9.087073950328321e-68
0.18627659574468086    1.5654215566420453e-66
0.18808510638297873    2.5685252182518813e-65
0.1898936170212766    4.0199934730032726e-64
0.19170212765957448    6.009844865008904e-63
0.19351063829787235    8.593528825321203e-62
0.19531914893617022    1.1767745283070083e-60
0.1971276595744681    1.545051409320806e-59
0.19893617021276597    1.9471911375987128e-58
0.20074468085106384    2.3580533522907132e-57
0.2025531914893617    2.7467465631611006e-56
0.20436170212765958    3.0805102861553824e-55
0.20617021276595746    3.3293934379207146e-54
0.20797872340425533    3.470776145532429e-53
0.2097872340425532    3.492772682871316e-52
0.21159574468085107    3.395807942996626e-51
0.21340425531914894    3.192099967493746e-50
0.21521276595744682    2.9032701795034813e-49
0.2170212765957447    2.5566982030532484e-48
0.21882978723404256    2.1814393158621093e-47
0.22063829787234043    1.8045003557896968e-46
0.2224468085106383    1.4480649558154342e-45
0.22425531914893618    1.1279571379130306e-44
0.22606382978723405    8.533292409618563e-44
0.22787234042553192    6.273305129743898e-43
0.2296808510638298    4.483931804072497e-42
0.23148936170212767    3.117616365005817e-41
0.23329787234042554    2.109586703630199e-40
0.2351063829787234    1.389905037826814e-39
0.23691489361702128    8.920318607998833e-39
0.23872340425531915    5.579179340206253e-38
0.24053191489361703    3.402008052813756e-37
0.2423404255319149    2.0232482430389913e-36
0.24414893617021277    1.1740302542049662e-35
0.24595744680851064    6.649471399869615e-35
0.24776595744680852    3.677293824999656e-34
0.2495744680851064    1.9863374857568255e-33
0.25138297872340426    1.0483493814286025e-32
0.25319148936170216    5.407879929458186e-32
0.255    2.727412406313365e-31
0.2568085106382979    1.3452636598626672e-30
0.25861702127659575    6.491160334198648e-30
0.26042553191489365    3.0649027415032356e-29
0.2622340425531915    1.4164699468923867e-28
0.2640425531914894    6.409248567891146e-28
0.26585106382978724    2.8400420449971846e-27
0.26765957446808514    1.232722490417879e-26
0.269468085106383    5.242398702397936e-26
0.2712765957446809    2.1848249152206107e-25
0.2730851063829787    8.925227463261663e-25
0.2748936170212766    3.574611218238671e-24
0.27670212765957447    1.403888808741718e-23
0.27851063829787237    5.407733582777391e-23
0.2803191489361702    2.0434203456598336e-22
0.2821276595744681    7.575967631817591e-22
0.28393617021276596    2.7563325936795815e-21
0.28574468085106386    9.842614390822802e-21
0.2875531914893617    3.4501981275993044e-20
0.2893617021276596    1.1874050481818444e-19
0.29117021276595745    4.012720132642689e-19
0.29297872340425535    1.3317573731018034e-18
0.2947872340425532    4.341262912369606e-18
0.2965957446808511    1.3901692225710427e-17
0.29840425531914894    4.3735403262937357e-17
0.30021276595744684    1.3519580487057487e-16
0.3020212765957447    4.106824208512823e-16
0.3038297872340426    1.2260481506648295e-15
0.3056382978723404    3.597581700372298e-15
0.3074468085106383    1.0376628422861241e-14
0.30925531914893617    2.9422704851435746e-14
0.31106382978723407    8.202107594634153e-14
0.3128723404255319    2.2481133781853753e-13
0.3146808510638298    6.058871141582977e-13
0.31648936170212766    1.605736871452915e-12
0.31829787234042556    4.184967685865021e-12
0.3201063829787234    1.0726753460958757e-11
0.3219148936170213    2.7041066062420496e-11
0.32372340425531915    6.704662637414294e-11
0.32553191489361705    1.6350963468615332e-10
0.3273404255319149    3.922257503088345e-10
0.3291489361702128    9.254767961444079e-10
0.33095744680851064    2.1480245080426825e-09
0.33276595744680854    4.904129906348789e-09
0.3345744680851064    1.1013760175487106e-08
0.3363829787234043    2.4330951389571498e-08
0.3381914893617021    5.2872304711420646e-08
0.34    1.1301491345195899e-07
0.34180851063829787    2.3761346888154843e-07
0.34361702127659577    4.913830378520659e-07
0.3454255319148936    9.994603607684426e-07
0.3472340425531915    1.9993375297192484e-06
0.34904255319148936    3.933297330866822e-06
0.35085106382978726    7.609366809430154e-06
0.3526595744680851    1.4475317555179688e-05
0.354468085106383    2.7074337853078656e-05
0.35627659574468085    4.978464496135276e-05
0.35808510638297875    8.998985480382344e-05
0.3598936170212766    0.00015988208059165496
0.3617021276595745    0.0002791619094950578
0.36351063829787233    0.00047895955009979237
0.36531914893617023    0.0008073424518584409
0.3671276595744681    0.001336769031814919
0.368936170212766    0.0021737566334343
0.3707446808510638    0.0034708052617805634
0.3725531914893617    0.005440204040148937
0.37436170212765957    0.008368701136140341
0.37617021276595747    0.012631126959338743
0.3779787234042553    0.018699970255201526
0.3797872340425532    0.027146752700107867
0.38159574468085106    0.03863008033716488
0.38340425531914896    0.05386484126306783
0.3852127659574468    0.07356763032341233
0.3870212765957447    0.09837558286831484
0.38882978723404255    0.12873972664745864
0.39063829787234045    0.1647997258641707
0.3924468085106383    0.20625398216773477
0.3942553191489362    0.2522462924105466
0.39606382978723403    0.30129578982575694
0.39787234042553193    0.35129841988448446
0.3996808510638298    0.3996234990940995
0.4014893617021277    0.44331657605258995
0.4032978723404255    0.4794001443057129
0.4051063829787234    0.5052393959501742
0.40691489361702127    0.5189163256145826
0.40872340425531917    0.5195391071527569
0.410531914893617    0.5074119647172022
0.4123404255319149    0.48400870713361854
0.41414893617021276    0.45173086265866036
0.41595744680851066    0.4134825972146283
0.4177659574468085    0.37214659669195826
0.4195744680851064    0.3300813935858067
0.42138297872340424    0.2887660738131177
0.42319148936170214    0.24868519247284027
0.425    0.209479754502241
0.4268085106382979    0.17030770239250403
0.42861702127659573    0.13028753483716649
0.43042553191489363    0.08886972828784623
0.4322340425531915    0.04600911325691062
0.4340425531914894    0.002092414472910767
0.4358510638297872    -0.04231976253281811
0.4376595744680851    -0.08679213116638546
0.43946808510638297    -0.13118750887205072
0.44127659574468087    -0.17560332473703044
0.4430851063829787    -0.22008311540728487
0.4448936170212766    -0.26424604470694113
0.44670212765957445    -0.3070520614043729
0.44851063829787235    -0.3468873322959086
0.4503191489361702    -0.3820116778812922
0.4521276595744681    -0.41121386684930983
0.45393617021276594    -0.4343694432879103
0.45574468085106384    -0.45258219839226266
0.4575531914893617    -0.46774986556436504
0.4593617021276596    -0.4816730977667748
0.46117021276595743    -0.4950928717018602
0.46297872340425533    -0.5071452034511489
0.46478723404255323    -0.5155766797176752
0.4665957446808511    -0.5177079351045216
0.468404255319149    -0.5117291492923756
0.4702127659574468    -0.49768022412328083
0.4720212765957447    -0.4775637059799499
0.47382978723404257    -0.4544520487867131
0.47563829787234047    -0.430989135009734
0.4774468085106383    -0.4080569969727885
0.4792553191489362    -0.38435010872777564
0.48106382978723405    -0.3571452355081093
0.48287234042553195    -0.3238968061969385
0.4846808510638298    -0.2837932573470785
0.4864893617021277    -0.2383851298460642
0.48829787234042554    -0.19089292386982337
0.49010638297872344    -0.1445616157210176
0.4919148936170213    -0.10100785070761303
0.4937234042553192    -0.059541163926484814
0.49553191489361703    -0.017880398190602817
0.49734042553191493    0.026151883196391536
0.4991489361702128    0.07297990106760902
0.5009574468085106    0.12067641454760458
0.5027659574468085    0.16577363521664007
0.5045744680851064    0.20495836903563203
0.5063829787234043    0.23657306142792695
0.5081914893617021    0.26098575440148697
0.51    0.27964404735703297
0.5118085106382979    0.2934989724664746
0.5136170212765958    0.3018946693670168
0.5154255319148936    0.3026935949883123
0.5172340425531915    0.2935675896988049
0.5190425531914894    0.27360606455659775
0.5208510638297873    0.24420270163879287
0.5226595744680851    0.20869604028539634
0.524468085106383    0.17107945431355154
0.5262765957446809    0.13466622299243158
0.5280851063829788    0.10151191853780289
0.5298936170212766    0.07276020146804016
0.5317021276595745    0.04938742407261697
0.5335106382978724    0.03259010398180433
0.5353191489361703    0.02343181548013884
0.5371276595744681    0.0220214685767501
0.538936170212766    0.026910197073544875
0.5407446808510639    0.035255656310525955
0.5425531914893618    0.04374144600301209
0.5443617021276596    0.04970776671811184
0.5461702127659575    0.05184769993245716
0.5479787234042554    0.050186973509153125
0.5497872340425533    0.04556338243967616
0.551595744680851    0.03905846406565074
0.5534042553191489    0.031679165258490356
0.5552127659574468    0.024259430385514216
0.5570212765957447    0.017385520466480044
0.5588297872340425    0.011273171590342548
0.5606382978723404    0.005750835786260133
0.5624468085106383    0.0005295406557642018
0.5642553191489362    -0.004323929773334153
0.566063829787234    -0.008102674866962764
0.5678723404255319    -0.0097486183059953
0.5696808510638298    -0.00867080836372522
0.5714893617021277    -0.005518269277195282
0.5732978723404255    -0.002200080640918393
0.5751063829787234    -0.0009304168379780644
0.5769148936170213    -0.0028541386431808185
0.5787234042553192    -0.007232732482701938
0.580531914893617    -0.011828981703291002
0.5823404255319149    -0.014246062170654094
0.5841489361702128    -0.013266847276552899
0.5859574468085107    -0.009297563923975722
0.5877659574468085    -0.003784016730102563
0.5895744680851064    0.0017439905885263908
0.5913829787234043    0.006220949911198402
0.5931914893617022    0.008999442237527213
0.595    0.009691317441473994
0.5968085106382979    0.008415845546974898
0.5986170212765958    0.006324008335123253
0.6004255319148937    0.005633191932407489
0.6022340425531915    0.008578685785936985
0.6040425531914894    0.0156993991632766
0.6058510638297873    0.02482630411061487
0.6076595744680852    0.03197918815946699
0.609468085106383    0.03395795000918034
0.6112765957446809    0.030830726650208598
0.6130851063829788    0.02624343012798161
0.6148936170212767    0.02499445790626896
0.6167021276595744    0.029534598496886028
0.6185106382978723    0.03809199576544206
0.6203191489361702    0.04596857893946768
0.6221276595744681    0.04904432092417202
0.6239361702127659    0.046734153406456716
0.6257446808510638    0.04210737859211269
0.6275531914893617    0.03922460887821522
0.6293617021276596    0.039974626977129585
0.6311702127659574    0.04293082810817489
0.6329787234042553    0.044889777586810675
0.6347872340425532    0.043512718098111816
0.6365957446808511    0.03880672882060783
0.6384042553191489    0.0324917334783419
0.6402127659574468    0.02623744391484511
0.6420212765957447    0.020524511189330866
0.6438297872340426    0.014946958809808564
0.6456382978723404    0.0092420170044266
0.6474468085106383    0.003767172782469193
0.6492553191489362    -0.0010149128828358172
0.6510638297872341    -0.005266350299886352
0.6528723404255319    -0.009702167214130798
0.6546808510638298    -0.014675125412816615
0.6564893617021277    -0.019456875538006523
0.6582978723404256    -0.02269304853972252
0.6601063829787234    -0.023782228144700022
0.6619148936170213    -0.02381605050072293
0.6637234042553192    -0.024972609773566194
0.6655319148936171    -0.02874025307056351
0.6673404255319149    -0.03459441070913255
0.6691489361702128    -0.0404345889031313
0.6709574468085107    -0.044435711892684734
0.6727659574468086    -0.046589767457310166
0.6745744680851063    -0.04850324466692085
0.6763829787234042    -0.05171283281562486
0.6781914893617021    -0.05620296443443605
0.68    -0.06054236765422463
0.6818085106382978    -0.06339852629383787
0.6836170212765957    -0.06483603943612452
0.6854255319148936    -0.06611299096640767
0.6872340425531915    -0.06828928190657084
0.6890425531914893    -0.07116592867294887
0.6908510638297872    -0.07364948951566085
0.6926595744680851    -0.07507590193484583
0.694468085106383    -0.07601088417401373
0.6962765957446809    -0.0776434045154674
0.6980851063829787    -0.08044018030574694
0.6998936170212766    -0.08354997926863227
0.7017021276595745    -0.08564193058189383
0.7035106382978724    -0.08629182771980394
0.7053191489361702    -0.08639633118156971
0.7071276595744681    -0.0871132904760857
0.708936170212766    -0.08843599385129104
0.7107446808510639    -0.08897805834522242
0.7125531914893617    -0.0873183757830588
0.7143617021276596    -0.08357947955704
0.7161702127659575    -0.07955839769086419
0.7179787234042554    -0.077131211505077
0.7197872340425532    -0.07642175294132862
0.7215957446808511    -0.07555325773614842
0.723404255319149    -0.07231377958065342
0.7252127659574469    -0.06621106138441442
0.7270212765957447    -0.058990299003112076
0.7288297872340426    -0.05312423452896786
0.7306382978723405    -0.04966374842015629
0.7324468085106384    -0.047384363233088395
0.7342553191489362    -0.0439292561051329
0.7360638297872341    -0.03785183818627505
0.737872340425532    -0.029748765649123488
0.7396808510638299    -0.02159275371374949
0.7414893617021276    -0.014983652307331417
0.7432978723404255    -0.009890780171273261
0.7451063829787234    -0.0049089472754549335
0.7469148936170213    0.0013101971392010109
0.7487234042553191    0.008762713339562217
0.750531914893617    0.016060504124113643
0.7523404255319149    0.02166898821926499
0.7541489361702128    0.025314344033448555
0.7559574468085106    0.028290953412814072
0.7577659574468085    0.032336879744909355
0.7595744680851064    0.03803595345267688
0.7613829787234043    0.044218703547983906
0.7631914893617021    0.0490119880224828
0.765    0.05165062319194401
0.7668085106382979    0.053322299230187525
0.7686170212765958    0.0561039092203625
0.7704255319148936    0.06088537855484144
0.7722340425531915    0.06631486730987285
0.7740425531914894    0.06996165697013029
0.7758510638297873    0.07071117455745751
0.7776595744680851    0.07002202119246531
0.779468085106383    0.07064275995415994
0.7812765957446809    0.07392257673671618
0.7830851063829788    0.07840596338159231
0.7848936170212766    0.0812354552129341
0.7867021276595745    0.08103093217627538
0.7885106382978724    0.07930132039019602
0.7903191489361703    0.07887363512753068
0.7921276595744681    0.08092483248096727
0.793936170212766    0.08372349707975416
0.7957446808510639    0.08443419543917619
0.7975531914893618    0.08209068114600152
0.7993617021276596    0.07857145564713422
0.8011702127659575    0.07653464641865981
0.8029787234042554    0.07654399954811522
0.8047872340425533    0.07649575609979856
0.806595744680851    0.07395534370592236
0.808404255319149    0.06884500377008515
0.8102127659574468    0.06355645878010277
0.8120212765957447    0.06039802536901781
0.8138297872340425    0.059194126041164266
0.8156382978723404    0.057634321684337145
0.8174468085106383    0.05389804129030658
0.8192553191489362    0.04859745252403842
0.821063829787234    0.04392682352542952
0.8228723404255319    0.04107312238941982
0.8246808510638298    0.03884526919467714
0.8264893617021277    0.03502058349818078
0.8282978723404255    0.028811082615915057
0.8301063829787234    0.02164847323857272
0.8319148936170213    0.015478760587308564
0.8337234042553192    0.01059440105393357
0.835531914893617    0.005469189560510859
0.8373404255319149    -0.0013165937241024547
0.8391489361702128    -0.009353043718235358
0.8409574468085107    -0.016831533251320422
0.8427659574468085    -0.02252070018240065
0.8445744680851064    -0.026941549109216593
0.8463829787234043    -0.03145989657594915
0.8481914893617022    -0.03651745904668183
0.85    -0.041162693598624275
0.8518085106382979    -0.04436614670807386
0.8536170212765958    -0.04640856387162663
0.8554255319148937    -0.04858361391868722
0.8572340425531915    -0.051581586292100204
0.8590425531914894    -0.05458858307696514
0.8608510638297873    -0.056280099073201
0.8626595744680852    -0.056532139858197175
0.864468085106383    -0.05671097317084259
0.8662765957446809    -0.05807546694219075
0.8680851063829788    -0.06015866244703848
0.8698936170212767    -0.06113291489013205
0.8717021276595744    -0.05984195989021515
0.8735106382978723    -0.057137284961409435
0.8753191489361702    -0.05488654012315594
0.8771276595744681    -0.053754298172399365
0.8789361702127659    -0.052370824204862124
0.8807446808510638    -0.048940400870799594
0.8825531914893617    -0.043466888980106866
0.8843617021276596    -0.0379741905204946
0.8861702127659574    -0.03437878512422597
0.8879787234042553    -0.03241278200378103
0.8897872340425532    -0.02998703398129149
0.8915957446808511    -0.025595285909761352
0.8934042553191489    -0.020014725273407162
0.8952127659574468    -0.015379602614663368
0.8970212765957447    -0.012735884947785284
0.8988297872340426    -0.01090803148264453
0.9006382978723404    -0.007948711177665508
0.9024468085106383    -0.0034459597605476216
0.9042553191489362    0.0009890397501796633
0.9060638297872341    0.003579562698078883
0.9078723404255319    0.004405876767897908
0.9096808510638298    0.005280006131279607
0.9114893617021277    0.007684594774682089
0.9132978723404256    0.011188148250605493
0.9151063829787234    0.014108156608291036
0.9169148936170213    0.015547982241908481
0.9187234042553192    0.016398259506888682
0.9205319148936171    0.01819218990127454
0.9223404255319149    0.02123081818258788
0.9241489361702128    0.02418915630251034
0.9259574468085107    0.025625945317484286
0.9277659574468086    0.025606064712786945
0.9295744680851065    0.025569180511837673
0.9313829787234043    0.026647966275666853
0.9331914893617022    0.02840043739870341
0.935    0.02937382940536154
0.936808510638298    0.02878246722702705
0.9386170212765957    0.02735596531834277
0.9404255319148936    0.0264459868402104
0.9422340425531915    0.026493797885192065
0.9440425531914894    0.026630397573454187
0.9458510638297872    0.025812757732915345
0.9476595744680851    0.02413497621845291
0.949468085106383    0.02280236871219568
0.9512765957446809    0.022820688251826926
0.9530851063829787    0.023902532998960523
0.9548936170212766    0.02480692165270615
0.9567021276595745    0.024691473333654464
0.9585106382978724    0.02394399235956106
0.9603191489361702    0.023591414529078737
0.9621276595744681    0.02400021218408857
0.963936170212766    0.024358292325811215
0.9657446808510639    0.023522930315284844
0.9675531914893617    0.02127433633682306
0.9693617021276596    0.01856063916706372
0.9711702127659575    0.01645366808665427
0.9729787234042554    0.014983955905771167
0.9747872340425532    0.013166062865664512
0.9765957446808511    0.010191276058675477
0.978404255319149    0.006437449749626695
0.9802127659574469    0.003126960073834322
0.9820212765957447    0.0009844291751386434
0.9838297872340426    -0.0005897687943987333
0.9856382978723405    -0.002853029294260392
0.9874468085106384    -0.006271561664785466
0.9892553191489362    -0.009935551865541138
0.9910638297872341    -0.01255332650779121
0.992872340425532    -0.013938529124562877
0.9946808510638299    -0.015289945881722321
0.9964893617021277    -0.017900928037922946
0.9982978723404256    -0.02174093915820751
1.0001063829787233    -0.025531773032425736
1.0019148936170212    -0.028231883090637365
1.0037234042553191    -0.030199237526180853
1.005531914893617    -0.032667748575635855
1.007340425531915    -0.03615996713679083
1.0091489361702128    -0.03973698433605713
1.0109574468085107    -0.04200883372415347
1.0127659574468086    -0.042721105378050864
1.0145744680851063    -0.04301463576703525
1.0163829787234042    -0.04402498525347212
1.0181914893617021    -0.04549075911363645
1.02    -0.046050753062896466
1.021808510638298    -0.04488068434376849
1.0236170212765958    -0.04269036649339787
1.0254255319148937    -0.04086551357363223
1.0272340425531916    -0.039792109437767925
1.0290425531914893    -0.03840580707980616
1.0308510638297872    -0.035525219352620666
1.032659574468085    -0.03135724832963763
1.034468085106383    -0.027357529846209143
1.036276595744681    -0.02463524732095005
1.0380851063829788    -0.022840180798603983
1.0398936170212767    -0.020825068390779217
1.0417021276595746    -0.018171748631169785
1.0435106382978723    -0.01565419556759596
1.0453191489361702    -0.014116946784033284
1.047127659574468    -0.01326692937213882
1.048936170212766    -0.011959226411773417
1.0507446808510639    -0.009623725471618546
1.0525531914893618    -0.007005028196382546
1.0543617021276597    -0.005251916660034434
1.0561702127659576    -0.004492541303583231
1.0579787234042553    -0.0036910811878625924
1.0597872340425532    -0.001961392004240986
1.061595744680851    0.00032288387845573886
1.063404255319149    0.002003907080592636
1.0652127659574468    0.002564689046323865
1.0670212765957447    0.002693357914157539
1.0688297872340426    0.0033229475928436185
1.0706382978723405    0.004440154338031668
1.0724468085106382    0.005198752479053335
1.0742553191489361    0.005124931612676911
1.076063829787234    0.0047723535696296065
1.077872340425532    0.004945840734991265
1.0796808510638298    0.005549757306704051
1.0814893617021277    0.005656076420080674
1.0832978723404256    0.004780396612842345
1.0851063829787235    0.003698459146641727
1.0869148936170212    0.0036486730111241466
1.088723404255319    0.004849251046208753
1.090531914893617    0.0062132778043923476
1.092340425531915    0.006674778605141178
1.0941489361702128    0.006489167066881943
1.0959574468085107    0.0068862461845572084
1.0977659574468086    0.008540978037727636
1.0995744680851065    0.010810004857516325
1.1013829787234042    0.01265357987627721
1.103191489361702    0.01397234608319099
1.105    0.015595077153770323
1.1068085106382979    0.017988416502494352
1.1086170212765958    0.020485312820068352
1.1104255319148937    0.02213669576478155
1.1122340425531916    0.023072439908898852
1.1140425531914895    0.024477989837460815
1.1158510638297872    0.02707413324172183
1.117659574468085    0.03004095991119684
1.119468085106383    0.03189024236477554
1.1212765957446809    0.03230135967974941
1.1230851063829788    0.03259037486510474
1.1248936170212767    0.034117449763467006
1.1267021276595746    0.03655656341518526
1.1285106382978725    0.038196843431609104
1.1303191489361701    0.037931703184711466
1.132127659574468    0.03648093223352809
1.133936170212766    0.03537280678253657
1.1357446808510638    0.03503844511755372
1.1375531914893617    0.034431978748998476
1.1393617021276596    0.032560823042692755
1.1411702127659575    0.029847081065138475
1.1429787234042554    0.02753142087418438
1.1447872340425531    0.02595551125275232
1.146595744680851    0.024054187204992458
1.148404255319149    0.020782679951060506
1.1502127659574468    0.016610254749585898
1.1520212765957447    0.013065358470753536
1.1538297872340426    0.010856150421151466
1.1556382978723405    0.009000866999944374
1.1574468085106384    0.006143375176745276
1.1592553191489363    0.002392099265795743
1.161063829787234    -0.000700786255479617
1.162872340425532    -0.0020300577347588163
1.1646808510638298    -0.0022927926699900184
1.1664893617021277    -0.0030811064105884913
1.1682978723404256    -0.004889168107941751
1.1701063829787235    -0.006584325004130463
1.1719148936170214    -0.006969346520987701
1.1737234042553193    -0.006362147621992658
1.175531914893617    -0.00614810401588011
1.1773404255319149    -0.006943273165563808
1.1791489361702128    -0.007811472702206408
1.1809574468085107    -0.007555359900589846
1.1827659574468086    -0.006352877930569759
1.1845744680851065    -0.005563961807382324
1.1863829787234044    -0.0059630851540376775
1.1881914893617023    -0.006738340493485018
1.19    -0.0065801575673410636
1.1918085106382978    -0.005413311435541651
1.1936170212765957    -0.0044754998913748385
1.1954255319148936    -0.004645845143052266
1.1972340425531915    -0.005261820668997853
1.1990425531914894    -0.0050240045556882535
1.2008510638297873    -0.0038020292850793657
1.2026595744680852    -0.0029176826224783974
1.204468085106383    -0.003468761915685253
1.2062765957446808    -0.004873833580267072
1.2080851063829787    -0.005589134117513294
1.2098936170212766    -0.005121364429495631
1.2117021276595745    -0.004727735303932415
1.2135106382978724    -0.005861795389541759
1.2153191489361703    -0.008350101490400365
1.2171276595744682    -0.0106545621107592
1.218936170212766    -0.011887968612800462
1.2207446808510638    -0.012990749417078402
1.2225531914893617    -0.015571618437270913
1.2243617021276596    -0.019920987069695747
1.2261702127659575    -0.024718217121778
1.2279787234042554    -0.028707479495332682
1.2297872340425533    -0.03209694982903025
1.2315957446808512    -0.035917223238554535
1.2334042553191489    -0.04033778719462053
1.2352127659574468    -0.04428602828747362
1.2370212765957447    -0.04688504995381784
1.2388297872340426    -0.04871357784150655
1.2406382978723405    -0.0510864112835481
1.2424468085106384    -0.05422271734435889
1.2442553191489363    -0.05674653809967098
1.2460638297872342    -0.05729066694917312
1.2478723404255319    -0.05620121321944571
1.2496808510638298    -0.05512593923034338
1.2514893617021277    -0.05495732919833926
1.2532978723404256    -0.0547247965570794
1.2551063829787235    -0.05282874547027697
1.2569148936170214    -0.049032478435787064
1.2587234042553193    -0.044712077048542895
1.2605319148936172    -0.04114269717096754
1.2623404255319148    -0.038075752174553903
1.2641489361702127    -0.03436075341049721
1.2659574468085106    -0.029645989751950153
1.2677659574468085    -0.024858533710593503
1.2695744680851064    -0.020899661244685792
1.2713829787234043    -0.017408575834962144
1.2731914893617022    -0.013319502833620427
1.2750000000000001    -0.008476177665120415
1.2768085106382978    -0.004093451247207499
1.2786170212765957    -0.001357429381032043
1.2804255319148936    5.069843528323508e-05
1.2822340425531915    0.0015576312960191368
1.2840425531914894    0.0038980988311175116
1.2858510638297873    0.006223890713308513
1.2876595744680852    0.007271247643693936
1.289468085106383    0.0070699135792278095
1.2912765957446808    0.006973508860801049
1.2930851063829787    0.007962413088094037
1.2948936170212766    0.009401224573352407
1.2967021276595745    0.009848606868765711
1.2985106382978724    0.008891605856068303
1.3003191489361703    0.0076873904567774445
1.3021276595744682    0.0075565648267835895
1.303936170212766    0.008415511706721552
1.3057446808510638    0.00896720152676741
1.3075531914893617    0.008316196219396913
1.3093617021276596    0.006954944411986656
1.3111702127659575    0.005990646270590871
1.3129787234042554    0.005731523954739453
1.3147872340425533    0.005437693519343268
1.3165957446808512    0.004425538020584124
1.318404255319149    0.0029987169862744573
1.3202127659574467    0.0020325453754615067
1.3220212765957446    0.0018541937306104646
1.3238297872340425    0.0019176932965256311
1.3256382978723404    0.0016421534397272398
1.3274468085106383    0.0012493385467908283
1.3292553191489362    0.0015012844763216964
1.3310638297872341    0.0027215131284590807
1.332872340425532    0.004392153972032565
1.3346808510638297    0.005816249216377023
1.3364893617021276    0.006947762275682466
1.3382978723404255    0.008334048545689149
1.3401063829787234    0.010318144865627115
1.3419148936170213    0.012589520231012908
1.3437234042553192    0.014655680275241346
1.3455319148936171    0.016571930752972322
1.347340425531915    0.01893793015138849
1.3491489361702127    0.022137399543696645
1.3509574468085106    0.025779586780907172
1.3527659574468085    0.029048187714846338
1.3545744680851064    0.03153081472126068
1.3563829787234043    0.03352833624839835
1.3581914893617022    0.03551190207388763
1.36    0.03743547169877273
1.361808510638298    0.03874802695503565
1.3636170212765957    0.039066401342982934
1.3654255319148936    0.03867439928096374
1.3672340425531915    0.03824369679395587
1.3690425531914894    0.03810475630440782
1.3708510638297873    0.037911354207376874
1.3726595744680852    0.03706639098996192
1.374468085106383    0.035399720552359
1.376276595744681    0.03332379160541786
1.3780851063829787    0.03131478786434659
1.3798936170212766    0.02934414993979787
1.3817021276595745    0.02693516769888757
1.3835106382978724    0.023793126891184506
1.3853191489361703    0.02028174860263974
1.3871276595744682    0.017168429933997156
1.388936170212766    0.014884500184902269
1.390744680851064    0.013115115657560586
1.3925531914893619    0.01118102665050735
1.3943617021276595    0.008783324491835647
1.3961702127659574    0.006278310246531313
1.3979787234042553    0.0042121342298786744
1.3997872340425532    0.002710581243112932
1.4015957446808511    0.0014493588811918907
1.403404255319149    0.00017650725549267108
1.405212765957447    -0.0009294738973097572
1.4070212765957448    -0.001534024786116019
1.4088297872340425    -0.0016654477840153121
1.4106382978723404    -0.0017544438878335734
1.4124468085106383    -0.0021142047240571855
1.4142553191489362    -0.0025555896909972165
1.416063829787234    -0.0026760262791565978
1.417872340425532    -0.002444440547387289
1.41968085106383    -0.0022648095267785284
1.4214893617021278    -0.002389636347502072
1.4232978723404255    -0.0024836696045990652
1.4251063829787234    -0.0020056365821091073
1.4269148936170213    -0.0009663137102762683
1.4287234042553192    -1.5218541185223807e-05
1.430531914893617    0.00037250126604950677
1.432340425531915    0.0005863020401813721
1.4341489361702129    0.0014545717755280315
1.4359574468085108    0.003131389937261278
1.4377659574468085    0.004726085884843473
1.4395744680851064    0.005265882286325259
1.4413829787234043    0.004856423008779452
1.4431914893617022    0.0045408396597682735
1.445    0.0049561021198272085
1.446808510638298    0.005464970396214903
1.4486170212765959    0.0049129566329799935
1.4504255319148938    0.0031001720812085408
1.4522340425531914    0.0010931900787953704
1.4540425531914893    -6.410884127554901e-05
1.4558510638297872    -0.0006347338854499315
1.4576595744680851    -0.001837746435939746
1.459468085106383    -0.004296577430757823
1.461276595744681    -0.00723775488614214
1.4630851063829788    -0.009420856404331547
1.4648936170212767    -0.010592314307317713
1.4667021276595744    -0.011663800114198599
1.4685106382978723    -0.013514524041706182
1.4703191489361702    -0.01603066062159992
1.4721276595744681    -0.018526088967488502
1.473936170212766    -0.02078546365178379
1.475744680851064    -0.023231424042072533
1.4775531914893618    -0.026064663040998914
1.4793617021276597    -0.028717687711901987
1.4811702127659574    -0.030510012798620985
1.4829787234042553    -0.03163704084618391
1.4847872340425532    -0.03304969750954572
1.486595744680851    -0.03526035535521919
1.488404255319149    -0.03764355558331437
1.490212765957447    -0.03922584406087582
1.4920212765957448    -0.039967517919132396
1.4938297872340427    -0.04082119524912577
1.4956382978723404    -0.04245015675566428
1.4974468085106383    -0.04430119086499932
1.4992553191489362    -0.04528712456141452
1.501063829787234    -0.04517938413124293
1.502872340425532    -0.044831616233051576
1.5046808510638299    -0.04491596444820089
1.5064893617021278    -0.04489086409039144
1.5082978723404257    -0.04366337417221631
1.5101063829787233    -0.04113551417553723
1.5119148936170212    -0.03856118881511401
1.5137234042553191    -0.03713704095658727
1.515531914893617    -0.03658141666087194
1.517340425531915    -0.03552824734335793
1.5191489361702128    -0.03323730470442827
1.5209574468085107    -0.03043703835486921
1.5227659574468086    -0.028276747910635835
1.5245744680851063    -0.02682494246143545
1.5263829787234042    -0.02507393818740669
1.5281914893617021    -0.022359999306744177
1.53    -0.019249020165582498
1.531808510638298    -0.016719134914936526
1.5336170212765958    -0.01478554346437834
1.5354255319148937    -0.012438176327830158
1.5372340425531916    -0.008965187886757951
1.5390425531914893    -0.0048727583756858015
1.5408510638297872    -0.0011823836695716225
1.542659574468085    0.0019195755528384486
1.544468085106383    0.005262329502412856
1.546276595744681    0.009496997077694717
1.5480851063829788    0.014178669728038227
1.5498936170212767    0.018367259165665485
1.5517021276595746    0.021910734695873686
1.5535106382978723    0.025657941859597584
1.5553191489361702    0.030317573614836293
1.557127659574468    0.03551592885989874
1.558936170212766    0.04031954786503493
1.5607446808510639    0.044491332257323477
1.5625531914893618    0.048761799227613714
1.5643617021276597    0.053746443771560196
1.5661702127659576    0.05897990307859746
1.5679787234042553    0.06337831300754587
1.5697872340425532    0.06651582741942422
1.571595744680851    0.0690179177882507
1.573404255319149    0.07157542241235149
1.5752127659574469    0.07392642087351692
1.5770212765957448    0.0751653703035029
1.5788297872340427    0.0749443156404078
1.5806382978723406    0.07396085047673079
1.5824468085106382    0.07311403897443583
1.5842553191489361    0.07247084286768837
1.586063829787234    0.07136489403904411
1.587872340425532    0.06939020318484351
1.5896808510638298    0.06691390799412858
1.5914893617021277    0.06449835694102218
1.5932978723404256    0.06214276137163369
1.5951063829787235    0.05942157377598786
1.5969148936170212    0.056257148503233725
1.5987234042553191    0.05315167066372617
1.600531914893617    0.05049742758280168
1.602340425531915    0.04794078387588564
1.6041489361702128    0.044755876818490206
1.6059574468085107    0.040783812958008425
1.6077659574468086    0.03666148522326437
1.6095744680851065    0.032993914080066536
1.6113829787234042    0.02956896249031464
1.613191489361702    0.025679846711627152
1.615    0.021121077460750724
1.616808510638298    0.016493730885648233
1.6186170212765958    0.012385685463990041
1.6204255319148937    0.008540782407990655
1.6222340425531916    0.0041854105943553085
1.6240425531914895    -0.0008717286199851045
1.6258510638297874    -0.005838562265799453
1.627659574468085    -0.009844140095517054
1.629468085106383    -0.013043216871484985
1.6312765957446809    -0.016504031141226245
1.6330851063829788    -0.020974385024308703
1.6348936170212767    -0.0260107198062569
1.6367021276595746    -0.030469142393247686
1.6385106382978725    -0.033681261411956875
1.6403191489361704    -0.035915074766770944
1.642127659574468    -0.03775413507007576
1.643936170212766    -0.039360736675271096
1.6457446808510638    -0.040538167185585006
1.6475531914893617    -0.04132082401387767
1.6493617021276596    -0.04216575074647255
1.6511702127659575    -0.04348179697026046
1.6529787234042554    -0.0451832357610127
1.6547872340425533    -0.04688403852193601
1.656595744680851    -0.04843900117273023
1.658404255319149    -0.05008996363438081
1.6602127659574468    -0.052064250935744405
1.6620212765957447    -0.05422283576372117
1.6638297872340426    -0.05623748212289856
1.6656382978723405    -0.05801782145930001
1.6674468085106384    -0.05979545061918845
1.6692553191489363    -0.061795585362938804
1.671063829787234    -0.06399590371298963
1.672872340425532    -0.06628926531820026
1.6746808510638298    -0.06874599578094709
1.6764893617021277    -0.0715350500270921
1.6782978723404256    -0.07459816042280737
1.6801063829787235    -0.0775763343644909
1.6819148936170214    -0.08014968630065869
1.6837234042553193    -0.08234060170490382
1.685531914893617    -0.0843380609558669
1.6873404255319149    -0.08605693640724915
1.6891489361702128    -0.08704453957615274
1.6909574468085107    -0.08690635704361271
1.6927659574468086    -0.085719138755259
1.6945744680851065    -0.08389279629327154
1.6963829787234044    -0.08165816645900753
1.6981914893617023    -0.07884009014040505
1.7    -0.07518436593185979
1.7018085106382979    -0.07077961027687818
1.7036170212765958    -0.0660227142449161
1.7054255319148937    -0.06121257013074688
1.7072340425531916    -0.0563389352775107
1.7090425531914895    -0.051324427065892006
1.7108510638297874    -0.046334810259237066
1.7126595744680853    -0.04168836688334851
1.714468085106383    -0.03746943731936507
1.7162765957446808    -0.03337911368712958
1.7180851063829787    -0.02904877320169791
1.7198936170212766    -0.024424727822006324
1.7217021276595745    -0.01974409255892546
1.7235106382978724    -0.015171310103664098
1.7253191489361703    -0.010601174039665356
1.7271276595744682    -0.005880082684479416
1.728936170212766    -0.0011158023442394424
1.7307446808510638    0.0033739338062743745
1.7325531914893617    0.007431729757433196
1.7343617021276596    0.011269698948090651
1.7361702127659575    0.015230772824484684
1.7379787234042554    0.019378697300969257
1.7397872340425533    0.02340237130351281
1.7415957446808512    0.02693303707581482
1.7434042553191489    0.029896429140065982
1.7452127659574468    0.032523049228658854
1.7470212765957447    0.03505709753823953
1.7488297872340426    0.037509346980223485
1.7506382978723405    0.03968460443087253
1.7524468085106384    0.04139630174194016
1.7542553191489363    0.042631553003326286
1.7560638297872342    0.04353444979099409
1.7578723404255319    0.044248174385708855
1.7596808510638298    0.04474613389219337
1.7614893617021277    0.04478607455920018
1.7632978723404256    0.04405697513362995
1.7651063829787235    0.04244473405877247
1.7669148936170214    0.04019850500626275
1.7687234042553193    0.03781401366068034
1.7705319148936172    0.035705965156289265
1.7723404255319148    0.033971484896005225
1.7741489361702127    0.03246109003096051
1.7759574468085106    0.0310362067402402
1.7777659574468085    0.029699665132382112
1.7795744680851064    0.028480214499648562
1.7813829787234043    0.027285416582806227
1.7831914893617022    0.025971394022767026
1.7850000000000001    0.024563500761014163
1.7868085106382978    0.023320096557998375
1.7886170212765957    0.022502545864971614
1.7904255319148936    0.022094980433645196
1.7922340425531915    0.021812336945032235
1.7940425531914894    0.021404515337296905
1.7958510638297873    0.02091217337296463
1.7976595744680852    0.020588392391410075
1.7994680851063831    0.02058874020441996
1.8012765957446808    0.020777479648778484
1.8030851063829787    0.02083422551826191
1.8048936170212766    0.020508441009519436
1.8067021276595745    0.01975417598646085
1.8085106382978724    0.018659697708464103
1.8103191489361703    0.0173018058650243
1.8121276595744682    0.015676967666331927
1.813936170212766    0.01374029262782844
1.8157446808510638    0.011491122468483123
1.8175531914893617    0.009036762235243231
1.8193617021276596    0.0065871037497283996
1.8211702127659575    0.00436308392120701
1.8229787234042554    0.0024698453328257618
1.8247872340425533    0.0008487766631032189
1.8265957446808512    -0.0006250424717942306
1.828404255319149    -0.0019865187025406177
1.8302127659574468    -0.00313371838829486
1.8320212765957447    -0.003939254741102368
1.8338297872340426    -0.004377050777156055
1.8356382978723405    -0.004510699269086496
1.8374468085106384    -0.004385676833192418
1.8392553191489363    -0.004003649299575666
1.8410638297872342    -0.003429812594118612
1.842872340425532    -0.0028602710118008547
1.8446808510638297    -0.002487976110199318
1.8464893617021276    -0.002277725075391337
1.8482978723404255    -0.0019333287132881384
1.8501063829787234    -0.0011428258958494858
1.8519148936170213    0.00016066549320905947
1.8537234042553192    0.001828504395557266
1.8555319148936171    0.0037754789019386168
1.857340425531915    0.006157316273350805
1.859148936170213    0.0092216855385536
1.8609574468085106    0.013013395876681334
1.8627659574468085    0.01728838139310101
1.8645744680851064    0.02172758435986146
1.8663829787234043    0.026191739319693236
1.8681914893617022    0.030750583109059586
1.87    0.03551625447760851
1.871808510638298    0.04050559086335923
1.873617021276596    0.045641833373935146
1.8754255319148936    0.05080725746941917
1.8772340425531915    0.055857173422306235
1.8790425531914894    0.060641066792624286
1.8808510638297873    0.0650850584526586
1.8826595744680852    0.06924333176616518
1.884468085106383    0.07318611709735595
1.886276595744681    0.076789718523771
1.8880851063829789    0.07967822380320358
1.8898936170212766    0.08143633829858615
1.8917021276595745    0.08188558059423867
1.8935106382978724    0.08112214786394098
1.8953191489361703    0.07930903402369677
1.8971276595744682    0.07652346060372878
1.898936170212766    0.07286286943134615
1.900744680851064    0.06862815268063208
1.9025531914893619    0.06425618496463295
1.9043617021276595    0.05998688567750783
1.9061702127659574    0.05562195487522392
1.9079787234042553    0.05066514175023648
1.9097872340425532    0.04470244119949776
1.9115957446808511    0.03763357048533357
1.913404255319149    0.029592621149275453
1.915212765957447    0.02076088099504901
1.9170212765957448    0.011305869713519504
1.9188297872340425    0.0014090562130773306
1.9206382978723404    -0.008787418222015706
1.9224468085106383    -0.01928990172986078
1.9242553191489362    -0.03020647765691724
1.9260638297872341    -0.04149665218568763
1.927872340425532    -0.05279209357293241
1.92968085106383    -0.06355727680349717
1.9314893617021278    -0.073458492428629
1.9332978723404255    -0.08252340013477609
1.9351063829787234    -0.09091037046314344
1.9369148936170213    -0.09858749454968314
1.9387234042553192    -0.10531987658819443
1.940531914893617    -0.11095037402069878
1.942340425531915    -0.11558395779895446
1.944148936170213    -0.11943932412661705
1.9459574468085108    -0.12258392743778153
1.9477659574468085    -0.12490022949213171
1.9495744680851064    -0.12628669092172845
1.9513829787234043    -0.12678102459470092
1.9531914893617022    -0.1264436721608158
1.955    -0.12521473682736156
1.956808510638298    -0.12299853887704965
1.9586170212765959    -0.11987424709989933
1.9604255319148938    -0.11610885010699534
1.9622340425531914    -0.11191215309067179
1.9640425531914893    -0.107263369372985
1.9658510638297872    -0.1020776181646855
1.9676595744680851    -0.09651366906501924
1.969468085106383    -0.09099749748771005
1.971276595744681    -0.08589646285789487
1.9730851063829788    -0.08125409326405272
1.9748936170212767    -0.07692407673645216
1.9767021276595744    -0.07290557191218841
1.9785106382978723    -0.06941981704313849
1.9803191489361702    -0.06665175460398717
1.9821276595744681    -0.06457095863704929
1.983936170212766    -0.06313132612521852
1.985744680851064    -0.06256436361207707
1.9875531914893618    -0.06326461355580151
1.9893617021276597    -0.06528964389906325
1.9911702127659574    -0.06808628789186638
1.9929787234042553    -0.07086398057116586
1.9947872340425532    -0.07323574453055526
1.996595744680851    -0.07537155766875886
1.998404255319149    -0.0774927974550014
2.0002127659574467    -0.07936033317781405
2.0020212765957446    -0.08040793681361194
2.0038297872340425    -0.08034027006282671
2.0056382978723404    -0.07942507988998873
2.0074468085106383    -0.07811307479672555
2.009255319148936    -0.0764714023366963
2.011063829787234    -0.07411669575387742
2.012872340425532    -0.07066761908532326
2.01468085106383    -0.06610972900614595
2.016489361702128    -0.06066488973593187
2.0182978723404257    -0.054443262790959235
2.0201063829787236    -0.04739134299562915
2.0219148936170215    -0.03957678062456986
2.0237234042553194    -0.03137015776892284
2.0255319148936173    -0.023237865148076707
2.0273404255319147    -0.015381893425972522
2.0291489361702126    -0.007623948169724261
2.0309574468085105    0.0004250607006706583
2.0327659574468084    0.009183455702104416
2.0345744680851063    0.01903959638090965
2.0363829787234042    0.03026657856287586
2.038191489361702    0.042830902774961765
2.04    0.05632188035018275
2.041808510638298    0.07021629126938263
2.043617021276596    0.08425729859990234
2.0454255319148937    0.09847514495890676
2.0472340425531916    0.11277272952851601
2.0490425531914895    0.1265955857417701
2.0508510638297874    0.13916761641534603
2.0526595744680853    0.15006007398005483
2.0544680851063832    0.15939100845128185
2.0562765957446807    0.1673984510803213
2.0580851063829786    0.17394663253232578
2.0598936170212765    0.17861584665659908
2.0617021276595744    0.18123816813402904
2.0635106382978723    0.18212418147859882
2.06531914893617    0.18163799742633552
2.067127659574468    0.1796854095060444
2.068936170212766    0.17583933836949922
2.070744680851064    0.16998032726616363
2.072553191489362    0.1626046737053739
2.0743617021276597    0.15435716905419156
2.0761702127659576    0.14537406098880806
2.0779787234042555    0.13529643346783815
2.0797872340425534    0.12394150239538054
2.0815957446808513    0.11175148232694743
2.083404255319149    0.09944003824968303
2.085212765957447    0.0873244192660651
2.0870212765957445    0.07523170883856548
2.0888297872340424    0.06306720880111807
2.0906382978723403    0.05122504981886923
2.0924468085106382    0.04024380379861807
2.094255319148936    0.03016305061656674
2.096063829787234    0.020484444335487947
2.097872340425532    0.010857828021801706
2.09968085106383    0.0016382661865491435
2.1014893617021277    -0.006399785665365604
2.1032978723404256    -0.012829514206412679
2.1051063829787235    -0.017864921341416776
2.1069148936170214    -0.02187218441154562
2.1087234042553193    -0.024796060117612727
2.1105319148936172    -0.026251225890910675
2.112340425531915    -0.02612333501463051
2.114148936170213    -0.024892685195562106
2.1159574468085105    -0.023316724039605004
2.1177659574468084    -0.021933259397019227
2.1195744680851063    -0.020966317351680468
2.121382978723404    -0.020573421486101723
2.123191489361702    -0.020932865517525018
2.125    -0.022012093900486154
2.126808510638298    -0.023410042631636874
2.128617021276596    -0.024595851262572528
2.1304255319148937    -0.025291938456021124
2.1322340425531916    -0.02553204154745685
2.1340425531914895    -0.025391959061762316
2.1358510638297874    -0.02485576637581114
2.1376595744680853    -0.02404763503678386
2.139468085106383    -0.023454102031920887
2.141276595744681    -0.023681919788637845
2.143085106382979    -0.024913335544934384
2.1448936170212765    -0.026692475775758846
2.1467021276595744    -0.028319607978252163
2.1485106382978723    -0.029398470169117924
2.15031914893617    -0.02995438331466283
2.152127659574468    -0.03015948568095289
2.153936170212766    -0.03018167089862738
2.155744680851064    -0.030361417767482413
2.1575531914893618    -0.03131572077593035
2.1593617021276597    -0.033597106201381066
2.1611702127659576    -0.03719920589766364
2.1629787234042555    -0.041538010176337056
2.1647872340425534    -0.04599494396440658
2.1665957446808513    -0.05037557714197527
2.168404255319149    -0.05473378678640457
2.170212765957447    -0.05884781732518146
2.172021276595745    -0.06209354043413526
2.1738297872340424    -0.06391623384373454
2.1756382978723403    -0.06429439617749227
2.177446808510638    -0.0636115889691331
2.179255319148936    -0.062151502050168034
2.181063829787234    -0.05989570823294524
2.182872340425532    -0.05681607877563906
2.18468085106383    -0.053137158111554714
2.1864893617021277    -0.04912116778866732
2.1882978723404256    -0.04467329766515869
2.1901063829787235    -0.03938831973129686
2.1919148936170214    -0.0330683490360609
2.1937234042553193    -0.026057943821631756
2.195531914893617    -0.01894910312899393
2.197340425531915    -0.012043473310388735
2.199148936170213    -0.0052636954447796876
2.200957446808511    0.0014433557855815828
2.2027659574468084    0.007849706585726072
2.2045744680851063    0.01371776687049085
2.206382978723404    0.019159810057479784
2.208191489361702    0.02446128220103993
2.21    0.029514674328776858
2.211808510638298    0.033663306832619935
2.2136170212765958    0.036306916458917496
2.2154255319148937    0.037601882856015026
2.2172340425531916    0.03837431471758784
2.2190425531914895    0.03929609161807736
2.2208510638297874    0.040258189137601
2.2226595744680853    0.04058043444975683
2.224468085106383    0.03966434255136357
2.226276595744681    0.03729602783891274
2.228085106382979    0.0334588519670299
2.229893617021277    0.028192226865161006
2.2317021276595743    0.021784324305190235
2.233510638297872    0.014885348645906904
2.23531914893617    0.008121969336159846
2.237127659574468    0.0015682902790024236
2.238936170212766    -0.005175896857398924
2.240744680851064    -0.012250747155747648
2.2425531914893617    -0.019027594731733696
2.2443617021276596    -0.0245387834012925
2.2461702127659575    -0.028399574218430937
2.2479787234042554    -0.031133026314357076
2.2497872340425533    -0.03356095076657942
2.251595744680851    -0.03607982836934015
2.253404255319149    -0.03866475361563804
2.255212765957447    -0.041362467944606116
2.257021276595745    -0.044388640557819256
2.258829787234043    -0.04763108005758526
2.2606382978723403    -0.05036228643916721
2.262446808510638    -0.05178590622441588
2.264255319148936    -0.051861286848363594
2.266063829787234    -0.05133724937500432
2.267872340425532    -0.050897998094347224
2.2696808510638298    -0.050513721034456796
2.2714893617021277    -0.04983059092953626
2.2732978723404256    -0.049008876038134724
2.2751063829787235    -0.04875954679121473
2.2769148936170214    -0.049400223351568046
2.2787234042553193    -0.0501510662824968
2.280531914893617    -0.04969898038944172
2.282340425531915    -0.047456077844267086
2.284148936170213    -0.04402668447059285
2.285957446808511    -0.04039204527089822
2.2877659574468088    -0.03691178738252657
2.2895744680851062    -0.033346407445578305
2.291382978723404    -0.0296601702049914
2.293191489361702    -0.026358379948472642
2.295    -0.02386713941169672
2.296808510638298    -0.02186776212452614
2.2986170212765957    -0.019587170141611626
2.3004255319148936    -0.016708070289799086
2.3022340425531915    -0.013666495993634425
2.3040425531914894    -0.010906646636864383
2.3058510638297873    -0.008082063156062285
2.3076595744680852    -0.004295650654268681
2.309468085106383    0.0008883629313930028
2.311276595744681    0.006930502514139396
2.313085106382979    0.012907006099660341
2.314893617021277    0.01841356366359484
2.3167021276595747    0.023703825142094258
2.3185106382978726    0.029087281771943876
2.32031914893617    0.034533589205911444
2.322127659574468    0.03997095576803418
2.323936170212766    0.045681598717195585
2.325744680851064    0.05205301399790563
2.3275531914893617    0.05891961628666394
2.3293617021276596    0.06542201452256004
2.3311702127659575    0.07072120557818336
2.3329787234042554    0.07480525629642613
2.3347872340425533    0.07847355847644953
2.336595744680851    0.08255336236650072
2.338404255319149    0.08722909783557924
2.340212765957447    0.09208353792521197
2.342021276595745    0.09658643684661934
2.343829787234043    0.1004527974130429
2.3456382978723407    0.10372045490386357
2.3474468085106386    0.10675857866558937
2.349255319148936    0.1102266398219973
2.351063829787234    0.11475287608101765
2.352872340425532    0.12037947141540765
2.3546808510638297    0.12630060431045564
2.3564893617021276    0.13129976462363108
2.3582978723404255    0.13455180653034604
2.3601063829787234    0.13601201628725146
2.3619148936170213    0.13608431239085084
2.3637234042553192    0.1350612601222137
2.365531914893617    0.1329484136098522
2.367340425531915    0.1296585426635014
2.369148936170213    0.12511269424002358
2.370957446808511    0.11910014278424097
2.3727659574468087    0.1112711069486082
2.3745744680851066    0.10152005032788602
2.3763829787234045    0.0903891639584481
2.378191489361702    0.07891501329706199
2.38    0.06794411005741943
2.381808510638298    0.057599465162839064
2.3836170212765957    0.047418919378298036
2.3854255319148936    0.03692292558258092
2.3872340425531915    0.025990111364268473
2.3890425531914894    0.014819260308137246
2.3908510638297873    0.0037715465754821972
2.392659574468085    -0.006679737310542647
2.394468085106383    -0.016057379653088254
2.396276595744681    -0.024200821968876303
2.398085106382979    -0.03151001460895997
2.399893617021277    -0.03869634400035432
2.4017021276595747    -0.04617230704469395
2.4035106382978726    -0.053744207495868
2.4053191489361705    -0.060974327594608024
2.407127659574468    -0.06774610126251618
2.408936170212766    -0.07430544062851438
2.4107446808510637    -0.08075678083984633
2.4125531914893616    -0.08673025020009284
2.4143617021276595    -0.09169580493688798
2.4161702127659574    -0.09550888297776872
2.4179787234042553    -0.09846658773171524
2.4197872340425532    -0.10085430547736371
2.421595744680851    -0.10267236306835084
2.423404255319149    -0.1039374208817122
2.425212765957447    -0.10507486974715019
2.427021276595745    -0.10673532801512622
2.4288297872340427    -0.10918756882443945
2.4306382978723406    -0.11211045941023179
2.4324468085106385    -0.11512277950493452
2.4342553191489364    -0.11836166609638987
2.436063829787234    -0.12228769910368736
2.437872340425532    -0.12691448728177918
2.4396808510638297    -0.1314789407009423
2.4414893617021276    -0.13504434978265323
2.4432978723404255    -0.13732634818493944
2.4451063829787234    -0.13875236410494096
2.4469148936170213    -0.13977078293471296
2.448723404255319    -0.14035020469752407
2.450531914893617    -0.14023355655533803
2.452340425531915    -0.1394228932006925
2.454148936170213    -0.13811048297346673
2.455957446808511    -0.13617520498634045
2.4577659574468087    -0.1330992897539725
2.4595744680851066    -0.12861934706805433
2.4613829787234045    -0.12331726619316652
2.4631914893617024    -0.1182644809349572
2.465    -0.11400114998496527
2.4668085106382978    -0.11004968553572561
2.4686170212765957    -0.10557024868064876
2.4704255319148936    -0.10037479525827689
2.4722340425531915    -0.09509830807361816
2.4740425531914894    -0.09039092084374234
2.4758510638297873    -0.08615419204123731
2.477659574468085    -0.08166581951706142
2.479468085106383    -0.0762711278232728
2.481276595744681    -0.0697238317302736
2.483085106382979    -0.0619036669130876
2.4848936170212768    -0.052529112548154275
2.4867021276595747    -0.041409709940563616
2.4885106382978726    -0.028928524115802517
2.4903191489361705    -0.016030672677864885
2.4921276595744684    -0.0035793218575073185
2.493936170212766    0.0082650091182196
2.4957446808510637    0.019997170560152953
2.4975531914893616    0.03215158332630339
2.4993617021276595    0.044750390848066125
2.5011702127659574    0.05723194637864986
2.5029787234042553    0.06874292967867163
2.504787234042553    0.07848562836773187
2.506595744680851    0.08599110154485329
2.508404255319149    0.09130598809984772
2.510212765957447    0.09498605479086025
2.512021276595745    0.09778118728747348
2.5138297872340427    0.10015364001897065
2.5156382978723406    0.10200494949535396
2.5174468085106385    0.10284637618056403
2.5192553191489364    0.10224924085826292
2.5210638297872343    0.1001975781434955
2.5228723404255318    0.09712238194076767
2.5246808510638297    0.09367280237805828
2.5264893617021276    0.09039560915895958
2.5282978723404255    0.08747590751444337
2.5301063829787234    0.08467788185662126
2.5319148936170213    0.08156516995949215
2.533723404255319    0.07787177635394182
2.535531914893617    0.07369696139861001
2.537340425531915    0.06931889664716848
2.539148936170213    0.06482703341766521
2.5409574468085108    0.05999396321178682
2.5427659574468087    0.05452992725708361
2.5445744680851066    0.04841204263753171
2.5463829787234045    0.0419355696766856
2.5481914893617024    0.03553296817253804
2.5500000000000003    0.02967058811873864
2.551808510638298    0.024892838840783048
2.5536170212765956    0.02173564658702328
2.5554255319148935    0.020371182359117224
2.5572340425531914    0.020343183717520363
2.5590425531914893    0.020844855343587446
2.560851063829787    0.021384955845224818
2.562659574468085    0.022111414293280146
2.564468085106383    0.023364646796158052
2.566276595744681    0.024960391009055824
2.568085106382979    0.02609469588066779
2.5698936170212767    0.02605218059503376
2.5717021276595746    0.02492343077119874
2.5735106382978725    0.02351711985575424
2.5753191489361704    0.022606405804003457
2.5771276595744683    0.022372232669230926
2.578936170212766    0.02254192707983365
2.580744680851064    0.022837230642655998
2.5825531914893616    0.02310533162261831
2.5843617021276595    0.02311259764912181
2.5861702127659574    0.022497368954641522
2.5879787234042553    0.021090962474256167
2.589787234042553    0.01919778440968716
2.591595744680851    0.0174019237128124
2.593404255319149    0.016083527738030526
2.595212765957447    0.01520612619419711
2.5970212765957448    0.014545679608282115
2.5988297872340427    0.013940882704059049
2.6006382978723406    0.013191960628823354
2.6024468085106385    0.011830277426710709
2.6042553191489364    0.00923882788724337
2.6060638297872343    0.005122802893855319
2.607872340425532    -0.00021821964439181721
2.60968085106383    -0.006178283587604588
2.6114893617021275    -0.01235035291728625
2.6132978723404254    -0.01863986489679241
2.6151063829787233    -0.024922346251065375
2.6169148936170212    -0.03079881694055802
2.618723404255319    -0.03585275484743269
2.620531914893617    -0.04009859398954436
2.622340425531915    -0.04400028707888224
2.624148936170213    -0.0479521865164372
2.6259574468085107    -0.05178557607053886
2.6277659574468086    -0.054843712983947183
2.6295744680851065    -0.0565196690901714
2.6313829787234044    -0.056693478601768925
2.6331914893617023    -0.05572015055880806
2.6350000000000002    -0.05412438538400705
2.636808510638298    -0.0523305780926076
2.638617021276596    -0.05054056505457551
2.6404255319148935    -0.04868783780475978
2.6422340425531914    -0.04646183005265384
2.6440425531914893    -0.04347986148803817
2.645851063829787    -0.039565048794377215
2.647659574468085    -0.034920975226725166
2.649468085106383    -0.030049106796545023
2.651276595744681    -0.025486107686213844
2.653085106382979    -0.02155640408492171
2.6548936170212767    -0.01824535813564472
2.6567021276595746    -0.015199324614055522
2.6585106382978725    -0.011878213567925712
2.6603191489361704    -0.007869551919035538
2.6621276595744683    -0.003191542425928484
2.663936170212766    0.0017177644066904186
2.665744680851064    0.006405751802108508
2.667553191489362    0.010846992244458693
2.6693617021276594    0.01544041572125944
2.6711702127659573    0.02051645259417125
2.6729787234042552    0.025851165012857426
2.674787234042553    0.030695278428874435
2.676595744680851    0.034286139174652265
2.678404255319149    0.036346179161754276
2.680212765957447    0.03716471761837881
2.6820212765957447    0.03730303464049398
2.6838297872340426    0.0372285445604427
2.6856382978723405    0.0371083489049252
2.6874468085106384    0.036827842557279965
2.6892553191489363    0.0362158563145716
2.6910638297872342    0.03534675487918775
2.692872340425532    0.03463503631883886
2.69468085106383    0.03451445766746957
2.696489361702128    0.034927116621600605
2.6982978723404254    0.035195546158250164
2.7001063829787233    0.034549743447570856
2.701914893617021    0.03282157563950525
2.703723404255319    0.03052467094244978
2.705531914893617    0.028208240729953316
2.707340425531915    0.025870028709420095
2.709148936170213    0.023170731621753954
2.7109574468085107    0.020166969993813025
2.7127659574468086    0.017550715817528817
2.7145744680851065    0.01594999278938239
2.7163829787234044    0.015060253350362474
2.7181914893617023    0.013692692361294306
2.72    0.010792849722326261
2.721808510638298    0.006360449389483266
2.723617021276596    0.0013543661939816225
2.725425531914894    -0.003164885318558467
2.7272340425531914    -0.006690551462276796
2.7290425531914893    -0.009247868568150939
2.730851063829787    -0.011079924394204695
2.732659574468085    -0.01252368005078338
2.734468085106383    -0.013988427868531262
2.736276595744681    -0.015718310700729616
2.7380851063829788    -0.017482165403938512
2.7398936170212767    -0.01868635170758359
2.7417021276595746    -0.018959180722494095
2.7435106382978725    -0.01855666824887391
2.7453191489361704    -0.018047181028762228
2.7471276595744683    -0.017637122399102017
2.748936170212766    -0.017007501953340682
2.750744680851064    -0.015890686746535206
2.752553191489362    -0.014629973860735005
2.75436170212766    -0.013956969742551038
2.7561702127659573    -0.014230396113682375
2.757978723404255    -0.015073284366142598
2.759787234042553    -0.01581789642322045
2.761595744680851    -0.016151659736219556
2.763404255319149    -0.016197873286821547
2.765212765957447    -0.01609518400478594
2.7670212765957447    -0.015768649076537238
2.7688297872340426    -0.015188645408078825
2.7706382978723405    -0.01463809210902697
2.7724468085106384    -0.014488199520107825
2.7742553191489363    -0.014726166569986498
2.776063829787234    -0.014896198567394773
2.777872340425532    -0.01459622496112336
2.77968085106383    -0.013936660156372176
2.781489361702128    -0.013424711522847552
2.783297872340426    -0.013477572657326607
2.7851063829787237    -0.014166342589695069
2.786914893617021    -0.015373424561186452
2.788723404255319    -0.01698712047227897
2.790531914893617    -0.018841607013519914
2.792340425531915    -0.02061182270886702
2.7941489361702128    -0.021971974393313106
2.7959574468085107    -0.022874319058522243
2.7977659574468086    -0.023532195048746884
2.7995744680851065    -0.02407368230014324
2.8013829787234044    -0.02433171992411488
2.8031914893617023    -0.024080448790894864
2.805    -0.023388424621695495
2.806808510638298    -0.02255987968637586
2.808617021276596    -0.021707923461462438
2.810425531914894    -0.020556343061223257
2.8122340425531918    -0.018786598835738192
2.8140425531914897    -0.016488069426461093
2.815851063829787    -0.01409369411249756
2.817659574468085    -0.011862405603028026
2.819468085106383    -0.00958208979100084
2.821276595744681    -0.006875000049316491
2.8230851063829787    -0.0037002755401008593
2.8248936170212766    -0.00043007245745103114
2.8267021276595745    0.0025323431109490133
2.8285106382978724    0.005078377228754639
2.8303191489361703    0.007344333493374473
2.832127659574468    0.009502249804907737
2.833936170212766    0.011685311651180167
2.835744680851064    0.013970524026931245
2.837553191489362    0.01623461912131128
2.83936170212766    0.018070467946312972
2.8411702127659577    0.01911534281357863
2.8429787234042556    0.01961685107935176
2.844787234042553    0.0204998162888372
2.846595744680851    0.022574381958297918
2.848404255319149    0.02560655776567955
2.8502127659574468    0.028364316100503918
2.8520212765957447    0.029744517917674018
2.8538297872340426    0.02979582573980618
2.8556382978723405    0.029517278451109533
2.8574468085106384    0.029724426518715395
2.8592553191489363    0.030303965283380176
2.861063829787234    0.030584970208861306
2.862872340425532    0.030178079835945656
2.86468085106383    0.02922840895204952
2.866489361702128    0.027961312435236238
2.8682978723404258    0.026302790930970092
2.8701063829787237    0.024078872617543816
2.8719148936170216    0.021399433958179906
2.873723404255319    0.018626951377970574
2.875531914893617    0.016003483844496687
2.877340425531915    0.013483700286544983
2.8791489361702127    0.010932473055620194
2.8809574468085106    0.008276775770187754
2.8827659574468085    0.005361640465904555
2.8845744680851064    0.001858933983833565
2.8863829787234043    -0.002412836371908835
2.8881914893617022    -0.007096980395020802
2.89    -0.011493907872194583
2.891808510638298    -0.015282461876882666
2.893617021276596    -0.018863836518151003
2.895425531914894    -0.02276081882357814
2.8972340425531917    -0.026749361733948804
2.8990425531914896    -0.02988040124758505
2.9008510638297875    -0.031479407596296693
2.902659574468085    -0.03191976489847502
2.904468085106383    -0.032200018508354064
2.906276595744681    -0.03286452561686104
2.9080851063829787    -0.03360457581669676
2.9098936170212766    -0.03391913964757608
2.9117021276595745    -0.03383179309889213
2.9135106382978724    -0.03372130123950738
2.9153191489361703    -0.0336580766540172
2.917127659574468    -0.03331768046322296
2.918936170212766    -0.0326173890779726
2.920744680851064    -0.03206541345676897
2.922553191489362    -0.032151524515764404
2.92436170212766    -0.03252382303524885
2.9261702127659577    -0.03216060762441644
2.9279787234042556    -0.030490752014207353
2.9297872340425535    -0.02809680085634738
2.931595744680851    -0.026088897772893846
2.933404255319149    -0.024918118108925878
2.9352127659574467    -0.02407819753839411
2.9370212765957446    -0.02294601743316508
2.9388297872340425    -0.02157491842089871
2.9406382978723404    -0.020466485460428757
2.9424468085106383    -0.01979388868658817
2.9442553191489362    -0.019201517212980954
2.946063829787234    -0.018363065680149268
2.947872340425532    -0.017391806093034895
2.94968085106383    -0.01650790851778603
2.951489361702128    -0.015539850732930703
2.9532978723404257    -0.014105666798696508
2.9551063829787236    -0.012279635100512908
2.9569148936170215    -0.010734641915917158
2.9587234042553194    -0.010002222936720321
2.960531914893617    -0.00974488109854544
2.962340425531915    -0.009018380919834961
2.9641489361702127    -0.007249489223271809
2.9659574468085106    -0.004753449808797867
2.9677659574468085    -0.0022551151630871846
2.9695744680851064    -0.0001341663640626249
2.9713829787234043    0.0016981984408755606
2.973191489361702    0.00337651165270464
2.975    0.0048760325048532805
2.976808510638298    0.006262667019910915
2.978617021276596    0.007828158064678715
2.980425531914894    0.00972568489926303
2.9822340425531917    0.01159916500578053
2.9840425531914896    0.012867798468762352
2.9858510638297875    0.013419515638977423
2.9876595744680854    0.013781785831761175
2.989468085106383    0.01446439249932872
2.9912765957446807    0.015316338089343975
2.9930851063829786    0.015775475339296553
2.9948936170212765    0.01568312872263692
2.9967021276595744    0.015536469674062137
2.9985106382978723    0.015808540845071647
3.0003191489361702    0.016271164903762396
3.002127659574468    0.016295681361658106
3.003936170212766    0.015785996148817247
3.005744680851064    0.015507501572606018
3.007553191489362    0.016335491993311302
3.0093617021276597    0.018339028501654427
3.0111702127659576    0.020792303920398124
3.0129787234042555    0.02299397701777093
3.0147872340425534    0.024833083556078293
3.0165957446808513    0.026538231794397904
3.0184042553191492    0.028155606907972974
3.0202127659574467    0.02949075031902961
3.0220212765957446    0.030426153527299694
3.0238297872340425    0.03100251571982488
3.0256382978723404    0.031147004750381263
3.0274468085106383    0.030585631665973285
3.029255319148936    0.02922527618395645
3.031063829787234    0.027498281936598666
3.032872340425532    0.026076272695987064
3.03468085106383    0.025212610568076582
3.036489361702128    0.02456199411877645
3.0382978723404257    0.023739593172448045
3.0401063829787236    0.02287747618647583
3.0419148936170215    0.022421580160647346
3.0437234042553194    0.022445536944427198
3.0455319148936173    0.022423125762341678
3.047340425531915    0.0217806028042159
3.0491489361702127    0.02050557464272059
3.0509574468085106    0.019048992216188214
3.0527659574468085    0.01773121823696381
3.0545744680851064    0.016477354952540865
3.0563829787234043    0.015156421211924016
3.058191489361702    0.013932070129170537
3.06    0.013079858200282547
3.061808510638298    0.012554760894804652
3.063617021276596    0.01196790695143107
3.0654255319148938    0.011029865234104982
3.0672340425531917    0.009845960039685842
3.0690425531914896    0.008681182562770492
3.0708510638297875    0.007579553359661224
3.0726595744680854    0.006394539564184098
3.0744680851063833    0.00514095983298489
3.076276595744681    0.004097647181700248
3.0780851063829786    0.003482626763139344
3.0798936170212765    0.0031779470943570035
3.0817021276595744    0.002901584237616427
3.0835106382978723    0.002533307575433229
3.08531914893617    0.002068647769878213
3.087127659574468    0.0012892222356620004
3.088936170212766    -0.00023244002567762278
3.090744680851064    -0.0026150226030378955
3.092553191489362    -0.005309819733264463
3.0943617021276597    -0.00754155001023071
3.0961702127659576    -0.009150875296111874
3.0979787234042555    -0.01078186578679247
3.0997872340425534    -0.013093447126174482
3.1015957446808513    -0.01593621663805154
3.103404255319149    -0.018538061701573103
3.105212765957447    -0.02047421378532328
3.1070212765957446    -0.022190367301517838
3.1088297872340425    -0.02442487616201357
3.1106382978723404    -0.027281712069165947
3.1124468085106383    -0.03011348849589524
3.114255319148936    -0.03230386056362117
3.116063829787234    -0.03393042503450108
3.117872340425532    -0.035536870983258056
3.11968085106383    -0.037408301206904054
3.1214893617021278    -0.03927730806848513
3.1232978723404257    -0.04071951601790756
3.1251063829787236    -0.0416375083889476
3.1269148936170215    -0.04226820477971123
3.1287234042553194    -0.042849499259807355
3.1305319148936173    -0.04342923032842304
3.132340425531915    -0.043956722919099786
3.134148936170213    -0.04440390745699663
3.1359574468085105    -0.04475413099949875
3.1377659574468084    -0.04498110991596052
3.1395744680851063    -0.04511062256877704
3.141382978723404    -0.04522543878487115
3.143191489361702    -0.04531436679621678
3.145    -0.045162832542741546
3.146808510638298    -0.0445115464408888
3.148617021276596    -0.04332330008077692
3.1504255319148937    -0.04176686372035911
3.1522340425531916    -0.03989246730967534
3.1540425531914895    -0.037467924070797645
3.1558510638297874    -0.034288675546493036
3.1576595744680853    -0.030585751494208488
3.159468085106383    -0.02691652159877273
3.161276595744681    -0.02358475081602833
3.163085106382979    -0.020339137491459984
3.1648936170212765    -0.01679616845537324
3.1667021276595744    -0.01303943871543865
3.1685106382978723    -0.009538034884090014
3.17031914893617    -0.006429429728223673
3.172127659574468    -0.003150588995801914
3.173936170212766    0.0009704440667714898
3.175744680851064    0.005832954577865465
3.1775531914893618    0.010539965301036524
3.1793617021276597    0.014333322677093772
3.1811702127659576    0.01734834191829763
3.1829787234042555    0.020265897970835986
3.1847872340425534    0.023351960505870482
3.1865957446808513    0.026131484126650853
3.188404255319149    0.028072504099280714
3.190212765957447    0.029339549722761607
3.192021276595745    0.030635290732157802
3.1938297872340424    0.03236657789171277
3.1956382978723403    0.034200356387464326
3.1974468085106382    0.035493366539448706
3.199255319148936    0.035966703762765076
3.201063829787234    0.035817667149407595
3.202872340425532    0.03530467418779411
3.20468085106383    0.03446903613639907
3.2064893617021277    0.03330493587113745
3.2082978723404256    0.03200756622794004
3.2101063829787235    0.030899401683319797
3.2119148936170214    0.030173689111803778
3.2137234042553193    0.029831060983876383
3.2155319148936172    0.029821083092013867
3.217340425531915    0.03008141777870582
3.219148936170213    0.030405819316821986
3.220957446808511    0.030445387393843774
3.2227659574468084    0.029994014153476224
3.2245744680851063    0.029216257649751762
3.226382978723404    0.028440760630493778
3.228191489361702    0.027724136762126435
3.23    0.026770277358724448
3.231808510638298    0.025346776654525914
3.233617021276596    0.0236379818053626
3.2354255319148937    0.02202776490171579
3.2372340425531916    0.020597653464822903
3.2390425531914895    0.019051615072536242
3.2408510638297874    0.01719370870582483
3.2426595744680853    0.01527878342256899
3.244468085106383    0.013688793984989383
3.246276595744681    0.012329671206632212
3.248085106382979    0.010596406100419679
3.249893617021277    0.008042654251680263
3.251702127659575    0.004943218083905349
3.2535106382978722    0.0020384216299036764
3.25531914893617    -0.00022059641728010173
3.257127659574468    -0.002009086913036303
3.258936170212766    -0.0037195088549009207
3.260744680851064    -0.005415748474878785
3.2625531914893617    -0.006823970753884431
3.2643617021276596    -0.007750270340313012
3.2661702127659575    -0.008312053685063337
3.2679787234042554    -0.008752996025141803
3.2697872340425533    -0.009213863471059647
3.2715957446808512    -0.009786222306747984
3.273404255319149    -0.010655616257656821
3.275212765957447    -0.011996231249130318
3.277021276595745    -0.013719633190593728
3.278829787234043    -0.015487296059655745
3.2806382978723407    -0.017052044229067004
3.282446808510638    -0.018490339887819257
3.284255319148936    -0.019999550950899773
3.286063829787234    -0.02154038509362126
3.287872340425532    -0.02283357485627526
3.28968085106383    -0.023724645173398742
3.2914893617021277    -0.02441193138957446
3.2932978723404256    -0.025229721424691404
3.2951063829787235    -0.026297785264267202
3.2969148936170214    -0.027501731933792427
3.2987234042553193    -0.028764472048274037
3.300531914893617    -0.030167610223036274
3.302340425531915    -0.03175467169441577
3.304148936170213    -0.033348751272003846
3.305957446808511    -0.034680761168482496
3.307765957446809    -0.03562996221620458
3.3095744680851067    -0.03621335577915964
3.311382978723404    -0.03639185353735393
3.313191489361702    -0.03609504097772451
3.315    -0.035515376163292284
3.316808510638298    -0.035182623986610345
3.3186170212765957    -0.03550430495623391
3.3204255319148936    -0.03624033823166488
3.3222340425531915    -0.03664812027283357
3.3240425531914894    -0.03624880588189662
3.3258510638297873    -0.03529825055097163
3.3276595744680852    -0.034341859265615796
3.329468085106383    -0.03341259062081296
3.331276595744681    -0.0319327041920012
3.333085106382979    -0.029467948386591863
3.334893617021277    -0.026340944177204624
3.3367021276595747    -0.023288029424092138
3.3385106382978726    -0.020621278336474994
3.34031914893617    -0.018004277936815645
3.342127659574468    -0.015088656343380996
3.343936170212766    -0.012081222939156259
3.345744680851064    -0.009440755055599118
3.3475531914893617    -0.007145202990255013
3.3493617021276596    -0.004588030764771779
3.3511702127659575    -0.0012941360283625384
3.3529787234042554    0.002500337726789959
3.3547872340425533    0.006189826224181722
3.356595744680851    0.009594730204911507
3.358404255319149    0.013132037218147569
3.360212765957447    0.01714415925493306
3.362021276595745    0.021309780400707017
3.363829787234043    0.024936654130642173
3.3656382978723407    0.02775453946785473
3.3674468085106386    0.03019784720701845
3.369255319148936    0.03287944406147022
3.371063829787234    0.03597626535685452
3.372872340425532    0.03923243056759063
3.3746808510638298    0.04239389667695145
3.3764893617021277    0.045408669864837915
3.3782978723404256    0.04821810156768646
3.3801063829787235    0.050588908521371496
3.3819148936170214    0.05228958946273312
3.3837234042553193    0.053318652688620925
3.385531914893617    0.053801014614009955
3.387340425531915    0.053704243319600616
3.389148936170213    0.052832346333940856
3.390957446808511    0.05113648842688553
3.3927659574468088    0.04887215468734509
3.3945744680851067    0.04633256217232155
3.3963829787234046    0.04353242469776782
3.398191489361702    0.04033210345256839
3.4    0.03685611847403635
3.401808510638298    0.03358189481147573
3.4036170212765957    0.030891831857423564
3.4054255319148936    0.028646445733523332
3.4072340425531915    0.02635546070849582
3.4090425531914894    0.02373113707391438
3.4108510638297873    0.020898423774472756
3.412659574468085    0.018027669466529027
3.414468085106383    0.014960544013622838
3.416276595744681    0.011388120507388369
3.418085106382979    0.007335075716340497
3.419893617021277    0.0032476987909542017
3.4217021276595747    -0.0004780991934624046
3.4235106382978726    -0.003913961854199222
3.4253191489361705    -0.007412777407493363
3.427127659574468    -0.011082069420870653
3.428936170212766    -0.014618907903528459
3.4307446808510638    -0.017700035850751562
3.4325531914893617    -0.020390930102461298
3.4343617021276596    -0.023056040934204748
3.4361702127659575    -0.02592334643161858
3.4379787234042554    -0.028847887780292424
3.4397872340425533    -0.031486760683615146
3.441595744680851    -0.03359468491081919
3.443404255319149    -0.03512863551065463
3.445212765957447    -0.03618497518316508
3.447021276595745    -0.03692786825576929
3.4488297872340428    -0.037510578733159265
3.4506382978723407    -0.03794234343875998
3.4524468085106386    -0.03804028638424697
3.4542553191489365    -0.03763579955532651
3.456063829787234    -0.036868937412357854
3.457872340425532    -0.03616093620925535
3.4596808510638297    -0.03578999288039939
3.4614893617021276    -0.03556372779211931
3.4632978723404255    -0.0350535995304126
3.4651063829787234    -0.03413949701961778
3.4669148936170213    -0.03314531889658528
3.468723404255319    -0.03234773487692975
3.470531914893617    -0.03150653311597814
3.472340425531915    -0.030093965596052673
3.474148936170213    -0.02797445552172658
3.475957446808511    -0.025635883338987323
3.4777659574468087    -0.02362578041409691
3.4795744680851066    -0.02189641522842281
3.4813829787234045    -0.01989068235987939
3.4831914893617024    -0.017222527648758597
3.4850000000000003    -0.014050140619950684
3.4868085106382978    -0.01071872753957762
3.4886170212765957    -0.007262250251010471
3.4904255319148936    -0.0034859166955605227
3.4922340425531915    0.0005396721481016175
3.4940425531914894    0.004354408739996153
3.4958510638297873    0.0075933934070108984
3.497659574468085    0.010413599844565753
3.499468085106383    0.013243049905835535
3.501276595744681    0.016181150776074477
3.503085106382979    0.01887765944555651
3.5048936170212768    0.02104984938375144
3.5067021276595747    0.022905077763711857
3.5085106382978726    0.024878596269481846
3.5103191489361705    0.027061738865163668
3.5121276595744684    0.0291147077112788
3.5139361702127663    0.030758100680169317
3.5157446808510637    0.0321340129812977
3.5175531914893616    0.033549970522057077
3.5193617021276595    0.03500745436802527
3.5211702127659574    0.036182956993576446
3.5229787234042553    0.03682904993891575
3.5247872340425532    0.036960490031923254
3.526595744680851    0.036570834514580666
3.528404255319149    0.03539268895695513
3.530212765957447    0.033185145951941025
3.532021276595745    0.030206705506674827
3.5338297872340427    0.027138348790652328
3.5356382978723406    0.024419271023128256
3.5374468085106385    0.021814179217376987
3.5392553191489364    0.018802808135183847
3.5410638297872343    0.015311863967203257
3.5428723404255322    0.01184625401094799
3.5446808510638297    0.008867400921038465
3.5464893617021276    0.0062439266139667875
3.5482978723404255    0.0034581926833804223
3.5501063829787234    0.00023558826653004988
3.5519148936170213    -0.0032258776379004614
3.553723404255319    -0.006616145327081973
3.555531914893617    -0.009867577425082631
3.557340425531915    -0.013046143737036778
3.559148936170213    -0.01607415940742424
3.560957446808511    -0.018793671994513993
3.5627659574468087    -0.021281604943674755
3.5645744680851066    -0.02387185459077421
3.5663829787234045    -0.02674494496964015
3.5681914893617024    -0.02961836378198805
3.5700000000000003    -0.03199237801050793
3.571808510638298    -0.033655124854190824
3.5736170212765956    -0.03480027867445043
3.5754255319148935    -0.035659846994518546
3.5772340425531914    -0.03620456413410497
3.5790425531914893    -0.036295273234753705
3.5808510638297872    -0.03597609626886647
3.582659574468085    -0.03542638933341889
3.584468085106383    -0.03466363383519992
3.586276595744681    -0.033504887186737844
3.588085106382979    -0.031891415141225524
3.5898936170212767    -0.0300703359313163
3.5917021276595746    -0.02828359177622687
3.5935106382978725    -0.02637122787645252
3.5953191489361704    -0.023917776233380185
3.5971276595744683    -0.02083544051701773
3.5989361702127662    -0.017594092243293794
3.600744680851064    -0.014715551718850473
3.6025531914893616    -0.012163085307172836
3.6043617021276595    -0.009460149139742902
3.6061702127659574    -0.006415928197869996
3.6079787234042553    -0.003499275056086732
3.609787234042553    -0.0013488501966338632
3.611595744680851    -4.597889453115153e-05
3.613404255319149    0.0009319861535253308
3.615212765957447    0.0020791252415372895
