0.0    0.0
0.0018085106382978724    0.0
0.003617021276595745    0.0
0.005425531914893617    0.0
0.00723404255319149    0.0
0.009042553191489363    0.0
0.010851063829787235    0.0
0.012659574468085107    0.0
0.01446808510638298    0.0
0.016276595744680853    0.0
0.018085106382978725    0.0
0.019893617021276597    0.0
0.02170212765957447    0.0
0.023510638297872342    0.0
0.025319148936170214    0.0
0.027127659574468086    0.0
0.02893617021276596    0.0
0.03074468085106383    0.0
0.032553191489361706    0.0
0.03436170212765958    0.0
0.03617021276595745    0.0
0.03797872340425532    0.0
0.039787234042553195    0.0
0.04159574468085107    0.0
0.04340425531914894    0.0
0.04521276595744681    0.0
0.047021276595744683    0.0
0.048829787234042556    0.0
0.05063829787234043    0.0
0.0524468085106383    0.0
0.05425531914893617    0.0
0.056063829787234044    0.0
0.05787234042553192    0.0
0.05968085106382979    0.0
0.06148936170212766    0.0
0.06329787234042554    0.0
0.06510638297872341    0.0
0.06691489361702128    0.0
0.06872340425531916    0.0
0.07053191489361703    0.0
0.0723404255319149    0.0
0.07414893617021277    0.0
0.07595744680851065    0.0
0.07776595744680852    0.0
0.07957446808510639    0.0
0.08138297872340426    0.0
0.08319148936170213    0.0
0.085    0.0
0.08680851063829788    0.0
0.08861702127659575    0.0
0.09042553191489362    0.0
0.0922340425531915    0.0
0.09404255319148937    0.0
0.09585106382978724    0.0
0.09765957446808511    0.0
0.09946808510638298    0.0
0.10127659574468086    0.0
0.10308510638297873    0.0
0.1048936170212766    0.0
0.10670212765957447    0.0
0.10851063829787234    0.0
0.11031914893617022    0.0
0.11212765957446809    0.0
0.11393617021276596    0.0
0.11574468085106383    0.0
0.1175531914893617    0.0
0.11936170212765958    0.0
0.12117021276595745    0.0
0.12297872340425532    0.0
0.1247872340425532    0.0
0.12659574468085108    0.0
0.12840425531914895    7.202386232020194e-139
0.13021276595744682    7.776380726148081e-135
0.1320212765957447    2.5463761707172734e-131
0.13382978723404257    4.0135166505465965e-128
0.13563829787234044    3.729715688495079e-125
0.1374468085106383    2.2927287097191778e-122
0.13925531914893619    1.0042452541559439e-119
0.14106382978723406    3.301645247695884e-117
0.14287234042553193    8.4669345033674e-115
0.1446808510638298    1.7445226931354647e-112
0.14648936170212767    2.956468107871506e-110
0.14829787234042555    4.2004501101476444e-108
0.15010638297872342    5.082804330273883e-106
0.1519148936170213    5.308472234482061e-104
0.15372340425531916    4.839722498597402e-102
0.15553191489361703    3.8896249591271265e-100
0.1573404255319149    2.7793119813880734e-98
0.15914893617021278    1.7789653000296368e-96
0.16095744680851065    1.0267974584207522e-94
0.16276595744680852    5.376053883497044e-93
0.1645744680851064    2.566928368220209e-91
0.16638297872340427    1.123100799516833e-89
0.16819148936170214    4.5223810595266163e-88
0.17    1.6825903537561715e-86
0.17180851063829788    5.805292332023954e-85
0.17361702127659576    1.8635715987483712e-83
0.17542553191489363    5.58305049077273e-82
0.1772340425531915    1.565402267945321e-80
0.17904255319148937    4.1185469926069054e-79
0.18085106382978725    1.019246592644092e-77
0.18265957446808512    2.3780018757986225e-76
0.184468085106383    5.241522383617617e-75
0.18627659574468086    1.0936290841566423e-73
0.18808510638297873    2.1639683340687915e-72
0.1898936170212766    4.0677248869295105e-71
0.19170212765957448    7.275764005027987e-70
0.19351063829787235    1.2402158798250627e-68
0.19531914893617022    2.0175999024479736e-67
0.1971276595744681    3.1367828948808776e-66
0.19893617021276597    4.666657853297074e-65
0.20074468085106384    6.651663556958698e-64
0.2025531914893617    9.094118639034996e-63
0.20436170212765958    1.1939184620247414e-61
0.20617021276595746    1.5066985890118444e-60
0.20797872340425533    1.8295639961427707e-59
0.2097872340425532    2.139683666434516e-58
0.21159574468085107    2.412260754577478e-57
0.21340425531914894    2.6238898081884645e-56
0.21521276595744682    2.7559456835345165e-55
0.2170212765957447    2.7973102982802144e-54
0.21882978723404256    2.7458820576852265e-53
0.22063829787234043    2.608595023895094e-52
0.2224468085106383    2.4000157452562788e-51
0.22425531914893618    2.139886873321783e-50
0.22606382978723405    1.850170362224526e-49
0.22787234042553192    1.5521746078750335e-48
0.2296808510638298    1.2642431923100918e-47
0.23148936170212767    1.0002881891555767e-46
0.23329787234042554    7.692330617194558e-46
0.2351063829787234    5.752463385823782e-45
0.23691489361702128    4.1853251778078293e-44
0.23872340425531915    2.964095238871426e-43
0.24053191489361703    2.044293078218767e-42
0.2423404255319149    1.373647507760642e-41
0.24414893617021277    8.996521887501527e-41
0.24595744680851064    5.745403244542974e-40
0.24776595744680852    3.5791990678996635e-39
0.2495744680851064    2.1758925664764582e-38
0.25138297872340426    1.2913269626187206e-37
0.25319148936170216    7.484063389425263e-37
0.255    4.237318007199382e-36
0.2568085106382979    2.3444541292400775e-35
0.25861702127659575    1.2680291669784582e-34
0.26042553191489365    6.7063857267532365e-34
0.2622340425531915    3.469364707037548e-33
0.2640425531914894    1.756060421306549e-32
0.26585106382978724    8.699187360185867e-32
0.26765957446808514    4.218763584171314e-31
0.269468085106383    2.003422443119302e-30
0.2712765957446809    9.318595295851163e-30
0.2730851063829787    4.2464396139796747e-29
0.2748936170212766    1.896262524181486e-28
0.27670212765957447    8.299843844475827e-28
0.27851063829787237    3.561515992783011e-27
0.2803191489361702    1.4985998636533437e-26
0.2821276595744681    6.184597013660809e-26
0.28393617021276596    2.5037910138392213e-25
0.28574468085106386    9.9455479627781e-25
0.2875531914893617    3.8768894213378116e-24
0.2893617021276596    1.4833355420513417e-23
0.29117021276595745    5.571487096169129e-23
0.29297872340425535    2.054708964633287e-22
0.2947872340425532    7.441252199956163e-22
0.2965957446808511    2.6468218270006403e-21
0.29840425531914894    9.248052028131598e-21
0.30021276595744684    3.1745639877694577e-20
0.3020212765957447    1.0707426369607395e-19
0.3038297872340426    3.5490310629665716e-19
0.3056382978723404    1.1561450162063957e-18
0.3074468085106383    3.702067971265754e-18
0.30925531914893617    1.1653475403250004e-17
0.31106382978723407    3.606555914859848e-17
0.3128723404255319    1.0974907241517874e-16
0.3146808510638298    3.2841472477587533e-16
0.31648936170212766    9.664920856341247e-16
0.31829787234042556    2.797473690741204e-15
0.3201063829787234    7.964557054896056e-15
0.3219148936170213    2.2305851581634776e-14
0.32372340425531915    6.145666400492224e-14
0.32553191489361705    1.665870930644063e-13
0.3273404255319149    4.44286250490466e-13
0.3291489361702128    1.1658918411675309e-12
0.33095744680851064    3.0105785497204786e-12
0.33276595744680854    7.649941716056824e-12
0.3345744680851064    1.91293666417539e-11
0.3363829787234043    4.7075273083451614e-11
0.3381914893617021    1.1401132789222098e-10
0.34    2.7175449700697884e-10
0.34180851063829787    6.375103812181348e-10
0.34361702127659577    1.4719235247448496e-09
0.3454255319148936    3.344827939446163e-09
0.3472340425531915    7.480890486116393e-09
0.34904255319148936    1.6467265364253846e-08
0.35085106382978726    3.567575857399799e-08
0.3526595744680851    7.606772944505031e-08
0.354468085106383    1.596217752706499e-07
0.35627659574468085    3.296355762041524e-07
0.35808510638297875    6.698982265378291e-07
0.3598936170212766    1.3396629517084095e-06
0.3617021276595745    2.636148340559233e-06
0.36351063829787233    5.1039171817741186e-06
0.36531914893617023    9.722207103502692e-06
0.3671276595744681    1.8218704700964534e-05
0.368936170212766    3.358312376514437e-05
0.3707446808510638    6.088785527284795e-05
0.3725531914893617    0.0001085666565149363
0.37436170212765957    0.00019035467437067557
0.37617021276595747    0.0003281493844364786
0.3779787234042553    0.0005561020606584934
0.3797872340425532    0.0009262751739916705
0.38159574468085106    0.0015161750261997958
0.38340425531914896    0.002438353253015833
0.3852127659574468    0.0038520202205963036
0.3870212765957447    0.005976181804182047
0.38882978723404255    0.009103165200300089
0.39063829787234045    0.013610538648722168
0.3924468085106383    0.019968412074116777
0.3942553191489362    0.028738073901151285
0.39606382978723403    0.04055712169201374
0.39787234042553193    0.05610603329311088
0.3996808510638298    0.07605192291740483
0.4014893617021277    0.100967442731885
0.4032978723404255    0.13122668952076222
0.4051063829787234    0.16688550580248773
0.40691489361702127    0.2075601829624743
0.40872340425531917    0.2523251317175697
0.410531914893617    0.29965484656797786
0.4123404255319149    0.34743636075429246
0.41414893617021276    0.3930733872609879
0.41595744680851066    0.43369129174367466
0.4177659574468085    0.46643332733620185
0.4195744680851064    0.48881571112925687
0.42138297872340424    0.4990869348665911
0.42319148936170214    0.49652160991371636
0.425    0.4815777299041097
0.4268085106382979    0.45586306722028763
0.42861702127659573    0.42189178085210605
0.43042553191489363    0.3826606072934757
0.4322340425531915    0.341123790408876
0.4340425531914894    0.2996821337519519
0.4358510638297872    0.25980994529607254
0.4376595744680851    0.22191612689786788
0.43946808510638297    0.1854750595679306
0.44127659574468087    0.14938460438758416
0.4430851063829787    0.11243735679570138
0.4448936170212766    0.07375390187808545
0.44670212765957445    0.03304115359600124
0.44851063829787235    -0.009395104002146513
0.4503191489361702    -0.05285808301355704
0.4521276595744681    -0.09657384889586812
0.45393617021276594    -0.13995447892946042
0.45574468085106384    -0.18268188533278226
0.4575531914893617    -0.2245756475508944
0.4593617021276596    -0.2653255721924934
0.46117021276595743    -0.30425539119846734
0.46297872340425533    -0.340288356485163
0.46478723404255323    -0.3721936841600163
0.4665957446808511    -0.3990394370966228
0.468404255319149    -0.4206372981863573
0.4702127659574468    -0.43771947944615786
0.4720212765957447    -0.45168214934456885
0.47382978723404257    -0.46393775987852903
0.47563829787234047    -0.47514531700924356
0.4774468085106383    -0.48470819538942966
0.4792553191489362    -0.49085482122091784
0.48106382978723405    -0.4913540087558024
0.48287234042553195    -0.4845789339058848
0.4846808510638298    -0.4704001162690309
0.4864893617021277    -0.4504080485320763
0.48829787234042554    -0.4272685788485905
0.49010638297872344    -0.4034682821190312
0.4919148936170213    -0.38007408415197985
0.4937234042553192    -0.3561884425457873
0.49553191489361703    -0.3294563823287714
0.49734042553191493    -0.2974174085054905
0.4991489361702128    -0.2589969615662219
0.5009574468085106    -0.2152991513024603
0.5027659574468085    -0.16920985279415418
0.5045744680851064    -0.12398365400276834
0.5063829787234043    -0.0815971849550863
0.5081914893617021    -0.04183151650572005
0.51    -0.002655605056798703
0.5118085106382979    0.038278082318606535
0.5136170212765958    0.08189804364994799
0.5154255319148936    0.1267858695834214
0.5172340425531915    0.1696338125736858
0.5190425531914894    0.20681764570726405
0.5208510638297873    0.23611367828770183
0.5226595744680851    0.2574914830574332
0.524468085106383    0.272503899593293
0.5262765957446809    0.28270805551274913
0.5280851063829788    0.28819274756989777
0.5298936170212766    0.28722595852722366
0.5317021276595745    0.27729803224396343
0.5335106382978724    0.25690521433450175
0.5353191489361703    0.22691973678820304
0.5371276595744681    0.19066559106359648
0.538936170212766    0.15267642094714695
0.5407446808510639    0.11696256893615459
0.5425531914893618    0.08587437178156246
0.5443617021276596    0.06015466249010876
0.5461702127659575    0.03989828231745783
0.5479787234042554    0.025519348327537467
0.5497872340425533    0.01790666530419513
0.551595744680851    0.01764216221365251
0.5534042553191489    0.023930385109712952
0.5552127659574468    0.034153584683509736
0.5570212765957447    0.04453207839445868
0.5588297872340425    0.05156963886226805
0.5606382978723404    0.053401349750095264
0.5624468085106383    0.05024308072754964
0.5642553191489362    0.04377686909914193
0.566063829787234    0.03599857904281739
0.5678723404255319    0.028301503663050287
0.5696808510638298    0.02124888844850658
0.5714893617021277    0.014917977171014396
0.5732978723404255    0.0093456350894239
0.5751063829787234    0.004698415141694012
0.5769148936170213    0.001157822441959177
0.5787234042553192    -0.0012212093349613798
0.580531914893617    -0.0024805875493958164
0.5823404255319149    -0.002631662125272166
0.5841489361702128    -0.0016664936312334984
0.5859574468085107    0.00019779288419326268
0.5877659574468085    0.0022600680348943865
0.5895744680851064    0.003423329987993688
0.5913829787234043    0.002758142283984245
0.5931914893617022    0.00021982960065435953
0.595    -0.003056058182247372
0.5968085106382979    -0.005228187422951018
0.5986170212765958    -0.0047684391723252575
0.6004255319148937    -0.0013515015525691135
0.6022340425531915    0.003986904165499909
0.6040425531914894    0.00948036223900459
0.6058510638297873    0.013553284502097002
0.6076595744680852    0.01543199684261799
0.609468085106383    0.015223923787956433
0.6112765957446809    0.013695876515394324
0.6130851063829788    0.012064993721018491
0.6148936170212767    0.011807561867851441
0.6167021276595744    0.014217990647408849
0.6185106382978723    0.019629360136765438
0.6203191489361702    0.026749367460145487
0.6221276595744681    0.03287705869351178
0.6239361702127659    0.035321675125
0.6257446808510638    0.03331542263948278
0.6275531914893617    0.028973061980825374
0.6293617021276596    0.026245434430990755
0.6311702127659574    0.028278886571209624
0.6329787234042553    0.035018601924539317
0.6347872340425532    0.042985235908962735
0.6365957446808511    0.04761589818592146
0.6384042553191489    0.04651901371423195
0.6402127659574468    0.04115006288866285
0.6420212765957447    0.0355809413431431
0.6438297872340426    0.033333485203803956
0.6456382978723404    0.0347833728759237
0.6474468085106383    0.03711926486461557
0.6492553191489362    0.03671614212280343
0.6510638297872341    0.03187224274237663
0.6528723404255319    0.023755159114096196
0.6546808510638298    0.015076186730082118
0.6564893617021277    0.00790165052772094
0.6582978723404256    0.0024812796243153176
0.6601063829787234    -0.0022159517070898735
0.6619148936170213    -0.007153717248069765
0.6637234042553192    -0.012459616468255637
0.6655319148936171    -0.01774022344534712
0.6673404255319149    -0.022783464565098686
0.6691489361702128    -0.0276988411915918
0.6709574468085107    -0.03239814169485458
0.6727659574468086    -0.03623054068607642
0.6745744680851063    -0.038476190833234156
0.6763829787234042    -0.03935205068720346
0.6781914893617021    -0.04037765718559748
0.68    -0.04339839935343483
0.6818085106382978    -0.048947732637998675
0.6836170212765957    -0.05552211433942403
0.6854255319148936    -0.06067701237789028
0.6872340425531915    -0.06312522467483847
0.6890425531914893    -0.06391636162445374
0.6908510638297872    -0.06550284171507223
0.6926595744680851    -0.0694741786236221
0.694468085106383    -0.07506869684039705
0.6962765957446809    -0.07989036965290938
0.6980851063829787    -0.0821601398289119
0.6998936170212766    -0.08234758436873574
0.7017021276595745    -0.08263486697200512
0.7035106382978724    -0.08478135241074403
0.7053191489361702    -0.08849517951957045
0.7071276595744681    -0.09186024903990889
0.708936170212766    -0.09329594475201367
0.7107446808510639    -0.09303595083386237
0.7125531914893617    -0.09268255335275002
0.7143617021276596    -0.09339576040411587
0.7161702127659575    -0.09464028505058256
0.7179787234042554    -0.09476188979620326
0.7197872340425532    -0.0927228823900734
0.7215957446808511    -0.08914018946690963
0.723404255319149    -0.08555952175495249
0.7252127659574469    -0.0827963440553002
0.7270212765957447    -0.08015321015667615
0.7288297872340426    -0.07634871800169712
0.7306382978723405    -0.07111659799100983
0.7324468085106384    -0.06567479461939965
0.7342553191489362    -0.06146261793955285
0.7360638297872341    -0.058445818342903966
0.737872340425532    -0.05485676439334765
0.7396808510638299    -0.04880710668847704
0.7414893617021276    -0.04023053037690755
0.7432978723404255    -0.031157254458277814
0.7451063829787234    -0.023925502344880403
0.7469148936170213    -0.01900872000228903
0.7487234042553191    -0.014577318080430453
0.750531914893617    -0.00825087747407291
0.7523404255319149    0.0006257723446370517
0.7541489361702128    0.010339759697415858
0.7559574468085106    0.018364488783572944
0.7577659574468085    0.02359129365542428
0.7595744680851064    0.027156521963521123
0.7613829787234043    0.03120204628633234
0.7631914893617021    0.03685670393652468
0.765    0.04334420484626528
0.7668085106382979    0.048931812065848596
0.7686170212765958    0.05268056715896294
0.7704255319148936    0.05530510865682371
0.7722340425531915    0.058404417714671794
0.7740425531914894    0.06288003133149689
0.7758510638297873    0.06805855445560216
0.7776595744680851    0.07231626940198463
0.779468085106383    0.07460196218732032
0.7812765957446809    0.07544766255292018
0.7830851063829788    0.07652913540579745
0.7848936170212766    0.07914377828820923
0.7867021276595745    0.08296647029644608
0.7885106382978724    0.08624576180480661
0.7903191489361703    0.08734312366528932
0.7921276595744681    0.08626719110816528
0.793936170212766    0.08475887073637187
0.7957446808510639    0.08473812998260849
0.7975531914893618    0.08647610113535231
0.7993617021276596    0.08823904856497955
0.8011702127659575    0.08785853929533677
0.8029787234042554    0.08481587535891288
0.8047872340425533    0.0808054728548239
0.806595744680851    0.07812251458822372
0.808404255319149    0.07738254900794775
0.8102127659574468    0.07686058660700454
0.8120212765957447    0.07420703805183707
0.8138297872340425    0.06887941048441654
0.8156382978723404    0.0628013386003631
0.8174468085106383    0.05849942833330339
0.8192553191489362    0.05657846142054797
0.821063829787234    0.05514656125882887
0.8228723404255319    0.0518109832466649
0.8246808510638298    0.04615850130308738
0.8264893617021277    0.04009559916760537
0.8282978723404255    0.03569345879533997
0.8301063829787234    0.03287002592756373
0.8319148936170213    0.029433942044580337
0.8337234042553192    0.023458827437686555
0.835531914893617    0.015406804437769102
0.8373404255319149    0.007675365413458968
0.8391489361702128    0.002052373805181685
0.8409574468085107    -0.0021426474966693876
0.8427659574468085    -0.007207121837044429
0.8445744680851064    -0.014447531119940788
0.8463829787234043    -0.022682018728100467
0.8481914893617022    -0.029465127342497836
0.85    -0.03364012620401675
0.8518085106382979    -0.036412851828049424
0.8536170212765958    -0.03985181254117424
0.8554255319148937    -0.0445803845638428
0.8572340425531915    -0.0492297288796627
0.8590425531914894    -0.05214178279146927
0.8608510638297873    -0.05328119441858346
0.8626595744680852    -0.05419239782744662
0.864468085106383    -0.056162329918984795
0.8662765957446809    -0.058780460377011894
0.8680851063829788    -0.060520831825734846
0.8698936170212767    -0.06056457310196698
0.8717021276595744    -0.05968636440351694
0.8735106382978723    -0.05922154406425673
0.8753191489361702    -0.059421230889792225
0.8771276595744681    -0.05916634680250633
0.8789361702127659    -0.05732328504488065
0.8807446808510638    -0.054060997000373
0.8825531914893617    -0.05055825792831358
0.8843617021276596    -0.04752495467596828
0.8861702127659574    -0.04439349437787573
0.8879787234042553    -0.04017535493810768
0.8897872340425532    -0.03489775069936988
0.8915957446808511    -0.02979581610539559
0.8934042553191489    -0.025958937455721406
0.8952127659574468    -0.02306278571473467
0.8970212765957447    -0.019774930883097903
0.8988297872340426    -0.015403991207706885
0.9006382978723404    -0.010805437385214632
0.9024468085106383    -0.007396259125083026
0.9042553191489362    -0.005414821852240084
0.9060638297872341    -0.0035397746081413245
0.9078723404255319    -0.0004101182119268642
0.9096808510638298    0.0037084897225808803
0.9114893617021277    0.007125189760314519
0.9132978723404256    0.008645503361210796
0.9151063829787234    0.009005621898985117
0.9169148936170213    0.010119551175239858
0.9187234042553192    0.01296856057526688
0.9205319148936171    0.01655445404325348
0.9223404255319149    0.01910700426949119
0.9241489361702128    0.020115691879919552
0.9259574468085107    0.020821898164630356
0.9277659574468086    0.022644953718074373
0.9295744680851065    0.025441913431815573
0.9313829787234043    0.02765897235358164
0.9331914893617022    0.02816632294100048
0.935    0.027582297210131383
0.936808510638298    0.027525821228723442
0.9386170212765957    0.028703492520427733
0.9404255319148936    0.030099591921166367
0.9422340425531915    0.030204733162496382
0.9440425531914894    0.02880821022753792
0.9458510638297872    0.027248771695573146
0.9476595744680851    0.026872179250438277
0.949468085106383    0.027545008660956785
0.9512765957446809    0.02794867597917932
0.9530851063829787    0.027235494321708804
0.9548936170212766    0.026046603170342658
0.9567021276595745    0.02571227143037668
0.9585106382978724    0.026636045434065954
0.9603191489361702    0.0277934561875801
0.9621276595744681    0.027900160458681045
0.963936170212766    0.026822004323365754
0.9657446808510639    0.0255685178525095
0.9675531914893617    0.024944829513436136
0.9693617021276596    0.024521473326963153
0.9711702127659575    0.023148162235038676
0.9729787234042554    0.020361292151324255
0.9747872340425532    0.01697936010286033
0.9765957446808511    0.014175192439638617
0.978404255319149    0.01213491388788656
0.9802127659574469    0.0098936628561925
0.9820212765957447    0.006537797542298562
0.9838297872340426    0.0023583272926818825
0.9856382978723405    -0.0013939938248432602
0.9874468085106384    -0.003873140663556418
0.9892553191489362    -0.005560692152808382
0.9910638297872341    -0.007709304379242637
0.992872340425532    -0.010956134346095166
0.9946808510638299    -0.014667231807642008
0.9964893617021277    -0.017712954936116975
0.9982978723404256    -0.019765707302471177
1.0001063829787233    -0.02166845112130864
1.0019148936170212    -0.02449905497394728
1.0037234042553191    -0.028396518454599267
1.005531914893617    -0.032427674662717496
1.007340425531915    -0.03558540597468672
1.0091489361702128    -0.03778239359110766
1.0109574468085107    -0.03977229725880649
1.0127659574468086    -0.042155996714402885
1.0145744680851063    -0.04462584294697694
1.0163829787234042    -0.046286951319464004
1.0181914893617021    -0.046661922127353345
1.02    -0.04622160563841368
1.021808510638298    -0.04583205632606943
1.0236170212765958    -0.04574423503431811
1.0254255319148937    -0.04528616019505667
1.0272340425531916    -0.043632700670957356
1.0290425531914893    -0.04079226371419098
1.0308510638297872    -0.037667622633837564
1.032659574468085    -0.035081801905906276
1.034468085106383    -0.03286789965778415
1.036276595744681    -0.03010401022870876
1.0380851063829788    -0.026285008819860595
1.0398936170212767    -0.02210222955984175
1.0417021276595746    -0.018877174879574854
1.0435106382978723    -0.01721164381580085
1.0453191489361702    -0.016355148469299155
1.047127659574468    -0.015022315447404955
1.048936170212766    -0.012748896331423176
1.0507446808510639    -0.010255713084081436
1.0525531914893618    -0.008449905990603888
1.0543617021276597    -0.007292633980716976
1.0561702127659576    -0.00590046031829055
1.0579787234042553    -0.003736692321649254
1.0597872340425532    -0.0013979311383991166
1.061595744680851    2.9191719539870854e-05
1.063404255319149    0.00030542692895290627
1.0652127659574468    0.0004242001539232576
1.0670212765957447    0.0015001739885279416
1.0688297872340426    0.0034411244326472187
1.0706382978723405    0.005002775698776036
1.0724468085106382    0.005200286345518109
1.0742553191489361    0.004420650537445446
1.076063829787234    0.003933306874005761
1.077872340425532    0.004416305759348586
1.0796808510638298    0.005267913764978689
1.0814893617021277    0.005467413847121452
1.0832978723404256    0.004851752069605432
1.0851063829787235    0.004233295278197347
1.0869148936170212    0.004301355612854579
1.088723404255319    0.004776958623332307
1.090531914893617    0.004901174145795882
1.092340425531915    0.004568338862825842
1.0941489361702128    0.00456677356980157
1.0959574468085107    0.005568198195070623
1.0977659574468086    0.007187318938044179
1.0995744680851065    0.008406435960097882
1.1013829787234042    0.00890350774668939
1.103191489361702    0.009584221598321065
1.105    0.011549365111781488
1.1068085106382979    0.01471062344498956
1.1086170212765958    0.01777930752950002
1.1104255319148937    0.019687467503130468
1.1122340425531916    0.020725118108369585
1.1140425531914895    0.022036223014852564
1.1158510638297872    0.02416501559060126
1.117659574468085    0.026490570078004372
1.119468085106383    0.028192667039168146
1.1212765957446809    0.029413332066849318
1.1230851063829788    0.031066127807421365
1.1248936170212767    0.033552688495358696
1.1267021276595746    0.03610250099646756
1.1285106382978725    0.0376436404791846
1.1303191489361701    0.03808759260289962
1.132127659574468    0.03833419228583318
1.133936170212766    0.038967222032382356
1.1357446808510638    0.03936021212952265
1.1375531914893617    0.03842338237058972
1.1393617021276596    0.03607477737038889
1.1411702127659575    0.03350419621162598
1.1429787234042554    0.03180102970095555
1.1447872340425531    0.030646011701171226
1.146595744680851    0.028748746554775592
1.148404255319149    0.025506078499874435
1.1502127659574468    0.021777512937996284
1.1520212765957447    0.018786856389285407
1.1538297872340426    0.016567223985807074
1.1556382978723405    0.013965671775307085
1.1574468085106384    0.010214973771888344
1.1592553191489363    0.006043794717925967
1.161063829787234    0.002878292103197051
1.162872340425532    0.0011536875250956714
1.1646808510638298    -9.174227804286598e-05
1.1664893617021277    -0.0018389013308175886
1.1682978723404256    -0.003756862344173583
1.1701063829787235    -0.004690127173674572
1.1719148936170214    -0.004335202132105989
1.1737234042553193    -0.0038648736721600824
1.175531914893617    -0.004581264858024408
1.1773404255319149    -0.006263927553856831
1.1791489361702128    -0.0073581905096652064
1.1809574468085107    -0.0068398729468006625
1.1827659574468086    -0.005439497861202534
1.1845744680851065    -0.004700997853075598
1.1863829787234044    -0.005092586485631368
1.1881914893617023    -0.005561374106596222
1.19    -0.005030204080763162
1.1918085106382978    -0.0038394648971393688
1.1936170212765957    -0.0032647298176312484
1.1954255319148936    -0.0037923397651974415
1.1972340425531915    -0.004459129610995315
1.1990425531914894    -0.004141901825950375
1.2008510638297873    -0.003096059177056425
1.2026595744680852    -0.0026969246004983245
1.204468085106383    -0.0036934915528605682
1.2062765957446808    -0.00524952099314044
1.2080851063829787    -0.006031567847878311
1.2098936170212766    -0.005929258668814453
1.2117021276595745    -0.006167456272616497
1.2135106382978724    -0.007680596161574222
1.2153191489361703    -0.009897214653868268
1.2171276595744682    -0.011534321178621599
1.218936170212766    -0.012347883869684254
1.2207446808510638    -0.013521270021943256
1.2225531914893617    -0.016167554603488385
1.2243617021276596    -0.019912582446163847
1.2261702127659575    -0.023423848424800484
1.2279787234042554    -0.02617874050675694
1.2297872340425533    -0.02911507302598316
1.2315957446808512    -0.03327261204055998
1.2334042553191489    -0.03820559702489387
1.2352127659574468    -0.042298852880661694
1.2370212765957447    -0.04465603850465312
1.2388297872340426    -0.046156540340633004
1.2406382978723405    -0.04831705378387442
1.2424468085106384    -0.051405187842150785
1.2442553191489363    -0.05418457445581028
1.2460638297872342    -0.055535670292592806
1.2478723404255319    -0.05580129987146151
1.2496808510638298    -0.05615260058919751
1.2514893617021277    -0.05690572204498254
1.2532978723404256    -0.05705024327585083
1.2551063829787235    -0.05557272061907405
1.2569148936170214    -0.05276366952317678
1.2587234042553193    -0.04977322215940744
1.2605319148936172    -0.0470740705303698
1.2623404255319148    -0.043950740505642
1.2641489361702127    -0.03969831738353237
1.2659574468085106    -0.03484104426861598
1.2677659574468085    -0.03061375703571942
1.2695744680851064    -0.02732467517870804
1.2713829787234043    -0.023835197835623337
1.2731914893617022    -0.018995207119154624
1.2750000000000001    -0.013242881305666601
1.2768085106382978    -0.008239218938582309
1.2786170212765957    -0.004916621339589861
1.2804255319148936    -0.002427321580954431
1.2822340425531915    0.0006352271700708911
1.2840425531914894    0.004315308843542006
1.2858510638297873    0.007182025496585436
1.2876595744680852    0.00819088191150753
1.289468085106383    0.008099322088820558
1.2912765957446808    0.008574423089726422
1.2930851063829787    0.010130619289463984
1.2948936170212766    0.011565101595396476
1.2967021276595745    0.011611738679743348
1.2985106382978724    0.010646892291058276
1.3003191489361703    0.01022150581515963
1.3021276595744682    0.01103567087216491
1.303936170212766    0.012000587493830758
1.3057446808510638    0.011610720736039734
1.3075531914893617    0.009850021366571475
1.3093617021276596    0.0081886990053954
1.3111702127659575    0.007723245096068761
1.3129787234042554    0.007884746575096314
1.3147872340425533    0.007324293823079173
1.3165957446808512    0.005722530008855592
1.318404255319149    0.004137967424188678
1.3202127659574467    0.003525873743825899
1.3220212765957446    0.003485889480717142
1.3238297872340425    0.002921888557908296
1.3256382978723404    0.0016835495532665423
1.3274468085106383    0.000930496650014261
1.3292553191489362    0.001684509910035849
1.3310638297872341    0.0034884366443871458
1.332872340425532    0.00497908387150678
1.3346808510638297    0.005640764556641859
1.3364893617021276    0.006419769070458305
1.3382978723404255    0.008375750122935833
1.3401063829787234    0.011157928047928655
1.3419148936170213    0.01335692400532782
1.3437234042553192    0.014322533946145365
1.3455319148936171    0.015081432204919448
1.347340425531915    0.017120907775886547
1.3491489361702127    0.02056305968438918
1.3509574468085106    0.02404433689856704
1.3527659574468085    0.026415667598240565
1.3545744680851064    0.028058017148205744
1.3563829787234043    0.030163638049344292
1.3581914893617022    0.03299725108376091
1.36    0.03544207774229697
1.361808510638298    0.036412668083543494
1.3636170212765957    0.0362710606979306
1.3654255319148936    0.036395041706349544
1.3672340425531915    0.037454893436802646
1.3690425531914894    0.038605345363300715
1.3708510638297873    0.03858844493552705
1.3726595744680852    0.037296074014220935
1.374468085106383    0.03581736001886127
1.376276595744681    0.034991398299943764
1.3780851063829787    0.03436181104352786
1.3798936170212766    0.032815594617187534
1.3817021276595745    0.029994967232822127
1.3835106382978724    0.026670011795492846
1.3853191489361703    0.02371447478118538
1.3871276595744682    0.02112501100956416
1.388936170212766    0.018332217372487324
1.390744680851064    0.015246567670449906
1.3925531914893619    0.012524324735421359
1.3943617021276595    0.010663241038749164
1.3961702127659574    0.009180853188978058
1.3979787234042553    0.007072041965970711
1.3997872340425532    0.0040570086721559324
1.4015957446808511    0.001043029852845512
1.403404255319149    -0.0008290954940788213
1.405212765957447    -0.0014140256461038928
1.4070212765957448    -0.001596085623296016
1.4088297872340425    -0.002159559230970363
1.4106382978723404    -0.002931574925025836
1.4124468085106383    -0.0032029837633904975
1.4142553191489362    -0.002787817533467109
1.416063829787234    -0.002328763057276645
1.417872340425532    -0.002484498353134874
1.41968085106383    -0.003071067867705886
1.4214893617021278    -0.0032608907678919395
1.4232978723404255    -0.0025901160773653628
1.4251063829787234    -0.0015216384529296591
1.4269148936170213    -0.0008797338927345527
1.4287234042553192    -0.0008556665261809752
1.430531914893617    -0.0007760507449956482
1.432340425531915    0.00011558974971418855
1.4341489361702129    0.0017974736865166104
1.4359574468085108    0.0034953941980800543
1.4377659574468085    0.004497159157770353
1.4395744680851064    0.004801166567131136
1.4413829787234043    0.004938988512176681
1.4431914893617022    0.005294301782844039
1.445    0.005730084461536233
1.446808510638298    0.005856572935590963
1.4486170212765959    0.005503252936445584
1.4504255319148938    0.004813428870119624
1.4522340425531914    0.003932902982555183
1.4540425531914893    0.002766425847305268
1.4558510638297872    0.0011277546431505397
1.4576595744680851    -0.0009401043136059822
1.459468085106383    -0.0031236636313105182
1.461276595744681    -0.005149800338118177
1.4630851063829788    -0.00704469930066752
1.4648936170212767    -0.008992143050620797
1.4667021276595744    -0.010978482924166803
1.4685106382978723    -0.01273253490601212
1.4703191489361702    -0.01411314854103608
1.4721276595744681    -0.015472775112238355
1.473936170212766    -0.017451830752975742
1.475744680851064    -0.020319615523042175
1.4775531914893618    -0.0235992874036299
1.4793617021276597    -0.02647428329338537
1.4811702127659574    -0.02857568181951482
1.4829787234042553    -0.030269265302565056
1.4847872340425532    -0.03213297564653954
1.486595744680851    -0.03427931802852649
1.488404255319149    -0.03633764638640781
1.490212765957447    -0.038050882423235496
1.4920212765957448    -0.03965152445462364
1.4938297872340427    -0.041494388442966365
1.4956382978723404    -0.04344646609535148
1.4974468085106383    -0.04490925690555175
1.4992553191489362    -0.04552791857900729
1.501063829787234    -0.04567464682360031
1.502872340425532    -0.04600232060915449
1.5046808510638299    -0.04656141201514766
1.5064893617021278    -0.0466126106762379
1.5082978723404257    -0.04544594775139438
1.5101063829787233    -0.04323189640366769
1.5119148936170212    -0.04085135227088672
1.5137234042553191    -0.03892640250380146
1.515531914893617    -0.03726868282242862
1.517340425531915    -0.03537775429138214
1.5191489361702128    -0.033231673657745917
1.5209574468085107    -0.03126890405481708
1.5227659574468086    -0.0296235568581866
1.5245744680851063    -0.027757440464779723
1.5263829787234042    -0.025117855086393748
1.5281914893617021    -0.021989649865105647
1.53    -0.019313283486801412
1.531808510638298    -0.017554756961222905
1.5336170212765958    -0.01604310763153905
1.5354255319148937    -0.013697986490261573
1.5372340425531916    -0.010292168756729808
1.5390425531914893    -0.006651187535634907
1.5408510638297872    -0.0035302999610415317
1.542659574468085    -0.0006273961880727957
1.544468085106383    0.002980642721261156
1.546276595744681    0.007565175274737231
1.5480851063829788    0.01233781300800841
1.5498936170212767    0.016464298630955287
1.5517021276595746    0.02015257469478553
1.5535106382978723    0.024347025261053788
1.5553191489361702    0.029418016103847925
1.557127659574468    0.034604869209613615
1.558936170212766    0.038993194812182275
1.5607446808510639    0.04274862918769677
1.5625531914893618    0.04693790679413734
1.5643617021276597    0.05211178429184336
1.5661702127659576    0.05748369755713806
1.5679787234042553    0.06179584198014365
1.5697872340425532    0.06476955603274029
1.571595744680851    0.06727635455466344
1.573404255319149    0.07004402558535122
1.5752127659574469    0.07261579607051885
1.5770212765957448    0.07391342008354332
1.5788297872340427    0.07363493180305361
1.5806382978723406    0.07265572268300363
1.5824468085106382    0.07195599964839303
1.5842553191489361    0.07151549616257696
1.586063829787234    0.07056557112065115
1.587872340425532    0.0687303243735374
1.5896808510638298    0.06647123951903519
1.5914893617021277    0.06432310998545235
1.5932978723404256    0.06211015524045299
1.5951063829787235    0.059298464762779265
1.5969148936170212    0.055965394495718204
1.5987234042553191    0.05292896991973042
1.600531914893617    0.05072894995211677
1.602340425531915    0.04881122096996536
1.6041489361702128    0.04609941858370131
1.6059574468085107    0.042291590687094455
1.6077659574468086    0.03819183624393904
1.6095744680851065    0.03462593372717171
1.6113829787234042    0.031373197855811316
1.613191489361702    0.02753280617372026
1.615    0.022820493243625985
1.616808510638298    0.01803405182782338
1.6186170212765958    0.01403549115392868
1.6204255319148937    0.010597021252812398
1.6222340425531916    0.006664323663556362
1.6240425531914895    0.0017198039281162182
1.6258510638297874    -0.0035254299603409405
1.627659574468085    -0.007995483996469006
1.629468085106383    -0.011530282418135099
1.6312765957446809    -0.014961734195247905
1.6330851063829788    -0.018992735173910306
1.6348936170212767    -0.023395925874658614
1.6367021276595746    -0.027475910076172262
1.6385106382978725    -0.030986664497597113
1.6403191489361704    -0.03419381315546968
1.642127659574468    -0.03711793200877657
1.643936170212766    -0.03921227480147743
1.6457446808510638    -0.04008005376338243
1.6475531914893617    -0.04025717267547624
1.6493617021276596    -0.040856080537872805
1.6511702127659575    -0.042391158369635806
1.6529787234042554    -0.04429673973402655
1.6547872340425533    -0.04579842254469205
1.656595744680851    -0.046993721621884366
1.658404255319149    -0.04869536113624755
1.6602127659574468    -0.051251050164824175
1.6620212765957447    -0.05395565237026535
1.6638297872340426    -0.0558977793181098
1.6656382978723405    -0.05714607455683819
1.6674468085106384    -0.058690800225080414
1.6692553191489363    -0.061196442047187286
1.671063829787234    -0.06420267135396253
1.672872340425532    -0.06681087185050706
1.6746808510638298    -0.06891348995608527
1.6764893617021277    -0.07131361409067653
1.6782978723404256    -0.0745809623645068
1.6801063829787235    -0.07817943740159645
1.6819148936170214    -0.08102993687668829
1.6837234042553193    -0.08276275413279581
1.685531914893617    -0.08402340659158859
1.6873404255319149    -0.08547700012659469
1.6891489361702128    -0.08685997251122275
1.6909574468085107    -0.08729976297456511
1.6927659574468086    -0.08640520260871225
1.6945744680851065    -0.08465499097350619
1.6963829787234044    -0.08262914763198002
1.6981914893617023    -0.0801916238905205
1.7    -0.07673504617442191
1.7018085106382979    -0.07211246936094547
1.7036170212765958    -0.0669661041862434
1.7054255319148937    -0.062022560647536654
1.7072340425531916    -0.057325883203012656
1.7090425531914895    -0.05241543305737084
1.7108510638297874    -0.047139133075920686
1.7126595744680853    -0.04195886839494617
1.714468085106383    -0.037355176481827096
1.7162765957446808    -0.033183215795594065
1.7180851063829787    -0.028862051027939623
1.7198936170212766    -0.024111678346122267
1.7217021276595745    -0.01923137972545294
1.7235106382978724    -0.014597702472456814
1.7253191489361703    -0.01014217127828795
1.7271276595744682    -0.005539119136408338
1.728936170212766    -0.0007852060526923627
1.7307446808510638    0.0037060905899339277
1.7325531914893617    0.007659761563906713
1.7343617021276596    0.011354736724232671
1.7361702127659575    0.015277402211513632
1.7379787234042554    0.01945577201618157
1.7397872340425533    0.02338419983192434
1.7415957446808512    0.02665199815270215
1.7434042553191489    0.029427318840991926
1.7452127659574468    0.03215369610651937
1.7470212765957447    0.034903104170551424
1.7488297872340426    0.037288863439421505
1.7506382978723405    0.039042954589825055
1.7524468085106384    0.04042456924747714
1.7542553191489363    0.04186108301507403
1.7560638297872342    0.04330689053853415
1.7578723404255319    0.04422674067948322
1.7596808510638298    0.044264165937411434
1.7614893617021277    0.04369730101605465
1.7632978723404256    0.043046117345887244
1.7651063829787235    0.04234528252344988
1.7669148936170214    0.04107481826241649
1.7687234042553193    0.03888037541020124
1.7705319148936172    0.03615815638253789
1.7723404255319148    0.03373761656206051
1.7741489361702127    0.03205410929682398
1.7759574468085106    0.03083041473117694
1.7777659574468085    0.029588300836856547
1.7795744680851064    0.028257704930812207
1.7813829787234043    0.02712260845253755
1.7831914893617022    0.026294464550543503
1.7850000000000001    0.025506588818074695
1.7868085106382978    0.024503655540405476
1.7886170212765957    0.02344221766042659
1.7904255319148936    0.022715766404433436
1.7922340425531915    0.022436765658325093
1.7940425531914894    0.02228867792796175
1.7958510638297873    0.021948962486497053
1.7976595744680852    0.021505725286123635
1.7994680851063831    0.021312307943970772
1.8012765957446808    0.021488584358666726
1.8030851063829787    0.02172801157171047
1.8048936170212766    0.02162380482881516
1.8067021276595745    0.021040865708087282
1.8085106382978724    0.02006778853583238
1.8103191489361703    0.01871415068963017
1.8121276595744682    0.016853035727980345
1.813936170212766    0.014497975967570985
1.8157446808510638    0.011972335201633402
1.8175531914893617    0.009656244029340285
1.8193617021276596    0.007604337960417075
1.8211702127659575    0.005546107217252953
1.8229787234042554    0.003284088198097305
1.8247872340425533    0.0009737118322389049
1.8265957446808512    -0.0010647467959783896
1.828404255319149    -0.002720997877556327
1.8302127659574468    -0.00414701575225363
1.8320212765957447    -0.005446887231232845
1.8338297872340426    -0.006463922825196981
1.8356382978723405    -0.006968841163994427
1.8374468085106384    -0.006981847498948512
1.8392553191489363    -0.006779997907605372
1.8410638297872342    -0.006586479179414122
1.842872340425532    -0.0063688862136410725
1.8446808510638297    -0.005990861306442916
1.8464893617021276    -0.0054479767833560625
1.8482978723404255    -0.004817970651054257
1.8501063829787234    -0.004005754768455343
1.8519148936170213    -0.002701685031743943
1.8537234042553192    -0.0006846700484084566
1.8555319148936171    0.0019212675997895207
1.857340425531915    0.0048249371100561435
1.859148936170213    0.007989330178238094
1.8609574468085106    0.011730367395514855
1.8627659574468085    0.01630923008003114
1.8645744680851064    0.021509415868465897
1.8663829787234043    0.026759829788726566
1.8681914893617022    0.03170030445892187
1.87    0.03652358584127023
1.871808510638298    0.04168922367570821
1.873617021276596    0.04735880556293866
1.8754255319148936    0.053205328775219246
1.8772340425531915    0.058760478260522594
1.8790425531914894    0.06383586928904235
1.8808510638297873    0.0685493200114785
1.8826595744680852    0.07302215129009594
1.884468085106383    0.07716232655017828
1.886276595744681    0.08073077789744317
1.8880851063829789    0.08349663621971963
1.8898936170212766    0.08526037742119748
1.8917021276595745    0.08581320402982846
1.8935106382978724    0.08502046727863159
1.8953191489361703    0.08298634776746029
1.8971276595744682    0.08005030259456992
1.898936170212766    0.07653817935125586
1.900744680851064    0.07253376336846316
1.9025531914893619    0.06795257623055585
1.9043617021276595    0.0628171278927611
1.9061702127659574    0.057347095302424045
1.9079787234042553    0.051697106948832894
1.9097872340425532    0.04564837079653308
1.9115957446808511    0.03867711075045173
1.913404255319149    0.030401809000087335
1.915212765957447    0.02095103842502176
1.9170212765957448    0.010854906198168188
1.9188297872340425    0.0005783963262877487
1.9206382978723404    -0.009814500234551013
1.9224468085106383    -0.020553175129660546
1.9242553191489362    -0.03178002598382146
1.9260638297872341    -0.04331106863653805
1.927872340425532    -0.05473814656594206
1.92968085106383    -0.06570110678119159
1.9314893617021278    -0.07603297796403224
1.9332978723404255    -0.08567615648146348
1.9351063829787234    -0.09452130689402541
1.9369148936170213    -0.1023718670756763
1.9387234042553192    -0.10907457199352807
1.940531914893617    -0.11467047786216875
1.942340425531915    -0.11939183496702119
1.944148936170213    -0.12347744840227831
1.9459574468085108    -0.12696224797002242
1.9477659574468085    -0.12963755550575062
1.9495744680851064    -0.1312238846219243
1.9513829787234043    -0.1315915479124633
1.9531914893617022    -0.13082261992909455
1.955    -0.12908496682045684
1.956808510638298    -0.126490227857198
1.9586170212765959    -0.12309815339711588
1.9604255319148938    -0.11902386000513027
1.9622340425531914    -0.11446595902235207
1.9640425531914893    -0.1095882918198432
1.9658510638297872    -0.10441137316797286
1.9676595744680851    -0.09889515954741718
1.969468085106383    -0.09315790559001078
1.971276595744681    -0.08756672812171878
1.9730851063829788    -0.08254322918218576
1.9748936170212767    -0.07825553514154632
1.9767021276595744    -0.07452727830554653
1.9785106382978723    -0.07107864464115715
1.9803191489361702    -0.06786356683315142
1.9821276595744681    -0.06517723255295033
1.983936170212766    -0.06346049862250333
1.985744680851064    -0.0630154941905898
1.9875531914893618    -0.06386638721460833
1.9893617021276597    -0.0657951328524311
1.9911702127659574    -0.06843242005968014
1.9929787234042553    -0.07132931583023522
1.9947872340425532    -0.07404090153775075
1.996595744680851    -0.07624351071004076
1.998404255319149    -0.07781174053660131
2.0002127659574467    -0.07876874660810462
2.0020212765957446    -0.07914431987143972
2.0038297872340425    -0.07888330526400522
2.0056382978723404    -0.07789459192385709
2.0074468085106383    -0.07616815851283484
2.009255319148936    -0.07380375543068446
2.011063829787234    -0.07089009304242652
2.012872340425532    -0.06734651807698858
2.01468085106383    -0.06290556015785562
2.016489361702128    -0.05729975068545255
2.0182978723404257    -0.050520691701369747
2.0201063829787236    -0.042922019638256786
2.0219148936170215    -0.035043869014238824
2.0237234042553194    -0.027274829769272334
2.0255319148936173    -0.019629605589747176
2.0273404255319147    -0.011831829259016817
2.0291489361702126    -0.003603712365116229
2.0309574468085105    0.005142651127367204
2.0327659574468084    0.014404160185199376
2.0345744680851063    0.024328777490405094
2.0363829787234042    0.03526689485248379
2.038191489361702    0.047505362645526523
2.04    0.060944477081144956
2.041808510638298    0.07508325487065481
2.043617021276596    0.08934632010545615
2.0454255319148937    0.10339404443761199
2.0472340425531916    0.11708435044060231
2.0490425531914895    0.13018225173504083
2.0508510638297874    0.14222258242324942
2.0526595744680853    0.15273418506816405
2.0544680851063832    0.1615676175807082
2.0562765957446807    0.16891463364054876
2.0580851063829786    0.17496702476754106
2.0598936170212765    0.17959844075890707
2.0617021276595744    0.1824327236914423
2.0635106382978723    0.1832143948959915
2.06531914893617    0.18206234507580654
2.067127659574468    0.17934670956061316
2.068936170212766    0.17535837422940465
2.070744680851064    0.17012922869459018
2.072553191489362    0.16353796986132535
2.0743617021276597    0.15552131951645698
2.0761702127659576    0.1461654364413001
2.0779787234042555    0.13565451639201964
2.0797872340425534    0.12420600966973772
2.0815957446808513    0.11206842363553973
2.083404255319149    0.09953402150514537
2.085212765957447    0.08690549641452253
2.0870212765957445    0.0744355155587671
2.0888297872340424    0.062293478567534616
2.0906382978723403    0.05056940952099925
2.0924468085106382    0.03929137242992031
2.094255319148936    0.02845752392936303
2.096063829787234    0.018099330072696256
2.097872340425532    0.008347064872116394
2.09968085106383    -0.0005698543211386095
2.1014893617021277    -0.008404632262776528
2.1032978723404256    -0.014984518870808629
2.1051063829787235    -0.020234750661942427
2.1069148936170214    -0.024145783117111873
2.1087234042553193    -0.026747800896848466
2.1105319148936172    -0.028109196893108326
2.112340425531915    -0.028329189330476193
2.114148936170213    -0.027544399109395643
2.1159574468085105    -0.0260177950018557
2.1177659574468084    -0.02427238687160637
2.1195744680851063    -0.023060633784622975
2.121382978723404    -0.023019861546776904
2.123191489361702    -0.02422065145591526
2.125    -0.026072654578012798
2.126808510638298    -0.02778602597854289
2.128617021276596    -0.028981701321885524
2.1304255319148937    -0.029816135722371323
2.1322340425531916    -0.030510605648799476
2.1340425531914895    -0.03089420312099006
2.1358510638297874    -0.030579480959793133
2.1376595744680853    -0.029598107159019865
2.139468085106383    -0.028678973677391792
2.141276595744681    -0.0287067992968369
2.143085106382979    -0.029885765459297366
2.1448936170212765    -0.03154007226329402
2.1467021276595744    -0.03277218755917675
2.1485106382978723    -0.03322517841216747
2.15031914893617    -0.033153443241710066
2.152127659574468    -0.032910280497205034
2.153936170212766    -0.03263041403484824
2.155744680851064    -0.03248502194462095
2.1575531914893618    -0.03300905052229356
2.1593617021276597    -0.03486086547989465
2.1611702127659576    -0.03817472990177855
2.1629787234042555    -0.04231485071195256
2.1647872340425534    -0.04641488397416827
2.1665957446808513    -0.05010058173897269
2.168404255319149    -0.05354081285585497
2.170212765957447    -0.05681299613624886
2.172021276595745    -0.0594289452753216
2.1738297872340424    -0.06064081951156559
2.1756382978723403    -0.060144513013725386
2.177446808510638    -0.05832017554740942
2.179255319148936    -0.055772899345920106
2.181063829787234    -0.05279461779841097
2.182872340425532    -0.04935197492242303
2.18468085106383    -0.04542884433993897
2.1864893617021277    -0.04112528456606906
2.1882978723404256    -0.036387383063717436
2.1901063829787235    -0.030878620708985997
2.1919148936170214    -0.024350608507307817
2.1937234042553193    -0.017116783346694614
2.195531914893617    -0.009957353681227382
2.197340425531915    -0.0034485131885331893
2.199148936170213    0.002527439704185435
2.200957446808511    0.008504373810893088
2.2027659574468084    0.014723032416863294
2.2045744680851063    0.020825183092918708
2.206382978723404    0.02624270651585048
2.208191489361702    0.030724459478567747
2.21    0.03437435898548122
2.211808510638298    0.037290138898609965
2.2136170212765958    0.03938579461637945
2.2154255319148937    0.04062872016374672
2.2172340425531916    0.0412841320245331
2.2190425531914895    0.04173748434988439
2.2208510638297874    0.042058610797498175
2.2226595744680853    0.04183419088946809
2.224468085106383    0.04045013362727641
2.226276595744681    0.03747094432676966
2.228085106382979    0.0327624293435934
2.229893617021277    0.02644180580425602
2.2317021276595743    0.018908940730280314
2.233510638297872    0.010884994641082047
2.23531914893617    0.0031532230113463337
2.237127659574468    -0.003947798211182939
2.238936170212766    -0.010726308603591177
2.240744680851064    -0.017652677338786626
2.2425531914893617    -0.024613709556714224
2.2443617021276596    -0.030770466282705713
2.2461702127659575    -0.03527633290539982
2.2479787234042554    -0.038109869806350574
2.2497872340425533    -0.04011493481306608
2.251595744680851    -0.0422440290973866
2.253404255319149    -0.044863101544641903
2.255212765957447    -0.04777204930499526
2.257021276595745    -0.050675893183125306
2.258829787234043    -0.05341199999707458
2.2606382978723403    -0.05575771448566874
2.262446808510638    -0.05729462893362869
2.264255319148936    -0.05768641232427561
2.266063829787234    -0.0570671145692148
2.267872340425532    -0.05600922720109977
2.2696808510638298    -0.055071240551151784
2.2714893617021277    -0.054460398529127374
2.2732978723404256    -0.05414480333107953
2.2751063829787235    -0.05411790134883526
2.2769148936170214    -0.05435681327634806
2.2787234042553193    -0.05453439263400475
2.280531914893617    -0.05398078921100212
2.282340425531915    -0.052102157729460113
2.284148936170213    -0.04884133935303438
2.285957446808511    -0.04467405639438228
2.2877659574468088    -0.0401991172005164
2.2895744680851062    -0.035825779055533705
2.291382978723404    -0.03181171476003512
2.293191489361702    -0.028377055284684045
2.295    -0.02558695728457229
2.296808510638298    -0.023165086477928698
2.2986170212765957    -0.02062275557961845
2.3004255319148936    -0.017673907635100815
2.3022340425531915    -0.014432308272517097
2.3040425531914894    -0.01108863129333857
2.3058510638297873    -0.007445507463089088
2.3076595744680852    -0.0029316884013604137
2.309468085106383    0.002853704904174027
2.311276595744681    0.009681663405944283
2.313085106382979    0.016835080436908963
2.314893617021277    0.02365697157015169
2.3167021276595747    0.02991325490034316
2.3185106382978726    0.03573174554198305
2.32031914893617    0.041398650860910685
2.322127659574468    0.04727509941897684
2.323936170212766    0.05370673393776865
2.325744680851064    0.060746311772461314
2.3275531914893617    0.06791789466130774
2.3293617021276596    0.07444224001067179
2.3311702127659575    0.07986916960853699
2.3329787234042554    0.08447796616048825
2.3347872340425533    0.08896405090357543
2.336595744680851    0.09373830892263502
2.338404255319149    0.09861049591879023
2.340212765957447    0.10312640162518144
2.342021276595745    0.107048130121038
2.343829787234043    0.11042707681584737
2.3456382978723407    0.11338937228425389
2.3474468085106386    0.11612438318787444
2.349255319148936    0.11910996233486915
2.351063829787234    0.12304993532745157
2.352872340425532    0.12826947275276224
2.3546808510638297    0.13414046448045658
2.3564893617021276    0.1393086416748805
2.3582978723404255    0.1426395063542535
2.3601063829787234    0.14392512890492276
2.3619148936170213    0.14365728920898807
2.3637234042553192    0.14226382557727602
2.365531914893617    0.13972463370714594
2.367340425531915    0.13582550878941213
2.369148936170213    0.13045596333667986
2.370957446808511    0.12348281197949412
2.3727659574468087    0.11455360568144063
2.3745744680851066    0.10340645672226084
2.3763829787234045    0.0904792506097857
2.378191489361702    0.07695579147549003
2.38    0.06393577960502819
2.381808510638298    0.051566047071063284
2.3836170212765957    0.03915404963815565
2.3854255319148936    0.026137736638168527
2.3872340425531915    0.012755915672550112
2.3890425531914894    -0.0002945094348234985
2.3908510638297873    -0.012607979922109292
2.392659574468085    -0.024190131428225424
2.394468085106383    -0.03490963294917282
2.396276595744681    -0.04424090393900701
2.398085106382979    -0.051837135699932466
2.399893617021277    -0.05821239534254359
2.4017021276595747    -0.06450175588763729
2.4035106382978726    -0.07142335567732588
2.4053191489361705    -0.07865742943058412
2.407127659574468    -0.08537841004979793
2.408936170212766    -0.09122441402428103
2.4107446808510637    -0.09648560716733631
2.4125531914893616    -0.10138660507146574
2.4143617021276595    -0.10553351432255484
2.4161702127659574    -0.10830195675861812
2.4179787234042553    -0.10961829298449866
2.4197872340425532    -0.11006610256816929
2.421595744680851    -0.1102103694607176
2.423404255319149    -0.11010249176258047
2.425212765957447    -0.10962997992238352
2.427021276595745    -0.10915798240382507
2.4288297872340427    -0.10949162915219474
2.4306382978723406    -0.11114301324510847
2.4324468085106385    -0.11386658802658009
2.4342553191489364    -0.11706345628243103
2.436063829787234    -0.12046519802679997
2.437872340425532    -0.12415480862926448
2.4396808510638297    -0.12795011760441155
2.4414893617021276    -0.13110397011539093
2.4432978723404255    -0.1328630987206697
2.4451063829787234    -0.13323396573526008
2.4469148936170213    -0.13296659229035568
2.448723404255319    -0.1327469302936884
2.450531914893617    -0.13256437770670831
2.452340425531915    -0.13192385563856618
2.454148936170213    -0.13047707281882537
2.455957446808511    -0.1282386914636166
2.4577659574468087    -0.12527036027027882
2.4595744680851066    -0.12145361049023579
2.4613829787234045    -0.11672002026806405
2.4631914893617024    -0.11133697427562617
2.465    -0.1057387161924623
2.4668085106382978    -0.10009331198100174
2.4686170212765957    -0.0942418411589657
2.4704255319148936    -0.08814329107969246
2.4722340425531915    -0.08221148128873992
2.4740425531914894    -0.07702742963272313
2.4758510638297873    -0.07274580866650696
2.477659574468085    -0.06892346139713018
2.479468085106383    -0.06491751748169583
2.481276595744681    -0.06026629655464802
2.483085106382979    -0.05460893507202204
2.4848936170212768    -0.04746842729394404
2.4867021276595747    -0.03845705418142603
2.4885106382978726    -0.027784849696428693
2.4903191489361705    -0.016342875302758922
2.4921276595744684    -0.005045542117979522
2.493936170212766    0.005923331478706427
2.4957446808510637    0.017104410793405828
2.4975531914893616    0.029010457325327164
2.4993617021276595    0.04148457107158785
2.5011702127659574    0.0537911161454853
2.5029787234042553    0.06514419685234427
2.504787234042553    0.07500499471758831
2.506595744680851    0.08301189341908768
2.508404255319149    0.0889525629226452
2.510212765957447    0.09296541361013921
2.512021276595745    0.09560649467333887
2.5138297872340427    0.09746804713186738
2.5156382978723406    0.09868057452329043
2.5174468085106385    0.09891079619561263
2.5192553191489364    0.09789192831558483
2.5210638297872343    0.09584064692944541
2.5228723404255318    0.09327841342099852
2.5246808510638297    0.09056487829594073
2.5264893617021276    0.08777008646548573
2.5282978723404255    0.08494542923332052
2.5301063829787234    0.08225738135535324
2.5319148936170213    0.07970338051205086
2.533723404255319    0.07684910235675654
2.535531914893617    0.07310785082015656
2.537340425531915    0.06833194564439665
2.539148936170213    0.06296014376838038
2.5409574468085108    0.05747966547485879
2.5427659574468087    0.051872589422691004
2.5445744680851066    0.04576600103045311
2.5463829787234045    0.03908866168523016
2.5481914893617024    0.0323881866233687
2.5500000000000003    0.02645038451583951
2.551808510638298    0.02178074327571563
2.5536170212765956    0.018581611817183437
2.5554255319148935    0.017046720118839044
2.5572340425531914    0.017326241591306794
2.5590425531914893    0.019095212746903997
2.560851063829787    0.02141745469951701
2.562659574468085    0.023337454749740458
2.564468085106383    0.024613510168657753
2.566276595744681    0.02567409099245313
2.568085106382979    0.026824218290643166
2.5698936170212767    0.027737505710802753
2.5717021276595746    0.02792712812672088
2.5735106382978725    0.02757397122432395
2.5753191489361704    0.027555285801058017
2.5771276595744683    0.02852727917792438
2.578936170212766    0.03016075783503617
2.580744680851064    0.031456517421427896
2.5825531914893616    0.031706945605564266
2.5843617021276595    0.030924429923691252
2.5861702127659574    0.02936717274892793
2.5879787234042553    0.027001340948107237
2.589787234042553    0.023707971663826134
2.591595744680851    0.019884871367308515
2.593404255319149    0.016460977330485342
2.595212765957447    0.01412244446141155
2.5970212765957448    0.012661671167987349
2.5988297872340427    0.011263186479108612
2.6006382978723406    0.009354413494303448
2.6024468085106385    0.006967655866638712
2.6042553191489364    0.004265837650985841
2.6060638297872343    0.0009893235448343758
2.607872340425532    -0.0033850111872254034
2.60968085106383    -0.008992356106426253
2.6114893617021275    -0.015309320886133751
2.6132978723404254    -0.02159974448382007
2.6151063829787233    -0.027484707286478678
2.6169148936170212    -0.032972385411949454
2.618723404255319    -0.03806734043952072
2.620531914893617    -0.04258499410172811
2.622340425531915    -0.04638458795026157
2.624148936170213    -0.04957708812051266
2.6259574468085107    -0.052313872630683406
2.6277659574468086    -0.05440760767950262
2.6295744680851065    -0.05533139460791825
2.6313829787234044    -0.05466921269985338
2.6331914893617023    -0.05251176327381678
2.6350000000000002    -0.04937843992262056
2.636808510638298    -0.045830664713806105
2.638617021276596    -0.04222756714628195
2.6404255319148935    -0.038762806450972936
2.6422340425531914    -0.03553942063005626
2.6440425531914893    -0.03251106539637065
2.645851063829787    -0.029442429904265245
2.647659574468085    -0.026077870459297416
2.649468085106383    -0.022399119690199407
2.651276595744681    -0.018673989308697812
2.653085106382979    -0.015222073939157088
2.6548936170212767    -0.012140263534885
2.6567021276595746    -0.009232097924830152
2.6585106382978725    -0.006136935403881301
2.6603191489361704    -0.0025209965620459907
2.6621276595744683    0.001740765881124678
2.663936170212766    0.006437963421244815
2.665744680851064    0.011090421436808676
2.667553191489362    0.015284077305300774
2.6693617021276594    0.019032003711396867
2.6711702127659573    0.02272549467993117
2.6729787234042552    0.026597715800069432
2.674787234042553    0.030235772059063134
2.676595744680851    0.032755118473129785
2.678404255319149    0.03355302509127743
2.680212765957447    0.032862866197058554
2.6820212765957447    0.031521186165760315
2.6838297872340426    0.030246829074925735
2.6856382978723405    0.02923451779415468
2.6874468085106384    0.028390548630758294
2.6892553191489363    0.027741787270416145
2.6910638297872342    0.027447330339791333
2.692872340425532    0.027476229356286713
2.69468085106383    0.027469287887834197
2.696489361702128    0.026998134396543236
2.6982978723404254    0.025874484881198104
2.7001063829787233    0.024146810485070162
2.701914893617021    0.021906715792480144
2.703723404255319    0.019257408195748504
2.705531914893617    0.016453714674729544
2.707340425531915    0.013881031160019465
2.709148936170213    0.011767507731095514
2.7109574468085107    0.009989078962508755
2.7127659574468086    0.008276351339905084
2.7145744680851065    0.00655892051934443
2.7163829787234044    0.004926470488955647
2.7181914893617023    0.003217186952324879
2.72    0.0008733254146484079
2.721808510638298    -0.00252970742506749
2.723617021276596    -0.0065916122589389165
2.725425531914894    -0.010129744434696414
2.7272340425531914    -0.012078387622156878
2.7290425531914893    -0.012334863942013264
2.730851063829787    -0.011672146165421858
2.732659574468085    -0.01091652529657209
2.734468085106383    -0.0103608005084969
2.736276595744681    -0.009927165367856542
2.7380851063829788    -0.009604814962315047
2.7398936170212767    -0.009483686243734805
2.7417021276595746    -0.009448330793804593
2.7435106382978725    -0.009149466783542903
2.7453191489361704    -0.008440080457711243
2.7471276595744683    -0.007697410365592704
2.748936170212766    -0.007498455656339784
2.750744680851064    -0.007974891863025083
2.752553191489362    -0.008666496864137313
2.75436170212766    -0.009095753233080893
2.7561702127659573    -0.009354297453063477
2.757978723404255    -0.009957767858693001
2.759787234042553    -0.011145010398424929
2.761595744680851    -0.012482399960537655
2.763404255319149    -0.013233528144015346
2.765212765957447    -0.01303336594127594
2.7670212765957447    -0.012128620937248528
2.7688297872340426    -0.011054138691421165
2.7706382978723405    -0.01023321572469009
2.7724468085106384    -0.009882510509030752
2.7742553191489363    -0.010088010934544003
2.776063829787234    -0.010775834994905066
2.777872340425532    -0.011643410267083418
2.77968085106383    -0.012323281835446068
2.781489361702128    -0.012749791295727765
2.783297872340426    -0.013318170683637949
2.7851063829787237    -0.014564518257886707
2.786914893617021    -0.016642877492161964
2.788723404255319    -0.019139973321329648
2.790531914893617    -0.021405069444938474
2.792340425531915    -0.02302776911516668
2.7941489361702128    -0.024003796912856312
2.7959574468085107    -0.024525566035888
2.7977659574468086    -0.024704798159806175
2.7995744680851065    -0.02450230032845334
2.8013829787234044    -0.023853572214269876
2.8031914893617023    -0.022800509740821442
2.805    -0.021493197379104947
2.806808510638298    -0.02007314847107739
2.808617021276596    -0.01854915002012173
2.810425531914894    -0.01679030932714371
2.8122340425531918    -0.01467449876471754
2.8140425531914897    -0.012268521946487865
2.815851063829787    -0.009830173820724021
2.817659574468085    -0.00757486708089888
2.819468085106383    -0.005438951257696799
2.821276595744681    -0.0031429860277559923
2.8230851063829787    -0.0005422639672375716
2.8248936170212766    0.002120123939995197
2.8267021276595745    0.004386679158501745
2.8285106382978724    0.006039817699737608
2.8303191489361703    0.007355933907480113
2.832127659574468    0.008895325993380145
2.833936170212766    0.011062645331874559
2.835744680851064    0.013854309200864504
2.837553191489362    0.01692900907084292
2.83936170212766    0.019828993345397724
2.8411702127659577    0.022193579075023003
2.8429787234042556    0.023950148293006877
2.844787234042553    0.025410210903918064
2.846595744680851    0.02706839829915551
2.848404255319149    0.02909923909823951
2.8502127659574468    0.030996086310662908
2.8520212765957447    0.031860030188203006
2.8538297872340426    0.031209775778104423
2.8556382978723405    0.029500487990158912
2.8574468085106384    0.027733550314760727
2.8592553191489363    0.026528123198289906
2.861063829787234    0.025652731330303075
2.862872340425532    0.024472712333991217
2.86468085106383    0.022699028527320475
2.866489361702128    0.020551170540523883
2.8682978723404258    0.018271636262243048
2.8701063829787237    0.015742078774162886
2.8719148936170216    0.012713143334463259
2.873723404255319    0.00926620512901799
2.875531914893617    0.005817560032607763
2.877340425531915    0.0026379669587898898
2.8791489361702127    -0.00046193316831823466
2.8809574468085106    -0.003867649843660766
2.8827659574468085    -0.007690630836486392
2.8845744680851064    -0.011696800633772386
2.8863829787234043    -0.015644175407298844
2.8881914893617022    -0.019502958975995736
2.89    -0.02329043112836727
2.891808510638298    -0.026861417091242137
2.893617021276596    -0.03002815203173257
2.895425531914894    -0.03281616573460166
2.8972340425531917    -0.035393285550826
2.8990425531914896    -0.037695383515439114
2.9008510638297875    -0.03930695820763363
2.902659574468085    -0.039882601187005075
2.904468085106383    -0.039621057417269005
2.906276595744681    -0.0391327480852342
2.9080851063829787    -0.038798072335751256
2.9098936170212766    -0.03840176342502317
2.9117021276595745    -0.03748692488213568
2.9135106382978724    -0.035944033245272185
2.9153191489361703    -0.03409511652705217
2.917127659574468    -0.032270343626119365
2.918936170212766    -0.03053914745495017
2.920744680851064    -0.028925409558788993
2.922553191489362    -0.027642468146583006
2.92436170212766    -0.026840269008326326
2.9261702127659577    -0.026164273540092375
2.9279787234042556    -0.024877071717344136
2.9297872340425535    -0.02261536450630093
2.931595744680851    -0.019908815367836806
2.933404255319149    -0.01773846195903049
2.9352127659574467    -0.01658061680388115
2.9370212765957446    -0.016047195714744805
2.9388297872340425    -0.01548457919303918
2.9406382978723404    -0.014706682614992566
2.9424468085106383    -0.013971464951845522
2.9442553191489362    -0.013388892732207051
2.946063829787234    -0.012665788366942092
2.947872340425532    -0.011511722110949026
2.94968085106383    -0.010046958442612011
2.951489361702128    -0.008583423249112977
2.9532978723404257    -0.007115273030875138
2.9551063829787236    -0.005324301991119726
2.9569148936170215    -0.003161335414675776
2.9587234042553194    -0.0011596615474000456
2.960531914893617    8.980999509703358e-05
2.962340425531915    0.0007201656109315469
2.9641489361702127    0.0015944971216982583
2.9659574468085106    0.003431292969213704
2.9677659574468085    0.006059205852495537
2.9695744680851064    0.008653503452682478
2.9713829787234043    0.010604307703205463
2.973191489361702    0.011985601520498906
2.975    0.013223011729069787
2.976808510638298    0.014549765141373329
2.978617021276596    0.01591241208577128
2.980425531914894    0.017232961686742432
2.9822340425531917    0.01850771967003121
2.9840425531914896    0.0196349267708322
2.9858510638297875    0.020360709730956064
2.9876595744680854    0.02053599269654905
2.989468085106383    0.020337407930509054
2.9912765957446807    0.020103133598080712
2.9930851063829786    0.020000075581359446
2.9948936170212765    0.01999914127579179
2.9967021276595744    0.020159732965705578
2.9985106382978723    0.02072135903500158
3.0003191489361702    0.021774269147067406
3.002127659574468    0.02297846924541142
3.003936170212766    0.0238564629044433
3.005744680851064    0.0244022846571577
3.007553191489362    0.025195700980568593
3.0093617021276597    0.026750784826318673
3.0111702127659576    0.028830934771086378
3.0129787234042555    0.03058126512041287
3.0147872340425534    0.03134878859982007
3.0165957446808513    0.031236186972822808
3.0184042553191492    0.03081468970557389
3.0202127659574467    0.030457051825266562
3.0220212765957446    0.03009160831006301
3.0238297872340425    0.02949871867675223
3.0256382978723404    0.028603529894470174
3.0274468085106383    0.027424086537398938
3.029255319148936    0.02594936492827178
3.031063829787234    0.024268723057089214
3.032872340425532    0.022737715436526383
3.03468085106383    0.021763102519768963
3.036489361702128    0.021327454340140002
3.0382978723404257    0.020874467384899356
3.0401063829787236    0.01981680158856451
3.0419148936170215    0.018114731776623136
3.0437234042553194    0.0162365802400989
3.0455319148936173    0.014589835456984734
3.047340425531915    0.013162116470189358
3.0491489361702127    0.011756213665142054
3.0509574468085106    0.010370206620215209
3.0527659574468085    0.00914053182077686
3.0545744680851064    0.007983548794920962
3.0563829787234043    0.006562870030812849
3.058191489361702    0.004737888544060329
3.06    0.002891505075782814
3.061808510638298    0.0016143061933004575
3.063617021276596    0.0010770546098551772
3.0654255319148938    0.0008690995464978465
3.0672340425531917    0.0004846244806071124
3.0690425531914896    -0.0001825094190030538
3.0708510638297875    -0.0009123413820836708
3.0726595744680854    -0.0015772805794130465
3.0744680851063833    -0.0022849757150695937
3.076276595744681    -0.0031251692664760605
3.0780851063829786    -0.003992728675126124
3.0798936170212765    -0.004777480141796953
3.0817021276595744    -0.005592283498499363
3.0835106382978723    -0.006638257311248537
3.08531914893617    -0.007899071902871943
3.087127659574468    -0.009177857083201442
3.088936170212766    -0.010483693137636954
3.090744680851064    -0.01217065020372536
3.092553191489362    -0.014504124726949797
3.0943617021276597    -0.01718374119359673
3.0961702127659576    -0.019543195159908877
3.0979787234042555    -0.02128116052600689
3.0997872340425534    -0.02280144871312112
3.1015957446808513    -0.024692129257641617
3.103404255319149    -0.027011528677984203
3.105212765957447    -0.02931272270066395
3.1070212765957446    -0.0313215224916667
3.1088297872340425    -0.03327390997621962
3.1106382978723404    -0.03540590933479948
3.1124468085106383    -0.03732804307663844
3.114255319148936    -0.03826800943917821
3.116063829787234    -0.03801002829794005
3.117872340425532    -0.0373395492220014
3.11968085106383    -0.03734002944394561
3.1214893617021278    -0.03832448820539516
3.1232978723404257    -0.03964295744987252
3.1251063829787236    -0.0405105203573702
3.1269148936170215    -0.040802968816029406
3.1287234042553194    -0.040962218112831725
3.1305319148936173    -0.04133703579454326
3.132340425531915    -0.041850104160536084
3.134148936170213    -0.042239296932011436
3.1359574468085105    -0.04233686931028441
3.1377659574468084    -0.04199584544201418
3.1395744680851063    -0.040954836295943126
3.141382978723404    -0.03903560305474711
3.143191489361702    -0.036462722640227485
3.145    -0.033773944679150875
3.146808510638298    -0.031314207364260105
3.148617021276596    -0.0289310621788091
3.1504255319148937    -0.026267784080426355
3.1522340425531916    -0.02325845832448907
3.1540425531914895    -0.02018499731063564
3.1558510638297874    -0.017290679526932563
3.1576595744680853    -0.014528330068304458
3.159468085106383    -0.011737463821224849
3.161276595744681    -0.008877134662771811
3.163085106382979    -0.00591684967657477
3.1648936170212765    -0.002617005450699922
3.1667021276595744    0.0013090992999748104
3.1685106382978723    0.005744335944826467
3.17031914893617    0.01008627400501962
3.172127659574468    0.013792790933080501
3.173936170212766    0.016912548080566088
3.175744680851064    0.019879259408091383
3.1775531914893618    0.022825952536861878
3.1793617021276597    0.0253778649489749
3.1811702127659576    0.027247212554910534
3.1829787234042555    0.028789596539898918
3.1847872340425534    0.030647725491030904
3.1865957446808513    0.03285668313293202
3.188404255319149    0.03462402871464732
3.190212765957447    0.03518939811814709
3.192021276595745    0.034723543997954055
3.1938297872340424    0.034110242384769805
3.1956382978723403    0.033885112527352164
3.1974468085106382    0.03369347894208844
3.199255319148936    0.0329206680513394
3.201063829787234    0.031604366776232316
3.202872340425532    0.030423508110034483
3.20468085106383    0.029837854502748305
3.2064893617021277    0.029554496676034152
3.2082978723404256    0.028976966019664915
3.2101063829787235    0.02795704467888939
3.2119148936170214    0.026858406069142138
3.2137234042553193    0.02597165387464677
3.2155319148936172    0.025167069591337528
3.217340425531915    0.024201543845112285
3.219148936170213    0.023109125499858496
3.220957446808511    0.022061101765726066
3.2227659574468084    0.02096932094966688
3.2245744680851063    0.01953559640822304
3.226382978723404    0.017756350400460766
3.228191489361702    0.0161246890210592
3.23    0.01512684341377974
3.231808510638298    0.014645242082737667
3.233617021276596    0.014074195511666467
3.2354255319148937    0.012995815538202539
3.2372340425531916    0.01150492237072158
3.2390425531914895    0.009810568007522426
3.2408510638297874    0.007805542218271535
3.2426595744680853    0.00532370881863151
3.244468085106383    0.0027241730641947935
3.246276595744681    0.0008307089868936184
3.248085106382979    9.039968712101711e-05
3.249893617021277    -8.708063160111295e-06
3.251702127659575    -0.00040690815684109685
3.2535106382978722    -0.0013943988416676254
3.25531914893617    -0.0023199428894158875
3.257127659574468    -0.002459730143577565
3.258936170212766    -0.0019610312985578835
3.260744680851064    -0.0017221286357342767
3.2625531914893617    -0.00244079510331165
3.2643617021276596    -0.004027288636916427
3.2661702127659575    -0.005958674210203101
3.2679787234042554    -0.007923966355507506
3.2697872340425533    -0.009924510168186775
3.2715957446808512    -0.011918917825440453
3.273404255319149    -0.013706951607015301
3.275212765957447    -0.015234335024555266
3.277021276595745    -0.01676213115871365
3.278829787234043    -0.01853245430790443
3.2806382978723407    -0.02037328512513462
3.282446808510638    -0.021857686964383467
3.284255319148936    -0.02285843725385438
3.286063829787234    -0.023741157467667872
3.287872340425532    -0.024918964796524678
3.28968085106383    -0.026383732133401342
3.2914893617021277    -0.02784858612145794
3.2932978723404256    -0.029250014387945816
3.2951063829787235    -0.030846931132134176
3.2969148936170214    -0.03276137408239149
3.2987234042553193    -0.03465055611075381
3.300531914893617    -0.036043910637455115
3.302340425531915    -0.0369230719884943
3.304148936170213    -0.03773823644840879
3.305957446808511    -0.03881491295285412
3.307765957446809    -0.03994964528587455
3.3095744680851067    -0.040728151861586265
3.311382978723404    -0.04109624958002264
3.313191489361702    -0.041380523982919304
3.315    -0.04174255219187295
3.316808510638298    -0.04183534133795161
3.3186170212765957    -0.04112888087168473
3.3204255319148936    -0.03945071031272536
3.3222340425531915    -0.037049375424564004
3.3240425531914894    -0.03420636857001552
3.3258510638297873    -0.031011688901039905
3.3276595744680852    -0.027558202397427595
3.329468085106383    -0.024112795567736316
3.331276595744681    -0.020873137181273822
3.333085106382979    -0.017638168700220752
3.334893617021277    -0.013978395008803497
3.3367021276595747    -0.009812493774432433
3.3385106382978726    -0.005629624926919177
3.34031914893617    -0.0019727286749536277
3.342127659574468    0.00121402288483413
3.343936170212766    0.004531790490096156
3.345744680851064    0.00841575028661969
3.3475531914893617    0.012654156597939992
3.3493617021276596    0.016694073779084443
3.3511702127659575    0.020265346988081367
3.3529787234042554    0.023526828832331
3.3547872340425533    0.026677620185962456
3.356595744680851    0.02968135348577278
3.358404255319149    0.03246490638869241
3.360212765957447    0.03518581066485968
3.362021276595745    0.03807699402467263
3.363829787234043    0.04107065312253336
3.3656382978723407    0.04379850077359371
3.3674468085106386    0.046034004684630425
3.369255319148936    0.04795482421215359
3.371063829787234    0.04980892945413702
3.372872340425532    0.05142555128590316
3.3746808510638298    0.05228928901426019
3.3764893617021277    0.05214014280795459
3.3782978723404256    0.05130170529936391
3.3801063829787235    0.05026140968962331
3.3819148936170214    0.04902818703531653
3.3837234042553193    0.04711139468790802
3.385531914893617    0.044159918360429526
3.387340425531915    0.040455624330014955
3.389148936170213    0.03667821725512117
3.390957446808511    0.0332927199189285
3.3927659574468088    0.03029810358022729
3.3945744680851067    0.027497127483578826
3.3963829787234046    0.02479533495250396
3.398191489361702    0.022168134040991022
3.4    0.019511824520895026
3.401808510638298    0.01671189326352556
3.4036170212765957    0.013814824853329247
3.4054255319148936    0.010953146769173482
3.4072340425531915    0.008058178646581968
3.4090425531914894    0.004800830981438299
3.4108510638297873    0.0009425916885911732
3.412659574468085    -0.003326243815890581
3.414468085106383    -0.007536059336229103
3.416276595744681    -0.011409265076670333
3.418085106382979    -0.015040838580566157
3.419893617021277    -0.018576198019837904
3.4217021276595747    -0.021872148910824563
3.4235106382978726    -0.02462958346932774
3.4253191489361705    -0.02679144658781233
3.427127659574468    -0.02861111776970842
3.428936170212766    -0.03028144185487055
3.4307446808510638    -0.031669783673949944
3.4325531914893617    -0.03256282628932404
3.4343617021276596    -0.033068420625312414
3.4361702127659575    -0.0335491913313954
3.4379787234042554    -0.03411105812868458
3.4397872340425533    -0.03434882465647124
3.441595744680851    -0.03377453921749726
3.443404255319149    -0.03244920793265681
3.445212765957447    -0.03102632001650177
3.447021276595745    -0.03013456227445393
3.4488297872340428    -0.02983134079138386
3.4506382978723407    -0.029715549015594103
3.4524468085106386    -0.02944990267167212
3.4542553191489365    -0.029029262660664565
3.456063829787234    -0.02858723900729017
3.457872340425532    -0.02812933893853469
3.4596808510638297    -0.02753447605811106
3.4614893617021276    -0.026695496282303062
3.4632978723404255    -0.025529344260715243
3.4651063829787234    -0.023911165498810026
3.4669148936170213    -0.021767409061567287
3.468723404255319    -0.019270213907706918
3.470531914893617    -0.016793524051931477
3.472340425531915    -0.014551704246622804
3.474148936170213    -0.012335484059897997
3.475957446808511    -0.009733344180946953
3.4777659574468087    -0.006619290543345559
3.4795744680851066    -0.003310838116173642
3.4813829787234045    -0.0002078124779970967
3.4831914893617024    0.0026133460221655844
3.4850000000000003    0.005353342363963906
3.4868085106382978    0.008126444694448984
3.4886170212765957    0.01080955882707453
3.4904255319148936    0.013270131633743198
3.4922340425531915    0.015581245051125073
3.4940425531914894    0.01788974493404852
3.4958510638297873    0.020156852529388935
3.497659574468085    0.022194546786856267
3.499468085106383    0.023965172768573326
3.501276595744681    0.025683798822951628
3.503085106382979    0.02752630266152754
3.5048936170212768    0.029338783276335014
3.5067021276595747    0.030785597211513912
3.5085106382978726    0.031763052315008575
3.5103191489361705    0.03250607614925673
3.5121276595744684    0.03322094619348415
3.5139361702127663    0.03373793778395305
3.5157446808510637    0.03366168725012206
3.5175531914893616    0.03281916971273273
3.5193617021276595    0.03141191155768461
3.5211702127659574    0.02970599680777425
3.5229787234042553    0.027718788794826386
3.5247872340425532    0.025312814756070313
3.526595744680851    0.02249998305717841
3.528404255319149    0.01948878034516094
3.530212765957447    0.01643352717817046
3.532021276595745    0.0132969700726164
3.5338297872340427    0.01003674703351632
3.5356382978723406    0.006797198894464597
3.5374468085106385    0.003759490225827085
3.5392553191489364    0.0008455341645816081
3.5410638297872343    -0.002238843760289735
3.5428723404255322    -0.005591467905049767
3.5446808510638297    -0.008881946373703934
3.5464893617021276    -0.011680659258506913
3.5482978723404255    -0.013977874830284835
3.5501063829787234    -0.01622463089028373
3.5519148936170213    -0.018829328417493744
3.553723404255319    -0.021741627561266647
3.555531914893617    -0.02460257581403241
3.557340425531915    -0.027174523793863436
3.559148936170213    -0.02945793089949283
3.560957446808511    -0.0314372788235555
3.5627659574468087    -0.032951922233811215
3.5645744680851066    -0.033947986717159234
3.5663829787234045    -0.03471382189664504
3.5681914893617024    -0.03563899439600744
3.5700000000000003    -0.03670931464465531
3.571808510638298    -0.03739981455046151
3.5736170212765956    -0.03716660924427477
3.5754255319148935    -0.035963431512969546
3.5772340425531914    -0.03418031109426811
3.5790425531914893    -0.03215439700570526
3.5808510638297872    -0.029904359604183167
3.582659574468085    -0.027347518049386454
3.584468085106383    -0.024585597367696325
3.586276595744681    -0.021834024155788175
3.588085106382979    -0.01915555807461767
3.5898936170212767    -0.016436090952933233
3.5917021276595746    -0.013627547027450417
3.5935106382978725    -0.010853812529593134
3.5953191489361704    -0.00820390359230301
3.5971276595744683    -0.0055626105077066085
3.5989361702127662    -0.002808745528220446
3.600744680851064    -0.00012675017258819777
3.6025531914893616    0.0020821104731709394
3.6043617021276595    0.003668771283717342
3.6061702127659574    0.0049646424012178905
3.6079787234042553    0.00640013200419717
3.609787234042553    0.00797854399094428
3.611595744680851    0.009319671996728503
3.613404255319149    0.010238135135909515
3.615212765957447    0.011072498637736822
