0.0    0.0
0.0018085106382978724    0.0
0.003617021276595745    0.0
0.005425531914893617    0.0
0.00723404255319149    0.0
0.009042553191489363    0.0
0.010851063829787235    0.0
0.012659574468085107    0.0
0.01446808510638298    0.0
0.016276595744680853    0.0
0.018085106382978725    0.0
0.019893617021276597    0.0
0.02170212765957447    0.0
0.023510638297872342    0.0
0.025319148936170214    0.0
0.027127659574468086    0.0
0.02893617021276596    0.0
0.03074468085106383    0.0
0.032553191489361706    0.0
0.03436170212765958    0.0
0.03617021276595745    0.0
0.03797872340425532    0.0
0.039787234042553195    0.0
0.04159574468085107    0.0
0.04340425531914894    0.0
0.04521276595744681    0.0
0.047021276595744683    0.0
0.048829787234042556    0.0
0.05063829787234043    0.0
0.0524468085106383    0.0
0.05425531914893617    0.0
0.056063829787234044    0.0
0.05787234042553192    0.0
0.05968085106382979    0.0
0.06148936170212766    0.0
0.06329787234042554    0.0
0.06510638297872341    0.0
0.06691489361702128    0.0
0.06872340425531916    0.0
0.07053191489361703    0.0
0.0723404255319149    0.0
0.07414893617021277    0.0
0.07595744680851065    0.0
0.07776595744680852    0.0
0.07957446808510639    0.0
0.08138297872340426    0.0
0.08319148936170213    0.0
0.085    0.0
0.08680851063829788    0.0
0.08861702127659575    0.0
0.09042553191489362    0.0
0.0922340425531915    0.0
0.09404255319148937    0.0
0.09585106382978724    0.0
0.09765957446808511    0.0
0.09946808510638298    0.0
0.10127659574468086    0.0
0.10308510638297873    0.0
0.1048936170212766    0.0
0.10670212765957447    0.0
0.10851063829787234    0.0
0.11031914893617022    0.0
0.11212765957446809    0.0
0.11393617021276596    0.0
0.11574468085106383    0.0
0.1175531914893617    0.0
0.11936170212765958    0.0
0.12117021276595745    0.0
0.12297872340425532    0.0
0.1247872340425532    0.0
0.12659574468085108    0.0
0.12840425531914895    0.0
0.13021276595744682    0.0
0.1320212765957447    3.0609936153370765e-146
0.13382978723404257    1.0570827397003832e-141
0.13563829787234044    6.148768871356856e-138
0.1374468085106383    1.445666483599544e-134
0.13925531914893619    1.839837296273144e-131
0.14106382978723406    1.471947144440804e-128
0.14287234042553193    8.111251404932282e-126
0.1446808510638298    3.2746061349859655e-123
0.14648936170212767    1.012564340804496e-120
0.14829787234042555    2.4800921390820547e-118
0.15010638297872342    4.939723890683938e-116
0.1519148936170213    8.171305173665955e-114
0.15372340425531916    1.142236915292366e-111
0.15553191489361703    1.3689292402568675e-109
0.1573404255319149    1.4239452504913415e-107
0.15914893617021278    1.2991700840717921e-105
0.16095744680851065    1.049219906358242e-103
0.16276595744680852    7.560817063290438e-102
0.1645744680851064    4.895974523252547e-100
0.16638297872340427    2.8668438552963508e-98
0.16819148936170214    1.526520255873867e-96
0.17    7.428984687135538e-95
0.17180851063829788    3.3194763233184426e-93
0.17361702127659576    1.3674966668378312e-91
0.17542553191489363    5.213686569305768e-90
0.1772340425531915    1.846003149897132e-88
0.17904255319148937    6.089390648646255e-87
0.18085106382978725    1.8769217144348965e-85
0.18265957446808512    5.420388432519148e-84
0.184468085106383    1.470353564555727e-82
0.18627659574468086    3.755246656094668e-81
0.18808510638297873    9.049599315180647e-80
0.1898936170212766    2.0619619424445402e-78
0.19170212765957448    4.450632794219582e-77
0.19351063829787235    9.11654860495639e-76
0.19531914893617022    1.775159291642149e-74
0.1971276595744681    3.291015421576543e-73
0.19893617021276597    5.817765479616323e-72
0.20074468085106384    9.820370583117726e-71
0.2025531914893617    1.584977546769814e-69
0.20436170212765958    2.4490024411430813e-68
0.20617021276595746    3.626977747072049e-67
0.20797872340425533    5.154449992691383e-66
0.2097872340425532    7.036701302165312e-65
0.21159574468085107    9.237403676832797e-64
0.21340425531914894    1.1672075213287883e-62
0.21521276595744682    1.4209113350339352e-61
0.2170212765957447    1.6679821272430893e-60
0.21882978723404256    1.8896816167546353e-59
0.22063829787234043    2.0678054380191025e-58
0.2224468085106383    2.1872080369612424e-57
0.22425531914893618    2.2379534487187693e-56
0.22606382978723405    2.216665139057474e-55
0.22787234042553192    2.1268259665408376e-54
0.2296808510638298    1.9780135953318073e-53
0.23148936170212767    1.784281004194401e-52
0.23329787234042554    1.562047685844304e-51
0.2351063829787234    1.3279219142884876e-50
0.23691489361702128    1.0968278203912943e-49
0.23872340425531915    8.806904658995644e-49
0.24053191489361703    6.877800177220808e-48
0.2423404255319149    5.226746368751946e-47
0.24414893617021277    3.867009082834011e-46
0.24595744680851064    2.7866318605669868e-45
0.24776595744680852    1.9567539015099944e-44
0.2495744680851064    1.3394599525122814e-43
0.25138297872340426    8.942075655059956e-43
0.25319148936170216    5.824168608261912e-42
0.255    3.702392518055592e-41
0.2568085106382979    2.297968660422219e-40
0.25861702127659575    1.3930720443332122e-39
0.26042553191489365    8.251261215013506e-39
0.2622340425531915    4.776708930450885e-38
0.2640425531914894    2.7035751971530133e-37
0.26585106382978724    1.4965259433976174e-36
0.26765957446808514    8.103946631491529e-36
0.269468085106383    4.29439025379817e-35
0.2712765957446809    2.2275168029760284e-34
0.2730851063829787    1.1312873589269512e-33
0.2748936170212766    5.6269285229536756e-33
0.27670212765957447    2.7417427244266e-32
0.27851063829787237    1.3090177849531813e-31
0.2803191489361702    6.1253535312028945e-31
0.2821276595744681    2.8098515586356058e-30
0.28393617021276596    1.2638594151717203e-29
0.28574468085106386    5.575331919324797e-29
0.2875531914893617    2.4126236079483502e-28
0.2893617021276596    1.0243364651654129e-27
0.29117021276595745    4.267900952514248e-27
0.29297872340425535    1.7453650177560448e-26
0.2947872340425532    7.007083396237781e-26
0.2965957446808511    2.762126447544362e-25
0.29840425531914894    1.0692484495176648e-24
0.30021276595744684    4.065495687672065e-24
0.3020212765957447    1.5185066155683388e-23
0.3038297872340426    5.572553481420284e-23
0.3056382978723404    2.009508518192921e-22
0.3074468085106383    7.121719118554505e-22
0.30925531914893617    2.480837109204391e-21
0.31106382978723407    8.495459131117096e-21
0.3128723404255319    2.860258035563881e-20
0.3146808510638298    9.469034487717437e-20
0.31648936170212766    3.0827515268246763e-19
0.31829787234042556    9.870786775360828e-19
0.3201063829787234    3.1087903026489124e-18
0.3219148936170213    9.631665615689578e-18
0.32372340425531915    2.935780035678076e-17
0.32553191489361705    8.804355432025382e-17
0.3273404255319149    2.5981326025461282e-16
0.3291489361702128    7.544847716868558e-16
0.33095744680851064    2.156248308997687e-15
0.33276595744680854    6.065098839321507e-15
0.3345744680851064    1.6791808909859805e-14
0.3363829787234043    4.5762023972860314e-14
0.3381914893617021    1.227684370716277e-13
0.34    3.242392402556171e-13
0.34180851063829787    8.430693285614936e-13
0.34361702127659577    2.1582379787740745e-12
0.3454255319148936    5.439901727607947e-12
0.3472340425531915    1.3500619460877713e-11
0.34904255319148936    3.2991369042255794e-11
0.35085106382978726    7.938562546112905e-11
0.3526595744680851    1.8809920282100407e-10
0.354468085106383    4.388761414497852e-10
0.35627659574468085    1.008349235041812e-09
0.35808510638297875    2.281369445090377e-09
0.3598936170212766    5.0827075567786775e-09
0.3617021276595745    1.1150803436411063e-08
0.36351063829787233    2.4089223960967597e-08
0.36531914893617023    5.1243224571730626e-08
0.3671276595744681    1.0733359450631873e-07
0.368936170212766    2.2136357990711112e-07
0.3707446808510638    4.4950094990476284e-07
0.3725531914893617    8.986457760159014e-07
0.37436170212765957    1.7687081823962271e-06
0.37617021276595747    3.4269388945874364e-06
0.3779787234042553    6.535943012145179e-06
0.3797872340425532    1.2269511393750965e-05
0.38159574468085106    2.266860457690435e-05
0.38340425531914896    4.121525372549475e-05
0.3852127659574468    7.373599293259114e-05
0.3870212765957447    0.00012978885496181853
0.38882978723404255    0.00022473695467629232
0.39063829787234045    0.0003827615902422466
0.3924468085106383    0.0006411074183329931
0.3942553191489362    0.0010558629775786216
0.39606382978723403    0.0017095342538285345
0.39787234042553193    0.0027205311853578562
0.3996808510638298    0.004254415696316294
0.4014893617021277    0.006536315890564472
0.4032978723404255    0.009863270664691804
0.4051063829787234    0.01461444287683984
0.40691489361702127    0.021256195710011756
0.40872340425531917    0.03033811490806501
0.410531914893617    0.04247542285337544
0.4123404255319149    0.058313201861879924
0.41414893617021276    0.078468807446185
0.41595744680851066    0.10345116188116292
0.4177659574468085    0.13355947440546329
0.4195744680851064    0.16876922856717325
0.42138297872340424    0.208619442753672
0.42319148936170214    0.25212113069509745
0.425    0.2977109358585588
0.4268085106382979    0.34327417174249286
0.42861702127659573    0.38625621073074434
0.43042553191489363    0.42386934890830497
0.4322340425531915    0.45338440917729217
0.4340425531914894    0.47247487042182934
0.4358510638297872    0.4795607083867288
0.4376595744680851    0.47408533842140843
0.43946808510638297    0.45665809992886686
0.44127659574468087    0.4290108197047241
0.4430851063829787    0.3937504433256026
0.4448936170212766    0.35393549560492255
0.44670212765957445    0.31255180916366354
0.44851063829787235    0.2719986723698885
0.4503191489361702    0.23370680349612227
0.4521276595744681    0.19798615399586067
0.45393617021276594    0.1641459264387124
0.45574468085106384    0.13085432284731469
0.4575531914893617    0.09663372532966216
0.4593617021276596    0.060343427550510115
0.46117021276595743    0.02150546897555136
0.46297872340425533    -0.01961680107623804
0.46478723404255323    -0.06218892227002241
0.4665957446808511    -0.10513416478207335
0.468404255319149    -0.1474737539694079
0.4702127659574468    -0.18853523667834074
0.4720212765957447    -0.2279532748230936
0.47382978723404257    -0.26549134878782144
0.47563829787234047    -0.30080613880209206
0.4774468085106383    -0.33331076324053155
0.4792553191489362    -0.36224458124752457
0.48106382978723405    -0.3869422717233869
0.48287234042553195    -0.4071681635678407
0.4846808510638298    -0.4233133992212693
0.4864893617021277    -0.4362928057616805
0.48829787234042554    -0.44712232943029107
0.49010638297872344    -0.4563429159810506
0.4919148936170213    -0.4635831886834757
0.4937234042553192    -0.46753609948624153
0.49553191489361703    -0.46644564891576556
0.49734042553191493    -0.45893118603256045
0.4991489361702128    -0.44475704137922045
0.5009574468085106    -0.4251199501605597
0.5027659574468085    -0.4022284042949221
0.5045744680851064    -0.37830987174045816
0.5063829787234043    -0.3545200662003225
0.5081914893617021    -0.33034349701268406
0.51    -0.3038672560127762
0.5118085106382979    -0.2728572695111614
0.5136170212765958    -0.23610172893309267
0.5154255319148936    -0.1942825118092285
0.5172340425531915    -0.14984330535379708
0.5190425531914894    -0.10586415475713379
0.5208510638297873    -0.06453627151337796
0.5226595744680851    -0.026109696771397087
0.524468085106383    0.011037738583013079
0.5262765957446809    0.04919525674205286
0.5280851063829788    0.08964898267357194
0.5298936170212766    0.13153542989736247
0.5317021276595745    0.17193200233774888
0.5335106382978724    0.20716439360487302
0.5353191489361703    0.23455592814627355
0.5371276595744681    0.2535482604543903
0.538936170212766    0.26550028716098817
0.5407446808510639    0.2723101353325178
0.5425531914893618    0.2747765265545892
0.5443617021276596    0.27180976684585567
0.5461702127659575    0.2610674885014539
0.5479787234042554    0.24065572787849043
0.5497872340425533    0.21081396737148678
0.551595744680851    0.17448388713241858
0.5534042553191489    0.13637372676737575
0.5552127659574468    0.10110271670610321
0.5570212765957447    0.07158440593705687
0.5588297872340425    0.04859196437469755
0.5606382978723404    0.03159877158526121
0.5624468085106383    0.020107122002151603
0.5642553191489362    0.01439258456226767
0.566063829787234    0.015098970355159853
0.5678723404255319    0.02203976103463887
0.5696808510638298    0.033212261235175664
0.5714893617021277    0.04492351890162834
0.5732978723404255    0.05313472525872458
0.5751063829787234    0.05523543389746319
0.5769148936170213    0.051120344717420815
0.5787234042553192    0.0429051681986862
0.580531914893617    0.033535745803586925
0.5823404255319149    0.025243065910447213
0.5841489361702128    0.018789168406266002
0.5859574468085107    0.013792043862244634
0.5877659574468085    0.009643644045839634
0.5895744680851064    0.006220759370724752
0.5913829787234043    0.003910755204927686
0.5931914893617022    0.003103583550099448
0.595    0.0037038965764408455
0.5968085106382979    0.005100084168951258
0.5986170212765958    0.006558220709218237
0.6004255319148937    0.007635479714949677
0.6022340425531915    0.008249943253354739
0.6040425531914894    0.008422967196303102
0.6058510638297873    0.00804273272817323
0.6076595744680852    0.006960440295476558
0.609468085106383    0.005361828490168745
0.6112765957446809    0.004017148999854555
0.6130851063829788    0.00404643866782765
0.6148936170212767    0.006243959285674906
0.6167021276595744    0.01043138755895995
0.6185106382978723    0.015363710310034995
0.6203191489361702    0.019326138504711904
0.6221276595744681    0.021051950365982897
0.6239361702127659    0.02037662549206347
0.6257446808510638    0.018269696010067248
0.6275531914893617    0.016320655951400073
0.6293617021276596    0.016031771462233432
0.6311702127659574    0.018232824662575517
0.6329787234042553    0.02274395313107052
0.6347872340425532    0.02832836386540228
0.6365957446808511    0.03303581810818709
0.6384042553191489    0.035017922095973056
0.6402127659574468    0.03360343347806993
0.6420212765957447    0.030008572565426134
0.6438297872340426    0.02698080755884711
0.6456382978723404    0.027249356121687086
0.6474468085106383    0.03161332302477738
0.6492553191489362    0.038056673762847375
0.6510638297872341    0.04278622740898399
0.6528723404255319    0.04271108533747201
0.6546808510638298    0.0376440409249526
0.6564893617021277    0.030507163352143547
0.6582978723404256    0.02524253700309695
0.6601063829787234    0.023925388289407497
0.6619148936170213    0.02527461486436615
0.6637234042553192    0.02570387209363944
0.6655319148936171    0.02205973057768236
0.6673404255319149    0.01388894782816897
0.6691489361702128    0.003540638528108344
0.6709574468085107    -0.005784261713485791
0.6727659574468086    -0.012327848710130596
0.6745744680851063    -0.016631019484255122
0.6763829787234042    -0.020547266322941817
0.6781914893617021    -0.025536307658278207
0.68    -0.031715600111942605
0.6818085106382978    -0.038197282751990747
0.6836170212765957    -0.04403314877012934
0.6854255319148936    -0.04877295618981456
0.6872340425531915    -0.05234320900514361
0.6890425531914893    -0.05477235117509416
0.6908510638297872    -0.056312243354569205
0.6926595744680851    -0.057790279366477265
0.694468085106383    -0.06049728647223554
0.6962765957446809    -0.06530725644757801
0.6980851063829787    -0.07169819212679265
0.6998936170212766    -0.07778139078883078
0.7017021276595745    -0.08166990350309794
0.7035106382978724    -0.08314318700041884
0.7053191489361702    -0.08401067532557094
0.7071276595744681    -0.08660310950097769
0.708936170212766    -0.0916051113364573
0.7107446808510639    -0.09724541533022837
0.7125531914893617    -0.10074310156067026
0.7143617021276596    -0.10079442949738976
0.7161702127659575    -0.09879626331846578
0.7179787234042554    -0.09759166716148701
0.7197872340425532    -0.09884841340931608
0.7215957446808511    -0.1015201450446489
0.723404255319149    -0.1028470812739983
0.7252127659574469    -0.10093707936472385
0.7270212765957447    -0.0964627011067837
0.7288297872340426    -0.09189162484616112
0.7306382978723405    -0.08907278014710951
0.7324468085106384    -0.08756043017141771
0.7342553191489362    -0.0852523399269964
0.7360638297872341    -0.08059000747840589
0.737872340425532    -0.07406682236509476
0.7396808510638299    -0.06758978125046386
0.7414893617021276    -0.062466859932361396
0.7432978723404255    -0.05814488387480447
0.7451063829787234    -0.0529491446466273
0.7469148936170213    -0.04594424033240119
0.7487234042553191    -0.037895508192539465
0.750531914893617    -0.030334121661300853
0.7523404255319149    -0.023796363399632633
0.7541489361702128    -0.01720382938873486
0.7559574468085106    -0.009114412791575384
0.7577659574468085    0.0004807061529085027
0.7595744680851064    0.009804595278308646
0.7613829787234043    0.016899862589095902
0.7631914893617021    0.021608554762472736
0.765    0.025849033544860203
0.7668085106382979    0.03179660846676462
0.7686170212765958    0.0397325961877653
0.7704255319148936    0.04772233885319106
0.7722340425531915    0.053475296301767505
0.7740425531914894    0.05655503266862588
0.7758510638297873    0.058762407321399576
0.7776595744680851    0.062349885216610015
0.779468085106383    0.06786880981741027
0.7812765957446809    0.07375647009339491
0.7830851063829788    0.07798357932899304
0.7848936170212766    0.08004967942860595
0.7867021276595745    0.08135642247837137
0.7885106382978724    0.0836815693671142
0.7903191489361703    0.08735624216453745
0.7921276595744681    0.09095662645715373
0.793936170212766    0.09274553604247036
0.7957446808510639    0.09237844418705006
0.7975531914893618    0.09120242728980886
0.7993617021276596    0.0909121719833423
0.8011702127659575    0.09191015575578194
0.8029787234042554    0.0929377591147421
0.8047872340425533    0.09228235784946413
0.806595744680851    0.08938919926510001
0.808404255319149    0.08538181088351467
0.8102127659574468    0.08204133321018296
0.8120212765957447    0.08019764473089099
0.8138297872340425    0.07898893789578303
0.8156382978723404    0.07665315850153835
0.8174468085106383    0.07215327499363296
0.8192553191489362    0.06619192676530143
0.821063829787234    0.06068374339415901
0.8228723404255319    0.057103720282983925
0.8246808510638298    0.055161340805936945
0.8264893617021277    0.05302358929966754
0.8282978723404255    0.048946648346420665
0.8301063829787234    0.04285345865756186
0.8319148936170213    0.03636751552230233
0.8337234042553192    0.03121966679528214
0.835531914893617    0.02752911529961624
0.8373404255319149    0.02366025250110443
0.8391489361702128    0.01785854339102557
0.8409574468085107    0.010069957635814288
0.8427659574468085    0.002083924022238082
0.8445744680851064    -0.004209031808650748
0.8463829787234043    -0.00869692433266724
0.8481914893617022    -0.013102921268884352
0.85    -0.019113221554331834
0.8518085106382979    -0.026514424709507
0.8536170212765958    -0.033325793448742674
0.8554255319148937    -0.03782738699517939
0.8572340425531915    -0.04034393670049655
0.8590425531914894    -0.04286409613543876
0.8608510638297873    -0.04688383973830426
0.8626595744680852    -0.05179461482922729
0.864468085106383    -0.055567617847316855
0.8662765957446809    -0.05699119476108766
0.8680851063829788    -0.05701122667409954
0.8698936170212767    -0.057697233028863745
0.8717021276595744    -0.05996485419893233
0.8735106382978723    -0.06255785796536041
0.8753191489361702    -0.06340417636530045
0.8771276595744681    -0.06184314505792189
0.8789361702127659    -0.05927689081994543
0.8807446808510638    -0.057565054797627954
0.8825531914893617    -0.05697509625162621
0.8843617021276596    -0.0559461724984453
0.8861702127659574    -0.05286676492117606
0.8879787234042553    -0.047846867005335386
0.8897872340425532    -0.0425537076449487
0.8915957446808511    -0.038399669061154634
0.8934042553191489    -0.035166621354709715
0.8952127659574468    -0.03153551354269493
0.8970212765957447    -0.02677097396494417
0.8988297872340426    -0.021572440934433425
0.9006382978723404    -0.0171962154686245
0.9024468085106383    -0.01399815385284224
0.9042553191489362    -0.011136862193615368
0.9060638297872341    -0.0077055687905181365
0.9078723404255319    -0.003855467629261663
0.9096808510638298    -0.000558984189861055
0.9114893617021277    0.0016382916754056108
0.9132978723404256    0.0033105961262484525
0.9151063829787234    0.005445231610052754
0.9169148936170213    0.008231677803416878
0.9187234042553192    0.010858682477367147
0.9205319148936171    0.012577150078513021
0.9223404255319149    0.013709415861353151
0.9241489361702128    0.015329903139655043
0.9259574468085107    0.017969144631758506
0.9277659574468086    0.020916860131629182
0.9295744680851065    0.0230056441670888
0.9313829787234043    0.023963316905754456
0.9331914893617022    0.024707773561105102
0.935    0.02621502145977877
0.936808510638298    0.028316670685956044
0.9386170212765957    0.029882304065317764
0.9404255319148936    0.030173815706328898
0.9422340425531915    0.029732236958310287
0.9440425531914894    0.02971150658194316
0.9458510638297872    0.030456652770191023
0.9476595744680851    0.031059546896492353
0.949468085106383    0.030462707666416913
0.9512765957446809    0.028806263077989586
0.9530851063829787    0.02739148111066845
0.9548936170212766    0.02727305634871198
0.9567021276595745    0.02813097591283141
0.9585106382978724    0.028739443330260336
0.9603191489361702    0.028443709997206197
0.9621276595744681    0.027868423902924933
0.963936170212766    0.02803385831845527
0.9657446808510639    0.028985972930069624
0.9675531914893617    0.029619303602927388
0.9693617021276596    0.02890864641978843
0.9711702127659575    0.027053253345646774
0.9729787234042554    0.025152028906609426
0.9747872340425532    0.023818401127713384
0.9765957446808511    0.02242624299340753
0.978404255319149    0.019899443113933504
0.9802127659574469    0.016075527806926018
0.9820212765957447    0.011980750971421043
0.9838297872340426    0.008684658673556642
0.9856382978723405    0.0061266282446769335
0.9874468085106384    0.0033267124398324056
0.9892553191489362    -0.0003044066585794923
0.9910638297872341    -0.004178998196938242
0.992872340425532    -0.0072406345818061746
0.9946808510638299    -0.009299359509461678
0.9964893617021277    -0.011345952153661677
0.9982978723404256    -0.014431166859230501
1.0001063829787233    -0.01844509884163964
1.0019148936170212    -0.022270282535050874
1.0037234042553191    -0.025134781731609115
1.005531914893617    -0.0275440447073586
1.007340425531915    -0.030666883440847427
1.0091489361702128    -0.034895594161430614
1.0109574468085107    -0.03928487980753675
1.0127659574468086    -0.04253234479819514
1.0145744680851063    -0.044349355050711046
1.0163829787234042    -0.04563652901317646
1.0181914893617021    -0.04730780841911745
1.02    -0.0491803537599358
1.021808510638298    -0.05021806495603496
1.0236170212765958    -0.049786822470462254
1.0254255319148937    -0.048403978896988116
1.0272340425531916    -0.04710499811501618
1.0290425531914893    -0.046201473013739024
1.0308510638297872    -0.044907510632103846
1.032659574468085    -0.04227324189606909
1.034468085106383    -0.038338287196345945
1.036276595744681    -0.03417957409345616
1.0380851063829788    -0.030811834896860367
1.0398936170212767    -0.02819398136679114
1.0417021276595746    -0.02543687321588356
1.0435106382978723    -0.021932679830724007
1.0453191489361702    -0.01811763493114285
1.047127659574468    -0.015035988494889213
1.048936170212766    -0.01321931807740647
1.0507446808510639    -0.012118248195184464
1.0525531914893618    -0.010676888610355439
1.0543617021276597    -0.008398493533649864
1.0561702127659576    -0.005772241595142124
1.0579787234042553    -0.003671121952609437
1.0597872340425532    -0.0024280651276333658
1.061595744680851    -0.0015758125661312428
1.063404255319149    -0.0004597767806622799
1.0652127659574468    0.0010106779024126836
1.0670212765957447    0.0023070902754721056
1.0688297872340426    0.0029479957517921
1.0706382978723405    0.003102916860720736
1.0724468085106382    0.003430392353447757
1.0742553191489361    0.0043201629790289775
1.076063829787234    0.0054043377001460864
1.077872340425532    0.005925253620749852
1.0796808510638298    0.0055802635397212115
1.0814893617021277    0.004888927419536628
1.0832978723404256    0.004633241639124268
1.0851063829787235    0.004979353944286498
1.0869148936170212    0.0052931473320008944
1.088723404255319    0.004897675051910245
1.090531914893617    0.0039222095287009566
1.092340425531915    0.0032444479378262924
1.0941489361702128    0.0035570699950945653
1.0959574468085107    0.004627056940149249
1.0977659574468086    0.0056187551970035225
1.0995744680851065    0.006106314158372402
1.1013829787234042    0.006572920677949784
1.103191489361702    0.00780071230679487
1.105    0.009897456756976135
1.1068085106382979    0.012155960305779851
1.1086170212765958    0.013920953039040748
1.1104255319148937    0.015378912555193655
1.1122340425531916    0.017262422191016077
1.1140425531914895    0.01982070781496139
1.1158510638297872    0.022372274685148033
1.117659574468085    0.024074671200861604
1.119468085106383    0.025009321764030146
1.1212765957446809    0.026205795208500776
1.1230851063829788    0.02848146567144836
1.1248936170212767    0.03145294568299965
1.1267021276595746    0.033930731809135556
1.1285106382978725    0.035254712716575806
1.1303191489361701    0.03597690053968433
1.132127659574468    0.037085580952951905
1.133936170212766    0.038740017644740485
1.1357446808510638    0.04005781362124407
1.1375531914893617    0.04016865419094934
1.1393617021276596    0.039191501875039406
1.1411702127659575    0.03795000096627038
1.1429787234042554    0.03687397408323398
1.1447872340425531    0.03553942014969898
1.146595744680851    0.03340352721935115
1.148404255319149    0.030687976000506267
1.1502127659574468    0.028165516718453396
1.1520212765957447    0.026088798265398075
1.1538297872340426    0.02371634836578359
1.1556382978723405    0.020186879755321928
1.1574468085106384    0.015716293646335346
1.1592553191489363    0.011558794167840562
1.161063829787234    0.008667711385317654
1.162872340425532    0.006663889877608914
1.1646808510638298    0.004402416959148616
1.1664893617021277    0.0014514289581025871
1.1682978723404256    -0.001356034799919963
1.1701063829787235    -0.0029755008956380614
1.1719148936170214    -0.003463414605357241
1.1737234042553193    -0.0038886001419086067
1.175531914893617    -0.004984032214225937
1.1773404255319149    -0.006284371242358469
1.1791489361702128    -0.006838455967198762
1.1809574468085107    -0.006525095377088596
1.1827659574468086    -0.006219134311502658
1.1845744680851065    -0.006581586207571655
1.1863829787234044    -0.00709232393984551
1.1881914893617023    -0.006667677376174212
1.19    -0.005123391803660251
1.1918085106382978    -0.0035682512823627197
1.1936170212765957    -0.0031357571103854624
1.1954255319148936    -0.0036220749521194686
1.1972340425531915    -0.0037833437710941224
1.1990425531914894    -0.002949011883025426
1.2008510638297873    -0.0019015413749912209
1.2026595744680852    -0.001886146178991967
1.204468085106383    -0.0030148156830313707
1.2062765957446808    -0.004127504894866724
1.2080851063829787    -0.004307842762009388
1.2098936170212766    -0.0041026524210773544
1.2117021276595745    -0.004848939117691031
1.2135106382978724    -0.006945349415494582
1.2153191489361703    -0.00929147522023684
1.2171276595744682    -0.01064930336578597
1.218936170212766    -0.011221210398757276
1.2207446808510638    -0.012445814913122792
1.2225531914893617    -0.015269663681861879
1.2243617021276596    -0.019068508105181025
1.2261702127659575    -0.022527168143602495
1.2279787234042554    -0.025285959863958988
1.2297872340425533    -0.02824647572569548
1.2315957446808512    -0.032227619105460154
1.2334042553191489    -0.03678872780639027
1.2352127659574468    -0.04073964949175124
1.2370212765957447    -0.04359715431186223
1.2388297872340426    -0.04603317278546179
1.2406382978723405    -0.048766684540606814
1.2424468085106384    -0.05146123961197312
1.2442553191489363    -0.05316847533088351
1.2460638297872342    -0.053730264960483776
1.2478723404255319    -0.054181917190577106
1.2496808510638298    -0.055474985906761254
1.2514893617021277    -0.05711922053017206
1.2532978723404256    -0.05758083464642469
1.2551063829787235    -0.05605866915810592
1.2569148936170214    -0.0534369183457679
1.2587234042553193    -0.051194787977854095
1.2605319148936172    -0.0496293462291046
1.2623404255319148    -0.04761025049156502
1.2641489361702127    -0.04411992526409353
1.2659574468085106    -0.039576758495781406
1.2677659574468085    -0.035284870765509915
1.2695744680851064    -0.03180261781351672
1.2713829787234043    -0.028369607676835253
1.2731914893617022    -0.024070040859098585
1.2750000000000001    -0.019121539517500064
1.2768085106382978    -0.014579432170229618
1.2786170212765957    -0.010911834772151421
1.2804255319148936    -0.007413266388861018
1.2822340425531915    -0.0032731187674804093
1.2840425531914894    0.001141431629514202
1.2858510638297873    0.0045571794943743945
1.2876595744680852    0.0063332699938077166
1.289468085106383    0.00726887857101225
1.2912765957446808    0.008609636824659355
1.2930851063829787    0.010535370747435237
1.2948936170212766    0.012080209285567231
1.2967021276595745    0.012537263055440569
1.2985106382978724    0.012452915672518737
1.3003191489361703    0.012894935803809793
1.3021276595744682    0.013996304158138063
1.303936170212766    0.014739571835888903
1.3057446808510638    0.0142791641158359
1.3075531914893617    0.013038628856844304
1.3093617021276596    0.012123503789251429
1.3111702127659575    0.011848609804557122
1.3129787234042554    0.011362280875894172
1.3147872340425533    0.009868364999245757
1.3165957446808512    0.007787414657803575
1.318404255319149    0.00627104269925117
1.3202127659574467    0.00570689196903356
1.3220212765957446    0.005237895624690389
1.3238297872340425    0.003976658634853853
1.3256382978723404    0.002299729908716239
1.3274468085106383    0.0014556113185481851
1.3292553191489362    0.001967037371439519
1.3310638297872341    0.0029618101159648524
1.332872340425532    0.0033690161241671864
1.3346808510638297    0.0034117427542786284
1.3364893617021276    0.004366391650427303
1.3382978723404255    0.006829898532079534
1.3401063829787234    0.009767504890897418
1.3419148936170213    0.011669859330828338
1.3437234042553192    0.012398997913353513
1.3455319148936171    0.01335256393478378
1.347340425531915    0.01571867688018538
1.3491489361702127    0.019057287371256938
1.3509574468085106    0.021999448188800053
1.3527659574468085    0.024078689307626227
1.3545744680851064    0.026246469515523414
1.3563829787234043    0.029399806239448486
1.3581914893617022    0.03291546080503459
1.36    0.035208276348033876
1.361808510638298    0.035660835171799826
1.3636170212765957    0.03542332548521586
1.3654255319148936    0.03600949389942844
1.3672340425531915    0.0374653666850034
1.3690425531914894    0.03843340553723126
1.3708510638297873    0.0379700688395789
1.3726595744680852    0.03673200544248478
1.374468085106383    0.036035244183772186
1.376276595744681    0.03609406085432253
1.3780851063829787    0.03576560822931649
1.3798936170212766    0.03407517687925256
1.3817021276595745    0.03144775358890199
1.3835106382978724    0.029032935564604
1.3853191489361703    0.02710834614775661
1.3871276595744682    0.024771997849379467
1.388936170212766    0.021351071828674135
1.390744680851064    0.017580270745323333
1.3925531914893619    0.014858704233023247
1.3943617021276595    0.013477080476083116
1.3961702127659574    0.012165605135904381
1.3979787234042553    0.009647093025628932
1.3997872340425532    0.006242207353698424
1.4015957446808511    0.0034555338314077363
1.403404255319149    0.0020742542947239043
1.405212765957447    0.0012425388990533613
1.4070212765957448    -0.00030371036992693024
1.4088297872340425    -0.002481611907778742
1.4106382978723404    -0.0039025599106352737
1.4124468085106383    -0.0036740211435507186
1.4142553191489362    -0.002620632158704151
1.416063829787234    -0.002329238170195507
1.417872340425532    -0.0032343485149172553
1.41968085106383    -0.004180313159465167
1.4214893617021278    -0.00397151570713112
1.4232978723404255    -0.002883638500790247
1.4251063829787234    -0.0022270545381861033
1.4269148936170213    -0.0026014681879583737
1.4287234042553192    -0.0031198130455998173
1.430531914893617    -0.0025472233262692975
1.432340425531915    -0.0008231166862904594
1.4341489361702129    0.0009675174441517114
1.4359574468085108    0.0020198588698950057
1.4377659574468085    0.0027104151285826552
1.4395744680851064    0.0038648317114589287
1.4413829787234043    0.005484047913020701
1.4431914893617022    0.006667307671377977
1.445    0.006790211265973206
1.446808510638298    0.006307754870249644
1.4486170212765959    0.00609848112715671
1.4504255319148938    0.006252474978135112
1.4522340425531914    0.005944403731522344
1.4540425531914893    0.004557233840762079
1.4558510638297872    0.00253704566289912
1.4576595744680851    0.0008216964139471116
1.459468085106383    -0.00039910629099638496
1.461276595744681    -0.0019267582817422263
1.4630851063829788    -0.004444468598086799
1.4648936170212767    -0.007499196255491688
1.4667021276595744    -0.009932775432128822
1.4685106382978723    -0.011254500944560283
1.4703191489361702    -0.01222812179502915
1.4721276595744681    -0.013944534362996487
1.473936170212766    -0.016562590149331993
1.475744680851064    -0.019272693435167354
1.4775531914893618    -0.021439836777233726
1.4793617021276597    -0.02340228441006135
1.4811702127659574    -0.025913082239251213
1.4829787234042553    -0.028997631557067277
1.4847872340425532    -0.03174967015616574
1.486595744680851    -0.033374310275493646
1.488404255319149    -0.0341915232777187
1.490212765957447    -0.03534828083752199
1.4920212765957448    -0.03756675695494202
1.4938297872340427    -0.040394461154454706
1.4956382978723404    -0.04276873174606653
1.4974468085106383    -0.0441511429729457
1.4992553191489362    -0.044926219347458884
1.501063829787234    -0.04574779211511576
1.502872340425532    -0.046732800617818926
1.5046808510638299    -0.04741420784938921
1.5064893617021278    -0.04733807873604
1.5082978723404257    -0.046487054000642875
1.5101063829787233    -0.045104895278514995
1.5119148936170212    -0.043319394413420156
1.5137234042553191    -0.04112374221812495
1.515531914893617    -0.038672102843374315
1.517340425531915    -0.03636642049578889
1.5191489361702128    -0.03450475878662254
1.5209574468085107    -0.03290474826032795
1.5227659574468086    -0.031026849281457422
1.5245744680851063    -0.0285275255201281
1.5263829787234042    -0.02562216769340271
1.5281914893617021    -0.02283703469189189
1.53    -0.020446115674745975
1.531808510638298    -0.01824676322361094
1.5336170212765958    -0.015895852576377614
1.5354255319148937    -0.013345378472438787
1.5372340425531916    -0.010822229372445466
1.5390425531914893    -0.00839832231922815
1.5408510638297872    -0.005738091720206787
1.542659574468085    -0.0024026810025200244
1.544468085106383    0.0016254503206232433
1.546276595744681    0.005862402243079332
1.5480851063829788    0.009845314132114284
1.5498936170212767    0.013661679294860814
1.5517021276595746    0.017830385853151887
1.5535106382978723    0.02264073703083644
1.5553191489361702    0.027735775494893547
1.557127659574468    0.032467206304191955
1.558936170212766    0.03662184917249043
1.5607446808510639    0.04064727671791089
1.5625531914893618    0.045093154600342154
1.5643617021276597    0.04993621164106123
1.5661702127659576    0.054596413741481005
1.5679787234042553    0.05859652603502994
1.5697872340425532    0.06203161880981025
1.571595744680851    0.06528365922819013
1.573404255319149    0.06838713693257731
1.5752127659574469    0.07087796129598456
1.5770212765957448    0.07230418451212786
1.5788297872340427    0.07271526546330781
1.5806382978723406    0.07251005771913191
1.5824468085106382    0.07190598951968122
1.5842553191489361    0.07078730464827279
1.586063829787234    0.06912084644971789
1.587872340425532    0.06728361999746277
1.5896808510638298    0.06572893084720574
1.5914893617021277    0.06436940542428099
1.5932978723404256    0.06256508738474317
1.5951063829787235    0.059879144690772754
1.5969148936170212    0.05669453459366057
1.5987234042553191    0.053843070917442226
1.600531914893617    0.051627822888093006
1.602340425531915    0.049453302274573785
1.6041489361702128    0.04655974289963463
1.6059574468085107    0.04294691296532904
1.6077659574468086    0.03930760583122077
1.6095744680851065    0.036068144518240086
1.6113829787234042    0.03280925819844033
1.613191489361702    0.028850392062499522
1.615    0.024234380172811515
1.616808510638298    0.019785361045843844
1.6186170212765958    0.01611060441738668
1.6204255319148937    0.012822517169771133
1.6222340425531916    0.00900470111258097
1.6240425531914895    0.004340868733120885
1.6258510638297874    -0.000529222164927129
1.627659574468085    -0.004844060877877433
1.629468085106383    -0.008623777754398942
1.6312765957446809    -0.012492131600226213
1.6330851063829788    -0.016745359154209924
1.6348936170212767    -0.020971984929880096
1.6367021276595746    -0.024702074200929187
1.6385106382978725    -0.02810334554584827
1.6403191489361704    -0.03167615270372533
1.642127659574468    -0.035336114904374355
1.643936170212766    -0.03822111055644921
1.6457446808510638    -0.03964860518023426
1.6475531914893617    -0.04005474004964529
1.6493617021276596    -0.04064997917699721
1.6511702127659575    -0.042144249943803225
1.6529787234042554    -0.04411339923643111
1.6547872340425533    -0.045758995012143436
1.656595744680851    -0.047016275751008696
1.658404255319149    -0.04856504603105152
1.6602127659574468    -0.05080783384459711
1.6620212765957447    -0.053258629936847574
1.6638297872340426    -0.05518814055303721
1.6656382978723405    -0.05663255529516151
1.6674468085106384    -0.05836852269355314
1.6692553191489363    -0.06087509092956238
1.671063829787234    -0.06370441669633387
1.672872340425532    -0.06613905210935164
1.6746808510638298    -0.0682462887223978
1.6764893617021277    -0.07085972229073198
1.6782978723404256    -0.0744465300845327
1.6801063829787235    -0.07834586465258667
1.6819148936170214    -0.08141525511447684
1.6837234042553193    -0.08327434024906283
1.685531914893617    -0.08455515011903339
1.6873404255319149    -0.08589214031485284
1.6891489361702128    -0.08702929618263186
1.6909574468085107    -0.08719725066157016
1.6927659574468086    -0.08617004326740133
1.6945744680851065    -0.08452711443550667
1.6963829787234044    -0.08278703431006776
1.6981914893617023    -0.08064353408370695
1.7    -0.07737551961966915
1.7018085106382979    -0.07286612787002261
1.7036170212765958    -0.06782390517099351
1.7054255319148937    -0.06291097480348273
1.7072340425531916    -0.0580013011820755
1.7090425531914895    -0.05260428108553951
1.7108510638297874    -0.0468436223374797
1.7126595744680853    -0.04156376732786854
1.714468085106383    -0.0373171215033985
1.7162765957446808    -0.033573530933411075
1.7180851063829787    -0.029283891915510146
1.7198936170212766    -0.024140792805012946
1.7217021276595745    -0.018909681723167662
1.7235106382978724    -0.01439578874400961
1.7253191489361703    -0.010403025447107896
1.7271276595744682    -0.0060427139777901664
1.728936170212766    -0.0009585146062747515
1.7307446808510638    0.004162270728760954
1.7325531914893617    0.008446869557483399
1.7343617021276596    0.01190698167917803
1.7361702127659575    0.015326319686797908
1.7379787234042554    0.019175766145594277
1.7397872340425533    0.023025958049096643
1.7415957446808512    0.02619048669114392
1.7434042553191489    0.0286652198287383
1.7452127659574468    0.031092443488155673
1.7470212765957447    0.033856894213619586
1.7488297872340426    0.03657951640480241
1.7506382978723405    0.03866234610962487
1.7524468085106384    0.04007184750116433
1.7542553191489363    0.04127071131911169
1.7560638297872342    0.042451041734651355
1.7578723404255319    0.04320419375095628
1.7596808510638298    0.0431138409563906
1.7614893617021277    0.042418803000214104
1.7632978723404256    0.04176542271733826
1.7651063829787235    0.04134732367710727
1.7669148936170214    0.04062242075975902
1.7687234042553193    0.039035199034537595
1.7705319148936172    0.036792432312237715
1.7723404255319148    0.034653969572886835
1.7741489361702127    0.03303709510840911
1.7759574468085106    0.03165123730056931
1.7777659574468085    0.030115021162655367
1.7795744680851064    0.02863030604961591
1.7813829787234043    0.02772209123963946
1.7831914893617022    0.027398806188896993
1.7850000000000001    0.026962177486800826
1.7868085106382978    0.02584083629171159
1.7886170212765957    0.02437779912579753
1.7904255319148936    0.023474549133406228
1.7922340425531915    0.023486999286160763
1.7940425531914894    0.023790133858807877
1.7958510638297873    0.023579148379102577
1.7976595744680852    0.02286346220516676
1.7994680851063831    0.022375730803918366
1.8012765957446808    0.022556876006548217
1.8030851063829787    0.022961132650925357
1.8048936170212766    0.022807478023547115
1.8067021276595745    0.021874091855398035
1.8085106382978724    0.020554747051803615
1.8103191489361703    0.01911001837002698
1.8121276595744682    0.017236418297926402
1.813936170212766    0.014567066828270976
1.8157446808510638    0.011369054323273602
1.8175531914893617    0.00840760179083513
1.8193617021276596    0.006104019780355182
1.8211702127659575    0.004106540349190266
1.8229787234042554    0.001845513924624731
1.8247872340425533    -0.0006839591197077663
1.8265957446808512    -0.002952301078576873
1.828404255319149    -0.004644652238720447
1.8302127659574468    -0.006058018977132769
1.8320212765957447    -0.007593558085551745
1.8338297872340426    -0.009070947350912526
1.8356382978723405    -0.009857302977373727
1.8374468085106384    -0.009685106585064556
1.8392553191489363    -0.00906719482832429
1.8410638297872342    -0.008728180661724263
1.842872340425532    -0.008770627501151174
1.8446808510638297    -0.008631964812668346
1.8464893617021276    -0.007834019964241561
1.8482978723404255    -0.0065173029103491355
1.8501063829787234    -0.005111133554448722
1.8519148936170213    -0.0036668362624771317
1.8537234042553192    -0.001768796391544143
1.8555319148936171    0.0009199722258497881
1.857340425531915    0.004281415404395536
1.859148936170213    0.00803345801701603
1.8609574468085106    0.012211108459608372
1.8627659574468085    0.017110089768638266
1.8645744680851064    0.02276477904381903
1.8663829787234043    0.028720244114872652
1.8681914893617022    0.03445727544766105
1.87    0.039914827396736886
1.871808510638298    0.04541882388461529
1.873617021276596    0.05115114689700547
1.8754255319148936    0.05690692698595113
1.8772340425531915    0.06243464812894941
1.8790425531914894    0.06779737030536809
1.8808510638297873    0.07317042136510302
1.8826595744680852    0.078342898791462
1.884468085106383    0.08268782279897657
1.886276595744681    0.08574927158332979
1.8880851063829789    0.08769001199919296
1.8898936170212766    0.08894779829359331
1.8917021276595745    0.08950085485089992
1.8935106382978724    0.08873274411063922
1.8953191489361703    0.08615798022962859
1.8971276595744682    0.0821321641579787
1.898936170212766    0.07762888715685218
1.900744680851064    0.07331094641267127
1.9025531914893619    0.06898936218444246
1.9043617021276595    0.06405171187434747
1.9061702127659574    0.0582434255524152
1.9079787234042553    0.051836657191801916
1.9097872340425532    0.04509055781049845
1.9115957446808511    0.03779599417678085
1.913404255319149    0.029488368482778388
1.915212765957447    0.01999241215454345
1.9170212765957448    0.009587839338420938
1.9188297872340425    -0.0013350473971390116
1.9206382978723404    -0.01260408184800982
1.9224468085106383    -0.024186314412133286
1.9242553191489362    -0.0359347469024915
1.9260638297872341    -0.047583680325034
1.927872340425532    -0.05896234046089399
1.92968085106383    -0.07003821139403388
1.9314893617021278    -0.0806839838995472
1.9332978723404255    -0.09053770461406516
1.9351063829787234    -0.09924026468288055
1.9369148936170213    -0.10677102814575018
1.9387234042553192    -0.11339435287176777
1.940531914893617    -0.11924145433593294
1.942340425531915    -0.12409316872076911
1.944148936170213    -0.12769718832556273
1.9459574468085108    -0.1302069448293489
1.9477659574468085    -0.13209900679719624
1.9495744680851064    -0.1335926518689127
1.9513829787234043    -0.13430153046876672
1.9531914893617022    -0.13361661603347988
1.955    -0.13140081281212415
1.956808510638298    -0.128159545262188
1.9586170212765959    -0.12449710577160064
1.9604255319148938    -0.12054655339656226
1.9622340425531914    -0.11604548878998111
1.9640425531914893    -0.11087730765086415
1.9658510638297872    -0.10534123101169585
1.9676595744680851    -0.09984553126506757
1.969468085106383    -0.09450265161849994
1.971276595744681    -0.08918627426185238
1.9730851063829788    -0.08393134520901138
1.9748936170212767    -0.07908289823788175
1.9767021276595744    -0.07496848060711467
1.9785106382978723    -0.07154742420588056
1.9803191489361702    -0.06853803865104169
1.9821276595744681    -0.06588351312071075
1.983936170212766    -0.06396235312723994
1.985744680851064    -0.06327689029578848
1.9875531914893618    -0.06400068080210894
1.9893617021276597    -0.06588157167446804
1.9911702127659574    -0.06849361240582014
1.9929787234042553    -0.0714362342167357
1.9947872340425532    -0.07429112250668343
1.996595744680851    -0.07657870088730423
1.998404255319149    -0.07794763109278016
2.0002127659574467    -0.07841034023485749
2.0020212765957446    -0.07826079406120892
2.0038297872340425    -0.07769116530320483
2.0056382978723404    -0.07655360036007378
2.0074468085106383    -0.07456569113339354
2.009255319148936    -0.07168912292116891
2.011063829787234    -0.0681779491015321
2.012872340425532    -0.06422402810084663
2.01468085106383    -0.059659316697872666
2.016489361702128    -0.05410620592266237
2.0182978723404257    -0.0473977904187836
2.0201063829787236    -0.03977210725494677
2.0219148936170215    -0.031664984693051415
2.0237234042553194    -0.023415705620480724
2.0255319148936173    -0.015210236250787018
2.0273404255319147    -0.00717337250400819
2.0291489361702126    0.0006835635235439407
2.0309574468085105    0.008658592974213994
2.0327659574468084    0.017363765478251542
2.0345744680851063    0.027368416769449195
2.0363829787234042    0.038796473974209794
2.038191489361702    0.05132332260043429
2.04    0.06456049746795098
2.041808510638298    0.07834577913434734
2.043617021276596    0.0925993604612135
2.0454255319148937    0.10698733035027114
2.0472340425531916    0.12088712447141006
2.0490425531914895    0.13374022087508566
2.0508510638297874    0.14535238848596174
2.0526595744680853    0.15576363763152787
2.0544680851063832    0.16487793041016183
2.0562765957446807    0.1723592700040831
2.0580851063829786    0.17794081080671156
2.0598936170212765    0.1817307674224277
2.0617021276595744    0.18408013755820066
2.0635106382978723    0.1851380590719464
2.06531914893617    0.18463766539064205
2.067127659574468    0.1821879444816569
2.068936170212766    0.17773118731284585
2.070744680851064    0.1716322105387411
2.072553191489362    0.16432029899579118
2.0743617021276597    0.15592861039477038
2.0761702127659576    0.14633845390008213
2.0779787234042555    0.13552722008189508
2.0797872340425534    0.12378305120296959
2.0815957446808513    0.11156003664294409
2.083404255319149    0.09918933004589542
2.085212765957447    0.0867864417083423
2.0870212765957445    0.074405009456187
2.0888297872340424    0.0621899259620424
2.0906382978723403    0.050332742558288
2.0924468085106382    0.03891601696464919
2.094255319148936    0.027874000083891196
2.096063829787234    0.017143362900066537
2.097872340425532    0.006847219720920665
2.09968085106383    -0.0026782803985087745
2.1014893617021277    -0.011035057162153366
2.1032978723404256    -0.01794970240992186
2.1051063829787235    -0.023353235156974676
2.1069148936170214    -0.02732834366752726
2.1087234042553193    -0.02999846193873182
2.1105319148936172    -0.031452960221438016
2.112340425531915    -0.03176472364172648
2.114148936170213    -0.031092818950228203
2.1159574468085105    -0.02979335946521805
2.1177659574468084    -0.028427253154398043
2.1195744680851063    -0.02760556730621102
2.121382978723404    -0.027739125147897538
2.123191489361702    -0.028856347521499626
2.125    -0.03062102255773099
2.126808510638298    -0.03253438480146511
2.128617021276596    -0.03417223904500465
2.1304255319148937    -0.03530478846945082
2.1322340425531916    -0.03586692464618007
2.1340425531914895    -0.03587290951468682
2.1358510638297874    -0.03538955389180002
2.1376595744680853    -0.03458764477423166
2.139468085106383    -0.033779061492223546
2.141276595744681    -0.03333191079698101
2.143085106382979    -0.03346723576052974
2.1448936170212765    -0.03408251718158813
2.1467021276595744    -0.03477282643992125
2.1485106382978723    -0.03507660735122311
2.15031914893617    -0.03477636333895206
2.152127659574468    -0.034027048122025776
2.153936170212766    -0.033235450556046785
2.155744680851064    -0.032827636231337436
2.1575531914893618    -0.03310315918969963
2.1593617021276597    -0.03423434825613319
2.1611702127659576    -0.03629989194248235
2.1629787234042555    -0.03923962262083456
2.1647872340425534    -0.04276900785763637
2.1665957446808513    -0.04639497995034215
2.168404255319149    -0.04958760479499225
2.170212765957447    -0.05198195686623109
2.172021276595745    -0.05343295935229011
2.1738297872340424    -0.05389753036726921
2.1756382978723403    -0.0533039098544491
2.177446808510638    -0.05157154395450634
2.179255319148936    -0.04875914635074161
2.181063829787234    -0.045155180280610864
2.182872340425532    -0.04117057321829907
2.18468085106383    -0.03709897119605062
2.1864893617021277    -0.03295164442372419
2.1882978723404256    -0.02850536762224213
2.1901063829787235    -0.023504800153827526
2.1919148936170214    -0.017842638203455267
2.1937234042553193    -0.011603138084503903
2.195531914893617    -0.00500104944068781
2.197340425531915    0.001687051682896601
2.199148936170213    0.008163211079596857
2.200957446808511    0.01416178050747981
2.2027659574468084    0.0195367615780806
2.2045744680851063    0.02431348765998913
2.206382978723404    0.02861501725788945
2.208191489361702    0.03248776408962409
2.21    0.03578588835140076
2.211808510638298    0.03825491531697295
2.2136170212765958    0.03976418651033092
2.2154255319148937    0.04046673882425822
2.2172340425531916    0.04071133802740516
2.2190425531914895    0.04076267191756683
2.2208510638297874    0.040563178737829136
2.2226595744680853    0.03971727554997442
2.224468085106383    0.037678197941886635
2.226276595744681    0.03399260283001142
2.228085106382979    0.028495524827336076
2.229893617021277    0.02142240169305573
2.2317021276595743    0.013392382878389716
2.233510638297872    0.0051922738674092285
2.23531914893617    -0.0025942437202358523
2.237127659574468    -0.009862036575328761
2.238936170212766    -0.016888994301213347
2.240744680851064    -0.023893681605553486
2.2425531914893617    -0.03064134683115768
2.2443617021276596    -0.036505378398178634
2.2461702127659575    -0.04095959378441304
2.2479787234042554    -0.044033695220598676
2.2497872340425533    -0.04629827650547817
2.251595744680851    -0.048425549231200196
2.253404255319149    -0.05076727899912803
2.255212765957447    -0.0532908488421409
2.257021276595745    -0.05579188759329409
2.258829787234043    -0.05806874411237098
2.2606382978723403    -0.05991824945387629
2.262446808510638    -0.06109926303167165
2.264255319148936    -0.061431326325066635
2.266063829787234    -0.06096774262668761
2.267872340425532    -0.060041906585656724
2.2696808510638298    -0.059112108962149065
2.2714893617021277    -0.05853461339984023
2.2732978723404256    -0.058421288040134814
2.2751063829787235    -0.05860958848609034
2.2769148936170214    -0.05870356697057735
2.2787234042553193    -0.058194021274229374
2.280531914893617    -0.056671331212085826
2.282340425531915    -0.05402348913340985
2.284148936170213    -0.05044237414978664
2.285957446808511    -0.04622189158223668
2.2877659574468088    -0.0415719012625564
2.2895744680851062    -0.036656622984996765
2.291382978723404    -0.031760561686043326
2.293191489361702    -0.02728060298218224
2.295    -0.02345638483040937
2.296808510638298    -0.020140271251783873
2.2986170212765957    -0.01693250839163562
2.3004255319148936    -0.013565728358562072
2.3022340425531915    -0.01006795128000474
2.3040425531914894    -0.00647721865859768
2.3058510638297873    -0.0024699985073558944
2.3076595744680852    0.002561869612421678
2.309468085106383    0.008974011357352159
2.311276595744681    0.016453788650528885
2.313085106382979    0.024209450859403063
2.314893617021277    0.03155833018857536
2.3167021276595747    0.03828706284492514
2.3185106382978726    0.04451113204602432
2.32031914893617    0.05038731657306415
2.322127659574468    0.056099831518329354
2.323936170212766    0.06201114133875439
2.325744680851064    0.06853725085091981
2.3275531914893617    0.07569263687825585
2.3293617021276596    0.08283995763789657
2.3311702127659575    0.08910004482920557
2.3329787234042554    0.09411244859384381
2.3347872340425533    0.09833421299409577
2.336595744680851    0.10252177549938828
2.338404255319149    0.10695530509024596
2.340212765957447    0.11123465459428945
2.342021276595745    0.11479328948691504
2.343829787234043    0.11749819724676476
2.3456382978723407    0.11973644973102647
2.3474468085106386    0.12206887164889586
2.349255319148936    0.12493783422351111
2.351063829787234    0.12862227722169084
2.352872340425532    0.133191356976529
2.3546808510638297    0.1382893341268971
2.3564893617021276    0.14302450082271284
2.3582978723404255    0.14630894338724632
2.3601063829787234    0.14749069427603634
2.3619148936170213    0.14667944409470562
2.3637234042553192    0.1444206554746848
2.365531914893617    0.14105732868853504
2.367340425531915    0.13640740272839047
2.369148936170213    0.1299682950440763
2.370957446808511    0.12130942097861541
2.3727659574468087    0.11027784996762824
2.3745744680851066    0.0970198372613735
2.3763829787234045    0.08200910248874035
2.378191489361702    0.06606082660148793
2.38    0.05012733762990507
2.381808510638298    0.03488641397804999
2.3836170212765957    0.020472399562354193
2.3854255319148936    0.00663912180915148
2.3872340425531915    -0.0068076772526374585
2.3890425531914894    -0.01974305590898469
2.3908510638297873    -0.03180977046186799
2.392659574468085    -0.042643564464473024
2.394468085106383    -0.05198864634656797
2.396276595744681    -0.05974739432197507
2.398085106382979    -0.06611224753317912
2.399893617021277    -0.07166814756656331
2.4017021276595747    -0.07718200037048781
2.4035106382978726    -0.08310080548840082
2.4053191489361705    -0.08922620623849187
2.407127659574468    -0.09495615176460401
2.408936170212766    -0.09986231798316614
2.4107446808510637    -0.10396766403757685
2.4125531914893616    -0.10745856310844293
2.4143617021276595    -0.11026397515593753
2.4161702127659574    -0.11205983903091268
2.4179787234042553    -0.11266081915054252
2.4197872340425532    -0.11225605158836327
2.421595744680851    -0.11120131919679635
2.423404255319149    -0.10971331433068848
2.425212765957447    -0.10792781513852073
2.427021276595745    -0.10622769639631424
2.4288297872340427    -0.1053153541043704
2.4306382978723406    -0.10582019591420955
2.4324468085106385    -0.10786229779414316
2.4342553191489364    -0.11105788880463244
2.436063829787234    -0.11486853955247481
2.437872340425532    -0.11879514876783653
2.4396808510638297    -0.1222573914902689
2.4414893617021276    -0.12455801146861714
2.4432978723404255    -0.12525340463717366
2.4451063829787234    -0.12459987601780434
2.4469148936170213    -0.12345901065408307
2.448723404255319    -0.12261739489929405
2.450531914893617    -0.12219943574436079
2.452340425531915    -0.12175467891382363
2.454148936170213    -0.12079298564030974
2.455957446808511    -0.11908571952190752
2.4577659574468087    -0.11650794047328858
2.4595744680851066    -0.11286499974473205
2.4613829787234045    -0.10807828161990382
2.4631914893617024    -0.10245201812682414
2.465    -0.09652294925698993
2.4668085106382978    -0.09058914052124345
2.4686170212765957    -0.08456704018268943
2.4704255319148936    -0.07845400649530632
2.4722340425531915    -0.07280164415013798
2.4740425531914894    -0.06846332027250329
2.4758510638297873    -0.06577372860983771
2.477659574468085    -0.06410367962722036
2.479468085106383    -0.06232429460390668
2.481276595744681    -0.05960814112573738
2.483085106382979    -0.055649949173629976
2.4848936170212768    -0.050247426635468134
2.4867021276595747    -0.04304540946328021
2.4885106382978726    -0.033919826848722356
2.4903191489361705    -0.023436372210845283
2.4921276595744684    -0.01256562444304448
2.493936170212766    -0.0018025047924699073
2.4957446808510637    0.009269265614078696
2.4975531914893616    0.021374849099937678
2.4993617021276595    0.034578038857955296
2.5011702127659574    0.04804317899176114
2.5029787234042553    0.0606804249514734
2.504787234042553    0.07178275439026897
2.506595744680851    0.0809778435816569
2.508404255319149    0.08788157255656763
2.510212765957447    0.09220970939531019
2.512021276595745    0.09428467729719055
2.5138297872340427    0.0951008662652821
2.5156382978723406    0.09558272399848129
2.5174468085106385    0.09580681668853545
2.5192553191489364    0.09516202346396778
2.5210638297872343    0.09330302920803958
2.5228723404255318    0.0907427805616866
2.5246808510638297    0.08837466923825836
2.5264893617021276    0.08654677147567018
2.5282978723404255    0.08480382424196385
2.5301063829787234    0.08249118107504279
2.5319148936170213    0.079364839684495
2.533723404255319    0.07552411099120664
2.535531914893617    0.07099995695230026
2.537340425531915    0.06572178701280514
2.539148936170213    0.05987551190928371
2.5409574468085108    0.053978884589692425
2.5427659574468087    0.048386403510696466
2.5445744680851066    0.04284907695378477
2.5463829787234045    0.03683433734585398
2.5481914893617024    0.030347047369690766
2.5500000000000003    0.02427165935582628
2.551808510638298    0.019790977471884262
2.5536170212765956    0.017547460426729805
2.5554255319148935    0.01744468473122946
2.5572340425531914    0.01909154308182276
2.5590425531914893    0.02212542158544372
2.560851063829787    0.026012607333069544
2.562659574468085    0.029812174366478032
2.564468085106383    0.03250496675406367
2.566276595744681    0.03367227708463584
2.568085106382979    0.03373134689238029
2.5698936170212767    0.03343017759798737
2.5717021276595746    0.03320655601703089
2.5735106382978725    0.03310946801529381
2.5753191489361704    0.033182121762506636
2.5771276595744683    0.033633568930535276
2.578936170212766    0.034521928693337534
2.580744680851064    0.035417483449059886
2.5825531914893616    0.035562737918854406
2.5843617021276595    0.034383860769312935
2.5861702127659574    0.03178817606922224
2.5879787234042553    0.02803614077594118
2.589787234042553    0.023519030440742793
2.591595744680851    0.018736111999639184
2.593404255319149    0.014307980556612622
2.595212765957447    0.010756138280630594
2.5970212765957448    0.00819481636646803
2.5988297872340427    0.00633515432305228
2.6006382978723406    0.004825984254303325
2.6024468085106385    0.003467948761405184
2.6042553191489364    0.0020063334129131966
2.6060638297872343    -0.00013856736926623568
2.607872340425532    -0.003656490236100234
2.60968085106383    -0.008736656349594817
2.6114893617021275    -0.014774939679456613
2.6132978723404254    -0.02081491786694378
2.6151063829787233    -0.026251839633535275
2.6169148936170212    -0.03102833037992748
2.618723404255319    -0.035239685444744206
2.620531914893617    -0.03879720191136492
2.622340425531915    -0.041586917645394086
2.624148936170213    -0.04376215726453998
2.6259574468085107    -0.045596193695552414
2.6277659574468086    -0.04700706074369529
2.6295744680851065    -0.04744316976980552
2.6313829787234044    -0.04640447984658404
2.6331914893617023    -0.04400500552090569
2.6350000000000002    -0.040883546501174234
2.636808510638298    -0.03761227087749036
2.638617021276596    -0.034380430733047404
2.6404255319148935    -0.0312775654564173
2.6422340425531914    -0.028624336575153488
2.6440425531914893    -0.026755478142152657
2.645851063829787    -0.02551173019201492
2.647659574468085    -0.024210414983632064
2.649468085106383    -0.022260719200538126
2.651276595744681    -0.019686638001957676
2.653085106382979    -0.016900424195436498
2.6548936170212767    -0.014058422020974824
2.6567021276595746    -0.010871659050857529
2.6585106382978725    -0.007089711549385997
2.6603191489361704    -0.002946027511463596
2.6621276595744683    0.0010616256044049088
2.663936170212766    0.004729797505298534
2.665744680851064    0.008264429420289564
2.667553191489362    0.01183721261381938
2.6693617021276594    0.01526936383116631
2.6711702127659573    0.018295791830615596
2.6729787234042552    0.020950601053637573
2.674787234042553    0.02339808114751986
2.676595744680851    0.025387288939288252
2.678404255319149    0.026197321437653492
2.680212765957447    0.025368357377277224
2.6820212765957447    0.023378003395362647
2.6838297872340426    0.02133633921179459
2.6856382978723405    0.019982441826902946
2.6874468085106384    0.01918590060596735
2.6892553191489363    0.01850306208887148
2.6910638297872342    0.017946907089482912
2.692872340425532    0.01788623805682179
2.69468085106383    0.018242893077660534
2.696489361702128    0.018189656269310767
2.6982978723404254    0.016913496049219358
2.7001063829787233    0.014530823062242057
2.701914893617021    0.011947993291661355
2.703723404255319    0.009805044098906465
2.705531914893617    0.007848015486138202
2.707340425531915    0.005518351787837154
2.709148936170213    0.0029497091284714783
2.7109574468085107    0.0010341170952314852
2.7127659574468086    0.0004420275663207826
2.7145744680851065    0.0008280704536426109
2.7163829787234044    0.0011881748070470034
2.7181914893617023    0.000874061180076053
2.72    4.086401903685634e-05
2.721808510638298    -0.0008497959445375752
2.723617021276596    -0.0016604343529049883
2.725425531914894    -0.002538645003667748
2.7272340425531914    -0.0034310733239301407
2.7290425531914893    -0.003942194814333852
2.730851063829787    -0.003751293096080464
2.732659574468085    -0.0029959935282960082
2.734468085106383    -0.0021164982526471667
2.736276595744681    -0.001414255485658206
2.7380851063829788    -0.000902407401570624
2.7398936170212767    -0.0005308308291261338
2.7417021276595746    -0.0003522617370098803
2.7435106382978725    -0.00039049766230416286
2.7453191489361704    -0.0005038935949750132
2.7471276595744683    -0.0005593807946384042
2.748936170212766    -0.000710899015410481
2.750744680851064    -0.0013271805408083966
2.752553191489362    -0.0025660799651873053
2.75436170212766    -0.004124301710907847
2.7561702127659573    -0.005516725832857519
2.757978723404255    -0.006556291299625672
2.759787234042553    -0.00744046319326145
2.761595744680851    -0.0083655948017732
2.763404255319149    -0.009187629871451136
2.765212765957447    -0.009547805271942624
2.7670212765957447    -0.009273213404461526
2.7688297872340426    -0.008571770951982374
2.7706382978723405    -0.007876368853644317
2.7724468085106384    -0.007604263159854935
2.7742553191489363    -0.008048859256927336
2.776063829787234    -0.009323485264904632
2.777872340425532    -0.011257844073972817
2.77968085106383    -0.013397181454543706
2.781489361702128    -0.015271625983840732
2.783297872340426    -0.01674584569210896
2.7851063829787237    -0.01804435633408406
2.786914893617021    -0.01938825461266337
2.788723404255319    -0.020684157065104413
2.790531914893617    -0.021661574063703146
2.792340425531915    -0.022261687342380602
2.7941489361702128    -0.022729855543034572
2.7959574468085107    -0.02325936929178132
2.7977659574468086    -0.02365690109299925
2.7995744680851065    -0.02349736871302802
2.8013829787234044    -0.022598385999716097
2.8031914893617023    -0.02122795177409541
2.805    -0.01980991801546501
2.806808510638298    -0.018516846295053003
2.808617021276596    -0.01721728668652345
2.810425531914894    -0.01574243362180937
2.8122340425531918    -0.014080961850828383
2.8140425531914897    -0.01232335318825303
2.815851063829787    -0.010546093296566722
2.817659574468085    -0.00880474382295764
2.819468085106383    -0.007127591157257227
2.821276595744681    -0.005396928567592595
2.8230851063829787    -0.0032997497274213864
2.8248936170212766    -0.0005749186141118523
2.8267021276595745    0.002637449607962737
2.8285106382978724    0.005839007845258827
2.8303191489361703    0.008702614972603226
2.832127659574468    0.011486342605114193
2.833936170212766    0.014726798746813817
2.835744680851064    0.01846985938391628
2.837553191489362    0.02197101940479601
2.83936170212766    0.02432349408728255
2.8411702127659577    0.02534853649782358
2.8429787234042556    0.025724362952792644
2.844787234042553    0.02622737792505652
2.846595744680851    0.02699202983044338
2.848404255319149    0.027580615842542386
2.8502127659574468    0.02761134617076156
2.8520212765957447    0.027099922109353837
2.8538297872340426    0.026208996998440995
2.8556382978723405    0.02492228782951081
2.8574468085106384    0.023142042011018618
2.8592553191489363    0.020988799558755197
2.861063829787234    0.018764373654307664
2.862872340425532    0.016569870918072098
2.86468085106383    0.014133052398592236
2.866489361702128    0.01113968249221648
2.8682978723404258    0.007644869411814262
2.8701063829787237    0.0040113710438597835
2.8719148936170216    0.0004841051584287487
2.873723404255319    -0.0029875232099067666
2.875531914893617    -0.006455836674295149
2.877340425531915    -0.009702390435197132
2.8791489361702127    -0.012466115878856798
2.8809574468085106    -0.01489493622199004
2.8827659574468085    -0.017534925492546503
2.8845744680851064    -0.020753277189711407
2.8863829787234043    -0.024296528173278306
2.8881914893617022    -0.02757172686014738
2.89    -0.030306159596171438
2.891808510638298    -0.03274254499731998
2.893617021276596    -0.03514885458675488
2.895425531914894    -0.03732732272941707
2.8972340425531917    -0.038776228586305105
2.8990425531914896    -0.039259264581525684
2.9008510638297875    -0.03901263849042732
2.902659574468085    -0.038361641054639885
2.904468085106383    -0.03733747005898417
2.906276595744681    -0.03584058722236667
2.9080851063829787    -0.03408045114498582
2.9098936170212766    -0.03259826470898063
2.9117021276595745    -0.03174684916651984
2.9135106382978724    -0.031271469107320114
2.9153191489361703    -0.03054608546597233
2.917127659574468    -0.02919538639512729
2.918936170212766    -0.027378249222162677
2.920744680851064    -0.025484059771186535
2.922553191489362    -0.02370815071929671
2.92436170212766    -0.021998541956276277
2.9261702127659577    -0.020286338685405456
2.9279787234042556    -0.018591124884752036
2.9297872340425535    -0.016909404923662066
2.931595744680851    -0.015177141441680371
2.933404255319149    -0.013446218253419396
2.9352127659574467    -0.011992696017920336
2.9370212765957446    -0.011080664585900415
2.9388297872340425    -0.010597308809468037
2.9406382978723404    -0.010047642247549289
2.9424468085106383    -0.009001174950500433
2.9442553191489362    -0.0075035737498237685
2.946063829787234    -0.005979315121986345
2.947872340425532    -0.004754429595056297
2.94968085106383    -0.003749358687258144
2.951489361702128    -0.0026326329729951326
2.9532978723404257    -0.0011821370921805407
2.9551063829787236    0.0005442979630575647
2.9569148936170215    0.0023080505779929745
2.9587234042553194    0.0038674117095731314
2.960531914893617    0.005111872247385117
2.962340425531915    0.006169694293447737
2.9641489361702127    0.00742820030275113
2.9659574468085106    0.00931037750297592
2.9677659574468085    0.011865038774548635
2.9695744680851064    0.01457171522694586
2.9713829787234043    0.016690849915115217
2.973191489361702    0.017915083635018602
2.975    0.018652808305619
2.976808510638298    0.01960447674159903
2.978617021276596    0.021067782068837627
2.980425531914894    0.022712184805170125
2.9822340425531917    0.02401796155853186
2.9840425531914896    0.024835760866341514
2.9858510638297875    0.025457055046459533
2.9876595744680854    0.026207427414021312
2.989468085106383    0.0270929855470437
2.9912765957446807    0.027874923573145912
2.9930851063829786    0.028407092075070323
2.9948936170212765    0.02881851403183615
2.9967021276595744    0.02936985087869837
2.9985106382978723    0.030178473563843945
3.0003191489361702    0.031091370522859717
3.002127659574468    0.03179844972395501
3.003936170212766    0.03207267147862217
3.005744680851064    0.03194572038338546
3.007553191489362    0.031676417850086444
3.0093617021276597    0.031520396171166185
3.0111702127659576    0.03149704423739856
3.0129787234042555    0.031392547060918735
3.0147872340425534    0.031014578483011285
3.0165957446808513    0.03041879612816195
3.0184042553191492    0.02983152072254966
3.0202127659574467    0.029351849424045354
3.0220212765957446    0.02880146553804356
3.0238297872340425    0.027910594286207423
3.0256382978723404    0.02659530930712138
3.0274468085106383    0.02497597058439046
3.029255319148936    0.023161871707882323
3.031063829787234    0.02115650001804697
3.032872340425532    0.019036943730981096
3.03468085106383    0.01710538882198534
3.036489361702128    0.015683900333256097
3.0382978723404257    0.014726500414835128
3.0401063829787236    0.013761132593324586
3.0419148936170215    0.012312899190053968
3.0437234042553194    0.010332096520625746
3.0455319148936173    0.00811949348367717
3.047340425531915    0.005890946029453989
3.0491489361702127    0.003584625522682237
3.0509574468085106    0.0011461893935104071
3.0527659574468085    -0.0011649523807975182
3.0545744680851064    -0.0029456550378090937
3.0563829787234043    -0.004107211710179557
3.058191489361702    -0.004985562809923655
3.06    -0.005916772118435606
3.061808510638298    -0.0068372633496487836
3.063617021276596    -0.00745919567498428
3.0654255319148938    -0.007784125117218793
3.0672340425531917    -0.008229969652171518
3.0690425531914896    -0.009152973399068641
3.0708510638297875    -0.010378104065803848
3.0726595744680854    -0.011374862995242634
3.0744680851063833    -0.011886999355950254
3.076276595744681    -0.012246243722095967
3.0780851063829786    -0.013016274297482703
3.0798936170212765    -0.01443445197058994
3.0817021276595744    -0.016280646780078213
3.0835106382978723    -0.0181978018384457
3.08531914893617    -0.019997955356614437
3.087127659574468    -0.02168323400815126
3.088936170212766    -0.023348177717387626
3.090744680851064    -0.025144692680843433
3.092553191489362    -0.02720564642232097
3.0943617021276597    -0.02943898496885508
3.0961702127659576    -0.031444677825918
3.0979787234042555    -0.032827656855140684
3.0997872340425534    -0.03364987635051788
3.1015957446808513    -0.034409776735723256
3.103404255319149    -0.03543761887641055
3.105212765957447    -0.036422698827181
3.1070212765957446    -0.03675703057061664
3.1088297872340425    -0.03635004412093556
3.1106382978723404    -0.03585956806744058
3.1124468085106383    -0.03595930789457814
3.114255319148936    -0.03654372272666085
3.116063829787234    -0.03692926653066369
3.117872340425532    -0.036824075768090055
3.11968085106383    -0.0367735848139144
3.1214893617021278    -0.037430037437106135
3.1232978723404257    -0.03856410488046184
3.1251063829787236    -0.03914252505181454
3.1269148936170215    -0.03843637019189492
3.1287234042553194    -0.036771984189287156
3.1305319148936173    -0.03499600879071373
3.132340425531915    -0.03339592029338733
3.134148936170213    -0.03148070518825991
3.1359574468085105    -0.028830209951183704
3.1377659574468084    -0.025806974862342763
3.1395744680851063    -0.02317666197741449
3.141382978723404    -0.021193645069821937
3.143191489361702    -0.01939387671209502
3.145    -0.017312409580168157
3.146808510638298    -0.015079048613313821
3.148617021276596    -0.013079719794070323
3.1504255319148937    -0.011218700303573737
3.1522340425531916    -0.008871910940583469
3.1540425531914895    -0.005633933547927201
3.1558510638297874    -0.0018412067774782378
3.1576595744680853    0.0018389254434052985
3.159468085106383    0.005182239879625725
3.161276595744681    0.008505947511206771
3.163085106382979    0.012017198109100392
3.1648936170212765    0.015366639086032866
3.1667021276595744    0.018044067578783008
3.1685106382978723    0.02007045023830008
3.17031914893617    0.022035168952606234
3.172127659574468    0.024415563555133458
3.173936170212766    0.02704682755336287
3.175744680851064    0.029357600894543912
3.1775531914893618    0.03098652882119751
3.1793617021276597    0.03201667636690912
3.1811702127659576    0.032691555673404885
3.1829787234042555    0.033119729601200354
3.1847872340425534    0.03329811130445079
3.1865957446808513    0.03322783381168422
3.188404255319149    0.03285858296187019
3.190212765957447    0.03203864401250334
3.192021276595745    0.03073820979928664
3.1938297872340424    0.029318269726518742
3.1956382978723403    0.028340407805165904
3.1974468085106382    0.02795425816427744
3.199255319148936    0.027599992148787132
3.201063829787234    0.026537787292988807
3.202872340425532    0.02468509785554719
3.20468085106383    0.02274741312033901
3.2064893617021277    0.021432631245971952
3.2082978723404256    0.020680588811741556
3.2101063829787235    0.019830270762466767
3.2119148936170214    0.018471943040944683
3.2137234042553193    0.01690306573250336
3.2155319148936172    0.015669594069836056
3.217340425531915    0.01484574406468113
3.219148936170213    0.013965129205917096
3.220957446808511    0.012614203995457606
3.2227659574468084    0.010884750306310795
3.2245744680851063    0.009166570821234718
3.226382978723404    0.007644934192357303
3.228191489361702    0.0061587009764907195
3.23    0.004509812094523927
3.231808510638298    0.0027542895048104452
3.233617021276596    0.0011425855335762273
3.2354255319148937    -0.00012230702098836458
3.2372340425531916    -0.0009930485423936574
3.2390425531914895    -0.0015134299001822646
3.2408510638297874    -0.0017396021355803217
3.2426595744680853    -0.001701304972524414
3.244468085106383    -0.0013591193838776423
3.246276595744681    -0.0006233018956394909
3.248085106382979    0.00045964080785455136
3.249893617021277    0.0014987521697875485
3.251702127659575    0.0018737926459526841
3.2535106382978722    0.0012181740882739288
3.25531914893617    -0.00021736669351570133
3.257127659574468    -0.0017995079432202804
3.258936170212766    -0.0031326077722406767
3.260744680851064    -0.004338323164328735
3.2625531914893617    -0.005685413655605451
3.2643617021276596    -0.0071136667265655805
3.2661702127659575    -0.008320230093241277
3.2679787234042554    -0.009265230203457018
3.2697872340425533    -0.010330854986804656
3.2715957446808512    -0.011846424303168943
3.273404255319149    -0.013628465617276979
3.275212765957447    -0.015224454375676835
3.277021276595745    -0.016567064604070612
3.278829787234043    -0.01811436432500943
3.2806382978723407    -0.020227596635444427
3.282446808510638    -0.022631959764412152
3.284255319148936    -0.02475114452197559
3.286063829787234    -0.02649673860946597
3.287872340425532    -0.02839859992442073
3.28968085106383    -0.030825291685049265
3.2914893617021277    -0.033338069924484896
3.2932978723404256    -0.03512818715764451
3.2951063829787235    -0.03604198523228739
3.2969148936170214    -0.03684319692027494
3.2987234042553193    -0.03831207962207509
3.300531914893617    -0.040307483620188454
3.302340425531915    -0.04197264167898502
3.304148936170213    -0.0427691250761826
3.305957446808511    -0.04298232963886637
3.307765957446809    -0.043118228871550694
3.3095744680851067    -0.04309800978630219
3.311382978723404    -0.04234303214883777
3.313191489361702    -0.040560312273356706
3.315    -0.03810960993428319
3.316808510638298    -0.03549171698672728
3.3186170212765957    -0.03273422907199799
3.3204255319148936    -0.02952218214771947
3.3222340425531915    -0.025804633717369956
3.3240425531914894    -0.02194774424141424
3.3258510638297873    -0.018217276533632296
3.3276595744680852    -0.014378799313257508
3.329468085106383    -0.010036338453318448
3.331276595744681    -0.005251852153347315
3.333085106382979    -0.0005722472167164899
3.334893617021277    0.003570442777367167
3.3367021276595747    0.007252932093029581
3.3385106382978726    0.010762564497271247
3.34031914893617    0.014140369348567623
3.342127659574468    0.017279177055837706
3.343936170212766    0.020378901061740683
3.345744680851064    0.023940499164458017
3.3475531914893617    0.0281326857232788
3.3493617021276596    0.03237993557959487
3.3511702127659575    0.03586589340057271
3.3529787234042554    0.038422946458975815
3.3547872340425533    0.040673876928345135
3.356595744680851    0.04321694725415905
3.358404255319149    0.04589184039907371
3.360212765957447    0.0480354178090769
3.362021276595745    0.0493123791918573
3.363829787234043    0.049998554162610745
3.3656382978723407    0.05042947808392531
3.3674468085106386    0.050483642958186914
3.369255319148936    0.049834633693526156
3.371063829787234    0.04853800374662448
3.372872340425532    0.0470302433559512
3.3746808510638298    0.04550590840297043
3.3764893617021277    0.04359815563994772
3.3782978723404256    0.0408973198776381
3.3801063829787235    0.03762527223505564
3.3819148936170214    0.03448537572047934
3.3837234042553193    0.03180959684574659
3.385531914893617    0.02912250124188507
3.387340425531915    0.025733635278002244
3.389148936170213    0.02161808864046451
3.390957446808511    0.01747213653939881
3.3927659574468088    0.013916960732718607
3.3945744680851067    0.010885843622810143
3.3963829787234046    0.007888925189445197
3.398191489361702    0.004666654386795326
3.4    0.0013432727511071135
3.401808510638298    -0.0019921648139378557
3.4036170212765957    -0.005554382801748634
3.4054255319148936    -0.009561853749896734
3.4072340425531915    -0.013817333677796934
3.4090425531914894    -0.017784038469730274
3.4108510638297873    -0.021064664799431834
3.412659574468085    -0.023669528290247443
3.414468085106383    -0.025820735273433617
3.416276595744681    -0.027669972630495015
3.418085106382979    -0.029293542488300104
3.419893617021277    -0.03080148855998625
3.4217021276595747    -0.03223884044744234
3.4235106382978726    -0.03339589990840175
3.4253191489361705    -0.03392217393739033
3.427127659574468    -0.033727942384423476
3.428936170212766    -0.03314570148757966
3.4307446808510638    -0.03255753754756792
3.4325531914893617    -0.03194007280842186
3.4343617021276596    -0.03096140570498218
3.4361702127659575    -0.029537207937034522
3.4379787234042554    -0.02809373316266934
3.4397872340425533    -0.027151410166055774
3.441595744680851    -0.026765605672372024
3.443404255319149    -0.026554385207812795
3.445212765957447    -0.02622514402902331
3.447021276595745    -0.02583664023725174
3.4488297872340428    -0.02545919061159954
3.4506382978723407    -0.024804051398345593
3.4524468085106386    -0.02345641634381624
3.4542553191489365    -0.02144518622590451
3.456063829787234    -0.01931242313095695
3.457872340425532    -0.01747698509029215
3.4596808510638297    -0.015684432416333813
3.4614893617021276    -0.013293038950183002
3.4632978723404255    -0.010070172273495524
3.4651063829787234    -0.006507428131181946
3.4669148936170213    -0.003297311825763243
3.468723404255319    -0.0006710262757495004
3.470531914893617    0.0016274863221672695
3.472340425531915    0.0038665170702443666
3.474148936170213    0.006070937455068978
3.475957446808511    0.008229392026519972
3.4777659574468087    0.010479660063323945
3.4795744680851066    0.012896970915167644
3.4813829787234045    0.015228295064868363
3.4831914893617024    0.017091506579982867
3.4850000000000003    0.018473134304762606
3.4868085106382978    0.019829068886968344
3.4886170212765957    0.021568491696102636
3.4904255319148936    0.023563874053844816
3.4922340425531915    0.025337390962563218
3.4940425531914894    0.026666091393734923
3.4958510638297873    0.027783455872299127
3.497659574468085    0.028933749384979696
3.499468085106383    0.029942649306605507
3.501276595744681    0.03042008778268567
3.503085106382979    0.03028886952340381
3.5048936170212768    0.029865183475193173
3.5067021276595747    0.029376172897513757
3.5085106382978726    0.028628813705571
3.5103191489361705    0.027331760399269475
3.5121276595744684    0.02560660468860803
3.5139361702127663    0.023905183907367893
3.5157446808510637    0.022377105541293484
3.5175531914893616    0.020557703042397853
3.5193617021276595    0.017875225160340534
3.5211702127659574    0.014372988592301704
3.5229787234042553    0.010718753023795838
3.5247872340425532    0.007489343378799831
3.526595744680851    0.004639754679666179
3.528404255319149    0.0017695975026696068
3.530212765957447    -0.001264729565585731
3.532021276595745    -0.004224197657620554
3.5338297872340427    -0.0069305095305074605
3.5356382978723406    -0.009584288310434135
3.5374468085106385    -0.012508384667770172
3.5392553191489364    -0.01570495431440313
3.5410638297872343    -0.018841163073561464
3.5428723404255322    -0.021635007770205432
3.5446808510638297    -0.024075544442507327
3.5464893617021276    -0.026226179296039466
3.5482978723404255    -0.028000042393767403
3.5501063829787234    -0.02930187514025623
3.5519148936170213    -0.030322286112584064
3.553723404255319    -0.03148146941003248
3.555531914893617    -0.03299880617907204
3.557340425531915    -0.03462038135320264
3.559148936170213    -0.03585822659110997
3.560957446808511    -0.03643088673028046
3.5627659574468087    -0.036375574641012764
3.5645744680851066    -0.03579731836323791
3.5663829787234045    -0.03468843652397703
3.5681914893617024    -0.033049917244303006
3.5700000000000003    -0.031042498321773387
3.571808510638298    -0.028867624085378525
3.5736170212765956    -0.026542042844491374
3.5754255319148935    -0.02394030016485802
3.5772340425531914    -0.021082851395158572
3.5790425531914893    -0.018236447244103185
3.5808510638297872    -0.01562339402132324
3.582659574468085    -0.013115411345880498
3.584468085106383    -0.010365364901834193
3.586276595744681    -0.007246633297750986
3.588085106382979    -0.004031033631945329
3.5898936170212767    -0.0010742122347026989
3.5917021276595746    0.0015667871252045785
3.5935106382978725    0.00409373632018715
3.5953191489361704    0.006611337870270684
3.5971276595744683    0.008969315308501095
3.5989361702127662    0.01098957305286237
3.600744680851064    0.01271465304570707
3.6025531914893616    0.01432823847187429
3.6043617021276595    0.01590472089566544
3.6061702127659574    0.01736598382211912
3.6079787234042553    0.018658424564702316
3.609787234042553    0.019812405298306374
3.611595744680851    0.020767121481334864
3.613404255319149    0.02128115361000556
3.615212765957447    0.02117612404032512
