0.0    0.0
0.0018085106382978724    0.0
0.003617021276595745    0.0
0.005425531914893617    0.0
0.00723404255319149    0.0
0.009042553191489363    0.0
0.010851063829787235    0.0
0.012659574468085107    0.0
0.01446808510638298    0.0
0.016276595744680853    0.0
0.018085106382978725    0.0
0.019893617021276597    0.0
0.02170212765957447    0.0
0.023510638297872342    0.0
0.025319148936170214    0.0
0.027127659574468086    0.0
0.02893617021276596    0.0
0.03074468085106383    0.0
0.032553191489361706    0.0
0.03436170212765958    0.0
0.03617021276595745    0.0
0.03797872340425532    0.0
0.039787234042553195    0.0
0.04159574468085107    0.0
0.04340425531914894    0.0
0.04521276595744681    0.0
0.047021276595744683    0.0
0.048829787234042556    0.0
0.05063829787234043    0.0
0.0524468085106383    0.0
0.05425531914893617    0.0
0.056063829787234044    0.0
0.05787234042553192    0.0
0.05968085106382979    0.0
0.06148936170212766    0.0
0.06329787234042554    0.0
0.06510638297872341    0.0
0.06691489361702128    0.0
0.06872340425531916    0.0
0.07053191489361703    0.0
0.0723404255319149    0.0
0.07414893617021277    0.0
0.07595744680851065    0.0
0.07776595744680852    0.0
0.07957446808510639    0.0
0.08138297872340426    0.0
0.08319148936170213    0.0
0.085    0.0
0.08680851063829788    0.0
0.08861702127659575    0.0
0.09042553191489362    0.0
0.0922340425531915    0.0
0.09404255319148937    0.0
0.09585106382978724    0.0
0.09765957446808511    0.0
0.09946808510638298    0.0
0.10127659574468086    0.0
0.10308510638297873    0.0
0.1048936170212766    0.0
0.10670212765957447    0.0
0.10851063829787234    0.0
0.11031914893617022    0.0
0.11212765957446809    0.0
0.11393617021276596    0.0
0.11574468085106383    0.0
0.1175531914893617    0.0
0.11936170212765958    0.0
0.12117021276595745    0.0
0.12297872340425532    0.0
0.1247872340425532    0.0
0.12659574468085108    0.0
0.12840425531914895    0.0
0.13021276595744682    0.0
0.1320212765957447    0.0
0.13382978723404257    0.0
0.13563829787234044    0.0
0.1374468085106383    8.956160739296601e-149
0.13925531914893619    1.1082977447070424e-144
0.14106382978723406    4.1564700445794524e-141
0.14287234042553193    7.498006907158294e-138
0.1446808510638298    7.969230767412276e-135
0.14648936170212767    5.599124379424555e-132
0.14829787234042555    2.801214731209803e-129
0.15010638297872342    1.0512210166729908e-126
0.1519148936170213    3.0751765235056436e-124
0.15372340425531916    7.223192464367175e-122
0.15553191489361703    1.394659430690157e-119
0.1573404255319149    2.2561710527346312e-117
0.15914893617021278    3.1067383130225216e-115
0.16095744680851065    3.6901563579408835e-113
0.16276595744680852    3.824048310056014e-111
0.1645744680851064    3.4913784465359373e-109
0.16638297872340427    2.8325407156947804e-107
0.16819148936170214    2.05742537302881e-105
0.17    1.346889280107094e-103
0.17180851063829788    7.994265387875889e-102
0.17361702127659576    4.324923361943493e-100
0.17542553191489363    2.1429867605329244e-98
0.1772340425531915    9.767755758185414e-97
0.17904255319148937    4.111763294090065e-95
0.18085106382978725    1.6043362606764237e-93
0.18265957446808512    5.8216058229049566e-92
0.184468085106383    1.970614779884651e-90
0.18627659574468086    6.240248280135621e-89
0.18808510638297873    1.8534552005267772e-87
0.1898936170212766    5.176068850676075e-86
0.19170212765957448    1.3621982484999889e-84
0.19351063829787235    3.3854905858607594e-83
0.19531914893617022    7.961647959317514e-82
0.1971276595744681    1.7749628757439867e-80
0.19893617021276597    3.7578207249068e-79
0.20074468085106384    7.567523690466135e-78
0.2025531914893617    1.451816291385936e-76
0.20436170212765958    2.6573024561802503e-75
0.20617021276595746    4.646631058631149e-74
0.20797872340425533    7.772621868215966e-73
0.2097872340425532    1.2452701498229026e-71
0.21159574468085107    1.913080803613135e-70
0.21340425531914894    2.821358095423717e-69
0.21521276595744682    3.998489742022343e-68
0.2170212765957447    5.451076012299064e-67
0.21882978723404256    7.15536743641002e-66
0.22063829787234043    9.051921817995962e-65
0.2224468085106383    1.1045527740417852e-63
0.22425531914893618    1.3011571247036483e-62
0.22606382978723405    1.4808652265109662e-61
0.22787234042553192    1.629573180125438e-60
0.2296808510638298    1.7350849922285616e-59
0.23148936170212767    1.7887885176818663e-58
0.23329787234042554    1.7868124153243086e-57
0.2351063829787234    1.7304507523758443e-56
0.23691489361702128    1.6258008102513562e-55
0.23872340425531915    1.4827236337858848e-54
0.24053191489361703    1.3133633097318343e-53
0.2423404255319149    1.1305217214868887e-52
0.24414893617021277    9.461737728012162e-52
0.24595744680851064    7.703373325921915e-51
0.24776595744680852    6.104091182319e-50
0.2495744680851064    4.709723134656831e-49
0.25138297872340426    3.539981279444347e-48
0.25319148936170216    2.59315034023582e-47
0.255    1.8520760045387045e-46
0.2568085106382979    1.2902419038334843e-45
0.25861702127659575    8.770724222658712e-45
0.26042553191489365    5.819915144929398e-44
0.2622340425531915    3.771152118853199e-43
0.2640425531914894    2.387050530686123e-42
0.26585106382978724    1.4764820176059667e-41
0.26765957446808514    8.92724791431833e-41
0.269468085106383    5.277996232914502e-40
0.2712765957446809    3.052229719587404e-39
0.2730851063829787    1.7269996781438488e-38
0.2748936170212766    9.563574012817077e-38
0.27670212765957447    5.1846935125968015e-37
0.27851063829787237    2.7524466878352074e-36
0.2803191489361702    1.4312714140383383e-35
0.2821276595744681    7.291938321049397e-35
0.28393617021276596    3.640734596310046e-34
0.28574468085106386    1.781820041725103e-33
0.2875531914893617    8.550035051049998e-33
0.2893617021276596    4.0234485993202184e-32
0.29117021276595745    1.8571616779409746e-31
0.29297872340425535    8.410326604508639e-31
0.2947872340425532    3.7374569522760926e-30
0.2965957446808511    1.6301411446342527e-29
0.29840425531914894    6.97979451345873e-29
0.30021276595744684    2.934327392817522e-28
0.3020212765957447    1.2114360582636514e-27
0.3038297872340426    4.912396278950327e-27
0.3056382978723404    1.956860072942565e-26
0.3074468085106383    7.658958972522994e-26
0.30925531914893617    2.945717359024724e-25
0.31106382978723407    1.1134974863160885e-24
0.3128723404255319    4.137399693148307e-24
0.3146808510638298    1.511356169466399e-23
0.31648936170212766    5.428329014484383e-23
0.31829787234042556    1.9172655552258555e-22
0.3201063829787234    6.659932753339457e-22
0.3219148936170213    2.2755246443188767e-21
0.32372340425531915    7.648354654592941e-21
0.32553191489361705    2.5291695155402708e-20
0.3273404255319149    8.229207676656234e-20
0.3291489361702128    2.6348327813613683e-19
0.33095744680851064    8.302443427222098e-19
0.33276595744680854    2.574883671700576e-18
0.3345744680851064    7.860446908280214e-18
0.3363829787234043    2.3621749326761573e-17
0.3381914893617021    6.988556350752655e-17
0.34    2.0356684497660416e-16
0.34180851063829787    5.83851640100034e-16
0.34361702127659577    1.6489357656998195e-15
0.3454255319148936    4.586050165137589e-15
0.3472340425531915    1.2561280378864042e-14
0.34904255319148936    3.3885463829276065e-14
0.35085106382978726    9.00326209229557e-14
0.3526595744680851    2.356209668852213e-13
0.354468085106383    6.073993507836492e-13
0.35627659574468085    1.5424032274266452e-12
0.35808510638297875    3.85833273238833e-12
0.3598936170212766    9.508074246192387e-12
0.3617021276595745    2.3082752096895247e-11
0.36351063829787233    5.520694662539952e-11
0.36531914893617023    1.3008221045992545e-10
0.3671276595744681    3.0197079753009115e-10
0.368936170212766    6.906173818465988e-10
0.3707446808510638    1.556094750347885e-09
0.3725531914893617    3.454289447026582e-09
0.37436170212765957    7.554424941020248e-09
0.37617021276595747    1.627636863290083e-08
0.3779787234042553    3.4547607257906157e-08
0.3797872340425532    7.22388990125878e-08
0.38159574468085106    1.4879988653566448e-07
0.38340425531914896    3.0192235453102265e-07
0.3852127659574468    6.034330029614195e-07
0.3870212765957447    1.18790264408091e-06
0.38882978723404255    2.3031611493434446e-06
0.39063829787234045    4.397742767530976e-06
0.3924468085106383    8.2692123772502e-06
0.3942553191489362    1.5310535612482735e-05
0.39606382978723403    2.7910505371816964e-05
0.39787234042553193    5.0090008254827286e-05
0.3996808510638298    8.84893887486403e-05
0.4014893617021277    0.0001538628936530808
0.4032978723404255    0.0002632813761264409
0.4051063829787234    0.00044328755642801277
0.40691489361702127    0.000734277174447312
0.40872340425531917    0.0011963753123242417
0.410531914893617    0.0019170131523232102
0.4123404255319149    0.0030202526072386233
0.41414893617021276    0.004677617511058675
0.41595744680851066    0.00711973795173825
0.4177659574468085    0.010647484095946342
0.4195744680851064    0.015640478315501832
0.42138297872340424    0.022560006821437176
0.42319148936170214    0.03194255709292488
0.425    0.04437972300255013
0.4268085106382979    0.060480358512582315
0.42861702127659573    0.08081197033037382
0.43042553191489363    0.10582072273507578
0.4322340425531915    0.13573322607860805
0.4340425531914894    0.17044833683064897
0.4358510638297872    0.2094329256059772
0.4376595744680851    0.2516408873277945
0.43946808510638297    0.2954780456518095
0.44127659574468087    0.338835290914933
0.4430851063829787    0.37920672955478024
0.4448936170212766    0.41389801672535337
0.44670212765957445    0.44031295855340696
0.44851063829787235    0.4562862738645755
0.4503191489361702    0.46041130934531355
0.4521276595744681    0.4522990048970787
0.45393617021276594    0.43270405734118217
0.45574468085106384    0.4034698737008557
0.4575531914893617    0.3672758131629073
0.4593617021276596    0.3272137718843913
0.46117021276595743    0.28626678607191886
0.46297872340425533    0.2467971459040395
0.46478723404255323    0.21016278117329573
0.4665957446808511    0.17656022327257298
0.468404255319149    0.14514074032854757
0.4702127659574468    0.1143743919995916
0.4720212765957447    0.08256496382337744
0.47382978723404257    0.048370852272381915
0.47563829787234047    0.011182203717794485
0.4774468085106383    -0.028750723045140536
0.4792553191489362    -0.0704603330090712
0.48106382978723405    -0.11260491572027875
0.48287234042553195    -0.15387318258418375
0.4846808510638298    -0.19329590886329034
0.4864893617021277    -0.23035779810879048
0.48829787234042554    -0.26489506522410916
0.49010638297872344    -0.2968622984403277
0.4919148936170213    -0.3261102485652209
0.4937234042553192    -0.3523037237277608
0.49553191489361703    -0.3750275471016447
0.49734042553191493    -0.3940162651639412
0.4991489361702128    -0.4093587740332441
0.5009574468085106    -0.42152350458031446
0.5027659574468085    -0.4311374554369521
0.5045744680851064    -0.4385962027852414
0.5063829787234043    -0.44370619548664075
0.5081914893617021    -0.4455873669183735
0.51    -0.442958726971657
0.5118085106382979    -0.43472921984748986
0.5136170212765958    -0.4206213138459009
0.5154255319148936    -0.40148200224887115
0.5172340425531915    -0.3790511200393008
0.5190425531914894    -0.35522661742602674
0.5208510638297873    -0.3311592496078845
0.5226595744680851    -0.30665675332825065
0.524468085106383    -0.28026955081615873
0.5262765957446809    -0.2500903633323717
0.5280851063829788    -0.21489520858835776
0.5298936170212766    -0.1750138354180647
0.5317021276595745    -0.13240829222763623
0.5335106382978724    -0.08984692055150942
0.5353191489361703    -0.04958081635430159
0.5371276595744681    -0.012259871228837656
0.538936170212766    0.02325502777451216
0.5407446808510639    0.059011487021666295
0.5425531914893618    0.09647519599701428
0.5443617021276596    0.13528906908032357
0.5461702127659575    0.1730440556794251
0.5479787234042554    0.20624841229443164
0.5497872340425533    0.2319545608993014
0.551595744680851    0.24907294086220355
0.5534042553191489    0.2585648478363317
0.5552127659574468    0.26239392171890474
0.5570212765957447    0.2619140923791884
0.5588297872340425    0.2567649441626456
0.5606382978723404    0.24505230540770562
0.5624468085106383    0.22476993896107017
0.5642553191489362    0.19558744468879158
0.566063829787234    0.15984373322880202
0.5678723404255319    0.12205828697663335
0.5696808510638298    0.08721310114385494
0.5714893617021277    0.05884641722198597
0.5732978723404255    0.038099120507078046
0.5751063829787234    0.024190151925294577
0.5769148936170213    0.01582225645387008
0.5787234042553192    0.012413960908438982
0.580531914893617    0.014246975666659164
0.5823404255319149    0.02147349096499766
0.5841489361702128    0.03282620297697873
0.5859574468085107    0.045152636142084576
0.5877659574468085    0.054332724544596284
0.5895744680851064    0.05712878693673491
0.5913829787234043    0.05279387187686735
0.5931914893617022    0.04336603369674294
0.595    0.03244279017920114
0.5968085106382979    0.023241270029673168
0.5986170212765958    0.01718044507648104
0.6004255319148937    0.013780474244227462
0.6022340425531915    0.011713320880475223
0.6040425531914894    0.010079428009706619
0.6058510638297873    0.00896508475328386
0.6076595744680852    0.009009109607748048
0.609468085106383    0.010507750007142137
0.6112765957446809    0.012886793206928284
0.6130851063829788    0.014977963218001277
0.6148936170212767    0.015824359639558964
0.6167021276595744    0.015312898962624971
0.6185106382978723    0.014124159592624048
0.6203191489361702    0.013100547165548728
0.6221276595744681    0.012618783017078382
0.6239361702127659    0.012500935642574915
0.6257446808510638    0.012478083091955083
0.6275531914893617    0.012707636050664849
0.6293617021276596    0.013798217087702774
0.6311702127659574    0.016255204704531293
0.6329787234042553    0.0198164965660883
0.6347872340425532    0.0233052387432065
0.6365957446808511    0.02523474782081903
0.6384042553191489    0.024784993895620385
0.6402127659574468    0.022443011793088104
0.6420212765957447    0.019824830023626314
0.6438297872340426    0.01877948659685043
0.6456382978723404    0.020353697597109015
0.6474468085106383    0.024235208883901547
0.6492553191489362    0.028935889689429044
0.6510638297872341    0.032540483916883564
0.6528723404255319    0.03361737560410129
0.6546808510638298    0.03190321220835712
0.6564893617021277    0.028495890587103903
0.6582978723404256    0.02542547439768121
0.6601063829787234    0.02466864013204858
0.6619148936170213    0.02698252834199947
0.6637234042553192    0.031215965564616303
0.6655319148936171    0.03469580211192016
0.6673404255319149    0.03470778284221542
0.6691489361702128    0.030265666037902213
0.6709574468085107    0.02293283141629121
0.6727659574468086    0.015931647389775434
0.6745744680851063    0.011973839864076491
0.6763829787234042    0.011302351164941101
0.6781914893617021    0.011436598579802292
0.68    0.008913842667304227
0.6818085106382978    0.0017873342984244932
0.6836170212765957    -0.008985978700356553
0.6854255319148936    -0.020296661455860655
0.6872340425531915    -0.0291400083645078
0.6890425531914893    -0.03461220721389146
0.6908510638297872    -0.03818534306628984
0.6926595744680851    -0.04224297907563774
0.694468085106383    -0.048192008113844546
0.6962765957446809    -0.055614629289930446
0.6980851063829787    -0.06289362483893862
0.6998936170212766    -0.06853886331924636
0.7017021276595745    -0.07209058266689697
0.7035106382978724    -0.07410952034429508
0.7053191489361702    -0.0756192214428103
0.7071276595744681    -0.0776196167564488
0.708936170212766    -0.08087248493206256
0.7107446808510639    -0.08571298102993619
0.7125531914893617    -0.0917365656606565
0.7143617021276596    -0.0976806401063064
0.7161702127659575    -0.10196412430511198
0.7179787234042554    -0.10378757726628601
0.7197872340425532    -0.10392599537692479
0.7215957446808511    -0.10429558258521898
0.723404255319149    -0.10636400557750164
0.7252127659574469    -0.109685021187989
0.7270212765957447    -0.11200369795530865
0.7288297872340426    -0.11109416985029605
0.7306382978723405    -0.10681808754849426
0.7324468085106384    -0.10147044399220165
0.7342553191489362    -0.09790677604051701
0.7360638297872341    -0.09702260903269405
0.737872340425532    -0.09690064428152068
0.7396808510638299    -0.09450896761525601
0.7414893617021276    -0.08846283129334434
0.7432978723404255    -0.08029956830772847
0.7451063829787234    -0.07305323704919309
0.7469148936170213    -0.06844908262501712
0.7487234042553191    -0.0653529162242818
0.750531914893617    -0.060915500325978034
0.7523404255319149    -0.053279782141028714
0.7541489361702128    -0.04325756186480828
0.7559574468085106    -0.03344019397664169
0.7577659574468085    -0.025718857927408717
0.7595744680851064    -0.019671370956746634
0.7613829787234043    -0.013299684109855166
0.7631914893617021    -0.005215608705274894
0.765    0.004002701075101428
0.7668085106382979    0.012582963416702947
0.7686170212765958    0.019509230267297416
0.7704255319148936    0.02552932451758959
0.7722340425531915    0.032184432637603635
0.7740425531914894    0.0399742558705274
0.7758510638297873    0.04769185937179006
0.7776595744680851    0.05368692370162077
0.779468085106383    0.05771261015028149
0.7812765957446809    0.061334083108685836
0.7830851063829788    0.06637408569033924
0.7848936170212766    0.0729760510306542
0.7867021276595745    0.07933794998340434
0.7885106382978724    0.08346952312747484
0.7903191489361703    0.08520689260446514
0.7921276595744681    0.0864066564226129
0.793936170212766    0.08909081831793018
0.7957446808510639    0.09341895177774069
0.7975531914893618    0.09754161228579548
0.7993617021276596    0.09945649212837067
0.8011702127659575    0.09895091137529145
0.8029787234042554    0.0976689019941276
0.8047872340425533    0.09730400144455963
0.806595744680851    0.09783436547983217
0.808404255319149    0.09761696561560478
0.8102127659574468    0.09519237787370645
0.8120212765957447    0.09088770724520241
0.8138297872340425    0.08655100592252073
0.8156382978723404    0.08370420087793005
0.8174468085106383    0.08202092271001994
0.8192553191489362    0.07967942978468694
0.821063829787234    0.07522458754326748
0.8228723404255319    0.06907069132950346
0.8246808510638298    0.063171208330311
0.8264893617021277    0.05920738500992781
0.8282978723404255    0.057057350149435054
0.8301063829787234    0.054964475236282465
0.8319148936170213    0.051163722305130166
0.8337234042553192    0.045400393650675025
0.835531914893617    0.03898799073313461
0.8373404255319149    0.033472296687835634
0.8391489361702128    0.029203085843348492
0.8409574468085107    0.02508581171347627
0.8427659574468085    0.019649095561874656
0.8445744680851064    0.012412267491628437
0.8463829787234043    0.004347017908891849
0.8481914893617022    -0.0029317472226962687
0.85    -0.008513561397035577
0.8518085106382979    -0.012907519700052154
0.8536170212765958    -0.017509974706340435
0.8554255319148937    -0.02329089526688969
0.8572340425531915    -0.02986565096959725
0.8590425531914894    -0.035811762838960724
0.8608510638297873    -0.039981084452822925
0.8626595744680852    -0.042603934673774844
0.864468085106383    -0.04510477785797324
0.8662765957446809    -0.048737826035147265
0.8680851063829788    -0.05333111941810525
0.8698936170212767    -0.057403649191939694
0.8717021276595744    -0.059601671688243936
0.8735106382978723    -0.06004128754160464
0.8753191489361702    -0.06016774351388567
0.8771276595744681    -0.06122956759339921
0.8789361702127659    -0.06293403750763565
0.8807446808510638    -0.06372074317436568
0.8825531914893617    -0.06240668200679053
0.8843617021276596    -0.05946375551910858
0.8861702127659574    -0.0565288473266462
0.8879787234042553    -0.05463362101913134
0.8897872340425532    -0.05306628858839593
0.8915957446808511    -0.050145592131540434
0.8934042553191489    -0.04511554882612115
0.8952127659574468    -0.0391026971705182
0.8970212765957447    -0.03404982208283536
0.8988297872340426    -0.030741271139631002
0.9006382978723404    -0.028055729906373277
0.9024468085106383    -0.024265299248700183
0.9042553191489362    -0.01896463091454441
0.9060638297872341    -0.013524852094706642
0.9078723404255319    -0.009596567949427363
0.9096808510638298    -0.007332971894699298
0.9114893617021277    -0.00528786088299805
0.9132978723404256    -0.0020640421907630766
0.9151063829787234    0.0021435974677724494
0.9169148936170213    0.005804076493543335
0.9187234042553192    0.0077666844380177725
0.9205319148936171    0.008502326563002259
0.9223404255319149    0.009536544967794767
0.9241489361702128    0.011794736094402526
0.9259574468085107    0.014736932531678305
0.9277659574468086    0.017165946244021693
0.9295744680851065    0.018668674066415474
0.9313829787234043    0.020013320963554078
0.9331914893617022    0.022127992288873743
0.935    0.024937641003264815
0.936808510638298    0.027424105288345706
0.9386170212765957    0.028780247015639998
0.9404255319148936    0.029266547937539605
0.9422340425531915    0.029802132793935156
0.9440425531914894    0.030849125791277424
0.9458510638297872    0.03193341005706267
0.9476595744680851    0.032305430027274706
0.949468085106383    0.03186379149299676
0.9512765957446809    0.031215372780829115
0.9530851063829787    0.030868301622244784
0.9548936170212766    0.0306226460866639
0.9567021276595745    0.029931437888306663
0.9585106382978724    0.028753096812805135
0.9603191489361702    0.027782128885204878
0.9621276595744681    0.02771758863616737
0.963936170212766    0.02844317916313402
0.9657446808510639    0.029133699005332296
0.9675531914893617    0.02918182450616584
0.9693617021276596    0.02883157614906276
0.9711702127659575    0.02875447180859087
0.9729787234042554    0.02909082721358372
0.9747872340425532    0.02913005351744928
0.9765957446808511    0.02802576874581087
0.978404255319149    0.025689204004128642
0.9802127659574469    0.02280505802772058
0.9820212765957447    0.019993936469921036
0.9838297872340426    0.01716603106870107
0.9856382978723405    0.013828296662259303
0.9874468085106384    0.009900874789285509
0.9892553191489362    0.005979104288463738
0.9910638297872341    0.0027024648012347
0.992872340425532    3.132053964876539e-05
0.9946808510638299    -0.0026535797825599653
0.9964893617021277    -0.0057638388359596655
0.9982978723404256    -0.00904040620788327
1.0001063829787233    -0.012007050052925208
1.0019148936170212    -0.014738564615599532
1.0037234042553191    -0.0179025114365398
1.005531914893617    -0.021946178649021188
1.007340425531915    -0.026436063276171477
1.0091489361702128    -0.030447298127369245
1.0109574468085107    -0.033610523078052644
1.0127659574468086    -0.036541089825068616
1.0145744680851063    -0.04005748160530274
1.0163829787234042    -0.04407657236332884
1.0181914893617021    -0.047536084374242636
1.02    -0.049505595975964996
1.021808510638298    -0.050201303904024615
1.0236170212765958    -0.050687520495513595
1.0254255319148937    -0.05159836308469059
1.0272340425531916    -0.05239431146229182
1.0290425531914893    -0.05203461666934852
1.0308510638297872    -0.0502408382732682
1.032659574468085    -0.04781305802124928
1.034468085106383    -0.045619177001332965
1.036276595744681    -0.04351060356895763
1.0380851063829788    -0.040527142982476415
1.0398936170212767    -0.036181915114761105
1.0417021276595746    -0.0312652034296746
1.0435106382978723    -0.027139060069552808
1.0453191489361702    -0.024302462365620787
1.047127659574468    -0.021915388511734434
1.048936170212766    -0.018861557622067142
1.0507446808510639    -0.015108165250162078
1.0525531914893618    -0.011761253192443137
1.0543617021276597    -0.00975461139964005
1.0561702127659576    -0.008722420967609161
1.0579787234042553    -0.007383969959064339
1.0597872340425532    -0.004989205411472712
1.061595744680851    -0.0021451797105907352
1.063404255319149    -9.150212127440396e-05
1.0652127659574468    0.0007001123368205798
1.0670212765957447    0.0009880900182296284
1.0688297872340426    0.0018157862286797507
1.0706382978723405    0.003319394017256058
1.0724468085106382    0.004664276208782304
1.0742553191489361    0.005108553841495068
1.076063829787234    0.004894228881322295
1.077872340425532    0.004936564064019837
1.0796808510638298    0.005724800613586666
1.0814893617021277    0.006740167419514836
1.0832978723404256    0.0070480477374309375
1.0851063829787235    0.006355831316160528
1.0869148936170212    0.005333508132699248
1.088723404255319    0.004872898137429457
1.090531914893617    0.005146565051668068
1.092340425531915    0.005492789684135821
1.0941489361702128    0.005197369728794499
1.0959574468085107    0.004288824413639454
1.0977659574468086    0.003523793189385305
1.0995744680851065    0.0036482989325787576
1.1013829787234042    0.004744217514793653
1.103191489361702    0.006290201422978915
1.105    0.007776945195257402
1.1068085106382979    0.00918875531731354
1.1086170212765958    0.010889852292347357
1.1104255319148937    0.013113469973211923
1.1122340425531916    0.01563554074487233
1.1140425531914895    0.01796773721717435
1.1158510638297872    0.019833436721322224
1.117659574468085    0.02140294266202732
1.119468085106383    0.023047673023245733
1.1212765957446809    0.0249109648226456
1.1230851063829788    0.02679510596096089
1.1248936170212767    0.02849207546527582
1.1267021276595746    0.03014215763266891
1.1285106382978725    0.03212919200736601
1.1303191489361701    0.034559099914121524
1.132127659574468    0.036929377226942464
1.133936170212766    0.038475942844259134
1.1357446808510638    0.038920886651134745
1.1375531914893617    0.038793891288550875
1.1393617021276596    0.03888269828953282
1.1411702127659575    0.03934868426549731
1.1429787234042554    0.03950034944617935
1.1447872340425531    0.03853497381965336
1.146595744680851    0.03644893892676962
1.148404255319149    0.034078244875971386
1.1502127659574468    0.03220422963556417
1.1520212765957447    0.030740928947522575
1.1538297872340426    0.028922243319179253
1.1556382978723405    0.026225427759822895
1.1574468085106384    0.02291684142136738
1.1592553191489363    0.019615251544795473
1.161063829787234    0.016498734234560483
1.162872340425532    0.013195678373234376
1.1646808510638298    0.009481797839631111
1.1664893617021277    0.0058294850007477635
1.1682978723404256    0.0030193655220418242
1.1701063829787235    0.0012464485529243572
1.1719148936170214    -0.00013524567907463548
1.1737234042553193    -0.0018472921918166537
1.175531914893617    -0.0038250559783598024
1.1773404255319149    -0.005350262330844799
1.1791489361702128    -0.006023442605063496
1.1809574468085107    -0.0063260065791478325
1.1827659574468086    -0.007012302921642349
1.1845744680851065    -0.008079233060383877
1.1863829787234044    -0.008661933817966636
1.1881914893617023    -0.00807006362531889
1.19    -0.006703551634169871
1.1918085106382978    -0.005668729874359445
1.1936170212765957    -0.005518058817358671
1.1954255319148936    -0.005658700533366099
1.1972340425531915    -0.005166490352708882
1.1990425531914894    -0.003986255133528573
1.2008510638297873    -0.003014936035534002
1.2026595744680852    -0.0029820967255256205
1.204468085106383    -0.0035682195845831806
1.2062765957446808    -0.0038832215276332132
1.2080851063829787    -0.003668079832439236
1.2098936170212766    -0.003646402513812913
1.2117021276595745    -0.004559386330494961
1.2135106382978724    -0.006145265134256925
1.2153191489361703    -0.007423561512442319
1.2171276595744682    -0.007957752444616734
1.218936170212766    -0.008473088978631756
1.2207446808510638    -0.010006693300198148
1.2225531914893617    -0.012661024918532462
1.2243617021276596    -0.01556361694842891
1.2261702127659575    -0.018082741891534585
1.2279787234042554    -0.02070311372497897
1.2297872340425533    -0.02438384336857515
1.2315957446808512    -0.029200381282338452
1.2334042553191489    -0.034050736999148457
1.2352127659574468    -0.037871102727481426
1.2370212765957447    -0.040843067486800846
1.2388297872340426    -0.04403454929695247
1.2406382978723405    -0.04790312950225861
1.2424468085106384    -0.05157064997988922
1.2442553191489363    -0.05382335379540268
1.2460638297872342    -0.05459275394422769
1.2478723404255319    -0.05504302813573786
1.2496808510638298    -0.0561505017274567
1.2514893617021277    -0.05756136669332956
1.2532978723404256    -0.058125934186381664
1.2551063829787235    -0.05735277969307026
1.2569148936170214    -0.05589418499951802
1.2587234042553193    -0.05450423271985266
1.2605319148936172    -0.05293221059049853
1.2623404255319148    -0.05027042466584239
1.2641489361702127    -0.0463038166405612
1.2659574468085106    -0.042024012136284525
1.2677659574468085    -0.03853148285443146
1.2695744680851064    -0.03569348153738104
1.2713829787234043    -0.03232341253553846
1.2731914893617022    -0.0277181319554151
1.2750000000000001    -0.02261016121864199
1.2768085106382978    -0.018298957650679
1.2786170212765957    -0.01505130618768618
1.2804255319148936    -0.011815296155691699
1.2822340425531915    -0.007625730913679133
1.2840425531914894    -0.002917900092657211
1.2858510638297873    0.000917953939875159
1.2876595744680852    0.0031732708039109744
1.289468085106383    0.004593580689519223
1.2912765957446808    0.0063692623941822655
1.2930851063829787    0.00868416235103198
1.2948936170212766    0.010642964140741996
1.2967021276595745    0.011560471145621174
1.2985106382978724    0.011876213796114105
1.3003191489361703    0.012547528251588832
1.3021276595744682    0.013803807069946147
1.303936170212766    0.014919120201452987
1.3057446808510638    0.015230729617592871
1.3075531914893617    0.014973613951331777
1.3093617021276596    0.014821316464217742
1.3111702127659575    0.014827952604407345
1.3129787234042554    0.01428401805995445
1.3147872340425533    0.012727711731094094
1.3165957446808512    0.010731749300346038
1.318404255319149    0.00933312743000288
1.3202127659574467    0.008788156146844119
1.3220212765957446    0.008282342674141446
1.3238297872340425    0.007003707799820888
1.3256382978723404    0.005198393573665139
1.3274468085106383    0.0038507210390998324
1.3292553191489362    0.003445089196255564
1.3310638297872341    0.003462487421770989
1.332872340425532    0.003250634058367516
1.3346808510638297    0.0030460564978861846
1.3364893617021276    0.003719197238429682
1.3382978723404255    0.005549392109363519
1.3401063829787234    0.0076889949257597035
1.3419148936170213    0.009106492345742699
1.3437234042553192    0.00983418793924886
1.3455319148936171    0.010903106518298608
1.347340425531915    0.013043568193861307
1.3491489361702127    0.01583569616229939
1.3509574468085106    0.01838344073539554
1.3527659574468085    0.02056649060546147
1.3545744680851064    0.023174648183229955
1.3563829787234043    0.02673844624466656
1.3581914893617022    0.03062351506961519
1.36    0.03362003419919468
1.361808510638298    0.03528523790158683
1.3636170212765957    0.03631328760045058
1.3654255319148936    0.03750582485880641
1.3672340425531915    0.038745424008339496
1.3690425531914894    0.039299631664375806
1.3708510638297873    0.038949823618379106
1.3726595744680852    0.03834653407558361
1.374468085106383    0.03810539971168868
1.376276595744681    0.03792721748928979
1.3780851063829787    0.03700647854338787
1.3798936170212766    0.03519122499233601
1.3817021276595745    0.033254838023385275
1.3835106382978724    0.03181471213157146
1.3853191489361703    0.03034258548691949
1.3871276595744682    0.02771753562955484
1.388936170212766    0.02374279715411485
1.390744680851064    0.019654177964670255
1.3925531914893619    0.016838304420637308
1.3943617021276595    0.015291589301839756
1.3961702127659574    0.013749245824164702
1.3979787234042553    0.011306678987886763
1.3997872340425532    0.008457639761736302
1.4015957446808511    0.006270968293346047
1.403404255319149    0.004879099315819499
1.405212765957447    0.003327533812484511
1.4070212765957448    0.000981305196302979
1.4088297872340425    -0.001431318523166223
1.4106382978723404    -0.002607725662648137
1.4124468085106383    -0.0023226561934565374
1.4142553191489362    -0.0017826270002113138
1.416063829787234    -0.0021868736485335834
1.417872340425532    -0.003336057502160059
1.41968085106383    -0.004052787590596397
1.4214893617021278    -0.0037919575794116457
1.4232978723404255    -0.0032891340698135265
1.4251063829787234    -0.0034369157995886284
1.4269148936170213    -0.003974970584338615
1.4287234042553192    -0.0038111479121806105
1.430531914893617    -0.0025513050757154185
1.432340425531915    -0.0011312206635769127
1.4341489361702129    -0.0006187517529057229
1.4359574468085108    -0.0007462063445625787
1.4377659574468085    -0.00017917317738858941
1.4395744680851064    0.001741399216078731
1.4413829787234043    0.0040468956598475325
1.4431914893617022    0.005270985046022653
1.445    0.005232059944558028
1.446808510638298    0.005152550455536314
1.4486170212765959    0.005961077350208503
1.4504255319148938    0.007012852982810465
1.4522340425531914    0.006920077171650498
1.4540425531914893    0.005397102703631217
1.4558510638297872    0.003665058151067319
1.4576595744680851    0.002845945131281423
1.459468085106383    0.0024470084247382685
1.461276595744681    0.0009657260016399339
1.4630851063829788    -0.002112047963130102
1.4648936170212767    -0.005500029248466917
1.4667021276595744    -0.00757515796390156
1.4685106382978723    -0.008291850179875824
1.4703191489361702    -0.00915191930379041
1.4721276595744681    -0.011326144210767207
1.473936170212766    -0.014336686023101291
1.475744680851064    -0.016894037173423464
1.4775531914893618    -0.018675955713886264
1.4793617021276597    -0.020700312194546495
1.4811702127659574    -0.023871774617887018
1.4829787234042553    -0.027670979445584783
1.4847872340425532    -0.0307027756824442
1.486595744680851    -0.032357665864629015
1.488404255319149    -0.03344139230897769
1.490212765957447    -0.035051780751458456
1.4920212765957448    -0.03725165653934566
1.4938297872340427    -0.039220349732751666
1.4956382978723404    -0.04051428331752213
1.4974468085106383    -0.0416444833154128
1.4992553191489362    -0.043231199048193225
1.501063829787234    -0.04499333862899782
1.502872340425532    -0.046032138408655165
1.5046808510638299    -0.046040139599586985
1.5064893617021278    -0.045743621387414404
1.5082978723404257    -0.0458999524469028
1.5101063829787233    -0.04616204711431156
1.5119148936170212    -0.045380471110554974
1.5137234042553191    -0.04304098218370288
1.515531914893617    -0.04000267226171622
1.517340425531915    -0.03756155755735405
1.5191489361702128    -0.03601084764467294
1.5209574468085107    -0.034495592109641884
1.5227659574468086    -0.03226236415417627
1.5245744680851063    -0.029624328958154013
1.5263829787234042    -0.02741209156506138
1.5281914893617021    -0.025719606365136705
1.53    -0.02367561897306998
1.531808510638298    -0.02058283220759769
1.5336170212765958    -0.016926895208856263
1.5354255319148937    -0.013891579862622051
1.5372340425531916    -0.01194152054249455
1.5390425531914893    -0.01023867198319798
1.5408510638297872    -0.007603188689863819
1.542659574468085    -0.0038065563254271323
1.544468085106383    0.0003524694566675278
1.546276595744681    0.004145625171877939
1.5480851063829788    0.007727199574398281
1.5498936170212767    0.011717724936856124
1.5517021276595746    0.016260436693875294
1.5535106382978723    0.020843857498447027
1.5553191489361702    0.025051641428148357
1.557127659574468    0.029146649270978146
1.558936170212766    0.033678791635236384
1.5607446808510639    0.038669733094676674
1.5625531914893618    0.043504233739869135
1.5643617021276597    0.04769253361308189
1.5661702127659576    0.05148183736937798
1.5679787234042553    0.05548071248793179
1.5697872340425532    0.05976907985084463
1.571595744680851    0.06366400490537885
1.573404255319149    0.06647505147122684
1.5752127659574469    0.06829889333318626
1.5770212765957448    0.0698349853655047
1.5788297872340427    0.07144169252430119
1.5806382978723406    0.07261702947675427
1.5824468085106382    0.07256490533890825
1.5842553191489361    0.07116612859100802
1.586063829787234    0.06918403441282256
1.587872340425532    0.06747217709928666
1.5896808510638298    0.0661332278507252
1.5914893617021277    0.06458156342867172
1.5932978723404256    0.062352043417369746
1.5951063829787235    0.05965654998579126
1.5969148936170212    0.05708124281451954
1.5987234042553191    0.05487609342879465
1.600531914893617    0.05271347625702058
1.602340425531915    0.050145813746739154
1.6041489361702128    0.04713841002437802
1.6059574468085107    0.04402474979255304
1.6077659574468086    0.04099169636182158
1.6095744680851065    0.0377777844590441
1.6113829787234042    0.033976023143168985
1.613191489361702    0.02957173910786269
1.615    0.025054018486212304
1.616808510638298    0.02095034003252489
1.6186170212765958    0.017314217079383278
1.6204255319148937    0.01373760830358262
1.6222340425531916    0.009839913559933196
1.6240425531914895    0.005655200626972796
1.6258510638297874    0.0015076243849406722
1.627659574468085    -0.0024105013885639035
1.629468085106383    -0.006226891325832184
1.6312765957446809    -0.010154308814202035
1.6330851063829788    -0.0141802779511908
1.6348936170212767    -0.01808912133989978
1.6367021276595746    -0.021761924584385188
1.6385106382978725    -0.02533170927559837
1.6403191489361704    -0.02897050079596184
1.642127659574468    -0.03257916956993011
1.643936170212766    -0.035786912715830455
1.6457446808510638    -0.03827171541229313
1.6475531914893617    -0.04001623225710611
1.6493617021276596    -0.041235575586907436
1.6511702127659575    -0.042163457554819136
1.6529787234042554    -0.04302425378053104
1.6547872340425533    -0.04415896159732577
1.656595744680851    -0.045956057961717145
1.658404255319149    -0.04848621446530707
1.6602127659574468    -0.0512634839573895
1.6620212765957447    -0.05357629500721876
1.6638297872340426    -0.055172807744689814
1.6656382978723405    -0.05654346773007843
1.6674468085106384    -0.058407502960763344
1.6692553191489363    -0.06094503070676528
1.671063829787234    -0.06366681301196547
1.672872340425532    -0.06606941916444237
1.6746808510638298    -0.06826296684063504
1.6764893617021277    -0.07079561107268828
1.6782978723404256    -0.07391194341095259
1.6801063829787235    -0.07719048454548103
1.6819148936170214    -0.08000184100782076
1.6837234042553193    -0.08217163577751016
1.685531914893617    -0.08399787364618971
1.6873404255319149    -0.08565067313044589
1.6891489361702128    -0.08679468105455024
1.6909574468085107    -0.0869446395660628
1.6927659574468086    -0.08605595210699671
1.6945744680851065    -0.0845375887073633
1.6963829787234044    -0.08267535984466662
1.6981914893617023    -0.08026527571526942
1.7    -0.07695914731409936
1.7018085106382979    -0.07282683457546901
1.7036170212765958    -0.06833115591518896
1.7054255319148937    -0.06374061876219142
1.7072340425531916    -0.05882573417044416
1.7090425531914895    -0.05332015469133436
1.7108510638297874    -0.04753521785716723
1.7126595744680853    -0.04221861415218467
1.714468085106383    -0.037734680275050614
1.7162765957446808    -0.033617100228918034
1.7180851063829787    -0.029133855811924125
1.7198936170212766    -0.0241796873042235
1.7217021276595745    -0.019339344805531546
1.7235106382978724    -0.015036183454321152
1.7253191489361703    -0.010906595434564466
1.7271276595744682    -0.006263081457666363
1.728936170212766    -0.0010534001777955096
1.7307446808510638    0.00397287802546078
1.7325531914893617    0.008150727813695765
1.7343617021276596    0.011691683854128348
1.7361702127659575    0.015338310590533312
1.7379787234042554    0.0193414421351916
1.7397872340425533    0.023121223023068307
1.7415957446808512    0.02605464320726953
1.7434042553191489    0.02831926598356419
1.7452127659574468    0.030651880685001437
1.7470212765957447    0.03335211341154874
1.7488297872340426    0.03588619558542264
1.7506382978723405    0.03762994297415406
1.7524468085106384    0.03873267401722917
1.7542553191489363    0.03990636459943821
1.7560638297872342    0.04140741813622857
1.7578723404255319    0.04260327033927229
1.7596808510638298    0.04275478292919532
1.7614893617021277    0.04199942538330331
1.7632978723404256    0.04121446437065182
1.7651063829787235    0.04091433811370962
1.7669148936170214    0.04062741290338735
1.7687234042553193    0.03956705653079011
1.7705319148936172    0.03769668284288778
1.7723404255319148    0.03578226031876401
1.7741489361702127    0.03439679791854974
1.7759574468085106    0.033237773566418494
1.7777659574468085    0.0316687576999924
1.7795744680851064    0.029724781540076704
1.7813829787234043    0.028189778018697473
1.7831914893617022    0.027608913818223724
1.7850000000000001    0.02754237205602502
1.7868085106382978    0.027063045437766324
1.7886170212765957    0.02586746007021222
1.7904255319148936    0.024586259210794083
1.7922340425531915    0.023952589798439644
1.7940425531914894    0.023945115557453128
1.7958510638297873    0.023954632906088548
1.7976595744680852    0.023618960726087823
1.7994680851063831    0.02316354107528836
1.8012765957446808    0.022885001286156767
1.8030851063829787    0.022613494733229655
1.8048936170212766    0.021926589433050633
1.8067021276595745    0.020743180267266348
1.8085106382978724    0.019379261533410935
1.8103191489361703    0.017966000528644846
1.8121276595744682    0.016107604061822524
1.813936170212766    0.013357012714746527
1.8157446808510638    0.009907939220946373
1.8175531914893617    0.0065252429043127155
1.8193617021276596    0.0037437571362865484
1.8211702127659575    0.0013786379377423753
1.8229787234042554    -0.0010217628511085032
1.8247872340425533    -0.003441432480539232
1.8265957446808512    -0.005416441339207737
1.828404255319149    -0.00676135296665216
1.8302127659574468    -0.007921705261628848
1.8320212765957447    -0.0093681822947813
1.8338297872340426    -0.010827490175833433
1.8356382978723405    -0.011474420669377604
1.8374468085106384    -0.010949734910978212
1.8392553191489363    -0.009894396581970905
1.8410638297872342    -0.009245126143154859
1.842872340425532    -0.009146986530555633
1.8446808510638297    -0.008861647180308338
1.8464893617021276    -0.007757559932182034
1.8482978723404255    -0.0060656471257490765
1.8501063829787234    -0.004434618710137476
1.8519148936170213    -0.00293764411505054
1.8537234042553192    -0.0008906066687857533
1.8555319148936171    0.0022874387279223354
1.857340425531915    0.00635462783878133
1.859148936170213    0.010637312952740716
1.8609574468085106    0.014977674820158396
1.8627659574468085    0.019932742142192074
1.8645744680851064    0.02594828570201802
1.8663829787234043    0.03262394979217838
1.8681914893617022    0.039058501979615995
1.87    0.04481642559057607
1.871808510638298    0.05025979954011223
1.873617021276596    0.05588343255769537
1.8754255319148936    0.061612106680518544
1.8772340425531915    0.0669783993916812
1.8790425531914894    0.07182510385166972
1.8808510638297873    0.07646977082223093
1.8826595744680852    0.08108507291467755
1.884468085106383    0.0852026468338707
1.886276595744681    0.08810332711288103
1.8880851063829789    0.0896108722034235
1.8898936170212766    0.09020504288510013
1.8917021276595745    0.09027201366235653
1.8935106382978724    0.08949087581153527
1.8953191489361703    0.0871939686168771
1.8971276595744682    0.08324649429322718
1.898936170212766    0.07831052679375312
1.900744680851064    0.0731812009236031
1.9025531914893619    0.06806629628802903
1.9043617021276595    0.06265347876476181
1.9061702127659574    0.05670164850445478
1.9079787234042553    0.05027036301302576
1.9097872340425532    0.04335691067914657
1.9115957446808511    0.035618243147867976
1.913404255319149    0.02669524121569307
1.915212765957447    0.01670118318592645
1.9170212765957448    0.00612256807963469
1.9188297872340425    -0.004787520468921698
1.9206382978723404    -0.016256568179020527
1.9224468085106383    -0.02846420903264133
1.9242553191489362    -0.04094641206006353
1.9260638297872341    -0.05283649923012609
1.927872340425532    -0.06373828518141539
1.92968085106383    -0.07408969569797996
1.9314893617021278    -0.08445847334500864
1.9332978723404255    -0.09462184177612998
1.9351063829787234    -0.10363349384175047
1.9369148936170213    -0.11083954874420868
1.9387234042553192    -0.11657146550997113
1.940531914893617    -0.12165177477652242
1.942340425531915    -0.12637254844445794
1.944148936170213    -0.1302477068972014
1.9459574468085108    -0.13278249506626055
1.9477659574468085    -0.13417769327341728
1.9495744680851064    -0.1350343978394728
1.9513829787234043    -0.1354931138333783
1.9531914893617022    -0.1349789651270084
1.955    -0.13289036797325904
1.956808510638298    -0.12933177758030018
1.9586170212765959    -0.12498950500450307
1.9604255319148938    -0.12040131181491626
1.9622340425531914    -0.11558728568494417
1.9640425531914893    -0.11040189505314499
1.9658510638297872    -0.10497667495945487
1.9676595744680851    -0.0996169702162544
1.969468085106383    -0.09439692215827261
1.971276595744681    -0.08913991417578859
1.9730851063829788    -0.08385599863309035
1.9748936170212767    -0.0789722443303108
1.9767021276595744    -0.07494528561310915
1.9785106382978723    -0.0717510501881845
1.9803191489361702    -0.06899133683258585
1.9821276595744681    -0.06653575153168509
1.983936170212766    -0.06485039000908152
1.985744680851064    -0.0645431384746877
1.9875531914893618    -0.06569165062691912
1.9893617021276597    -0.06779589121308643
1.9911702127659574    -0.07033512907285125
1.9929787234042553    -0.07311089590786765
1.9947872340425532    -0.07593297227264822
1.996595744680851    -0.07821246784057856
1.998404255319149    -0.07921430074136382
2.0002127659574467    -0.0787759172669362
2.0020212765957446    -0.07752949736717296
2.0038297872340425    -0.0762095195817579
2.0056382978723404    -0.0748293094883859
2.0074468085106383    -0.07274574438459006
2.009255319148936    -0.0695198893850667
2.011063829787234    -0.06545894712944544
2.012872340425532    -0.06115051760671944
2.01468085106383    -0.05662479895696684
2.016489361702128    -0.05126054203928779
2.0182978723404257    -0.04456471815312858
2.0201063829787236    -0.03681923499251068
2.0219148936170215    -0.028787346204873374
2.0237234042553194    -0.02090301698443056
2.0255319148936173    -0.012984091029839398
2.0273404255319147    -0.004740922948160864
2.0291489361702126    0.0037186687226396994
2.0309574468085105    0.012123338250908573
2.0327659574468084    0.020679578748954288
2.0345744680851063    0.030187816098171744
2.0363829787234042    0.041370094315702516
2.038191489361702    0.05418081670355786
2.04    0.067907850547357
2.041808510638298    0.08189061456296824
2.043617021276596    0.09597221080094574
2.0454255319148937    0.11022544160465693
2.0472340425531916    0.12441741896476409
2.0490425531914895    0.13791398718421166
2.0508510638297874    0.15008094718606524
2.0526595744680853    0.16063919450439007
2.0544680851063832    0.16959978528826036
2.0562765957446807    0.176982542201846
2.0580851063829786    0.1827043430347542
2.0598936170212765    0.18667947996695466
2.0617021276595744    0.18888959776618752
2.0635106382978723    0.18932646048341029
2.06531914893617    0.1879639609925582
2.067127659574468    0.18484704653453654
2.068936170212766    0.1801371126328044
2.070744680851064    0.17397778191093455
2.072553191489362    0.1663482593539095
2.0743617021276597    0.15716531516102178
2.0761702127659576    0.1465606647760072
2.0779787234042555    0.13495665859500283
2.0797872340425534    0.12278828887062287
2.0815957446808513    0.11022205486503944
2.083404255319149    0.09727620315578395
2.085212765957447    0.08419779173402875
2.0870212765957445    0.07153315032932511
2.0888297872340424    0.0596851579546781
2.0906382978723403    0.048476285206401126
2.0924468085106382    0.037334232338494325
2.094255319148936    0.02596606838662313
2.096063829787234    0.01473371355925751
2.097872340425532    0.0042836954640024134
2.09968085106383    -0.005078952630264473
2.1014893617021277    -0.013472313316223151
2.1032978723404256    -0.020917112073780546
2.1051063829787235    -0.02697527208580576
2.1069148936170214    -0.031102204719886
2.1087234042553193    -0.033296438933000445
2.1105319148936172    -0.03419427715198899
2.112340425531915    -0.034460463486572314
2.114148936170213    -0.03424885890110473
2.1159574468085105    -0.03341873187176165
2.1177659574468084    -0.032194985305131506
2.1195744680851063    -0.031364805002269784
2.121382978723404    -0.031692217142436925
2.123191489361702    -0.03323248196850632
2.125    -0.03534592326434937
2.126808510638298    -0.03733072648483806
2.128617021276596    -0.03888708322560842
2.1304255319148937    -0.03996729185961722
2.1322340425531916    -0.04041754507367836
2.1340425531914895    -0.040017040864244145
2.1358510638297874    -0.038862498031115515
2.1376595744680853    -0.037495949936227506
2.139468085106383    -0.03649893293719233
2.141276595744681    -0.03600830234098452
2.143085106382979    -0.035727664853641435
2.1448936170212765    -0.03535899447062341
2.1467021276595744    -0.03486254379214163
2.1485106382978723    -0.03426328414203141
2.15031914893617    -0.03339612830294043
2.152127659574468    -0.03206453446276882
2.153936170212766    -0.030462681679865523
2.155744680851064    -0.029261419930891285
2.1575531914893618    -0.029135518361133934
2.1593617021276597    -0.030230852855921274
2.1611702127659576    -0.03216886203791555
2.1629787234042555    -0.03452421395260284
2.1647872340425534    -0.03716011449930558
2.1665957446808513    -0.040063563942279515
2.168404255319149    -0.04300064045032523
2.170212765957447    -0.045498084077613826
2.172021276595745    -0.04715664056143021
2.1738297872340424    -0.04785011677517402
2.1756382978723403    -0.04757542630673586
2.177446808510638    -0.04624830218313128
2.179255319148936    -0.043806580362876754
2.181063829787234    -0.04048890513041803
2.182872340425532    -0.036823206263829844
2.18468085106383    -0.03320342984919908
2.1864893617021277    -0.029516153055745425
2.1882978723404256    -0.025289535022065456
2.1901063829787235    -0.020215022692765303
2.1919148936170214    -0.014439456369737341
2.1937234042553193    -0.008335888305677979
2.195531914893617    -0.0021203310657599006
2.197340425531915    0.00417768062538201
2.199148936170213    0.010417229577967601
2.200957446808511    0.016209654533655627
2.2027659574468084    0.02119453413455553
2.2045744680851063    0.02537811586320748
2.206382978723404    0.029054832876796454
2.208191489361702    0.03236893683551893
2.21    0.03506491910040843
2.211808510638298    0.036759809112600975
2.2136170212765958    0.037416484633586905
2.2154255319148937    0.03744461903639544
2.2172340425531916    0.03731297320826622
2.2190425531914895    0.037122929760432646
2.2208510638297874    0.036572472468141326
2.2226595744680853    0.035229887528614376
2.224468085106383    0.03273423235873474
2.226276595744681    0.02878629588736746
2.228085106382979    0.02316358646199161
2.229893617021277    0.015934573841029122
2.2317021276595743    0.007656518521419343
2.233510638297872    -0.0007901289697288686
2.23531914893617    -0.008699549913905393
2.237127659574468    -0.01591108065929109
2.238936170212766    -0.022682624394032545
2.240744680851064    -0.029226253579704296
2.2425531914893617    -0.035403045210542786
2.2443617021276596    -0.04084141947995454
2.2461702127659575    -0.045265339655948034
2.2479787234042554    -0.048669498064340525
2.2497872340425533    -0.05125637747413207
2.251595744680851    -0.05332429705695689
2.253404255319149    -0.05522780505481999
2.255212765957447    -0.05730365052667412
2.257021276595745    -0.059658904938096585
2.258829787234043    -0.061977549113581956
2.2606382978723403    -0.06363191688318671
2.262446808510638    -0.06412801109182358
2.264255319148936    -0.06352487092371757
2.266063829787234    -0.062424541118657154
2.267872340425532    -0.06152767967523287
2.2696808510638298    -0.06116613851647558
2.2714893617021277    -0.061206987014921846
2.2732978723404256    -0.06131429406287858
2.2751063829787235    -0.06121993084697233
2.2769148936170214    -0.0607356943902428
2.2787234042553193    -0.05959362622083306
2.280531914893617    -0.05740628791390359
2.282340425531915    -0.05387914667001581
2.284148936170213    -0.04908813737734541
2.285957446808511    -0.04352227986667505
2.2877659574468088    -0.03780740841314048
2.2895744680851062    -0.032341411582446036
2.291382978723404    -0.027158309669429143
2.293191489361702    -0.022114276121217677
2.295    -0.01718395833678185
2.296808510638298    -0.012570625270510262
2.2986170212765957    -0.008536569702722221
2.3004255319148936    -0.005130855371425961
2.3022340425531915    -0.002062763027732559
2.3040425531914894    0.0011967167213598673
2.3058510638297873    0.0051999778871896106
2.3076595744680852    0.010339242383881574
2.309468085106383    0.016731656179315043
2.311276595744681    0.02414844578030972
2.313085106382979    0.032024128579364125
2.314893617021277    0.03963310939043692
2.3167021276595747    0.04641867904779412
2.3185106382978726    0.052278209531396086
2.32031914893617    0.05757895323645634
2.322127659574468    0.06288586881281927
2.323936170212766    0.06862244446992627
2.325744680851064    0.0748986040052646
2.3275531914893617    0.08153683141350723
2.3293617021276596    0.0881718209665249
2.3311702127659575    0.09435581121810752
2.3329787234042554    0.09972225943765406
2.3347872340425533    0.10420600045581699
2.336595744680851    0.10813153098498296
2.338404255319149    0.11197241512591541
2.340212765957447    0.11589606843881942
2.342021276595745    0.11953117867805918
2.343829787234043    0.12228491992651477
2.3456382978723407    0.12399633127419088
2.3474468085106386    0.12529354716655214
2.349255319148936    0.12723505559197537
2.351063829787234    0.1304997886020253
2.352872340425532    0.13484104997948534
2.3546808510638297    0.1392571727350753
2.3564893617021276    0.14264713496003503
2.3582978723404255    0.14433643940886728
2.3601063829787234    0.14412323101533406
2.3619148936170213    0.14202901816592509
2.3637234042553192    0.1381332229129911
2.365531914893617    0.13259336181142858
2.367340425531915    0.12563607833693638
2.369148936170213    0.1173659361183626
2.370957446808511    0.10756999335565487
2.3727659574468087    0.09582877140457119
2.3745744680851066    0.0819554179058258
2.3763829787234045    0.06638599181749871
2.378191489361702    0.05011337450532771
2.38    0.03417076064049358
2.381808510638298    0.019103104736817644
2.3836170212765957    0.004867190154643878
2.3854255319148936    -0.008811954740098858
2.3872340425531915    -0.021993684897793072
2.3890425531914894    -0.03435619879787721
2.3908510638297873    -0.04537338147478072
2.392659574468085    -0.05462077094636526
2.394468085106383    -0.0619897871025845
2.396276595744681    -0.06774620765247048
2.398085106382979    -0.0724647101158395
2.399893617021277    -0.07685422015282424
2.4017021276595747    -0.08149133201976284
2.4035106382978726    -0.08657320105530071
2.4053191489361705    -0.09186376262353553
2.407127659574468    -0.09689258496615456
2.408936170212766    -0.1012473910800913
2.4107446808510637    -0.1047237382546208
2.4125531914893616    -0.10726544066105985
2.4143617021276595    -0.10885182283721888
2.4161702127659574    -0.10949435856746852
2.4179787234042553    -0.10930364535273952
2.4197872340425532    -0.10846413562914241
2.421595744680851    -0.10709399919552932
2.423404255319149    -0.10518637134262883
2.425212765957447    -0.10279607335202658
2.427021276595745    -0.10033179750321534
2.4288297872340427    -0.09860297060753641
2.4306382978723406    -0.09845803811131267
2.4324468085106385    -0.10026715611297031
2.4342553191489364    -0.10367780431747527
2.436063829787234    -0.10780845810349689
2.437872340425532    -0.11165808576535861
2.4396808510638297    -0.11442377491343815
2.4414893617021276    -0.11564955882319326
2.4432978723404255    -0.11531250927048615
2.4451063829787234    -0.11386374328410077
2.4469148936170213    -0.11208705783377716
2.448723404255319    -0.11072401914182102
2.450531914893617    -0.1100835348348878
2.452340425531915    -0.10994108320548641
2.454148936170213    -0.10977807859178419
2.455957446808511    -0.10910612565780352
2.4577659574468087    -0.10762461993202492
2.4595744680851066    -0.10521952551942586
2.4613829787234045    -0.10195200486698823
2.4631914893617024    -0.09805281524193123
2.465    -0.09380594800876772
2.4668085106382978    -0.08934287409891926
2.4686170212765957    -0.08459535692085961
2.4704255319148936    -0.07956501438318987
2.4722340425531915    -0.07466133835247536
2.4740425531914894    -0.07065124443094052
2.4758510638297873    -0.0681196759132731
2.477659574468085    -0.0669124601716042
2.479468085106383    -0.06611878392469238
2.481276595744681    -0.06460183467149265
2.483085106382979    -0.061544675179034045
2.4848936170212768    -0.056578934324343466
2.4867021276595747    -0.04961925811021163
2.4885106382978726    -0.04079173512524756
2.4903191489361705    -0.030519804338637754
2.4921276595744684    -0.019448850553621888
2.493936170212766    -0.008053323062764517
2.4957446808510637    0.0037163485109349232
2.4975531914893616    0.016274386749651266
2.4993617021276595    0.029794038883306846
2.5011702127659574    0.04376820957470983
2.5029787234042553    0.05718540640198815
2.504787234042553    0.06908079540800371
2.506595744680851    0.07887092200527376
2.508404255319149    0.08627103328525365
2.510212765957447    0.09114910448864319
2.512021276595745    0.09363892920699499
2.5138297872340427    0.09431561057213039
2.5156382978723406    0.0940193706795969
2.5174468085106385    0.09335433330354143
2.5192553191489364    0.09239067634140272
2.5210638297872343    0.09092715365191312
2.5228723404255318    0.08899277856272828
2.5246808510638297    0.08696298206568562
2.5264893617021276    0.08515301199254777
2.5282978723404255    0.08340806630263295
2.5301063829787234    0.08119668098241695
2.5319148936170213    0.07807911764501008
2.533723404255319    0.07400498950213841
2.535531914893617    0.0691898696266812
2.537340425531915    0.06386195082995089
2.539148936170213    0.058225045753719076
2.5409574468085108    0.05255989033217462
2.5427659574468087    0.04715393373122195
2.5445744680851066    0.04205603281602721
2.5463829787234045    0.03702685618581354
2.5481914893617024    0.031901145156764496
2.5500000000000003    0.027041133341210402
2.551808510638298    0.02335425653738219
2.5536170212765956    0.0217782014661905
2.5554255319148935    0.0226859722688861
2.5572340425531914    0.02568967286806005
2.5590425531914893    0.029874161785172382
2.560851063829787    0.03416189940834631
2.562659574468085    0.03760293240738384
2.564468085106383    0.03959915433018499
2.566276595744681    0.04005857906791174
2.568085106382979    0.03935546898564456
2.5698936170212767    0.038067177424446
2.5717021276595746    0.03670355069167504
2.5735106382978725    0.035647884702430174
2.5753191489361704    0.035213449439776404
2.5771276595744683    0.03553447499448281
2.578936170212766    0.036290606452717075
2.580744680851064    0.03665607146917635
2.5825531914893616    0.03574810002106295
2.5843617021276595    0.03325330124342146
2.5861702127659574    0.029596410518138397
2.5879787234042553    0.025474856714953587
2.589787234042553    0.02129738129729203
2.591595744680851    0.017128037558422446
2.593404255319149    0.013066006475518841
2.595212765957447    0.009469426708115486
2.5970212765957448    0.006723898385082354
2.5988297872340427    0.004912768164790679
2.6006382978723406    0.0038403556827776505
2.6024468085106385    0.0032929945022104924
2.6042553191489364    0.0030581113017679852
2.6060638297872343    0.002630816460531372
2.607872340425532    0.0011385765407152817
2.60968085106383    -0.0021341308906263497
2.6114893617021275    -0.007055938668069084
2.6132978723404254    -0.012615877798636734
2.6151063829787233    -0.01770157930306457
2.6169148936170212    -0.02189552045019527
2.618723404255319    -0.025484523303610354
2.620531914893617    -0.028827875389371135
2.622340425531915    -0.031924366559636624
2.624148936170213    -0.03460926972570208
2.6259574468085107    -0.036924199054300194
2.6277659574468086    -0.03904360420737081
2.6295744680851065    -0.04085888551855277
2.6313829787234044    -0.04186021723812593
2.6331914893617023    -0.04156465161342404
2.6350000000000002    -0.039992372966033835
2.636808510638298    -0.03763876359650069
2.638617021276596    -0.03506627574311004
2.6404255319148935    -0.032666615689423445
2.6422340425531914    -0.030755338806942395
2.6440425531914893    -0.02960196173260743
2.645851063829787    -0.029142423128271346
2.647659574468085    -0.028754938248661252
2.649468085106383    -0.027596161632813532
2.651276595744681    -0.02529438414129056
2.653085106382979    -0.02222177560710121
2.6548936170212767    -0.019001999586375738
2.6567021276595746    -0.015858961759657543
2.6585106382978725    -0.012600716536051146
2.6603191489361704    -0.00916841688680519
2.6621276595744683    -0.005921968856119305
2.663936170212766    -0.003224889295866595
2.665744680851064    -0.0008987075995343392
2.667553191489362    0.0016581595790168676
2.6693617021276594    0.004780218549547782
2.6711702127659573    0.008148971044717596
2.6729787234042552    0.011178710691783063
2.674787234042553    0.013607266308789018
2.676595744680851    0.015500423229591397
2.678404255319149    0.01676424399229735
2.680212765957447    0.016990432298967118
2.6820212765957447    0.01597990217411992
2.6838297872340426    0.014256478830556672
2.6856382978723405    0.012774779168712256
2.6874468085106384    0.01206451403552478
2.6892553191489363    0.011841468520204384
2.6910638297872342    0.011545358085689118
2.692872340425532    0.01106956266129279
2.69468085106383    0.01073232690211122
2.696489361702128    0.010594310748385502
2.6982978723404254    0.010125536576151156
2.7001063829787233    0.008755499023914277
2.701914893617021    0.006641667023511421
2.703723404255319    0.004668026615012234
2.705531914893617    0.0036475907894509482
2.707340425531915    0.003665583519780611
2.709148936170213    0.0042461992639326596
2.7109574468085107    0.004983393357918697
2.7127659574468086    0.00582796000852988
2.7145744680851065    0.006827322017442574
2.7163829787234044    0.007826244498543014
2.7181914893617023    0.008533621714468262
2.72    0.00875858045230214
2.721808510638298    0.008450311192993406
2.723617021276596    0.007591493502313506
2.725425531914894    0.00625015841262962
2.7272340425531914    0.004768043292060176
2.7290425531914893    0.003709548682061723
2.730851063829787    0.003456038578545274
2.732659574468085    0.0038842024127750665
2.734468085106383    0.004556340511270732
2.736276595744681    0.005193183030359685
2.7380851063829788    0.005808254178578728
2.7398936170212767    0.006364392005139773
2.7417021276595746    0.006521069555476021
2.7435106382978725    0.005937025068917928
2.7453191489361704    0.004764460070730965
2.7471276595744683    0.0035950383381916787
2.748936170212766    0.0028082260532485692
2.750744680851064    0.0021313578844908664
2.752553191489362    0.001022670368957194
2.75436170212766    -0.0005807952516046814
2.7561702127659573    -0.002122428987224158
2.757978723404255    -0.003090297158315726
2.759787234042553    -0.0036284946200269195
2.761595744680851    -0.004310385502437768
2.763404255319149    -0.005389008343931207
2.765212765957447    -0.00649678718994562
2.7670212765957447    -0.007138315207019148
2.7688297872340426    -0.0072997947665560566
2.7706382978723405    -0.007439243405566169
2.7724468085106384    -0.007997773168253161
2.7742553191489363    -0.009119474668895153
2.776063829787234    -0.010805947788810576
2.777872340425532    -0.013055306000772822
2.77968085106383    -0.015664982174761918
2.781489361702128    -0.01805415122945667
2.783297872340426    -0.01957664213701318
2.7851063829787237    -0.02009179032640018
2.786914893617021    -0.02007183548924261
2.788723404255319    -0.02005850837463644
2.790531914893617    -0.02015808520498395
2.792340425531915    -0.020218116423722902
2.7941489361702128    -0.020358168167937205
2.7959574468085107    -0.020993489774903843
2.7977659574468086    -0.022212468483576112
2.7995744680851065    -0.023378111128426558
2.8013829787234044    -0.023649804457091476
2.8031914893617023    -0.022892096000221813
2.805    -0.021814404857708674
2.806808510638298    -0.021102937222310787
2.808617021276596    -0.020608027568931885
2.810425531914894    -0.019594119331070654
2.8122340425531918    -0.017690153402411844
2.8140425531914897    -0.01530400562670797
2.815851063829787    -0.013025297268301306
2.817659574468085    -0.010877677937664268
2.819468085106383    -0.00840234225692673
2.821276595744681    -0.005367104907713749
2.8230851063829787    -0.0020739063671622844
2.8248936170212766    0.0011214450790820421
2.8267021276595745    0.004322586963760623
2.8285106382978724    0.007863108142761251
2.8303191489361703    0.011657552378534036
2.832127659574468    0.01509079871731853
2.833936170212766    0.0176604155526574
2.835744680851064    0.019512432071346102
2.837553191489362    0.02113212843893667
2.83936170212766    0.022618161311345485
2.8411702127659577    0.02355393219014026
2.8429787234042556    0.023663319053057536
2.844787234042553    0.0233313597390777
2.846595744680851    0.02321870580969181
2.848404255319149    0.023419017210073372
2.8502127659574468    0.023251370433259828
2.8520212765957447    0.02197992536312
2.8538297872340426    0.01958132574303233
2.8556382978723405    0.01666490739439157
2.8574468085106384    0.013745836558521473
2.8592553191489363    0.010809215937169936
2.861063829787234    0.00760336154981971
2.862872340425532    0.004147323224644596
2.86468085106383    0.0007842155446135986
2.866489361702128    -0.0021926136191058134
2.8682978723404258    -0.004806877028612664
2.8701063829787237    -0.007300978724492695
2.8719148936170216    -0.009915227652945308
2.873723404255319    -0.012793601275720125
2.875531914893617    -0.015933820221406297
2.877340425531915    -0.019075780993399787
2.8791489361702127    -0.021729784703231732
2.8809574468085106    -0.023549969912935495
2.8827659574468085    -0.02475899076346104
2.8845744680851064    -0.026038795268223815
2.8863829787234043    -0.027832209168920853
2.8881914893617022    -0.029804335158905078
2.89    -0.031168817600760637
2.891808510638298    -0.03157587296540955
2.893617021276596    -0.031516139810370464
2.895425531914894    -0.03173438089257696
2.8972340425531917    -0.03235619918392388
2.8990425531914896    -0.032781059015690686
2.9008510638297875    -0.032432143632127305
2.902659574468085    -0.03141027574282053
2.904468085106383    -0.030286804925323006
2.906276595744681    -0.02938757596699345
2.9080851063829787    -0.028504030924881234
2.9098936170212766    -0.02732877449459401
2.9117021276595745    -0.025964389879850974
2.9135106382978724    -0.02482277497352193
2.9153191489361703    -0.02406986568648948
2.917127659574468    -0.02333950830928643
2.918936170212766    -0.022065269137682954
2.920744680851064    -0.02003223331989474
2.922553191489362    -0.017564972185995974
2.92436170212766    -0.015242038559102361
2.9261702127659577    -0.013484217657722963
2.9279787234042556    -0.012344244657910005
2.9297872340425535    -0.011553807881997884
2.931595744680851    -0.010738898213861706
2.933404255319149    -0.009693679095599341
2.9352127659574467    -0.008538141921446678
2.9370212765957446    -0.007577349592373307
2.9388297872340425    -0.006930146387068705
2.9406382978723404    -0.006312237503460324
2.9424468085106383    -0.005275660398867062
2.9442553191489362    -0.0036880647648854237
2.946063829787234    -0.0018970127822258171
2.947872340425532    -0.0003652176637944562
2.94968085106383    0.0007930039085616872
2.951489361702128    0.001830334044566481
2.9532978723404257    0.0029801953721269245
2.9551063829787236    0.0042124816403862125
2.9569148936170215    0.005430790528596585
2.9587234042553194    0.0067695524735552895
2.960531914893617    0.00851622615352703
2.962340425531915    0.01073634911778568
2.9641489361702127    0.013122312986854193
2.9659574468085106    0.01528585769409676
2.9677659574468085    0.017103931799275142
2.9695744680851064    0.018684929745970823
2.9713829787234043    0.02009623253130602
2.973191489361702    0.021328387621405563
2.975    0.022558036727955068
2.976808510638298    0.024224331413793744
2.978617021276596    0.02661857236233177
2.980425531914894    0.029422879392667398
2.9822340425531917    0.03186462069467905
2.9840425531914896    0.03343775595415875
2.9858510638297875    0.0343693778597222
2.9876595744680854    0.035250416035710774
2.989468085106383    0.036267196154720086
2.9912765957446807    0.03696942940695172
2.9930851063829786    0.03684049324969654
2.9948936170212765    0.03595735530880147
2.9967021276595744    0.03496645461202812
2.9985106382978723    0.03446281006785576
3.0003191489361702    0.034507383178159365
3.002127659574468    0.03472041661401039
3.003936170212766    0.03468177919074662
3.005744680851064    0.03417735124358365
3.007553191489362    0.03321472677442161
3.0093617021276597    0.03199780564985717
3.0111702127659576    0.030876115607772328
3.0129787234042555    0.030125537769091278
3.0147872340425534    0.029660395296447463
3.0165957446808513    0.029047062503917392
3.0184042553191492    0.027928110062960566
3.0202127659574467    0.026405948440514443
3.0220212765957446    0.02489122835006973
3.0238297872340425    0.023582716398599123
3.0256382978723404    0.02225753789455242
3.0274468085106383    0.020653328999142233
3.029255319148936    0.018897846422054915
3.031063829787234    0.017340051165613178
3.032872340425532    0.015968721461362453
3.03468085106383    0.014247531136708475
3.036489361702128    0.011701473957789463
3.0382978723404257    0.00855708180569606
3.0401063829787236    0.005577393609856969
3.0419148936170215    0.0032348958244910273
3.0437234042553194    0.0012381670130797657
3.0455319148936173    -0.001002384368519145
3.047340425531915    -0.0035748149238127294
3.0491489361702127    -0.005935633294799072
3.0509574468085106    -0.007566470125301361
3.0527659574468085    -0.008557038431150975
3.0545744680851064    -0.00943463919633256
3.0563829787234043    -0.010563352018879021
3.058191489361702    -0.011893428718743205
3.06    -0.01324256078655741
3.061808510638298    -0.01457855799776717
3.063617021276596    -0.015922131584653148
3.0654255319148938    -0.017156697732944984
3.0672340425531917    -0.0181629254747639
3.0690425531914896    -0.01911042812440351
3.0708510638297875    -0.02038020455254107
3.0726595744680854    -0.02208617426959081
3.0744680851063833    -0.023832379070548016
3.076276595744681    -0.025143763259582088
3.0780851063829786    -0.026099408971299237
3.0798936170212765    -0.027322112272069547
3.0817021276595744    -0.02924962059275667
3.0835106382978723    -0.03157199373287195
3.08531914893617    -0.03356619585364874
3.087127659574468    -0.034929534183198246
3.088936170212766    -0.03606278858632629
3.090744680851064    -0.03744621155459202
3.092553191489362    -0.038907871691653176
3.0943617021276597    -0.039725140511826254
3.0961702127659576    -0.03946061371539279
3.0979787234042555    -0.038535045716537986
3.0997872340425534    -0.0378702814211805
3.1015957446808513    -0.03802345823313215
3.103404255319149    -0.03875107800262219
3.105212765957447    -0.03937336696407229
3.1070212765957446    -0.03944364886895048
3.1088297872340425    -0.0390379989837195
3.1106382978723404    -0.03850371854714292
3.1124468085106383    -0.038030346491440145
3.114255319148936    -0.03744646821338679
3.116063829787234    -0.0363529002528971
3.117872340425532    -0.034443950109879884
3.11968085106383    -0.03177402252653329
3.1214893617021278    -0.02876329527869924
3.1232978723404257    -0.025910597780651703
3.1251063829787236    -0.023441232793454995
3.1269148936170215    -0.021216324104507994
3.1287234042553194    -0.018982474140850907
3.1305319148936173    -0.016670854864904994
3.132340425531915    -0.014416304166267931
3.134148936170213    -0.012334560661898374
3.1359574468085105    -0.010395251407596583
3.1377659574468084    -0.008551190540622335
3.1395744680851063    -0.00688051499898115
3.141382978723404    -0.005459052760505264
3.143191489361702    -0.004094506186398927
3.145    -0.002334472036682041
3.146808510638298    0.00014452604533591196
3.148617021276596    0.0031861268274315387
3.1504255319148937    0.006282228645055805
3.1522340425531916    0.009057247645031708
3.1540425531914895    0.011554255559708597
3.1558510638297874    0.01403221179947836
3.1576595744680853    0.016588172664846614
3.159468085106383    0.019077933829729138
3.161276595744681    0.021361108028021478
3.163085106382979    0.023481496016633442
3.1648936170212765    0.02554442722156363
3.1667021276595744    0.027497636649299752
3.1685106382978723    0.029129467694472895
3.17031914893617    0.03026905891875819
3.172127659574468    0.030914370824545727
3.173936170212766    0.031164390624380478
3.175744680851064    0.031111806243162732
3.1775531914893618    0.030844712246315208
3.1793617021276597    0.030481763562877684
3.1811702127659576    0.03011560260394601
3.1829787234042555    0.02972954522166347
3.1847872340425534    0.029233535354556896
3.1865957446808513    0.028571911654797645
3.188404255319149    0.027712090199397105
3.190212765957447    0.026522282750409854
3.192021276595745    0.02480529519692906
3.1938297872340424    0.022590613318785965
3.1956382978723403    0.020329850650556945
3.1974468085106382    0.018593328299261885
3.199255319148936    0.017475594483576516
3.201063829787234    0.016435608992175457
3.202872340425532    0.01489795227319949
3.20468085106383    0.012975073152417808
3.2064893617021277    0.01139348533631597
3.2082978723404256    0.010624137237822549
3.2101063829787235    0.010248247105900235
3.2119148936170214    0.009368454221796201
3.2137234042553193    0.007593209464955602
3.2155319148936172    0.005397138525078112
3.217340425531915    0.0034516929566822344
3.219148936170213    0.0018247089932794522
3.220957446808511    7.398527316794133e-05
3.2227659574468084    -0.001943282309339896
3.2245744680851063    -0.003664021372166571
3.226382978723404    -0.004385120224151907
3.228191489361702    -0.004081288783010219
3.23    -0.0034275081422270185
3.231808510638298    -0.0030117563860588203
3.233617021276596    -0.0027359921591147756
3.2354255319148937    -0.0021073765755669762
3.2372340425531916    -0.000979097537282367
3.2390425531914895    0.00019315114947899528
3.2408510638297874    0.0008203501209268868
3.2426595744680853    0.000738933430443419
3.244468085106383    0.00024723465217166025
3.246276595744681    -0.0002727871125998641
3.248085106382979    -0.0006444391149027177
3.249893617021277    -0.0008982348482314932
3.251702127659575    -0.0011876160177138216
3.2535106382978722    -0.0017538484131744384
3.25531914893617    -0.002818602995741735
3.257127659574468    -0.004361456829224831
3.258936170212766    -0.006035998466967072
3.260744680851064    -0.007429985448634392
3.2625531914893617    -0.008432024268011257
3.2643617021276596    -0.00926467228886266
3.2661702127659575    -0.0101533986698045
3.2679787234042554    -0.01109152941941051
3.2697872340425533    -0.012014714088532793
3.2715957446808512    -0.013088733708744612
3.273404255319149    -0.014623362900445499
3.275212765957447    -0.01667100781361125
3.277021276595745    -0.0188855307538228
3.278829787234043    -0.020915498772240235
3.2806382978723407    -0.022850349563557422
3.282446808510638    -0.025097548121912838
3.284255319148936    -0.027806700218343444
3.286063829787234    -0.030591091397833524
3.287872340425532    -0.03293157759594053
3.28968085106383    -0.034743757619065695
3.2914893617021277    -0.03637011833674906
3.2932978723404256    -0.03802928261122072
3.2951063829787235    -0.03947047483622972
3.2969148936170214    -0.04028077512015669
3.2987234042553193    -0.04040693781458874
3.300531914893617    -0.04019052770687679
3.302340425531915    -0.0398973827518156
3.304148936170213    -0.03938672134266787
3.305957446808511    -0.03832843725350129
3.307765957446809    -0.03662392688784465
3.3095744680851067    -0.034462993142251507
3.311382978723404    -0.032000333205193986
3.313191489361702    -0.029139211238860478
3.315    -0.025697671907453458
3.316808510638298    -0.021683815235722985
3.3186170212765957    -0.017312163385408315
3.3204255319148936    -0.012809601403124048
3.3222340425531915    -0.008319907204742152
3.3240425531914894    -0.0039760390039369885
3.3258510638297873    8.347845027211571e-05
3.3276595744680852    0.0038431971487761633
3.329468085106383    0.007460274679493437
3.331276595744681    0.011078044510343554
3.333085106382979    0.01463594393365188
3.334893617021277    0.017985734686699003
3.3367021276595747    0.021184348928879226
3.3385106382978726    0.024508635276814916
3.34031914893617    0.028086196864085474
3.342127659574468    0.031628072130553214
3.343936170212766    0.03469432858660962
3.345744680851064    0.03719987464124587
3.3475531914893617    0.039471923175811
3.3493617021276596    0.04173518010754394
3.3511702127659575    0.043706125691531636
3.3529787234042554    0.044879381116460115
3.3547872340425533    0.045155690461626846
3.356595744680851    0.044967139690159225
3.358404255319149    0.04472281903623679
3.360212765957447    0.044330847599500844
3.362021276595745    0.0434434818682639
3.363829787234043    0.042053544017229924
3.3656382978723407    0.04057260708524793
3.3674468085106386    0.0392640388120388
3.369255319148936    0.03784453226077855
3.371063829787234    0.03585125626239542
3.372872340425532    0.033277300865282244
3.3746808510638298    0.030568879790930897
3.3764893617021277    0.027979309412916285
3.3782978723404256    0.02522578394671114
3.3801063829787235    0.02199710641029106
3.3819148936170214    0.018610831925036
3.3837234042553193    0.015796144481903862
3.385531914893617    0.01374288432303989
3.387340425531915    0.011657524784360426
3.389148936170213    0.008524579308332315
3.390957446808511    0.004212649147478554
3.3927659574468088    -0.00043827303473411867
3.3945744680851067    -0.00463790217040464
3.3963829787234046    -0.008469839450977238
3.398191489361702    -0.012525482632095623
3.4    -0.016925569379430763
3.401808510638298    -0.02104371312057422
3.4036170212765957    -0.02423275540469925
3.4054255319148936    -0.026524959449790598
3.4072340425531915    -0.028401418234629976
3.4090425531914894    -0.030036907045844417
3.4108510638297873    -0.03109151674061555
3.412659574468085    -0.03129301041292831
3.414468085106383    -0.030951546813789033
3.416276595744681    -0.03068107454033145
3.418085106382979    -0.0307115545338005
3.419893617021277    -0.030702598722747373
3.4217021276595747    -0.030249077187508112
3.4235106382978726    -0.029366397895262512
3.4253191489361705    -0.028372003413190378
3.427127659574468    -0.027450827104706012
3.428936170212766    -0.026547741126522015
3.4307446808510638    -0.025655581044168263
3.4325531914893617    -0.024978424911382545
3.4343617021276596    -0.024685175588427602
3.4361702127659575    -0.024615018769236316
3.4379787234042554    -0.024381121948846958
3.4397872340425533    -0.02374647803554853
3.441595744680851    -0.02277599149282704
3.443404255319149    -0.021615377426421778
3.445212765957447    -0.020260655798966506
3.447021276595745    -0.018618996859205435
3.4488297872340428    -0.016681121092174733
3.4506382978723407    -0.014488867296631722
3.4524468085106386    -0.011972413213230504
3.4542553191489365    -0.00899712239864053
3.456063829787234    -0.005643502322279068
3.457872340425532    -0.0023162107513210912
3.4596808510638297    0.0005636320002746866
3.4614893617021276    0.0029491080911336585
3.4632978723404255    0.005144577859001714
3.4651063829787234    0.007404937850561864
3.4669148936170213    0.009688245174099826
3.468723404255319    0.011847991401004062
3.470531914893617    0.013921958839327366
3.472340425531915    0.016070252402068934
3.474148936170213    0.018273172860973436
3.475957446808511    0.02028223922437284
3.4777659574468087    0.021945406697825277
3.4795744680851066    0.02344438166799219
3.4813829787234045    0.025065301642013843
3.4831914893617024    0.026783522322624063
3.4850000000000003    0.02822848484501874
3.4868085106382978    0.029078724392024725
3.4886170212765957    0.02935291644385714
3.4904255319148936    0.029242911077515234
3.4922340425531915    0.028797661435606033
3.4940425531914894    0.027938010320610857
3.4958510638297873    0.026734279921495088
3.497659574468085    0.02546038644357894
3.499468085106383    0.024292583486029494
3.501276595744681    0.0231022432681091
3.503085106382979    0.02168142759995391
3.5048936170212768    0.020067188944833746
3.5067021276595747    0.018435292781717294
3.5085106382978726    0.01668948475722954
3.5103191489361705    0.014423237983019466
3.5121276595744684    0.011458975475018226
3.5139361702127663    0.008255921684044678
3.5157446808510637    0.005498085061511802
3.5175531914893616    0.003271915845232922
3.5193617021276595    0.0009313761504270972
3.5211702127659574    -0.002066832063254559
3.5229787234042553    -0.005410541088846317
3.5247872340425532    -0.008308763229968784
3.526595744680851    -0.010564728262655605
3.528404255319149    -0.012909903984820961
3.530212765957447    -0.016076680906842555
3.532021276595745    -0.019778970058415134
3.5338297872340427    -0.02295796438208867
3.5356382978723406    -0.025013676333940513
3.5374468085106385    -0.026441294718278247
3.5392553191489364    -0.028079745493488302
3.5410638297872343    -0.030009103492141892
3.5428723404255322    -0.03155141638815243
3.5446808510638297    -0.03230362537317275
3.5464893617021276    -0.03275328940294472
3.5482978723404255    -0.03364335748859649
3.5501063829787234    -0.03496770931006365
3.5519148936170213    -0.03594405830798584
3.553723404255319    -0.03595021298753125
3.555531914893617    -0.03514263455866811
3.557340425531915    -0.03400665671942126
3.559148936170213    -0.03258875188310525
3.560957446808511    -0.030521621012298585
3.5627659574468087    -0.02774265713775214
3.5645744680851066    -0.024798833357366545
3.5663829787234045    -0.022243309245610056
3.5681914893617024    -0.019949726290941307
3.5700000000000003    -0.01731061648002207
3.571808510638298    -0.014062194003529191
3.5736170212765956    -0.010624619525553675
3.5754255319148935    -0.007539086585537001
3.5772340425531914    -0.004812551073651019
3.5790425531914893    -0.0020377868195046497
3.5808510638297872    0.0009660463978814616
3.582659574468085    0.003925274828427467
3.584468085106383    0.00655781796274181
3.586276595744681    0.008977127207702943
3.588085106382979    0.011463228772218944
3.5898936170212767    0.013989576098330795
3.5917021276595746    0.016250429519885472
3.5935106382978725    0.01815325300659979
3.5953191489361704    0.020007195284116888
3.5971276595744683    0.022065915374312718
3.5989361702127662    0.02406056223870108
3.600744680851064    0.025434132322883655
3.6025531914893616    0.026003648395055624
3.6043617021276595    0.02613803836580495
3.6061702127659574    0.02619783606932207
3.6079787234042553    0.026030533116890027
3.609787234042553    0.025252887880247196
3.611595744680851    0.02393595520062
3.613404255319149    0.022705983366664517
3.615212765957447    0.02205347110032351
