0.0    0.0
0.0018085106382978724    0.0
0.003617021276595745    0.0
0.005425531914893617    0.0
0.00723404255319149    0.0
0.009042553191489363    0.0
0.010851063829787235    0.0
0.012659574468085107    0.0
0.01446808510638298    0.0
0.016276595744680853    0.0
0.018085106382978725    0.0
0.019893617021276597    0.0
0.02170212765957447    0.0
0.023510638297872342    0.0
0.025319148936170214    0.0
0.027127659574468086    0.0
0.02893617021276596    0.0
0.03074468085106383    0.0
0.032553191489361706    0.0
0.03436170212765958    0.0
0.03617021276595745    0.0
0.03797872340425532    0.0
0.039787234042553195    0.0
0.04159574468085107    0.0
0.04340425531914894    0.0
0.04521276595744681    0.0
0.047021276595744683    0.0
0.048829787234042556    0.0
0.05063829787234043    0.0
0.0524468085106383    0.0
0.05425531914893617    0.0
0.056063829787234044    0.0
0.05787234042553192    0.0
0.05968085106382979    0.0
0.06148936170212766    0.0
0.06329787234042554    0.0
0.06510638297872341    0.0
0.06691489361702128    0.0
0.06872340425531916    0.0
0.07053191489361703    0.0
0.0723404255319149    0.0
0.07414893617021277    0.0
0.07595744680851065    0.0
0.07776595744680852    0.0
0.07957446808510639    0.0
0.08138297872340426    0.0
0.08319148936170213    0.0
0.085    0.0
0.08680851063829788    0.0
0.08861702127659575    0.0
0.09042553191489362    0.0
0.0922340425531915    0.0
0.09404255319148937    0.0
0.09585106382978724    0.0
0.09765957446808511    0.0
0.09946808510638298    0.0
0.10127659574468086    0.0
0.10308510638297873    0.0
0.1048936170212766    0.0
0.10670212765957447    0.0
0.10851063829787234    0.0
0.11031914893617022    0.0
0.11212765957446809    0.0
0.11393617021276596    0.0
0.11574468085106383    0.0
0.1175531914893617    0.0
0.11936170212765958    0.0
0.12117021276595745    0.0
0.12297872340425532    0.0
0.1247872340425532    0.0
0.12659574468085108    0.0
0.12840425531914895    0.0
0.13021276595744682    0.0
0.1320212765957447    0.0
0.13382978723404257    0.0
0.13563829787234044    0.0
0.1374468085106383    0.0
0.13925531914893619    0.0
0.14106382978723406    3.55852733369849e-156
0.14287234042553193    1.4026316660593661e-151
0.1446808510638298    9.305864193097706e-148
0.14648936170212767    2.493922502366807e-144
0.14829787234042555    3.6154153351973214e-141
0.15010638297872342    3.2927419952386854e-138
0.1519148936170213    2.0642766024828485e-135
0.15372340425531916    9.475157727979245e-133
0.15553191489361703    3.329163056412239e-130
0.1573404255319149    9.259933218784901e-128
0.15914893617021278    2.0932331910876743e-125
0.16095744680851065    3.9276542922456106e-123
0.16276595744680852    6.224170937909596e-121
0.1645744680851064    8.451834450553352e-119
0.16638297872340427    9.955741157021243e-117
0.16819148936170214    1.0280795885153429e-114
0.17    9.392520228014004e-113
0.17180851063829788    7.652758909609244e-111
0.17361702127659576    5.600221329906775e-109
0.17542553191489363    3.704026552305706e-107
0.1772340425531915    2.2267325786285365e-105
0.17904255319148937    1.2228858987876355e-103
0.18085106382978725    6.163347271871425e-102
0.18265957446808512    2.8626454037192514e-100
0.184468085106383    1.22995158016947e-98
0.18627659574468086    4.905563302848329e-97
0.18808510638297873    1.8220448370082916e-95
0.1898936170212766    6.320907567901902e-94
0.19170212765957448    2.053689783544043e-92
0.19351063829787235    6.265045631937843e-91
0.19531914893617022    1.798744898537878e-89
0.1971276595744681    4.8710595398011337e-88
0.19893617021276597    1.2467395229582738e-86
0.20074468085106384    3.0217567847612847e-85
0.2025531914893617    6.947941336434795e-84
0.20436170212765958    1.5180981637970133e-82
0.20617021276595746    3.157051974886873e-81
0.20797872340425533    6.258255886547596e-80
0.2097872340425532    1.1842129364682813e-78
0.21159574468085107    2.141868906507875e-77
0.21340425531914894    3.7076040705034095e-76
0.21521276595744682    6.149691942929203e-75
0.2170212765957447    9.785174258937342e-74
0.21882978723404256    1.4952367804765922e-72
0.22063829787234043    2.1964720242370407e-71
0.2224468085106383    3.104862779940951e-70
0.22425531914893618    4.227337962802933e-69
0.22606382978723405    5.548652188717975e-68
0.22787234042553192    7.027076865994814e-67
0.2296808510638298    8.593753697219907e-66
0.23148936170212767    1.0156663317881676e-64
0.23329787234042554    1.160923697314716e-63
0.2351063829787234    1.284256199808799e-62
0.23691489361702128    1.3759198280694195e-61
0.23872340425531915    1.4286111750329815e-60
0.24053191489361703    1.4384308091064633e-59
0.2423404255319149    1.4053409014784186e-58
0.24414893617021277    1.3330477233568324e-57
0.24595744680851064    1.2283576607942475e-56
0.24776595744680852    1.1001546533922025e-55
0.2495744680851064    9.582047017114767e-55
0.25138297872340426    8.12000142867485e-54
0.25319148936170216    6.698180737075419e-53
0.255    5.380996934746267e-52
0.2568085106382979    4.2118099531565124e-51
0.25861702127659575    3.2133875455425774e-50
0.26042553191489365    2.390712861978e-49
0.2622340425531915    1.7351504004411014e-48
0.2640425531914894    1.2290277539852606e-47
0.26585106382978724    8.498942226035626e-47
0.26765957446808514    5.739908751456607e-46
0.269468085106383    3.787346990736133e-45
0.2712765957446809    2.4423238810662275e-44
0.2730851063829787    1.5397588477941988e-43
0.2748936170212766    9.493406350878754e-43
0.27670212765957447    5.725923176770597e-42
0.27851063829787237    3.3795038712893545e-41
0.2803191489361702    1.952406088869456e-40
0.2821276595744681    1.1043810875353389e-39
0.28393617021276596    6.118111427505797e-39
0.28574468085106386    3.320318536958219e-38
0.2875531914893617    1.7656997022856263e-37
0.2893617021276596    9.203139695465233e-37
0.29117021276595745    4.702635284375862e-36
0.29297872340425535    2.3563159729907644e-35
0.2947872340425532    1.1580049957820914e-34
0.2965957446808511    5.582988638404729e-34
0.29840425531914894    2.6411573758132625e-33
0.30021276595744684    1.226258522525971e-32
0.3020212765957447    5.588770579040773e-32
0.3038297872340426    2.500809514340845e-31
0.3056382978723404    1.098894632312583e-30
0.3074468085106383    4.742650356888552e-30
0.30925531914893617    2.0107211524119467e-29
0.31106382978723407    8.375716168702069e-29
0.3128723404255319    3.428489222037442e-28
0.3146808510638298    1.379314998709852e-27
0.31648936170212766    5.454699816667047e-27
0.31829787234042556    2.1207511611767155e-26
0.3201063829787234    8.107419726696462e-26
0.3219148936170213    3.047966899968306e-25
0.32372340425531915    1.1270184273228171e-24
0.32553191489361705    4.099222788257231e-24
0.3273404255319149    1.466818467753001e-23
0.3291489361702128    5.1642618255226204e-23
0.33095744680851064    1.7891550888633986e-22
0.33276595744680854    6.100206555596125e-22
0.3345744680851064    2.0471282573882448e-21
0.3363829787234043    6.76230679391951e-21
0.3381914893617021    2.1990624413960882e-20
0.34    7.040685432707642e-20
0.34180851063829787    2.2195610150124283e-19
0.34361702127659577    6.890208428294427e-19
0.3454255319148936    2.1064318131058793e-18
0.3472340425531915    6.342305821366575e-18
0.34904255319148936    1.8808967230269492e-17
0.35085106382978726    5.494552193489996e-17
0.3526595744680851    1.581172131112952e-16
0.354468085106383    4.482638649667149e-16
0.35627659574468085    1.2520526950577275e-15
0.35808510638297875    3.4456460707724414e-15
0.3598936170212766    9.343317557197122e-15
0.3617021276595745    2.4965223160561437e-14
0.36351063829787233    6.573452133338744e-14
0.36531914893617023    1.7056635232313717e-13
0.3671276595744681    4.3616557592675487e-13
0.368936170212766    1.0992138395991535e-12
0.3707446808510638    2.7302260140032165e-12
0.3725531914893617    6.683618543123181e-12
0.37436170212765957    1.6126144616731493e-11
0.37617021276595747    3.8349756873553524e-11
0.3779787234042553    8.989039176245699e-11
0.3797872340425532    2.0767585092515154e-10
0.38159574468085106    4.729141053481591e-10
0.38340425531914896    1.0614548025567034e-09
0.3852127659574468    2.348232160587164e-09
0.3870212765957447    5.1203068415962345e-09
0.38882978723404255    1.1004220224358455e-08
0.39063829787234045    2.330888325581003e-08
0.3924468085106383    4.86598469290799e-08
0.3942553191489362    1.001135262152587e-07
0.39606382978723403    2.0298810713248152e-07
0.39787234042553193    4.055875324343376e-07
0.3996808510638298    7.985686945545563e-07
0.4014893617021277    1.54927384619423e-06
0.4032978723404255    2.9614455018482903e-06
0.4051063829787234    5.577082769156942e-06
0.40691489361702127    1.0346725077703805e-05
0.40872340425531917    1.890828929817945e-05
0.410531914893617    3.403394140327796e-05
0.4123404255319149    6.033037266455111e-05
0.41414893617021276    0.00010531063738675715
0.41595744680851066    0.00018099435497954106
0.4177659574468085    0.0003062340725920493
0.4195744680851064    0.0005100015890573708
0.42138297872340424    0.0008358864192745182
0.42319148936170214    0.0013480401596554401
0.425    0.0021387192287421622
0.4268085106382979    0.003337402726373312
0.42861702127659573    0.005121159145887471
0.43042553191489363    0.007725479448542301
0.4322340425531915    0.011454178183373916
0.4340425531914894    0.01668621877306196
0.4358510638297872    0.023876528373107202
0.4376595744680851    0.033547186743724755
0.43946808510638297    0.046265032993281024
0.44127659574468087    0.06260202634678214
0.4430851063829787    0.08307593421921311
0.4448936170212766    0.10807135774171653
0.44670212765957445    0.13774483114866554
0.44851063829787235    0.17192254684836067
0.4503191489361702    0.2100045625566046
0.4521276595744681    0.25089409143611635
0.45393617021276594    0.2929732262943214
0.45574468085106384    0.33414560541250266
0.4575531914893617    0.3719607169896984
0.4593617021276596    0.40382313213112336
0.46117021276595743    0.4272736036464682
0.46297872340425533    0.44030997803278443
0.46478723404255323    0.44169821668034187
0.4665957446808511    0.4312126181523917
0.468404255319149    0.4097446790925953
0.4702127659574468    0.3792354201996592
0.4720212765957447    0.34241662877067275
0.47382978723404257    0.302388020582213
0.47563829787234047    0.2621009037637319
0.4774468085106383    0.2238525359449144
0.4792553191489362    0.18890697117445276
0.48106382978723405    0.157339779908927
0.48287234042553195    0.12815540992962293
0.4846808510638298    0.09965682156372574
0.4864893617021277    0.06997585065807832
0.48829787234042554    0.0376221222779642
0.49010638297872344    0.001897583065641792
0.4919148936170213    -0.03693893360447149
0.4937234042553192    -0.07779527676563566
0.49553191489361703    -0.11910231070813529
0.49734042553191493    -0.1592709245715532
0.4991489361702128    -0.19708766638129363
0.5009574468085106    -0.2319178273010167
0.5027659574468085    -0.2636667235898452
0.5045744680851064    -0.2925505379955028
0.5063829787234043    -0.3188043592506288
0.5081914893617021    -0.34247193822176547
0.51    -0.3633695997583758
0.5118085106382979    -0.38121911957490207
0.5136170212765958    -0.3958494630124315
0.5154255319148936    -0.40732606583227327
0.5172340425531915    -0.4159056777452852
0.5190425531914894    -0.42181964032940933
0.5208510638297873    -0.4250045174290129
0.5226595744680851    -0.4249578727744684
0.524468085106383    -0.4208537729418593
0.5262765957446809    -0.4119161333240975
0.5280851063829788    -0.39788499474407857
0.5298936170212766    -0.3793160911063498
0.5317021276595745    -0.3574986514776569
0.5335106382978724    -0.33395996138494544
0.5353191489361703    -0.30976302147313084
0.5371276595744681    -0.2849623436938764
0.538936170212766    -0.25855294466726453
0.5407446808510639    -0.2290143370725663
0.5425531914893618    -0.1952209260178473
0.5443617021276596    -0.1572454230375212
0.5461702127659575    -0.11658272330576308
0.5479787234042554    -0.07560330910416027
0.5497872340425533    -0.036476571536765534
0.551595744680851    -0.00014403174233024174
0.5534042553191489    0.0340477469996338
0.5552127659574468    0.06778011963691039
0.5570212765957447    0.10252328376847786
0.5588297872340425    0.13831615527370425
0.5606382978723404    0.1733008310980759
0.5624468085106383    0.20434272218139107
0.5642553191489362    0.22842609798244026
0.566063829787234    0.24402056939135705
0.5678723404255319    0.2515926330647712
0.5696808510638298    0.2529379802473366
0.5714893617021277    0.2497501134554918
0.5732978723404255    0.24235525306303357
0.5751063829787234    0.22948032207288366
0.5769148936170213    0.20928262817786597
0.5787234042553192    0.18104138865335984
0.580531914893617    0.14643061573785848
0.5823404255319149    0.10950009973317865
0.5841489361702128    0.0752841243619268
0.5859574468085107    0.047832925729894865
0.5877659574468085    0.02883608978304124
0.5895744680851064    0.01761333833137884
0.5913829787234043    0.012337468624025235
0.5931914893617022    0.011544171688925499
0.595    0.014839658186886363
0.5968085106382979    0.022349704297798322
0.5986170212765958    0.03342073366206841
0.6004255319148937    0.04568736005559733
0.6022340425531915    0.05540507647184435
0.6040425531914894    0.05903938425032354
0.6058510638297873    0.05514523990540583
0.6076595744680852    0.045266551060624216
0.609468085106383    0.03318367696513452
0.6112765957446809    0.022933836697282134
0.6130851063829788    0.016847870109783454
0.6148936170212767    0.01480095574171477
0.6167021276595744    0.015004538816888124
0.6185106382978723    0.015611722105724674
0.6203191489361702    0.015932693331923833
0.6221276595744681    0.016477589582392163
0.6239361702127659    0.018001076995384738
0.6257446808510638    0.020465906345667605
0.6275531914893617    0.02281689009781275
0.6293617021276596    0.02372668691777357
0.6311702127659574    0.02265602711476785
0.6329787234042553    0.020326493992850463
0.6347872340425532    0.01821126741189255
0.6365957446808511    0.017468419574054206
0.6384042553191489    0.018187614318372368
0.6402127659574468    0.019533165244120437
0.6420212765957447    0.02060101850358189
0.6438297872340426    0.02121638592222834
0.6456382978723404    0.02197861204476506
0.6474468085106383    0.023534085725435264
0.6492553191489362    0.025746081462076513
0.6510638297872341    0.02754165750786198
0.6528723404255319    0.02764986007107073
0.6546808510638298    0.02567611458656848
0.6564893617021277    0.02263118903935573
0.6582978723404256    0.020426510034842305
0.6601063829787234    0.020643947887714405
0.6619148936170213    0.023450102013050346
0.6637234042553192    0.02742211288158642
0.6655319148936171    0.030392950410785456
0.6673404255319149    0.03073241828618161
0.6691489361702128    0.02824924570696042
0.6709574468085107    0.024222872735096393
0.6727659574468086    0.020640460467864254
0.6745744680851063    0.019122320208231
0.6763829787234042    0.02008441912964972
0.6781914893617021    0.022498986120968817
0.68    0.024348835438743097
0.6818085106382978    0.02361032792740938
0.6836170212765957    0.01934976474984873
0.6854255319148936    0.012352653358140599
0.6872340425531915    0.004807759841703563
0.6890425531914893    -0.0009508507955071368
0.6908510638297872    -0.003975952687109371
0.6926595744680851    -0.005483706618782669
0.694468085106383    -0.008196778289003457
0.6962765957446809    -0.014543083267855727
0.6980851063829787    -0.024910400983910792
0.6998936170212766    -0.037247431135039116
0.7017021276595745    -0.048381708439241944
0.7035106382978724    -0.05613809870205795
0.7053191489361702    -0.06070601809786602
0.7071276595744681    -0.06426569964486414
0.708936170212766    -0.06922022411595963
0.7107446808510639    -0.07641879676197705
0.7125531914893617    -0.08467550933457299
0.7143617021276596    -0.0918057604318124
0.7161702127659575    -0.09625079720467858
0.7179787234042554    -0.09805515202886039
0.7197872340425532    -0.09863269508943878
0.7215957446808511    -0.09972172807346313
0.723404255319149    -0.10237872345048527
0.7252127659574469    -0.10657417239477812
0.7270212765957447    -0.11138211677776078
0.7288297872340426    -0.11545959331922265
0.7306382978723405    -0.11760151779775707
0.7324468085106384    -0.11728997626654736
0.7342553191489362    -0.1150554476512127
0.7360638297872341    -0.1123035362440675
0.737872340425532    -0.110447462514103
0.7396808510638299    -0.10978868109531478
0.7414893617021276    -0.10906694583780635
0.7432978723404255    -0.10629871189538351
0.7451063829787234    -0.10045417390401673
0.7469148936170213    -0.09258761462054735
0.7487234042553191    -0.0852525167268599
0.750531914893617    -0.08045350273111293
0.7523404255319149    -0.07782444806917962
0.7541489361702128    -0.07474985655185656
0.7559574468085106    -0.06852512491587012
0.7577659574468085    -0.05874880424016454
0.7595744680851064    -0.04776962185068617
0.7613829787234043    -0.038675815597290705
0.7631914893617021    -0.03257762449998956
0.765    -0.027666022689660327
0.7668085106382979    -0.020947461450333993
0.7686170212765958    -0.011068668873702163
0.7704255319148936    0.00039593361569477403
0.7722340425531915    0.010387921471858796
0.7740425531914894    0.017159340252744286
0.7758510638297873    0.021782695984824137
0.7776595744680851    0.0270084242298134
0.779468085106383    0.034648699956926134
0.7812765957446809    0.044013785398759185
0.7830851063829788    0.05279838287974737
0.7848936170212766    0.059385294752889735
0.7867021276595745    0.06423098200424163
0.7885106382978724    0.06906444895420652
0.7903191489361703    0.07490236629261979
0.7921276595744681    0.0810170595310365
0.793936170212766    0.08587859934709924
0.7957446808510639    0.08895947651309594
0.7975531914893618    0.09139689515749638
0.7993617021276596    0.09477040681256907
0.8011702127659575    0.09930452927596647
0.8029787234042554    0.10345386218233701
0.8047872340425533    0.10537476727688608
0.806595744680851    0.1047716660542646
0.808404255319149    0.1031749604538087
0.8102127659574468    0.10233824341045242
0.8120212765957447    0.10242296663452272
0.8138297872340425    0.10187209490461926
0.8156382978723404    0.09910207922364661
0.8174468085106383    0.09422953855035845
0.8192553191489362    0.08901609102309097
0.821063829787234    0.08509761063771204
0.8228723404255319    0.08237171570348706
0.8246808510638298    0.07923905069007164
0.8264893617021277    0.07442369109101693
0.8282978723404255    0.06842599935848839
0.8301063829787234    0.06305658378300424
0.8319148936170213    0.05953857186155807
0.8337234042553192    0.0571864253635479
0.835531914893617    0.05406704138270256
0.8373404255319149    0.04896377215629523
0.8391489361702128    0.042593989119320635
0.8409574468085107    0.03680866250922357
0.8427659574468085    0.032603345508453715
0.8445744680851064    0.02900134841723362
0.8463829787234043    0.023970497505118572
0.8481914893617022    0.01645866415364721
0.85    0.007514101894242453
0.8518085106382979    -0.0006044443139443401
0.8536170212765958    -0.006432922101511019
0.8554255319148937    -0.010493456607969243
0.8572340425531915    -0.014618911839982731
0.8590425531914894    -0.020171394589426028
0.8608510638297873    -0.02686748508779113
0.8626595744680852    -0.03319885201995808
0.864468085106383    -0.03788889864578504
0.8662765957446809    -0.040973174190124986
0.8680851063829788    -0.04361104192803732
0.8698936170212767    -0.0469618875857168
0.8717021276595744    -0.051204808251059664
0.8735106382978723    -0.05549230856458527
0.8753191489361702    -0.0587399573743924
0.8771276595744681    -0.06050144736516193
0.8789361702127659    -0.06122369981032012
0.8807446808510638    -0.061749959345149485
0.8825531914893617    -0.06253522792029084
0.8843617021276596    -0.06323575218354285
0.8861702127659574    -0.06301957470072345
0.8879787234042553    -0.06134382315290279
0.8897872340425532    -0.058510719465383054
0.8915957446808511    -0.055450579939782196
0.8934042553191489    -0.05286345284887506
0.8952127659574468    -0.05051323877794306
0.8970212765957447    -0.04742340719388924
0.8988297872340426    -0.04288409295112583
0.9006382978723404    -0.037306414443463096
0.9024468085106383    -0.031996408239498245
0.9042553191489362    -0.027967805181150864
0.9060638297872341    -0.02495947183207385
0.9078723404255319    -0.021715427009038855
0.9096808510638298    -0.017311724079380662
0.9114893617021277    -0.012166803596992508
0.9132978723404256    -0.0076332940854539275
0.9151063829787234    -0.004561992370766755
0.9169148936170213    -0.0023792862034220826
0.9187234042553192    0.0002793047407035551
0.9205319148936171    0.004025439852206042
0.9223404255319149    0.007960530102473226
0.9241489361702128    0.010598772375417358
0.9259574468085107    0.01152042577140284
0.9277659574468086    0.011944287011942093
0.9295744680851065    0.01353901475411374
0.9313829787234043    0.016721281649060137
0.9331914893617022    0.02028226506666194
0.935    0.022746112333031657
0.936808510638298    0.023960297946748838
0.9386170212765957    0.02516607380159807
0.9404255319148936    0.027493501511480417
0.9422340425531915    0.030584053609523022
0.9440425531914894    0.03289652745335463
0.9458510638297872    0.033363610952220214
0.9476595744680851    0.03255564093301642
0.949468085106383    0.03206326394979452
0.9512765957446809    0.032793296159218006
0.9530851063829787    0.03405362028084687
0.9548936170212766    0.034386847728730234
0.9567021276595745    0.03317108668083244
0.9585106382978724    0.031223907896259097
0.9603191489361702    0.02983931377609498
0.9621276595744681    0.029437035718295604
0.963936170212766    0.029333161009333107
0.9657446808510639    0.02876706728625368
0.9675531914893617    0.027891583321998342
0.9693617021276596    0.027570808455470164
0.9711702127659575    0.02828224922970534
0.9729787234042554    0.029448049932649198
0.9747872340425532    0.029966222957929597
0.9765957446808511    0.029299664844333384
0.978404255319149    0.027880237171107686
0.9802127659574469    0.026439485499327488
0.9820212765957447    0.025115917327641624
0.9838297872340426    0.02336534819543553
0.9856382978723405    0.020690760317698537
0.9874468085106384    0.017266546322471647
0.9892553191489362    0.013741857154798434
0.9910638297872341    0.010529166514548553
0.992872340425532    0.007455114482372741
0.9946808510638299    0.00413865824646046
0.9964893617021277    0.0005636632564199433
0.9982978723404256    -0.0028707205895687413
1.0001063829787233    -0.005847187025169209
1.0019148936170212    -0.008534228167058669
1.0037234042553191    -0.011415020660068017
1.005531914893617    -0.014783308132852146
1.007340425531915    -0.01851513955590387
1.0091489361702128    -0.022325615757277158
1.0109574468085107    -0.026117467253095918
1.0127659574468086    -0.029984238235589253
1.0145744680851063    -0.03393764831230968
1.0163829787234042    -0.037780987628314694
1.0181914893617021    -0.0413013665130751
1.02    -0.04448285497533182
1.021808510638298    -0.047412397284609595
1.0236170212765958    -0.05000091357171113
1.0254255319148937    -0.05193781130456494
1.0272340425531916    -0.052998576623798824
1.0290425531914893    -0.05331381367148692
1.0308510638297872    -0.053201417608826934
1.032659574468085    -0.052731306893029906
1.034468085106383    -0.05159868895584632
1.036276595744681    -0.04953214219075473
1.0380851063829788    -0.04674484754434492
1.0398936170212767    -0.04379859332673032
1.0417021276595746    -0.04096341496068617
1.0435106382978723    -0.0378655905765163
1.0453191489361702    -0.0339591966691192
1.047127659574468    -0.02933957132160718
1.048936170212766    -0.02488607305138644
1.0507446808510639    -0.021438926008856413
1.0525531914893618    -0.01890777610451113
1.0543617021276597    -0.016402621553788993
1.0561702127659576    -0.013316732067113667
1.0579787234042553    -0.010104926304171487
1.0597872340425532    -0.007773375667377392
1.061595744680851    -0.0066141084710752696
1.063404255319149    -0.005696636020197441
1.0652127659574468    -0.0038208109143908504
1.0670212765957447    -0.0009046789610806117
1.0688297872340426    0.0018207340122406834
1.0706382978723405    0.0031163736088934916
1.0724468085106382    0.0030944433263758574
1.0742553191489361    0.003077728178715572
1.076063829787234    0.00411721949544061
1.077872340425532    0.005873563939368778
1.0796808510638298    0.007125830188037739
1.0814893617021277    0.007256682444494538
1.0832978723404256    0.006939234452254243
1.0851063829787235    0.007238508322549786
1.0869148936170212    0.008245459136967757
1.088723404255319    0.008907495184142286
1.090531914893617    0.008269875139083675
1.092340425531915    0.006647777659507534
1.0941489361702128    0.005333965252323686
1.0959574468085107    0.005190800050684702
1.0977659574468086    0.0057832374058478745
1.0995744680851065    0.006038473304487309
1.1013829787234042    0.005602690071720179
1.103191489361702    0.005277002612385789
1.105    0.006053922918803606
1.1068085106382979    0.007940006714425124
1.1086170212765958    0.009962107979110459
1.1104255319148937    0.011315774848337805
1.1122340425531916    0.012276199916882094
1.1140425531914895    0.013818571149424553
1.1158510638297872    0.016433661465114116
1.117659574468085    0.01953055333835372
1.119468085106383    0.0220767832964519
1.1212765957446809    0.02368657760660771
1.1230851063829788    0.024923137460562392
1.1248936170212767    0.026562548140614102
1.1267021276595746    0.028742391562982535
1.1285106382978725    0.030940292054861346
1.1303191489361701    0.03268635722528
1.132127659574468    0.03409817319878565
1.133936170212766    0.03563689943197805
1.1357446808510638    0.037444334473478794
1.1375531914893617    0.039073818174906
1.1393617021276596    0.039915234451142145
1.1411702127659575    0.03981220119860937
1.1429787234042554    0.03919408702609069
1.1447872340425531    0.03861454774060931
1.146595744680851    0.03820789329989609
1.148404255319149    0.037601313759959426
1.1502127659574468    0.036317756856540775
1.1520212765957447    0.03424150376858537
1.1538297872340426    0.031715962082794785
1.1556382978723405    0.029220125506238155
1.1574468085106384    0.02694256298691764
1.1592553191489363    0.024638161019515506
1.161063829787234    0.021891974801785744
1.162872340425532    0.018549617471638163
1.1646808510638298    0.014911851334986445
1.1664893617021277    0.011498901673108589
1.1682978723404256    0.008608639765486148
1.1701063829787235    0.006113529111708272
1.1719148936170214    0.0036990326365361342
1.1737234042553193    0.0012650982916732915
1.175531914893617    -0.0009691454744027959
1.1773404255319149    -0.0027603830077424785
1.1791489361702128    -0.004147784275608858
1.1809574468085107    -0.005369601230186846
1.1827659574468086    -0.006499170866590061
1.1845744680851065    -0.00730610732956783
1.1863829787234044    -0.007580898150604305
1.1881914893617023    -0.007523130727489449
1.19    -0.007623881171768022
1.1918085106382978    -0.008079485578214467
1.1936170212765957    -0.008442330165197156
1.1954255319148936    -0.008039695662353442
1.1972340425531915    -0.006775633645152037
1.1990425531914894    -0.0053764690753857845
1.2008510638297873    -0.004714347448954378
1.2026595744680852    -0.004934476457844665
1.204468085106383    -0.0053898117975437025
1.2062765957446808    -0.005451388550317375
1.2080851063829787    -0.005218852693873285
1.2098936170212766    -0.005295141403314685
1.2117021276595745    -0.0059577130605805665
1.2135106382978724    -0.006800753801516046
1.2153191489361703    -0.00729809073927948
1.2171276595744682    -0.00753688394477983
1.218936170212766    -0.008143175374215899
1.2207446808510638    -0.009477698654353434
1.2225531914893617    -0.011164337288487673
1.2243617021276596    -0.012617413393139194
1.2261702127659575    -0.013923825519902686
1.2279787234042554    -0.015908157000240113
1.2297872340425533    -0.01920644796832896
1.2315957446808512    -0.023465396340042383
1.2334042553191489    -0.02769062607480951
1.2352127659574468    -0.031346345972126835
1.2370212765957447    -0.034847773256064196
1.2388297872340426    -0.038842489228258115
1.2406382978723405    -0.04321745455556407
1.2424468085106384    -0.04712107976523962
1.2442553191489363    -0.04997547652471927
1.2460638297872342    -0.0521530165583976
1.2478723404255319    -0.05440738315362065
1.2496808510638298    -0.056780616794565766
1.2514893617021277    -0.05843884886204609
1.2532978723404256    -0.058717981752189743
1.2551063829787235    -0.058054131565560205
1.2569148936170214    -0.057534426680100614
1.2587234042553193    -0.057536069886646085
1.2605319148936172    -0.057144297372051026
1.2623404255319148    -0.0551443561323743
1.2641489361702127    -0.0514360013285788
1.2659574468085106    -0.04716670338962828
1.2677659574468085    -0.04344197336204372
1.2695744680851064    -0.040198373846562316
1.2713829787234043    -0.0365588809093042
1.2731914893617022    -0.03210567983820345
1.2750000000000001    -0.027413451388170022
1.2768085106382978    -0.023236505292579916
1.2786170212765957    -0.019514689932979216
1.2804255319148936    -0.015542514543949566
1.2822340425531915    -0.011042729807222276
1.2840425531914894    -0.0066554566173486
1.2858510638297873    -0.003143952218253457
1.2876595744680852    -0.00037923979477158054
1.289468085106383    0.0024751080351395056
1.2912765957446808    0.005741283943168338
1.2930851063829787    0.00859132456339121
1.2948936170212766    0.009961989647792279
1.2967021276595745    0.009967228765623032
1.2985106382978724    0.009989711618585216
1.3003191489361703    0.011206681252311883
1.3021276595744682    0.013285698555999037
1.303936170212766    0.014837196615848435
1.3057446808510638    0.015064075644123636
1.3075531914893617    0.014590366282130653
1.3093617021276596    0.014516316899365358
1.3111702127659575    0.014972872953336564
1.3129787234042554    0.015014742005471714
1.3147872340425533    0.013923270434940418
1.3165957446808512    0.012191288178548206
1.318404255319149    0.010925105077615144
1.3202127659574467    0.010472067337144689
1.3220212765957446    0.010060950665849978
1.3238297872340425    0.008890443137426405
1.3256382978723404    0.007217623802212001
1.3274468085106383    0.006035193799843309
1.3292553191489362    0.00579649151740552
1.3310638297872341    0.005881528339946367
1.332872340425532    0.005495454211392633
1.3346808510638297    0.004795766198309842
1.3364893617021276    0.00474901434107914
1.3382978723404255    0.0058933876013698636
1.3401063829787234    0.007619963740135021
1.3419148936170213    0.008907736934093176
1.3437234042553192    0.009560520994330737
1.3455319148936171    0.010365807979212613
1.347340425531915    0.012019384402662899
1.3491489361702127    0.014247623025671183
1.3509574468085106    0.01625063222694833
1.3527659574468085    0.01783444254666941
1.3545744680851064    0.019718074949767794
1.3563829787234043    0.02261389798636529
1.3581914893617022    0.02628238900935672
1.36    0.02975919055785623
1.361808510638298    0.03240762204069303
1.3636170212765957    0.03443243743730716
1.3654255319148936    0.036294884990578355
1.3672340425531915    0.03794353506480193
1.3690425531914894    0.03893423686863602
1.3708510638297873    0.03920554769154755
1.3726595744680852    0.03933519739307033
1.374468085106383    0.039825046659679064
1.376276595744681    0.04035088442372968
1.3780851063829787    0.04004633786807381
1.3798936170212766    0.038539331008963465
1.3817021276595745    0.03642309213800758
1.3835106382978724    0.03453419083859652
1.3853191489361703    0.0329447744906618
1.3871276595744682    0.03093945708248705
1.388936170212766    0.027969630740993498
1.390744680851064    0.024347971494332772
1.3925531914893619    0.020852937856855845
1.3943617021276595    0.017855751694903076
1.3961702127659574    0.015124957941465372
1.3979787234042553    0.012446000574349494
1.3997872340425532    0.01006919067972993
1.4015957446808511    0.0083110315678541
1.403404255319149    0.00690712819213792
1.405212765957447    0.00513924592271422
1.4070212765957448    0.0027030796049089326
1.4088297872340425    0.0001907214898054189
1.4106382978723404    -0.0015189957393398942
1.4124468085106383    -0.0022402720475511208
1.4142553191489362    -0.0025908814318608584
1.416063829787234    -0.0031233869206870064
1.417872340425532    -0.003651963296924474
1.41968085106383    -0.0036590033354467807
1.4214893617021278    -0.0031819882545735863
1.4232978723404255    -0.0029150143975685055
1.4251063829787234    -0.0033324136652007888
1.4269148936170213    -0.004009276772637282
1.4287234042553192    -0.00409770704026475
1.430531914893617    -0.0033711324047933375
1.432340425531915    -0.0024570280851473718
1.4341489361702129    -0.0019460775105949136
1.4359574468085108    -0.0015821228746464035
1.4377659574468085    -0.0006432102684121224
1.4395744680851064    0.0009892320572977452
1.4413829787234043    0.0025392053513561413
1.4431914893617022    0.0032666777024802363
1.445    0.003399666457712092
1.446808510638298    0.003800137135147337
1.4486170212765959    0.004778347893988338
1.4504255319148938    0.005638388530560403
1.4522340425531914    0.0055849662487048824
1.4540425531914893    0.0047855169580695
1.4558510638297872    0.004137395537305526
1.4576595744680851    0.004015910357514499
1.459468085106383    0.003684512966483147
1.461276595744681    0.00221136735600663
1.4630851063829788    -0.0002773031626290051
1.4648936170212767    -0.002675783744513555
1.4667021276595744    -0.004244722837946268
1.4685106382978723    -0.005470470711531652
1.4703191489361702    -0.007310127245855966
1.4721276595744681    -0.009840103824088356
1.473936170212766    -0.012135322962091757
1.475744680851064    -0.013566632048542953
1.4775531914893618    -0.014778165917393529
1.4793617021276597    -0.01698442588857316
1.4811702127659574    -0.020449353820968106
1.4829787234042553    -0.024128449428269128
1.4847872340425532    -0.026949912828553534
1.486595744680851    -0.029055041274807705
1.488404255319149    -0.03138482428303338
1.490212765957447    -0.034219426563662836
1.4920212765957448    -0.03668921720776419
1.4938297872340427    -0.037965676841486495
1.4956382978723404    -0.038533798830915844
1.4974468085106383    -0.03975234708176603
1.4992553191489362    -0.04215502382263643
1.501063829787234    -0.04468007807242927
1.502872340425532    -0.04589056242631716
1.5046808510638299    -0.045676692195030455
1.5064893617021278    -0.045281490543325836
1.5082978723404257    -0.045642539272188073
1.5101063829787233    -0.04619984183040152
1.5119148936170212    -0.045672457261840646
1.5137234042553191    -0.043728097021131895
1.515531914893617    -0.041354724166638865
1.517340425531915    -0.039520923164592256
1.5191489361702128    -0.037980545671818106
1.5209574468085107    -0.03582020329116811
1.5227659574468086    -0.032946182236111565
1.5245744680851063    -0.030409321094170147
1.5263829787234042    -0.029034806623102316
1.5281914893617021    -0.02816602227896211
1.53    -0.026284007260053963
1.531808510638298    -0.022826976467213496
1.5336170212765958    -0.018909351673504333
1.5354255319148937    -0.01599922281980981
1.5372340425531916    -0.014210138095943625
1.5390425531914893    -0.012320209970677447
1.5408510638297872    -0.009380598994080381
1.542659574468085    -0.005779977479296613
1.544468085106383    -0.0024631600606842205
1.546276595744681    0.0005174744198458102
1.5480851063829788    0.004114865880150811
1.5498936170212767    0.008930933968758385
1.5517021276595746    0.014266910302765841
1.5535106382978723    0.018912090003398392
1.5553191489361702    0.022656449008042617
1.557127659574468    0.02651997872262689
1.558936170212766    0.03138311452517326
1.5607446808510639    0.036820738595388806
1.5625531914893618    0.04166766772718986
1.5643617021276597    0.04554747406290421
1.5661702127659576    0.04932914700608438
1.5679787234042553    0.05390643373875428
1.5697872340425532    0.05891391544322549
1.571595744680851    0.06307076424070504
1.573404255319149    0.0657000507406752
1.5752127659574469    0.06744855285549597
1.5770212765957448    0.06931011247151855
1.5788297872340427    0.07127337377141726
1.5806382978723406    0.07235469143834408
1.5824468085106382    0.07191778678859262
1.5842553191489361    0.07051703977698556
1.586063829787234    0.06919214300320403
1.587872340425532    0.0682000157940088
1.5896808510638298    0.06685457263345235
1.5914893617021277    0.06461458854171392
1.5932978723404256    0.06191120137917949
1.5951063829787235    0.05961508854484476
1.5969148936170212    0.057894349308248355
1.5987234042553191    0.05600768783831234
1.600531914893617    0.05329471172726738
1.602340425531915    0.05002993365359795
1.6041489361702128    0.047023671073407575
1.6059574468085107    0.04453940776550945
1.6077659574468086    0.04197312234123149
1.6095744680851065    0.03867265068871621
1.6113829787234042    0.0347504382553558
1.613191489361702    0.0308107592183937
1.615    0.027032208832387182
1.616808510638298    0.022926449905161524
1.6186170212765958    0.01814150967978194
1.6204255319148937    0.013197298172492385
1.6222340425531916    0.009060829120724371
1.6240425531914895    0.006003127259550718
1.6258510638297874    0.0031961267274411495
1.627659574468085    -0.00037303307170161995
1.629468085106383    -0.004760087789111609
1.6312765957446809    -0.009085010075726489
1.6330851063829788    -0.012653640880942268
1.6348936170212767    -0.015768220573184832
1.6367021276595746    -0.01926146406914992
1.6385106382978725    -0.02340493909064155
1.6403191489361704    -0.027564576149268723
1.642127659574468    -0.030962198649555357
1.643936170212766    -0.0335233379195267
1.6457446808510638    -0.03578219421553224
1.6475531914893617    -0.03807718382143393
1.6493617021276596    -0.04012917916127206
1.6511702127659575    -0.041512034007708844
1.6529787234042554    -0.042351383894350954
1.6547872340425533    -0.04334062185889217
1.656595744680851    -0.04507032584241725
1.658404255319149    -0.04749853721552424
1.6602127659574468    -0.05013101638676679
1.6620212765957447    -0.05257886309829512
1.6638297872340426    -0.054802955562294954
1.6656382978723405    -0.05689396511472775
1.6674468085106384    -0.05884812057184089
1.6692553191489363    -0.06067987401026318
1.671063829787234    -0.06262785812445337
1.672872340425532    -0.06503397389975449
1.6746808510638298    -0.0679564788459378
1.6764893617021277    -0.07102441269583035
1.6782978723404256    -0.07379405474707709
1.6801063829787235    -0.07621533175573872
1.6819148936170214    -0.07862089568126682
1.6837234042553193    -0.08121107142734516
1.685531914893617    -0.08364608941658061
1.6873404255319149    -0.08526708096970184
1.6891489361702128    -0.08573120609585594
1.6909574468085107    -0.08534147669653155
1.6927659574468086    -0.08468447386531877
1.6945744680851065    -0.08397194378583525
1.6963829787234044    -0.08280912380869021
1.6981914893617023    -0.08062387030305165
1.7    -0.07726348497306768
1.7018085106382979    -0.07311823695600841
1.7036170212765958    -0.06869019205981192
1.7054255319148937    -0.0641298474240172
1.7072340425531916    -0.059243569213656866
1.7090425531914895    -0.053902015516192225
1.7108510638297874    -0.048335283175983235
1.7126595744680853    -0.04297524483411959
1.714468085106383    -0.03805629044944593
1.7162765957446808    -0.03345260546231878
1.7180851063829787    -0.028918136501498118
1.7198936170212766    -0.024403990503409592
1.7217021276595745    -0.02005526957552499
1.7235106382978724    -0.015910422421902097
1.7253191489361703    -0.011711934091468024
1.7271276595744682    -0.007108185732396584
1.728936170212766    -0.002042078795737699
1.7307446808510638    0.003120662745990872
1.7325531914893617    0.007878405858733985
1.7343617021276596    0.01198758471500528
1.7361702127659575    0.015573021953505805
1.7379787234042554    0.01891691281040014
1.7397872340425533    0.02221007745631395
1.7415957446808512    0.025480410392070437
1.7434042553191489    0.02863938382624687
1.7452127659574468    0.031513701150462675
1.7470212765957447    0.033893781721783825
1.7488297872340426    0.03569076659981209
1.7506382978723405    0.03709177614899735
1.7524468085106384    0.03845914632991851
1.7542553191489363    0.039964353319620255
1.7560638297872342    0.041345748251092454
1.7578723404255319    0.04214848506689478
1.7596808510638298    0.04224604552726985
1.7614893617021277    0.04202094150295531
1.7632978723404256    0.041921822623491464
1.7651063829787235    0.04189163547301482
1.7669148936170214    0.04139311358587948
1.7687234042553193    0.040060743094138
1.7705319148936172    0.03820167668828568
1.7723404255319148    0.03650222001790049
1.7741489361702127    0.035269351030921756
1.7759574468085106    0.034137249617304494
1.7777659574468085    0.032603762150114665
1.7795744680851064    0.030720083609526688
1.7813829787234043    0.029066622019406664
1.7831914893617022    0.028059310491831885
1.7850000000000001    0.027471441818634763
1.7868085106382978    0.026750443359550048
1.7886170212765957    0.0256808273953714
1.7904255319148936    0.024545934624451024
1.7922340425531915    0.023658332644041276
1.7940425531914894    0.022959585804040672
1.7958510638297873    0.022220263739436225
1.7976595744680852    0.021481237949983953
1.7994680851063831    0.02103304060880922
1.8012765957446808    0.020918521169071544
1.8030851063829787    0.020686468314893534
1.8048936170212766    0.019833350883606257
1.8067021276595745    0.01839834670116751
1.8085106382978724    0.016881474405933287
1.8103191489361703    0.015523394044247102
1.8121276595744682    0.013888368677284834
1.813936170212766    0.011365762310636771
1.8157446808510638    0.008006356811237774
1.8175531914893617    0.004615075705581296
1.8193617021276596    0.0019347969201721467
1.8211702127659575    -8.27618788777915e-05
1.8229787234042554    -0.0020351121155628227
1.8247872340425533    -0.004216888055338365
1.8265957446808512    -0.006265535526661241
1.828404255319149    -0.007703585474253267
1.8302127659574468    -0.008586642432475838
1.8320212765957447    -0.009378911881273138
1.8338297872340426    -0.010263612294936275
1.8356382978723405    -0.010855495269648383
1.8374468085106384    -0.010703397569054952
1.8392553191489363    -0.009880793741430992
1.8410638297872342    -0.00886320457902079
1.842872340425532    -0.007892793829299184
1.8446808510638297    -0.006726068256702777
1.8464893617021276    -0.005091525947567767
1.8482978723404255    -0.0031646620222848688
1.8501063829787234    -0.0013399787082358835
1.8519148936170213    0.00040770679600214276
1.8537234042553192    0.002652954681680103
1.8555319148936171    0.005890359991881376
1.857340425531915    0.009961622316758442
1.859148936170213    0.014323266358367913
1.8609574468085106    0.018809000331013806
1.8627659574468085    0.023847457755007184
1.8645744680851064    0.02981609378991177
1.8663829787234043    0.03639079604953529
1.8681914893617022    0.04277903104328717
1.87    0.04854488722963635
1.871808510638298    0.05394483941128555
1.873617021276596    0.059370262607803904
1.8754255319148936    0.06470834875036907
1.8772340425531915    0.06951551148106208
1.8790425531914894    0.07373105840487487
1.8808510638297873    0.0778608716553231
1.8826595744680852    0.08226436776838372
1.884468085106383    0.08645070702862101
1.886276595744681    0.08937765764729141
1.8880851063829789    0.09047166506713392
1.8898936170212766    0.09012903378275822
1.8917021276595745    0.08910163198325394
1.8935106382978724    0.08757552415699538
1.8953191489361703    0.08507964168602411
1.8971276595744682    0.08123341521833152
1.898936170212766    0.07629531296174111
1.900744680851064    0.07085480743888345
1.9025531914893619    0.06519682452768286
1.9043617021276595    0.05921222678677368
1.9061702127659574    0.0528432294760636
1.9079787234042553    0.046274565111402
1.9097872340425532    0.03952686855131003
1.9115957446808511    0.032095803740374726
1.913404255319149    0.023323928001943217
1.915212765957447    0.013156420925553448
1.9170212765957448    0.0022776108637984384
1.9188297872340425    -0.008639068370196776
1.9206382978723404    -0.01963899184805734
1.9224468085106383    -0.03121987614711655
1.9242553191489362    -0.043428458573842796
1.9260638297872341    -0.05552181796841754
1.927872340425532    -0.06666684140737983
1.92968085106383    -0.07677845181964515
1.9314893617021278    -0.08641262025281882
1.9332978723404255    -0.09588000866878835
1.9351063829787234    -0.1047534110508366
1.9369148936170213    -0.11237477858011394
1.9387234042553192    -0.11862583773707056
1.940531914893617    -0.12392743384610008
1.942340425531915    -0.1285362963319663
1.944148936170213    -0.13216368633165174
1.9459574468085108    -0.13444487242945777
1.9477659574468085    -0.13556427262791584
1.9495744680851064    -0.13610692268691424
1.9513829787234043    -0.1362891128411667
1.9531914893617022    -0.13561238203774115
1.955    -0.13344168290861105
1.956808510638298    -0.12977106798454682
1.9586170212765959    -0.12520397501004424
1.9604255319148938    -0.12024817500514426
1.9622340425531914    -0.11491773126337823
1.9640425531914893    -0.10913260105210862
1.9658510638297872    -0.10324723201884586
1.9676595744680851    -0.09786410047340138
1.969468085106383    -0.09314342169573633
1.971276595744681    -0.08860837434397945
1.9730851063829788    -0.08381743510827563
1.9748936170212767    -0.07906148286296946
1.9767021276595744    -0.07513426874245807
1.9785106382978723    -0.07242961640636458
1.9803191489361702    -0.07053287867567845
1.9821276595744681    -0.06884730861407345
1.983936170212766    -0.06744352571694631
1.985744680851064    -0.06703488576030578
1.9875531914893618    -0.06812383938134214
1.9893617021276597    -0.07040291148396313
1.9911702127659574    -0.07308847783389122
1.9929787234042553    -0.07563601151241259
1.9947872340425532    -0.077897815001085
1.996595744680851    -0.07967395898672627
1.998404255319149    -0.08046474274180332
2.0002127659574467    -0.07987780982773454
2.0020212765957446    -0.07813573646369179
2.0038297872340425    -0.0759230063512642
2.0056382978723404    -0.07369511872622447
2.0074468085106383    -0.07129944403194693
2.009255319148936    -0.06832074798744736
2.011063829787234    -0.06459905116799466
2.012872340425532    -0.06022259265042684
2.01468085106383    -0.05512852586942568
2.016489361702128    -0.04902169418965763
2.0182978723404257    -0.04181350770750711
2.0201063829787236    -0.03394418532770414
2.0219148936170215    -0.026037459647662083
2.0237234042553194    -0.01827516199173386
2.0255319148936173    -0.01032932168428002
2.0273404255319147    -0.001948524066883242
2.0291489361702126    0.006641421454323818
2.0309574468085105    0.015147538821279732
2.0327659574468084    0.023911567533955076
2.0345744680851063    0.03388069419625287
2.0363829787234042    0.04572699308400301
2.038191489361702    0.05914713398423894
2.04    0.07320925177226928
2.041808510638298    0.08730050601877629
2.043617021276596    0.10148943974524163
2.0454255319148937    0.11592546869254908
2.0472340425531916    0.13016381621085898
2.0490425531914895    0.14334541649712124
2.0508510638297874    0.1549657804144926
2.0526595744680853    0.16517824822047233
2.0544680851063832    0.17424444026471225
2.0562765957446807    0.18191804866700756
2.0580851063829786    0.1876142529154915
2.0598936170212765    0.1911115523617422
2.0617021276595744    0.19279622402377106
2.0635106382978723    0.19309834992797448
2.06531914893617    0.19188473808357265
2.067127659574468    0.18862982447534693
2.068936170212766    0.18312235256569498
2.070744680851064    0.1757572243698014
2.072553191489362    0.16706285583379477
2.0743617021276597    0.15716185489886086
2.0761702127659576    0.14590636487098801
2.0779787234042555    0.1334457497789484
2.0797872340425534    0.12037730449077433
2.0815957446808513    0.10724713287326704
2.083404255319149    0.09411736363606224
2.085212765957447    0.08083520644377507
2.0870212765957445    0.06762528802216233
2.0888297872340424    0.05511685595278894
2.0906382978723403    0.04367505434182971
2.0924468085106382    0.03291607404087425
2.094255319148936    0.022129803682254902
2.096063829787234    0.011160115092436883
2.097872340425532    0.0006616789233394871
2.09968085106383    -0.008572663820376311
2.1014893617021277    -0.016351585448162592
2.1032978723404256    -0.02299992695256583
2.1051063829787235    -0.028666554796111597
2.1069148936170214    -0.03299808679234955
2.1087234042553193    -0.03558904043096416
2.1105319148936172    -0.036564961544166046
2.112340425531915    -0.03653380237671928
2.114148936170213    -0.03604175295303386
2.1159574468085105    -0.035303995104002985
2.1177659574468084    -0.03450634649993104
2.1195744680851063    -0.034121950462640445
2.121382978723404    -0.03467678887096572
2.123191489361702    -0.036218236780467074
2.125    -0.03820656354074314
2.126808510638298    -0.03999732843040368
2.128617021276596    -0.04129841275699401
2.1304255319148937    -0.04207193207677038
2.1322340425531916    -0.042165232412980876
2.1340425531914895    -0.041322339783535854
2.1358510638297874    -0.039620279467598156
2.1376595744680853    -0.037671199284219296
2.139468085106383    -0.036171027629179876
2.141276595744681    -0.035267513592065806
2.143085106382979    -0.03452070766279854
2.1448936170212765    -0.033483525854435155
2.1467021276595744    -0.032140728586658875
2.1485106382978723    -0.030694386679146153
2.15031914893617    -0.02912114434383073
2.152127659574468    -0.02723614488963773
2.153936170212766    -0.025233177577279622
2.155744680851064    -0.023899591424810455
2.1575531914893618    -0.024046670086212592
2.1593617021276597    -0.025745323919715242
2.1611702127659576    -0.028293295424282223
2.1629787234042555    -0.030962542860727714
2.1647872340425534    -0.033614114357059154
2.1665957446808513    -0.0364809881580152
2.168404255319149    -0.039507049450080635
2.170212765957447    -0.04215065177706686
2.172021276595745    -0.043870966259591145
2.1738297872340424    -0.044597391321443365
2.1756382978723403    -0.04456899538666464
2.177446808510638    -0.04383940646774808
2.179255319148936    -0.042183650843387814
2.181063829787234    -0.03952633515764848
2.182872340425532    -0.03623462148753857
2.18468085106383    -0.03279014270548288
2.1864893617021277    -0.02923593241760046
2.1882978723404256    -0.025147551946721802
2.1901063829787235    -0.020191582168837076
2.1919148936170214    -0.014545229197907655
2.1937234042553193    -0.008647057827883414
2.195531914893617    -0.0026650488232312242
2.197340425531915    0.003554806726565038
2.199148936170213    0.009978919777993684
2.200957446808511    0.01604160143751398
2.2027659574468084    0.02100866771449446
2.2045744680851063    0.02465004501290266
2.206382978723404    0.027384851907295067
2.208191489361702    0.029719703002727478
2.21    0.03168583742456948
2.211808510638298    0.03294388897444323
2.2136170212765958    0.033352191502105784
2.2154255319148937    0.03324087722850436
2.2172340425531916    0.0330691380438751
2.2190425531914895    0.03292476960251987
2.2208510638297874    0.03244113962553017
2.2226595744680853    0.03111393363895055
2.224468085106383    0.028564115134910327
2.226276595744681    0.02453711459924686
2.228085106382979    0.018879348456410004
2.229893617021277    0.01170244700994134
2.2317021276595743    0.0035312318980804686
2.233510638297872    -0.004881254616648558
2.23531914893617    -0.012976620840431418
2.237127659574468    -0.020602734866477942
2.238936170212766    -0.027802896047083657
2.240744680851064    -0.034495193006388904
2.2425531914893617    -0.04044391623774559
2.2443617021276596    -0.04547809101865841
2.2461702127659575    -0.04958835253993334
2.2479787234042554    -0.05278961944248744
2.2497872340425533    -0.055056648472338245
2.251595744680851    -0.05654542101928623
2.253404255319149    -0.05779761736184156
2.255212765957447    -0.059476876613172254
2.257021276595745    -0.061747834389740235
2.258829787234043    -0.06398796286022987
2.2606382978723403    -0.06527034556120762
2.262446808510638    -0.06517948785463618
2.264255319148936    -0.0641089392608343
2.266063829787234    -0.06279076665945119
2.267872340425532    -0.061674691818113955
2.2696808510638298    -0.06082316154486503
2.2714893617021277    -0.060222972706602276
2.2732978723404256    -0.05989916464654885
2.2751063829787235    -0.059623673059456414
2.2769148936170214    -0.05871780420048728
2.2787234042553193    -0.05641888208904444
2.280531914893617    -0.05251652120355976
2.282340425531915    -0.04751563706910253
2.284148936170213    -0.04211086050626778
2.285957446808511    -0.03659677022007454
2.2877659574468088    -0.030881751745389527
2.2895744680851062    -0.02496844268578466
2.291382978723404    -0.01918988690544734
2.293191489361702    -0.013896132906598378
2.295    -0.00908091928050055
2.296808510638298    -0.0045138110903303885
2.2986170212765957    -0.0001984117545973012
2.3004255319148936    0.0035397604172352445
2.3022340425531915    0.0065657017510639265
2.3040425531914894    0.009423402894049374
2.3058510638297873    0.01310077448694403
2.3076595744680852    0.018233442851130384
2.309468085106383    0.024615747357724073
2.311276595744681    0.03152450452338954
2.313085106382979    0.03839789455138267
2.314893617021277    0.04507335247942134
2.3167021276595747    0.05145553995665806
2.3185106382978726    0.057236982834355236
2.32031914893617    0.062154554775424316
2.322127659574468    0.06646954041389641
2.323936170212766    0.07098697292468464
2.325744680851064    0.07646460000657326
2.3275531914893617    0.0829993960668198
2.3293617021276596    0.08999864399167398
2.3311702127659575    0.09667857671062816
2.3329787234042554    0.10253881301822299
2.3347872340425533    0.10745560595547629
2.336595744680851    0.11152731059043958
2.338404255319149    0.11494262055364252
2.340212765957447    0.1178981203101249
2.342021276595745    0.12046144895849795
2.343829787234043    0.1224682598094537
2.3456382978723407    0.12367949253633348
2.3474468085106386    0.12416718847380098
2.349255319148936    0.12451902898697309
2.351063829787234    0.12551659214198252
2.352872340425532    0.12748825585872453
2.3546808510638297    0.12994334400771673
2.3564893617021276    0.13185022327415913
2.3582978723404255    0.1322897032572053
2.3601063829787234    0.13090349988265554
2.3619148936170213    0.12785153800681182
2.3637234042553192    0.1234738628367929
2.365531914893617    0.11799691937919796
2.367340425531915    0.11141679648760044
2.369148936170213    0.10350647309504632
2.370957446808511    0.09391625882561769
2.3727659574468087    0.08238448241259042
2.3745744680851066    0.0689783591858473
2.3763829787234045    0.05417958255812021
2.378191489361702    0.038727774963551675
2.38    0.023357617909295317
2.381808510638298    0.008628466042111878
2.3836170212765957    -0.0051169336992645
2.3854255319148936    -0.01775793538235728
2.3872340425531915    -0.029371981487190307
2.3890425531914894    -0.04007243303705507
2.3908510638297873    -0.04973355337366936
2.392659574468085    -0.05789345969701848
2.394468085106383    -0.06409064105310755
2.396276595744681    -0.06843321604655081
2.398085106382979    -0.07181560076250981
2.399893617021277    -0.07543611003720263
2.4017021276595747    -0.07997709951523813
2.4035106382978726    -0.08520250544341687
2.4053191489361705    -0.09031817632336436
2.407127659574468    -0.09466896521548504
2.408936170212766    -0.09808083361382375
2.4107446808510637    -0.10065075541615226
2.4125531914893616    -0.102404248625098
2.4143617021276595    -0.10326472339358705
2.4161702127659574    -0.10327711659574731
2.4179787234042553    -0.10269024533909404
2.4197872340425532    -0.10173312126415629
2.421595744680851    -0.10036899803634783
2.423404255319149    -0.09838059408792144
2.425212765957447    -0.09575349281065157
2.427021276595745    -0.09296957552594076
2.4288297872340427    -0.09090324294506241
2.4306382978723406    -0.09039190886661366
2.4324468085106385    -0.09180006515385275
2.4342553191489364    -0.09482801842876734
2.436063829787234    -0.09861270356467589
2.437872340425532    -0.102045121726835
2.4396808510638297    -0.10419005815712237
2.4414893617021276    -0.10465136890512458
2.4432978723404255    -0.10370857524883739
2.4451063829787234    -0.102148994076417
2.4469148936170213    -0.10089599656966614
2.448723404255319    -0.10062979235771158
2.450531914893617    -0.1015458947851417
2.452340425531915    -0.10330394261402481
2.454148936170213    -0.10518278517655552
2.455957446808511    -0.10641612548143373
2.4577659574468087    -0.10655683910749844
2.4595744680851066    -0.10561823314369861
2.4613829787234045    -0.10386929645450788
2.4631914893617024    -0.10148040848155096
2.465    -0.09838447686321172
2.4668085106382978    -0.09449091547462746
2.4686170212765957    -0.08998886053001987
2.4704255319148936    -0.08537705658221717
2.4722340425531915    -0.08119023903709388
2.4740425531914894    -0.07773993823327954
2.4758510638297873    -0.07511023581628751
2.477659574468085    -0.0732665275954501
2.479468085106383    -0.07198529212683527
2.481276595744681    -0.07062539963361503
2.483085106382979    -0.06811679339599364
2.4848936170212768    -0.06340743877426205
2.4867021276595747    -0.05607463588331042
2.4885106382978726    -0.046527194111083525
2.4903191489361705    -0.0355940143260146
2.4921276595744684    -0.023912212551257604
2.493936170212766    -0.01167719770814863
2.4957446808510637    0.0011441198242770276
2.4975531914893616    0.014514900136767355
2.4993617021276595    0.028262687467750115
2.5011702127659574    0.042137805196898456
2.5029787234042553    0.05572033667550724
2.504787234042553    0.06821762886064865
2.506595744680851    0.07852205346255088
2.508404255319149    0.08571412195662804
2.510212765957447    0.08965586364749605
2.512021276595745    0.09109747840866787
2.5138297872340427    0.09115067964889266
2.5156382978723406    0.09060977134220814
2.5174468085106385    0.08971840316425043
2.5192553191489364    0.08847274091230707
2.5210638297872343    0.0870140959319098
2.5228723404255318    0.08567067160311727
2.5246808510638297    0.0846688304625743
2.5264893617021276    0.08387998500699871
2.5282978723404255    0.08286016933689656
2.5301063829787234    0.08110142225564097
2.5319148936170213    0.07826526949212338
2.533723404255319    0.07429552381641095
2.535531914893617    0.06944932080468429
2.537340425531915    0.06425355241661322
2.539148936170213    0.05931714595811517
2.5409574468085108    0.0550163992375054
2.5427659574468087    0.051264335601513486
2.5445744680851066    0.047601042410456526
2.5463829787234045    0.043588728671492855
2.5481914893617024    0.03920665573094709
2.5500000000000003    0.03493972411560774
2.551808510638298    0.031541152964067676
2.5536170212765956    0.02969915910943175
2.5554255319148935    0.02980252352051089
2.5572340425531914    0.031804554056917116
2.5590425531914893    0.035130444635437276
2.560851063829787    0.03871605240160065
2.562659574468085    0.04133673557359823
2.564468085106383    0.04217057123702179
2.566276595744681    0.04123031423947424
2.568085106382979    0.03929711114493686
2.5698936170212767    0.03739027295990811
2.5717021276595746    0.03621046327140632
2.5735106382978725    0.03595105664040183
2.5753191489361704    0.03644590422153889
2.5771276595744683    0.03732673145409723
2.578936170212766    0.03803061781867805
2.580744680851064    0.03785128331211921
2.5825531914893616    0.036244942980078874
2.5843617021276595    0.03321975378273124
2.5861702127659574    0.029375899454195102
2.5879787234042553    0.025449967484548468
2.589787234042553    0.02177800354424106
2.591595744680851    0.018233191780762464
2.593404255319149    0.014683599675546034
2.595212765957447    0.011428221777792982
2.5970212765957448    0.0091075039946402
2.5988297872340427    0.008197523285697908
2.6006382978723406    0.008638983390875422
2.6024468085106385    0.009919557452854933
2.6042553191489364    0.011376795161542157
2.6060638297872343    0.012336061818884851
2.607872340425532    0.012077345548374887
2.60968085106383    0.00994708226817706
2.6114893617021275    0.005718528006364684
2.6132978723404254    -0.00014567280554118097
2.6151063829787233    -0.006701783774037451
2.6169148936170212    -0.013081712968312568
2.618723404255319    -0.018882392094123592
2.620531914893617    -0.02409217359920682
2.622340425531915    -0.028796171516103777
2.624148936170213    -0.03305770084479469
2.6259574468085107    -0.03699403880181275
2.6277659574468086    -0.040734886179957935
2.6295744680851065    -0.04415585570233953
2.6313829787234044    -0.04671440944287426
2.6331914893617023    -0.047719063456985955
2.6350000000000002    -0.04686311785962409
2.636808510638298    -0.0445039082390018
2.638617021276596    -0.04144707259527447
2.6404255319148935    -0.038533548791782724
2.6422340425531914    -0.0364171384229106
2.6440425531914893    -0.035508674256313016
2.645851063829787    -0.03581303719954687
2.647659574468085    -0.03669837971316192
2.649468085106383    -0.03702373899308742
2.651276595744681    -0.03581173963848566
2.653085106382979    -0.032953192897908226
2.6548936170212767    -0.029205926318255283
2.6567021276595746    -0.025445046208750752
2.6585106382978725    -0.021965758617459134
2.6603191489361704    -0.018560688302220137
2.6621276595744683    -0.015141839860451624
2.663936170212766    -0.012036654154070799
2.665744680851064    -0.009567690551528566
2.667553191489362    -0.0074958597140938575
2.6693617021276594    -0.005108322972614926
2.6711702127659573    -0.0019164610885642067
2.6729787234042552    0.001834725210141408
2.674787234042553    0.005392462185001145
2.676595744680851    0.008116321748186557
2.678404255319149    0.009786425967292251
2.680212765957447    0.010433887077502098
2.6820212765957447    0.010147800636315586
2.6838297872340426    0.009182108664754676
2.6856382978723405    0.008093238786985282
2.6874468085106384    0.007510034992532338
2.6892553191489363    0.007677767736782875
2.6910638297872342    0.008326832549786134
2.692872340425532    0.009052429074716263
2.69468085106383    0.009722606511077448
2.696489361702128    0.010403124191740687
2.6982978723404254    0.010974952662028968
2.7001063829787233    0.011079450725495205
2.701914893617021    0.010585727943287356
2.703723404255319    0.009997004382419355
2.705531914893617    0.010168326471989777
2.707340425531915    0.011522866846771547
2.709148936170213    0.01360664024131685
2.7109574468085107    0.015474195581761595
2.7127659574468086    0.01647982040189988
2.7145744680851065    0.01667074441374526
2.7163829787234044    0.016512046271319136
2.7181914893617023    0.01637490806670379
2.72    0.016290119686596653
2.721808510638298    0.01602300696575528
2.723617021276596    0.015247378424790785
2.725425531914894    0.013724823177463694
2.7272340425531914    0.011525192954089204
2.7290425531914893    0.009166613459605951
2.730851063829787    0.0074228675194568
2.732659574468085    0.006819932161164074
2.734468085106383    0.0072638873423909785
2.736276595744681    0.008193654954420346
2.7380851063829788    0.009081341011460242
2.7398936170212767    0.009712628512696522
2.7417021276595746    0.010004349643744009
2.7435106382978725    0.009742232644512367
2.7453191489361704    0.008700857135296128
2.7471276595744683    0.007021767951384577
2.748936170212766    0.005283368194069217
2.750744680851064    0.004040763457767859
2.752553191489362    0.003318833016391222
2.75436170212766    0.0026596652001875734
2.7561702127659573    0.0016661657426509146
2.757978723404255    0.00038769270053241704
2.759787234042553    -0.0008773776205051573
2.761595744680851    -0.0020464291247369922
2.763404255319149    -0.003368014395340073
2.765212765957447    -0.00505459231981755
2.7670212765957447    -0.006911081948339879
2.7688297872340426    -0.008425741889829946
2.7706382978723405    -0.009237730290619361
2.7724468085106384    -0.009503773014818858
2.7742553191489363    -0.009840399784555504
2.776063829787234    -0.010924504694629845
2.777872340425532    -0.0130496703649213
2.77968085106383    -0.015896947940373645
2.781489361702128    -0.01866349894192956
2.783297872340426    -0.020532231153689583
2.7851063829787237    -0.021211537559061123
2.786914893617021    -0.02111607061270383
2.788723404255319    -0.020997971562076247
2.790531914893617    -0.021362146610298758
2.792340425531915    -0.022226584566998987
2.7941489361702128    -0.023378546492389966
2.7959574468085107    -0.024692282150691077
2.7977659574468086    -0.026069607223656043
2.7995744680851065    -0.02716242046650368
2.8013829787234044    -0.0274139455452734
2.8031914893617023    -0.026540549509994977
2.805    -0.02489267704379099
2.806808510638298    -0.02315558721025569
2.808617021276596    -0.021648473628259366
2.810425531914894    -0.020034239659773894
2.8122340425531918    -0.017787883929826918
2.8140425531914897    -0.014845291245874404
2.815851063829787    -0.011658568242884935
2.817659574468085    -0.00866052488092614
2.819468085106383    -0.005855363519833625
2.821276595744681    -0.0029935179234736996
2.8230851063829787    2.077590472985419e-05
2.8248936170212766    0.0030729172089286405
2.8267021276595745    0.00611443331224911
2.8285106382978724    0.009246244722929557
2.8303191489361703    0.012416581586957253
2.832127659574468    0.015204873382277436
2.833936170212766    0.017130273880409514
2.835744680851064    0.018173061479156833
2.837553191489362    0.018799298849237266
2.83936170212766    0.019377185381147622
2.8411702127659577    0.019704368276847458
2.8429787234042556    0.0192676209445846
2.844787234042553    0.017906910213809166
2.846595744680851    0.016023249618969043
2.848404255319149    0.014084685249815227
2.8502127659574468    0.01211512301833334
2.8520212765957447    0.009832296346710147
2.8538297872340426    0.007180036241664023
2.8556382978723405    0.004464497034492887
2.8574468085106384    0.0018927175011912217
2.8592553191489363    -0.0008099397899172535
2.861063829787234    -0.0040982717005741565
2.862872340425532    -0.007952918927979169
2.86468085106383    -0.011718897314257674
2.866489361702128    -0.014670306659976012
2.8682978723404258    -0.016629204511972792
2.8701063829787237    -0.017962400126589798
2.8719148936170216    -0.01910382194723194
2.873723404255319    -0.0202448272573109
2.875531914893617    -0.021417189499519255
2.877340425531915    -0.022602023070660046
2.8791489361702127    -0.02362043409357098
2.8809574468085106    -0.024114031955200774
2.8827659574468085    -0.023924870182850992
2.8845744680851064    -0.023512293225640697
2.8863829787234043    -0.023724244524715464
2.8881914893617022    -0.024946205017523877
2.89    -0.026564448601885116
2.891808510638298    -0.027488694292540347
2.893617021276596    -0.02724415215175334
2.895425531914894    -0.026394229469044607
2.8972340425531917    -0.02581519744090753
2.8990425531914896    -0.02570857317129293
2.9008510638297875    -0.025497256801891494
2.902659574468085    -0.024616165190619592
2.904468085106383    -0.02315799955216806
2.906276595744681    -0.0216547751003332
2.9080851063829787    -0.02042262926019664
2.9098936170212766    -0.019338665057569898
2.9117021276595745    -0.01819892175164025
2.9135106382978724    -0.01702893300160778
2.9153191489361703    -0.01591965665602145
2.917127659574468    -0.014730540543880063
2.918936170212766    -0.013189586936870216
2.920744680851064    -0.01130270285526494
2.922553191489362    -0.009500626732287645
2.92436170212766    -0.00829280901933658
2.9261702127659577    -0.007843590314184936
2.9279787234042556    -0.007925486673501288
2.9297872340425535    -0.008157811482106068
2.931595744680851    -0.008150758968326337
2.933404255319149    -0.007511671220972325
2.9352127659574467    -0.006001863362055318
2.9370212765957446    -0.0038573333576728697
2.9388297872340425    -0.0018182090419342238
2.9406382978723404    -0.000586831033208579
2.9424468085106383    -0.00018019937530249798
2.9442553191489362    6.688302148021217e-05
2.946063829787234    0.000792935739205532
2.947872340425532    0.002001881091386336
2.94968085106383    0.003237284511953943
2.951489361702128    0.0042387400789888115
2.9532978723404257    0.005228558635638007
2.9551063829787236    0.00655160108255195
2.9569148936170215    0.008256350593029113
2.9587234042553194    0.010178362754929534
2.960531914893617    0.01228810651743672
2.962340425531915    0.014697404650390064
2.9641489361702127    0.017308360425977373
2.9659574468085106    0.01972165607379251
2.9677659574468085    0.021692801496903488
2.9695744680851064    0.023558186761189426
2.9713829787234043    0.02594547869864095
2.973191489361702    0.029011901463357047
2.975    0.03216949723417166
2.976808510638298    0.03469456562022748
2.978617021276596    0.03646378945961433
2.980425531914894    0.03788444894506325
2.9822340425531917    0.03917121410605302
2.9840425531914896    0.04000242919750775
2.9858510638297875    0.04004198263521887
2.9876595744680854    0.03957468492400269
2.989468085106383    0.03929488862989253
2.9912765957446807    0.039441450374176595
2.9930851063829786    0.039428303551344926
2.9948936170212765    0.038538215301666845
2.9967021276595744    0.03685532020687794
2.9985106382978723    0.035254623368916646
3.0003191489361702    0.03443422133403762
3.002127659574468    0.03415722452170636
3.003936170212766    0.03357127331336243
3.005744680851064    0.03214881923787549
3.007553191489362    0.030146148931331267
3.0093617021276597    0.028205436370634135
3.0111702127659576    0.02673822479543607
3.0129787234042555    0.025768038830985364
3.0147872340425534    0.025156872532048673
3.0165957446808513    0.024737566269593468
3.0184042553191492    0.024245628551157382
3.0202127659574467    0.023353701731750914
3.0220212765957446    0.021908642538947233
3.0238297872340425    0.020050507192899095
3.0256382978723404    0.0179934892528867
3.0274468085106383    0.015756131617873516
3.029255319148936    0.013237608296546834
3.031063829787234    0.010521241829881095
3.032872340425532    0.007906939352139191
3.03468085106383    0.005554103653208197
3.036489361702128    0.0032427679945786995
3.0382978723404257    0.0006723561041285025
3.0401063829787236    -0.002049793503653284
3.0419148936170215    -0.0044376688967279945
3.0437234042553194    -0.0062293400154957886
3.0455319148936173    -0.007789064011955702
3.047340425531915    -0.009712178172851714
3.0491489361702127    -0.01207274714693183
3.0509574468085106    -0.014277351910525937
3.0527659574468085    -0.01575311343242299
3.0545744680851064    -0.016639934961972736
3.0563829787234043    -0.01765848077721185
3.058191489361702    -0.019361025282001888
3.06    -0.02167300517170274
3.061808510638298    -0.024150870377937835
3.063617021276596    -0.026469505319023545
3.0654255319148938    -0.028531012285706443
3.0672340425531917    -0.030268043267303906
3.0690425531914896    -0.03161937674539668
3.0708510638297875    -0.03274016592012892
3.0726595744680854    -0.034008785360826424
3.0744680851063833    -0.035646096164345165
3.076276595744681    -0.037414769505564494
3.0780851063829786    -0.03887983603117326
3.0798936170212765    -0.03995456503653749
3.0817021276595744    -0.0409897360481942
3.0835106382978723    -0.042235251421339964
3.08531914893617    -0.04338830421993661
3.087127659574468    -0.04388990086861021
3.088936170212766    -0.04363891702499256
3.090744680851064    -0.04319078984893156
3.092553191489362    -0.043148530086232734
3.0943617021276597    -0.043503741465069856
3.0961702127659576    -0.04373874456334444
3.0979787234042555    -0.043497491922739204
3.0997872340425534    -0.04292951300592314
3.1015957446808513    -0.042317495309932784
3.103404255319149    -0.04156906374339461
3.105212765957447    -0.04026891339012288
3.1070212765957446    -0.03817022440566767
3.1088297872340425    -0.03543756934625596
3.1106382978723404    -0.03237503938207917
3.1124468085106383    -0.02909658478379694
3.114255319148936    -0.025583246221533087
3.116063829787234    -0.02193086310521948
3.117872340425532    -0.018333618129969455
3.11968085106383    -0.014841098788986491
3.1214893617021278    -0.011355912620961577
3.1232978723404257    -0.007975394497883773
3.1251063829787236    -0.005143613864393137
3.1269148936170215    -0.003211843980392093
3.1287234042553194    -0.0018651426203006843
3.1305319148936173    -0.00024571152868510613
3.132340425531915    0.002190350626294524
3.134148936170213    0.005053540956320553
3.1359574468085105    0.0074348900789899235
3.1377659574468084    0.008904712409100459
3.1395744680851063    0.00991645765570603
3.141382978723404    0.011188512162084807
3.143191489361702    0.012900233942444961
3.145    0.014678405953806343
3.146808510638298    0.016248454106513516
3.148617021276596    0.01779586207498441
3.1504255319148937    0.019594851124118087
3.1522340425531916    0.021522049457432427
3.1540425531914895    0.02319121366295903
3.1558510638297874    0.024504262763738467
3.1576595744680853    0.025785442494767136
3.159468085106383    0.027253878346682553
3.161276595744681    0.028564162109850605
3.163085106382979    0.029112885412854478
3.1648936170212765    0.028774939291024926
3.1667021276595744    0.02810837860005269
3.1685106382978723    0.027728072279113454
3.17031914893617    0.027629573625758505
3.172127659574468    0.02730750191600266
3.173936170212766    0.026481329939396565
3.175744680851064    0.025479255599593263
3.1775531914893618    0.024808664362632488
3.1793617021276597    0.024491308626953492
3.1811702127659576    0.024003021065887108
3.1829787234042555    0.022861469527738654
3.1847872340425534    0.021126180283937826
3.1865957446808513    0.019260302104485948
3.188404255319149    0.017611454121414384
3.190212765957447    0.016150842812250592
3.192021276595745    0.014688681896549708
3.1938297872340424    0.013199537576115573
3.1956382978723403    0.011849790950873722
3.1974468085106382    0.010746878594908225
3.199255319148936    0.009738383491468695
3.201063829787234    0.008479753340937517
3.202872340425532    0.0066939619793101885
3.20468085106383    0.004392905559004106
3.2064893617021277    0.0018841610709173194
3.2082978723404256    -0.00045267676325033983
3.2101063829787235    -0.002452059056200901
3.2119148936170214    -0.004245014578130131
3.2137234042553193    -0.006013577458015456
3.2155319148936172    -0.007637481361253197
3.217340425531915    -0.008644838914660455
3.219148936170213    -0.008603599470438523
3.220957446808511    -0.007575936346037976
3.2227659574468084    -0.006121103181229347
3.2245744680851063    -0.004811788772505739
3.226382978723404    -0.0037874649088520743
3.228191489361702    -0.002814966603263685
3.23    -0.0017175994283827227
3.231808510638298    -0.0006303749839079247
3.233617021276596    0.00017661157525052486
3.2354255319148937    0.0006064679593068608
3.2372340425531916    0.0007727576012674779
3.2390425531914895    0.0007847202806255658
3.2408510638297874    0.0006193915460876668
3.2426595744680853    0.00022613200193607216
3.244468085106383    -0.00035175456416874993
3.246276595744681    -0.0010394345246289806
3.248085106382979    -0.0018519939617274083
3.249893617021277    -0.0028470904673405665
3.251702127659575    -0.003969741198469125
3.2535106382978722    -0.005064888417504142
3.25531914893617    -0.0060949301843127215
3.257127659574468    -0.007238577946801716
3.258936170212766    -0.008649898036437436
3.260744680851064    -0.010155002653047508
3.2625531914893617    -0.011347899766814933
3.2643617021276596    -0.012068368064043655
3.2661702127659575    -0.012695120524164594
3.2679787234042554    -0.013842218878168205
3.2697872340425533    -0.015768772447312288
3.2715957446808512    -0.018174929924191324
3.273404255319149    -0.020580435809937323
3.275212765957447    -0.022788777810327756
3.277021276595745    -0.024915273177362033
3.278829787234043    -0.027066414180574105
3.2806382978723407    -0.0291490896744996
3.282446808510638    -0.03099544224502328
3.284255319148936    -0.03252207475872615
3.286063829787234    -0.03368039734210761
3.287872340425532    -0.03436173581023308
3.28968085106383    -0.03450989042804872
3.2914893617021277    -0.03430834184174099
3.2932978723404256    -0.03407955171930506
3.2951063829787235    -0.033904280526089445
3.2969148936170214    -0.033449479721224654
3.2987234042553193    -0.032318366001235777
3.300531914893617    -0.030536101428345216
3.302340425531915    -0.0285205539070644
3.304148936170213    -0.026518640792606317
3.305957446808511    -0.024229845366926683
3.307765957446809    -0.021158537991639727
3.3095744680851067    -0.01729911870463713
3.311382978723404    -0.013282985339564634
3.313191489361702    -0.009764399168115143
3.315    -0.006775865842996012
3.316808510638298    -0.0038096533102519575
3.3186170212765957    -0.0004639375963777243
3.3204255319148936    0.0031673039413256552
3.3222340425531915    0.006768660149215281
3.3240425531914894    0.010277403836743238
3.3258510638297873    0.013912558509863466
3.3276595744680852    0.017780755596760348
3.329468085106383    0.02163813616272738
3.331276595744681    0.0251235887615389
3.333085106382979    0.028132325980815432
3.334893617021277    0.03085605473534456
3.3367021276595747    0.033491634106613086
3.3385106382978726    0.03600956342551437
3.34031914893617    0.03820273293054581
3.342127659574468    0.03985141798093193
3.343936170212766    0.04079456182213073
3.345744680851064    0.0409451327853976
3.3475531914893617    0.04036408383910364
3.3493617021276596    0.039307352933616174
3.3511702127659575    0.038079561730857234
3.3529787234042554    0.036783011760957426
3.3547872340425533    0.03527466153802396
3.356595744680851    0.03343089024868137
3.358404255319149    0.031399435871483916
3.360212765957447    0.029490166493131298
3.362021276595745    0.027815991737337682
3.363829787234043    0.02613802669085228
3.3656382978723407    0.02411954548879075
3.3674468085106386    0.021682800986403586
3.369255319148936    0.019069314609922693
3.371063829787234    0.01660730939787914
3.372872340425532    0.014500512905440334
3.3746808510638298    0.012790756783548608
3.3764893617021277    0.011356795674980512
3.3782978723404256    0.009870359067911245
3.3801063829787235    0.00788366225896148
3.3819148936170214    0.005146950514637937
3.3837234042553193    0.0018565168080916915
3.385531914893617    -0.0015485427207359557
3.387340425531915    -0.004891719861758971
3.389148936170213    -0.008427857270434146
3.390957446808511    -0.01237178409448437
3.3927659574468088    -0.01634607578032638
3.3945744680851067    -0.01954034964368094
3.3963829787234046    -0.021522962869744332
3.398191489361702    -0.022735521717702545
3.4    -0.023985910853208336
3.401808510638298    -0.025489818495266055
3.4036170212765957    -0.02663328634362857
3.4054255319148936    -0.026775837495349973
3.4072340425531915    -0.02611740945159441
3.4090425531914894    -0.025559146674637233
3.4108510638297873    -0.0257259368301049
3.412659574468085    -0.02632526869327112
3.414468085106383    -0.026559015016327014
3.416276595744681    -0.02602396021614628
3.418085106382979    -0.02504332525784505
3.419893617021277    -0.024169712787773835
3.4217021276595747    -0.02357354718561818
3.4235106382978726    -0.023006810874544814
3.4253191489361705    -0.022224054400659124
3.427127659574468    -0.021264388774463586
3.428936170212766    -0.020329665449884494
3.4307446808510638    -0.019524871644680572
3.4325531914893617    -0.01877158204285255
3.4343617021276596    -0.017887912333058822
3.4361702127659575    -0.01668629741554843
3.4379787234042554    -0.015064735298245618
3.4397872340425533    -0.013106778165218429
3.441595744680851    -0.011069340236865746
3.443404255319149    -0.009160038604123767
3.445212765957447    -0.007304642071801735
3.447021276595745    -0.005242306402247885
3.4488297872340428    -0.0029138642341062088
3.4506382978723407    -0.0006463612843259302
3.4524468085106386    0.0011985435317279488
3.4542553191489365    0.002733397162007105
3.456063829787234    0.004516649227022903
3.457872340425532    0.006916440344680547
3.4596808510638297    0.009622035356110874
3.4614893617021276    0.011954791773232023
3.4632978723404255    0.0136385641750239
3.4651063829787234    0.015082704764594047
3.4669148936170213    0.01684073598717045
3.468723404255319    0.01895728758447122
3.470531914893617    0.021020539737927873
3.472340425531915    0.022771831864568364
3.474148936170213    0.02439959147741576
3.475957446808511    0.026126373387651895
3.4777659574468087    0.027697740667217984
3.4795744680851066    0.02852182562390584
3.4813829787234045    0.02831347585848649
3.4831914893617024    0.027408161234405735
3.4850000000000003    0.026357123862773512
3.4868085106382978    0.025357436546680486
3.4886170212765957    0.02422720426942682
3.4904255319148936    0.02284970751729278
3.4922340425531915    0.021402882605330794
3.4940425531914894    0.02006575746396542
3.4958510638297873    0.018662212091296333
3.497659574468085    0.016779590526934656
3.499468085106383    0.014224972938639058
3.501276595744681    0.011230349801447534
3.503085106382979    0.008184177760832897
3.5048936170212768    0.0052817967595502075
3.5067021276595747    0.002505885431875513
3.5085106382978726    -0.00016291688297658284
3.5103191489361705    -0.0026677226947776416
3.5121276595744684    -0.00499447389106929
3.5139361702127663    -0.0072327288879497536
3.5157446808510637    -0.00946822605968499
3.5175531914893616    -0.01171208782207335
3.5193617021276595    -0.014001682734692489
3.5211702127659574    -0.016465629947884416
3.5229787234042553    -0.01914232630345721
3.5247872340425532    -0.021769697496152266
3.526595744680851    -0.023948233021579255
3.528404255319149    -0.02560126679187474
3.530212765957447    -0.027128065447528448
3.532021276595745    -0.028924795973229552
3.5338297872340427    -0.030807463698160887
3.5356382978723406    -0.03213210896697327
3.5374468085106385    -0.03256779787653172
3.5392553191489364    -0.03256600853012859
3.5410638297872343    -0.032861389536181645
3.5428723404255322    -0.03356332398103408
3.5446808510638297    -0.033971469078951266
3.5464893617021276    -0.03336616142487195
3.5482978723404255    -0.03179937993288405
3.5501063829787234    -0.029936882497057567
3.5519148936170213    -0.02822654186373192
3.553723404255319    -0.026472890584995884
3.555531914893617    -0.02427302492516252
3.557340425531915    -0.021625442571229496
3.559148936170213    -0.01889203996545316
3.560957446808511    -0.016253511235121497
3.5627659574468087    -0.01346884853379958
3.5645744680851066    -0.010253644537426637
3.5663829787234045    -0.006709026284739655
3.5681914893617024    -0.0032088498150399155
3.5700000000000003    5.235004795229887e-05
3.571808510638298    0.0032075439086058526
3.5736170212765956    0.006413945260729073
3.5754255319148935    0.009596549107498855
3.5772340425531914    0.01259691445736918
3.5790425531914893    0.01543355020059265
3.5808510638297872    0.01822798211736295
3.582659574468085    0.020911152795959932
3.584468085106383    0.02321053132221445
3.586276595744681    0.025003806966789804
3.588085106382979    0.026519966114291353
3.5898936170212767    0.02802330282411985
3.5917021276595746    0.029370166650262944
3.5935106382978725    0.030082962899624734
3.5953191489361704    0.029907885206486975
3.5971276595744683    0.029137367373290424
3.5989361702127662    0.028275773902116004
3.600744680851064    0.02751547112694213
3.6025531914893616    0.02671813847027115
3.6043617021276595    0.025841953140678463
3.6061702127659574    0.025109976776421558
3.6079787234042553    0.024620236425128776
3.609787234042553    0.02397131770122337
3.611595744680851    0.022531435258726695
3.613404255319149    0.020088913121965472
3.615212765957447    0.017044239309389093
