0.0    0.0
0.0018085106382978724    0.0
0.003617021276595745    0.0
0.005425531914893617    0.0
0.00723404255319149    0.0
0.009042553191489363    0.0
0.010851063829787235    0.0
0.012659574468085107    0.0
0.01446808510638298    0.0
0.016276595744680853    0.0
0.018085106382978725    0.0
0.019893617021276597    0.0
0.02170212765957447    0.0
0.023510638297872342    0.0
0.025319148936170214    0.0
0.027127659574468086    0.0
0.02893617021276596    0.0
0.03074468085106383    0.0
0.032553191489361706    0.0
0.03436170212765958    0.0
0.03617021276595745    0.0
0.03797872340425532    0.0
0.039787234042553195    0.0
0.04159574468085107    0.0
0.04340425531914894    0.0
0.04521276595744681    0.0
0.047021276595744683    0.0
0.048829787234042556    0.0
0.05063829787234043    0.0
0.0524468085106383    0.0
0.05425531914893617    0.0
0.056063829787234044    0.0
0.05787234042553192    0.0
0.05968085106382979    0.0
0.06148936170212766    0.0
0.06329787234042554    0.0
0.06510638297872341    0.0
0.06691489361702128    0.0
0.06872340425531916    0.0
0.07053191489361703    0.0
0.0723404255319149    0.0
0.07414893617021277    0.0
0.07595744680851065    0.0
0.07776595744680852    0.0
0.07957446808510639    0.0
0.08138297872340426    0.0
0.08319148936170213    0.0
0.085    0.0
0.08680851063829788    0.0
0.08861702127659575    0.0
0.09042553191489362    0.0
0.0922340425531915    0.0
0.09404255319148937    0.0
0.09585106382978724    0.0
0.09765957446808511    0.0
0.09946808510638298    0.0
0.10127659574468086    0.0
0.10308510638297873    0.0
0.1048936170212766    0.0
0.10670212765957447    0.0
0.10851063829787234    0.0
0.11031914893617022    0.0
0.11212765957446809    0.0
0.11393617021276596    0.0
0.11574468085106383    0.0
0.1175531914893617    0.0
0.11936170212765958    0.0
0.12117021276595745    0.0
0.12297872340425532    0.0
0.1247872340425532    0.0
0.12659574468085108    0.0
0.12840425531914895    0.0
0.13021276595744682    0.0
0.1320212765957447    0.0
0.13382978723404257    0.0
0.13563829787234044    0.0
0.1374468085106383    0.0
0.13925531914893619    0.0
0.14106382978723406    0.0
0.14287234042553193    0.0
0.1446808510638298    0.0
0.14648936170212767    1.1112803842136562e-158
0.14829787234042555    1.562459940570316e-154
0.15010638297872342    6.653585324706472e-151
0.1519148936170213    1.362035052594119e-147
0.15372340425531916    1.6417524251842703e-144
0.15553191489361703    1.307381296258198e-141
0.1573404255319149    7.40911060560967e-139
0.15914893617021278    3.1477654476169255e-136
0.16095744680851065    1.0418917218238997e-133
0.16276595744680852    2.7674886656911556e-131
0.1645744680851064    6.039391443279444e-129
0.16638297872340427    1.1036562919945014e-126
0.16819148936170214    1.7158366824744382e-124
0.17    2.2998646036746368e-122
0.17180851063829788    2.6881155973706858e-120
0.17361702127659576    2.766772369109282e-118
0.17542553191489363    2.5292597234774812e-116
0.1772340425531915    2.069068512617558e-114
0.17904255319148937    1.52479974149908e-112
0.18085106382978725    1.0183335496622166e-110
0.18265957446808512    6.196189729053006e-109
0.184468085106383    3.451505262144783e-107
0.18627659574468086    1.7678208756394838e-105
0.18808510638297873    8.358749195908912e-104
0.1898936170212766    3.661822043103988e-102
0.19170212765957448    1.4912682751394506e-100
0.19351063829787235    5.663069722397864e-99
0.19531914893617022    2.011031079675677e-97
0.1971276595744681    6.695742920624428e-96
0.19893617021276597    2.095332514512656e-94
0.20074468085106384    6.17688239116007e-93
0.2025531914893617    1.7189767054209337e-91
0.20436170212765958    4.5249869418362136e-90
0.20617021276595746    1.1288066325042958e-88
0.20797872340425533    2.67322488888947e-87
0.2097872340425532    6.019756255224446e-86
0.21159574468085107    1.2909880871117162e-84
0.21340425531914894    2.640584170131653e-83
0.21521276595744682    5.158362897209545e-82
0.2170212765957447    9.636633133043748e-81
0.21882978723404256    1.7237648960440006e-79
0.22063829787234043    2.955834942839446e-78
0.2224468085106383    4.864255413039072e-77
0.22425531914893618    7.690373812351255e-76
0.22606382978723405    1.1692627977891932e-74
0.22787234042553192    1.711309220742889e-73
0.2296808510638298    2.4132111211106413e-72
0.23148936170212767    3.2816583613642276e-71
0.23329787234042554    4.307115156620566e-70
0.2351063829787234    5.460377323203189e-69
0.23691489361702128    6.691676899853441e-68
0.23872340425531915    7.933091705138498e-67
0.24053191489361703    9.104394075972782e-66
0.2423404255319149    1.0121714619293228e-64
0.24414893617021277    1.090770154373788e-63
0.24595744680851064    1.1401423005232023e-62
0.24776595744680852    1.1566222666665862e-61
0.2495744680851064    1.1394119795148511e-60
0.25138297872340426    1.090604735262138e-59
0.25319148936170216    1.0148059504936915e-58
0.255    9.184400446718454e-58
0.2568085106382979    8.08883274884651e-57
0.25861702127659575    6.935783001646091e-56
0.26042553191489365    5.7926829371490965e-55
0.2622340425531915    4.714456900919581e-54
0.2640425531914894    3.7405683334358095e-53
0.26585106382978724    2.8945264256956076e-52
0.26765957446808514    2.1853718927377267e-51
0.269468085106383    1.6104571778638023e-50
0.2712765957446809    1.1588080939182831e-49
0.2730851063829787    8.144596080200086e-49
0.2748936170212766    5.593393128734668e-48
0.27670212765957447    3.7547071368120205e-47
0.27851063829787237    2.4644169300904613e-46
0.2803191489361702    1.582077062060643e-45
0.2821276595744681    9.936879392155199e-45
0.28393617021276596    6.108165009674054e-44
0.28574468085106386    3.675659423122693e-43
0.2875531914893617    2.165933213587857e-42
0.2893617021276596    1.2501379963613074e-41
0.29117021276595745    7.069491122057546e-41
0.29297872340425535    3.9178372656883415e-40
0.2947872340425532    2.128335361028984e-39
0.2965957446808511    1.1336351611673019e-38
0.29840425531914894    5.921710286836363e-38
0.30021276595744684    3.03430758181469e-37
0.3020212765957447    1.5254771706126982e-36
0.3038297872340426    7.526233999672443e-36
0.3056382978723404    3.644727764101508e-35
0.3074468085106383    1.7328248214823947e-34
0.30925531914893617    8.089666869844829e-34
0.31106382978723407    3.7091529313118925e-33
0.3128723404255319    1.6705759958516524e-32
0.3146808510638298    7.392341537591952e-32
0.31648936170212766    3.214376063968345e-31
0.31829787234042556    1.3736704514061693e-30
0.3201063829787234    5.770451279188209e-30
0.3219148936170213    2.3831224384041836e-29
0.32372340425531915    9.677389150107149e-29
0.32553191489361705    3.8646414441531638e-28
0.3273404255319149    1.5179632186634597e-27
0.3291489361702128    5.8650844523785964e-27
0.33095744680851064    2.2294939837731034e-26
0.33276595744680854    8.338991241891204e-26
0.3345744680851064    3.069377053035676e-25
0.3363829787234043    1.1119084043411238e-24
0.3381914893617021    3.964793747685133e-24
0.34    1.3917269469137664e-23
0.34180851063829787    4.8096851405649847e-23
0.34361702127659577    1.6366434375322098e-22
0.3454255319148936    5.484162294439485e-22
0.3472340425531915    1.8097878429498363e-21
0.34904255319148936    5.882296394720497e-21
0.35085106382978726    1.883246355244505e-20
0.3526595744680851    5.939445509813771e-20
0.354468085106383    1.8454367841697153e-19
0.35627659574468085    5.649387394703685e-19
0.35808510638297875    1.704061688461917e-18
0.3598936170212766    5.0650339180263795e-18
0.3617021276595745    1.48361861439677e-17
0.36351063829787233    4.282854373522343e-17
0.36531914893617023    1.218546698587362e-16
0.3671276595744681    3.4172288843848936e-16
0.368936170212766    9.446102052848836e-16
0.3707446808510638    2.5739492772908742e-15
0.3725531914893617    6.914116437471579e-15
0.37436170212765957    1.8309722352329286e-14
0.37617021276595747    4.7802723137591583e-14
0.3779787234042553    1.2304534454364676e-13
0.3797872340425532    3.1227244855321137e-13
0.38159574468085106    7.813951751933583e-13
0.38340425531914896    1.927912662601154e-12
0.3852127659574468    4.690216494033843e-12
0.3870212765957447    1.1251099279404873e-11
0.38882978723404255    2.6613344458249235e-11
0.39063829787234045    6.207411146818021e-11
0.3924468085106383    1.4276785785731574e-10
0.3942553191489362    3.237872245995023e-10
0.39606382978723403    7.240971897902544e-10
0.39787234042553193    1.5967557612260433e-09
0.3996808510638298    3.4719955945354102e-09
0.4014893617021277    7.444085625252495e-09
0.4032978723404255    1.573712481943729e-08
0.4051063829787234    3.280267985766598e-08
0.40691489361702127    6.741381565478216e-08
0.40872340425531917    1.3659268942491428e-07
0.410531914893617    2.7285112681582954e-07
0.4123404255319149    5.373063046618248e-07
0.41414893617021276    1.0430169876619125e-06
0.41595744680851066    1.9957519044700313e-06
0.4177659574468085    3.7638894283534315e-06
0.4195744680851064    6.99597877501009e-06
0.42138297872340424    1.2814575386826092e-05
0.42319148936170214    2.3129341008233995e-05
0.425    4.113210891509469e-05
0.4268085106382979    7.206239627544439e-05
0.42861702127659573    0.00012436364381673652
0.43042553191489363    0.00021138667286499862
0.4322340425531915    0.0003538332851659933
0.4340425531914894    0.0005831615784687889
0.4358510638297872    0.0009461823024584542
0.4376595744680851    0.00151104332397361
0.43946808510638297    0.0023747019581120245
0.44127659574468087    0.0036717934403930133
0.4430851063829787    0.005584489635400711
0.4448936170212766    0.008352485517710409
0.44670212765957445    0.012281653399164087
0.44851063829787235    0.01774920416386478
0.4503191489361702    0.02520248141634448
0.4521276595744681    0.035147943969402004
0.45393617021276594    0.04812668676916024
0.45574468085106384    0.06467328213809014
0.4575531914893617    0.08525607024251673
0.4593617021276596    0.11019950034653801
0.46117021276595743    0.13959276490170858
0.46297872340425533    0.17319353951374838
0.46478723404255323    0.2103405337793292
0.4665957446808511    0.24989275683049633
0.468404255319149    0.29021556284683775
0.4702127659574468    0.3292322083783918
0.4720212765957447    0.3645536214238651
0.47382978723404257    0.39368787618801
0.47563829787234047    0.41431521745330596
0.4774468085106383    0.42459664193521846
0.4792553191489362    0.42346778506153254
0.48106382978723405    0.41085993552398486
0.48287234042553195    0.387791095109661
0.4846808510638298    0.3562852706862429
0.4864893617021277    0.31910770865023924
0.48829787234042554    0.27934347584682645
0.49010638297872344    0.2398883281328596
0.4919148936170213    0.20295295946345798
0.4937234042553192    0.16969314614339565
0.49553191489361703    0.14006124217308674
0.49734042553191493    0.11292834746783842
0.4991489361702128    0.0864598503222169
0.5009574468085106    0.05865696928390679
0.5027659574468085    0.02792482273334708
0.5045744680851064    -0.006487397728821873
0.5063829787234043    -0.044296863295969297
0.5081914893617021    -0.08429792532753386
0.51    -0.12472987013527839
0.5118085106382979    -0.16377567431147746
0.5136170212765958    -0.20002452874677326
0.5154255319148936    -0.2327485524471042
0.5172340425531915    -0.26191687152681986
0.5190425531914894    -0.2879716610166556
0.5208510638297873    -0.3114805825215451
0.5226595744680851    -0.3328204129308192
0.524468085106383    -0.3520193015918036
0.5262765957446809    -0.36880167609539005
0.5280851063829788    -0.3827790588981269
0.5298936170212766    -0.3936611801228528
0.5317021276595745    -0.40136060937947815
0.5335106382978724    -0.4059332486737727
0.5353191489361703    -0.4074010574827309
0.5371276595744681    -0.4055843998059059
0.538936170212766    -0.4000789774172966
0.5407446808510639    -0.3904335259552121
0.5425531914893618    -0.3764566595242983
0.5443617021276596    -0.3584772344384318
0.5461702127659575    -0.33737213760415374
0.5479787234042554    -0.3142821378332975
0.5497872340425533    -0.29011534625927393
0.551595744680851    -0.265090797041061
0.5534042553191489    -0.23860164750334267
0.5552127659574468    -0.20953829609022623
0.5570212765957447    -0.17696178458719086
0.5588297872340425    -0.1407910285464996
0.5606382978723404    -0.10210651231713119
0.5624468085106383    -0.06284246873867427
0.5642553191489362    -0.024971770740887023
0.566063829787234    0.010396081962386434
0.5678723404255319    0.04347954011646819
0.5696808510638298    0.07552912677365652
0.5714893617021277    0.10787078602633092
0.5732978723404255    0.14079877200191865
0.5751063829787234    0.17297094589442308
0.5769148936170213    0.20171488056312725
0.5787234042553192    0.2241332524840151
0.580531914893617    0.2384006452069074
0.5823404255319149    0.24448723406047107
0.5841489361702128    0.24385846944060413
0.5859574468085107    0.2383235502081391
0.5877659574468085    0.22876211567158838
0.5895744680851064    0.21458021962158869
0.5913829787234043    0.19431858470923175
0.5931914893617022    0.16709712508739327
0.595    0.13399473787577665
0.5968085106382979    0.09843148630310941
0.5986170212765958    0.06520053992955446
0.6004255319148937    0.03864203905768297
0.6022340425531915    0.02101256399390792
0.6040425531914894    0.011994319468375904
0.6058510638297873    0.00955623095506834
0.6076595744680852    0.011502386909816545
0.609468085106383    0.01661929951858563
0.6112765957446809    0.02466700275341973
0.6130851063829788    0.03533125661715267
0.6148936170212767    0.04705273723532519
0.6167021276595744    0.05678906369144668
0.6185106382978723    0.06111450111759592
0.6203191489361702    0.05806026259980855
0.6221276595744681    0.04846563978358308
0.6239361702127659    0.03583305905072563
0.6257446808510638    0.02464266306045291
0.6275531914893617    0.018123715784422186
0.6293617021276596    0.01685869334846999
0.6311702127659574    0.019028937360192948
0.6329787234042553    0.021995350676897174
0.6347872340425532    0.024041389097122952
0.6365957446808511    0.02510244060883858
0.6384042553191489    0.02613942571389636
0.6402127659574468    0.02783962433401084
0.6420212765957447    0.029770449397770612
0.6438297872340426    0.030660635777512116
0.6456382978723404    0.02952348848073344
0.6474468085106383    0.026642483118475654
0.6492553191489362    0.023559982397925568
0.6510638297872341    0.02203484455437814
0.6528723404255319    0.022786414047437357
0.6546808510638298    0.0250247149529017
0.6564893617021277    0.02713128317409772
0.6582978723404256    0.02792354282029593
0.6601063829787234    0.027473403640063336
0.6619148936170213    0.026837575973683157
0.6637234042553192    0.026971358954844267
0.6655319148936171    0.027779383698864617
0.6673404255319149    0.02813674473400781
0.6691489361702128    0.026888663363898183
0.6709574468085107    0.023992219006720925
0.6727659574468086    0.020807081990035538
0.6745744680851063    0.019214211932059813
0.6763829787234042    0.0201981384774133
0.6781914893617021    0.02299053137970781
0.68    0.02546571480290604
0.6818085106382978    0.025530814465400085
0.6836170212765957    0.02251361225117554
0.6854255319148936    0.01757769757516757
0.6872340425531915    0.012924417739101746
0.6890425531914893    0.010384190337474702
0.6908510638297872    0.010340696012493517
0.6926595744680851    0.011600221296388685
0.694468085106383    0.012152613341520822
0.6962765957446809    0.0102735554631488
0.6980851063829787    0.005354087527596724
0.6998936170212766    -0.0018887751295496628
0.7017021276595745    -0.009834577708227385
0.7035106382978724    -0.016798820688528164
0.7053191489361702    -0.021936858642102305
0.7071276595744681    -0.02578523759424775
0.708936170212766    -0.030076689845800975
0.7107446808510639    -0.03678020944465055
0.7125531914893617    -0.04681936230434128
0.7143617021276596    -0.0592786460627525
0.7161702127659575    -0.07174443362728532
0.7179787234042554    -0.0817075733014445
0.7197872340425532    -0.08814126511267452
0.7215957446808511    -0.09212220315128637
0.723404255319149    -0.09598156871281095
0.7252127659574469    -0.10155558830810286
0.7270212765957447    -0.10881430432670046
0.7288297872340426    -0.11588653415981907
0.7306382978723405    -0.12044357510395333
0.7324468085106384    -0.12138467528650636
0.7342553191489362    -0.11958518006602141
0.7360638297872341    -0.11723104757438603
0.737872340425532    -0.1163208272117044
0.7396808510638299    -0.117438239252918
0.7414893617021276    -0.11956333479763175
0.7432978723404255    -0.12087958889968616
0.7451063829787234    -0.11991804735003188
0.7469148936170213    -0.11632980956462004
0.7487234042553191    -0.11095296808445783
0.750531914893617    -0.1052579429626423
0.7523404255319149    -0.10049137935156123
0.7541489361702128    -0.096925753622594
0.7559574468085106    -0.09362679500001515
0.7577659574468085    -0.08898895968571542
0.7595744680851064    -0.08185724758796727
0.7613829787234043    -0.07252802197732984
0.7631914893617021    -0.06278046318532467
0.765    -0.054679262770443174
0.7668085106382979    -0.0489190260029347
0.7686170212765958    -0.04407879727565961
0.7704255319148936    -0.03760981024648338
0.7722340425531915    -0.027943736685032722
0.7740425531914894    -0.015984435071058588
0.7758510638297873    -0.004570593743500252
0.7776595744680851    0.0038130056080210146
0.779468085106383    0.00916556267067592
0.7812765957446809    0.014013442813135865
0.7830851063829788    0.02121395155361909
0.7848936170212766    0.031412199760674366
0.7867021276595745    0.042446521363103125
0.7885106382978724    0.0512808209764622
0.7903191489361703    0.05672406965037654
0.7921276595744681    0.06044518098935033
0.793936170212766    0.06536033884672773
0.7957446808510639    0.07291674431203274
0.7975531914893618    0.0818082106312292
0.7993617021276596    0.0892688853304239
0.8011702127659575    0.0936404748638387
0.8029787234042554    0.09575554562128463
0.8047872340425533    0.09790721007947417
0.806595744680851    0.10153646103088429
0.808404255319149    0.10593410078772264
0.8102127659574468    0.10912843693365634
0.8120212765957447    0.10991305327010178
0.8138297872340425    0.1089098117861558
0.8156382978723404    0.10767359610500568
0.8174468085106383    0.10690969256555019
0.8192553191489362    0.10574035151920533
0.821063829787234    0.10276967253069463
0.8228723404255319    0.09775476111798115
0.8246808510638298    0.0920561268109441
0.8264893617021277    0.08736268482685786
0.8282978723404255    0.08404000400530184
0.8301063829787234    0.08085693706256011
0.8319148936170213    0.07637765828620399
0.8337234042553192    0.07053432176098301
0.835531914893617    0.06471131689465029
0.8373404255319149    0.060268225169860565
0.8391489361702128    0.05709401554799187
0.8409574468085107    0.05373656148850936
0.8427659574468085    0.04894648710059797
0.8445744680851064    0.04295161564172209
0.8463829787234043    0.03708259752826812
0.8481914893617022    0.03217604474750929
0.85    0.02753313350067662
0.8518085106382979    0.0216288706409064
0.8536170212765958    0.01385564390661248
0.8554255319148937    0.005405809194424259
0.8572340425531915    -0.0017439284453926729
0.8590425531914894    -0.006765549001450927
0.8608510638297873    -0.010818955964713007
0.8626595744680852    -0.01587306844263093
0.864468085106383    -0.022677200240732068
0.8662765957446809    -0.029956483027437773
0.8680851063829788    -0.03566286230835241
0.8698936170212767    -0.03900980811746176
0.8717021276595744    -0.04123130851362946
0.8735106382978723    -0.044325338380766084
0.8753191489361702    -0.04907900973468781
0.8771276595744681    -0.054341929970860424
0.8789361702127659    -0.05819538679630711
0.8807446808510638    -0.05977431082747576
0.8825531914893617    -0.05995041106251817
0.8843617021276596    -0.060327018437400313
0.8861702127659574    -0.06166315538461573
0.8879787234042553    -0.06326817296329695
0.8897872340425532    -0.06380857325812439
0.8915957446808511    -0.06258782514741099
0.8934042553191489    -0.06005959065767205
0.8952127659574468    -0.05724065916164105
0.8970212765957447    -0.054747652580147715
0.8988297872340426    -0.05237452798822635
0.9006382978723404    -0.0494558720059803
0.9024468085106383    -0.04553476019573291
0.9042553191489362    -0.040733509433773185
0.9060638297872341    -0.03563145316262116
0.9078723404255319    -0.030863790017935266
0.9096808510638298    -0.026751493934785327
0.9114893617021277    -0.02315390254093814
0.9132978723404256    -0.01960634855719797
0.9151063829787234    -0.01568343120911972
0.9169148936170213    -0.011362255871821072
0.9187234042553192    -0.0070726605215372315
0.9205319148936171    -0.0033226592620923916
0.9223404255319149    -0.00020758656477236608
0.9241489361702128    0.002683817873542962
0.9259574468085107    0.005801115377012523
0.9277659574468086    0.00906758367329868
0.9295744680851065    0.011888670872573491
0.9313829787234043    0.013830876398085312
0.9331914893617022    0.01526593224818368
0.935    0.017181417631474814
0.936808510638298    0.020215486482966546
0.9386170212765957    0.023905448802285213
0.9404255319148936    0.02704383251925003
0.9422340425531915    0.028878185279290987
0.9440425531914894    0.029894989825525062
0.9458510638297872    0.03127500906854634
0.9476595744680851    0.03353688591374361
0.949468085106383    0.03585035160970963
0.9512765957446809    0.03684932326824608
0.9530851063829787    0.036127602937936015
0.9548936170212766    0.03476935459627316
0.9567021276595745    0.03425541016369131
0.9585106382978724    0.034879327842218824
0.9603191489361702    0.03541392967348719
0.9621276595744681    0.03444716518902087
0.963936170212766    0.031965774898147656
0.9657446808510639    0.029455374575533794
0.9675531914893617    0.028393429728937755
0.9693617021276596    0.02877644578976578
0.9711702127659575    0.029275866547843143
0.9729787234042554    0.028800665392461178
0.9747872340425532    0.02768904429933581
0.9765957446808511    0.027200430177364232
0.978404255319149    0.027917512539941285
0.9802127659574469    0.028901691810402468
0.9820212765957447    0.02858388114235496
0.9838297872340426    0.026402660317385272
0.9856382978723405    0.02335808060728759
0.9874468085106384    0.020875554132531803
0.9892553191489362    0.019266032667935508
0.9910638297872341    0.01748944375687901
0.992872340425532    0.014433649462939693
0.9946808510638299    0.010229974401906632
0.9964893617021277    0.006136788910372618
0.9982978723404256    0.003169925699511191
1.0001063829787233    0.0010445374720942698
1.0019148936170212    -0.0014202994491427953
1.0037234042553191    -0.004957453283055474
1.005531914893617    -0.009100529618243224
1.007340425531915    -0.012810349329218252
1.0091489361702128    -0.015688313074428483
1.0109574468085107    -0.018387053036173596
1.0127659574468086    -0.021814775333332394
1.0145744680851063    -0.026099092551912142
1.0163829787234042    -0.03047604716828643
1.0181914893617021    -0.03415933720710797
1.02    -0.037155726578023685
1.021808510638298    -0.04013382350377473
1.0236170212765958    -0.04356877729776901
1.0254255319148937    -0.04715863352638425
1.0272340425531916    -0.05011906601324062
1.0290425531914893    -0.051953005362569554
1.0308510638297872    -0.05282929442042093
1.032659574468085    -0.0532301488913202
1.034468085106383    -0.0533504410726299
1.036276595744681    -0.052925677518378636
1.0380851063829788    -0.05160922539103063
1.0398936170212767    -0.049416698256685654
1.0417021276595746    -0.046751551174103456
1.0435106382978723    -0.04402752470561497
1.0453191489361702    -0.04130930186789504
1.047127659574468    -0.03831709091648282
1.048936170212766    -0.03475562279733428
1.0507446808510639    -0.030651772271647476
1.0525531914893618    -0.026420365676133054
1.0543617021276597    -0.022614756798735133
1.0561702127659576    -0.019553138390068392
1.0579787234042553    -0.0171103482675612
1.0597872340425532    -0.014863493594686382
1.061595744680851    -0.012497058122235654
1.063404255319149    -0.010101667210192674
1.0652127659574468    -0.008038138105173728
1.0670212765957447    -0.006458819563113179
1.0688297872340426    -0.005003218545487855
1.0706382978723405    -0.0030899547920987622
1.0724468085106382    -0.0005855938816359796
1.0742553191489361    0.001891281433747977
1.076063829787234    0.003491220143024012
1.077872340425532    0.004031737064499547
1.0796808510638298    0.0042874750951762495
1.0814893617021277    0.005249420367409628
1.0832978723404256    0.007078332821725052
1.0851063829787235    0.008909107145929726
1.0869148936170212    0.009776124190726966
1.088723404255319    0.009651128551885487
1.090531914893617    0.009405625309228258
1.092340425531915    0.009724874186527118
1.0941489361702128    0.01024764625116818
1.0959574468085107    0.009988961248828667
1.0977659574468086    0.008599528799639166
1.0995744680851065    0.006971046907792036
1.1013829787234042    0.006400260883579152
1.103191489361702    0.007218047614093014
1.105    0.008476823645119376
1.1068085106382979    0.009095346341531144
1.1086170212765958    0.009142132114752271
1.1104255319148937    0.009740545207680664
1.1122340425531916    0.011687852368073477
1.1140425531914895    0.01442092004537526
1.1158510638297872    0.01658481193781144
1.117659574468085    0.01757193683459125
1.119468085106383    0.01822518660669022
1.1212765957446809    0.01985470979830659
1.1230851063829788    0.022699402349616937
1.1248936170212767    0.02562953082974836
1.1267021276595746    0.027438693104310876
1.1285106382978725    0.028216330489206593
1.1303191489361701    0.02921235141207328
1.132127659574468    0.03137889065536899
1.133936170212766    0.03429549771920824
1.1357446808510638    0.03668295966726971
1.1375531914893617    0.037832864076155034
1.1393617021276596    0.03826526693227382
1.1411702127659575    0.03892354237752377
1.1429787234042554    0.03996271559460515
1.1447872340425531    0.040594755937501434
1.146595744680851    0.0401081581144099
1.148404255319149    0.038763581264427444
1.1502127659574468    0.037472593225035544
1.1520212765957447    0.0366766826903185
1.1538297872340426    0.035799473382950364
1.1556382978723405    0.033926455222420965
1.1574468085106384    0.030892698882676428
1.1592553191489363    0.02750298050919927
1.161063829787234    0.024658864751825896
1.162872340425532    0.022423121522885295
1.1646808510638298    0.02005552852867864
1.1664893617021277    0.01689667669658553
1.1682978723404256    0.013068506587783094
1.1701063829787235    0.009289551826381366
1.1719148936170214    0.006147533845831861
1.1737234042553193    0.003674199704363586
1.175531914893617    0.0015642857797975775
1.1773404255319149    -0.00038257901256221697
1.1791489361702128    -0.002134856146884568
1.1809574468085107    -0.003634680994152516
1.1827659574468086    -0.004949623575850443
1.1845744680851065    -0.006159631094574568
1.1863829787234044    -0.007184569672835974
1.1881914893617023    -0.007831580306580647
1.19    -0.00802132977001551
1.1918085106382978    -0.007907279061033976
1.1936170212765957    -0.007745468785310943
1.1954255319148936    -0.007677950233108596
1.1972340425531915    -0.007661180848566401
1.1990425531914894    -0.007565477126973093
1.2008510638297873    -0.007301575511986295
1.2026595744680852    -0.006880312648400383
1.204468085106383    -0.006426623553417145
1.2062765957446808    -0.0061561521414123955
1.2080851063829787    -0.006261620629981144
1.2098936170212766    -0.006737758063227257
1.2117021276595745    -0.007331927191863395
1.2135106382978724    -0.0077579478550884005
1.2153191489361703    -0.008002861530314102
1.2171276595744682    -0.008363449659082707
1.218936170212766    -0.009108282814644018
1.2207446808510638    -0.010135619480158262
1.2225531914893617    -0.011074779358033502
1.2243617021276596    -0.011768665928517514
1.2261702127659575    -0.012564679668250228
1.2279787234042554    -0.014015237969499574
1.2297872340425533    -0.01630693859235187
1.2315957446808512    -0.019111783283953736
1.2334042553191489    -0.022056056596012986
1.2352127659574468    -0.025210447688890476
1.2370212765957447    -0.028941814819695474
1.2388297872340426    -0.03327726965319156
1.2406382978723405    -0.03761033809581892
1.2424468085106384    -0.041210937953292094
1.2442553191489363    -0.043981813205964844
1.2460638297872342    -0.046522387780087
1.2478723404255319    -0.04936735940084904
1.2496808510638298    -0.05230039895392794
1.2514893617021277    -0.05458749009283315
1.2532978723404256    -0.05584865657896531
1.2551063829787235    -0.05648545439690867
1.2569148936170214    -0.05713231222797011
1.2587234042553193    -0.05782706266556371
1.2605319148936172    -0.05794391196067689
1.2623404255319148    -0.05695125902489497
1.2641489361702127    -0.05500606107237547
1.2659574468085106    -0.05263640489634638
1.2677659574468085    -0.04998236881037962
1.2695744680851064    -0.046656525200545564
1.2713829787234043    -0.04244444385384579
1.2731914893617022    -0.03788326082768368
1.2750000000000001    -0.03383158654166383
1.2768085106382978    -0.030460830447843527
1.2786170212765957    -0.026960489563296525
1.2804255319148936    -0.022454532299560938
1.2822340425531915    -0.017095003259271692
1.2840425531914894    -0.011987298695862413
1.2858510638297873    -0.00798842817804785
1.2876595744680852    -0.004812756048651832
1.289468085106383    -0.0015148343865263947
1.2912765957446808    0.0022761445785759132
1.2930851063829787    0.005900146560863141
1.2948936170212766    0.008502582119054952
1.2967021276595745    0.010050706485476488
1.2985106382978724    0.011252996502985502
1.3003191489361703    0.012573879751166899
1.3021276595744682    0.013700526707333103
1.303936170212766    0.014158590301252091
1.3057446808510638    0.014182671240406751
1.3075531914893617    0.01456370943552152
1.3093617021276596    0.015574119404230223
1.3111702127659575    0.016401225364051468
1.3129787234042554    0.01597544881760045
1.3147872340425533    0.014272972776413682
1.3165957446808512    0.012446687191009057
1.318404255319149    0.011532772825501653
1.3202127659574467    0.011288892495974635
1.3220212765957446    0.010612654425496418
1.3238297872340425    0.009027502571063096
1.3256382978723404    0.007365643713961752
1.3274468085106383    0.006772290360203733
1.3292553191489362    0.007274471893941344
1.3310638297872341    0.007719666566300262
1.332872340425532    0.007172636976266897
1.3346808510638297    0.00603570170021611
1.3364893617021276    0.005530454185418924
1.3382978723404255    0.006246621481163674
1.3401063829787234    0.007583227230606797
1.3419148936170213    0.008690161727825671
1.3437234042553192    0.009586141342279557
1.3455319148936171    0.010981157429891182
1.347340425531915    0.01310844817158389
1.3491489361702127    0.015207462907206865
1.3509574468085106    0.016432783898822148
1.3527659574468085    0.017037473064675214
1.3545744680851064    0.01823994005834393
1.3563829787234043    0.02084360085055744
1.3581914893617022    0.024300105704612024
1.36    0.02737685115026351
1.361808510638298    0.029573094825905262
1.3636170212765957    0.031513980867642066
1.3654255319148936    0.033898195665886574
1.3672340425531915    0.03642575672377475
1.3690425531914894    0.038106940725787145
1.3708510638297873    0.038525193718362966
1.3726595744680852    0.03839216364577397
1.374468085106383    0.03867558529672303
1.376276595744681    0.03943611689293433
1.3780851063829787    0.039854290012884416
1.3798936170212766    0.03934908409864188
1.3817021276595745    0.038282754070795955
1.3835106382978724    0.03734401406130433
1.3853191489361703    0.03648055448758862
1.3871276595744682    0.03485084941075628
1.388936170212766    0.031902373155066
1.390744680851064    0.02816952392974712
1.3925531914893619    0.0247240636465901
1.3943617021276595    0.02196416258562043
1.3961702127659574    0.019295760797573912
1.3979787234042553    0.016101672370454435
1.3997872340425532    0.012717265418091164
1.4015957446808511    0.010117592015238548
1.403404255319149    0.0086869898720223
1.405212765957447    0.007636921219886041
1.4070212765957448    0.005835990018732142
1.4088297872340425    0.0030607602654997516
1.4106382978723404    0.00018921182066282752
1.4124468085106383    -0.0018080867367845299
1.4142553191489362    -0.002811567686134506
1.416063829787234    -0.0033986335694552207
1.417872340425532    -0.003995878676923627
1.41968085106383    -0.004485486536886292
1.4214893617021278    -0.004632114137720141
1.4232978723404255    -0.004575420462873862
1.4251063829787234    -0.004665299766899154
1.4269148936170213    -0.004929034592505674
1.4287234042553192    -0.004983110505618434
1.430531914893617    -0.004540600188888321
1.432340425531915    -0.0037970367483590077
1.4341489361702129    -0.0031379501364374686
1.4359574468085108    -0.002570290200370204
1.4377659574468085    -0.0016874525740194699
1.4395744680851064    -0.0002502265174445591
1.4413829787234043    0.001400236743917001
1.4431914893617022    0.0026831693024134302
1.445    0.0034458783491074924
1.446808510638298    0.004077156730221305
1.4486170212765959    0.0049148626753200446
1.4504255319148938    0.005734441407624393
1.4522340425531914    0.005994447014104725
1.4540425531914893    0.00551093126603974
1.4558510638297872    0.004680003940126591
1.4576595744680851    0.003982904020152388
1.459468085106383    0.0034382180368360245
1.461276595744681    0.0026769939396153915
1.4630851063829788    0.0014536426097405504
1.4648936170212767    -0.00012516632026432386
1.4667021276595744    -0.0018870509090862374
1.4685106382978723    -0.0038761723395069874
1.4703191489361702    -0.006170290322894546
1.4721276595744681    -0.00852726983340828
1.473936170212766    -0.010479016471677444
1.475744680851064    -0.011868506147650972
1.4775531914893618    -0.013126424430078314
1.4793617021276597    -0.014848559633388572
1.4811702127659574    -0.017166556830939397
1.4829787234042553    -0.01971658783178974
1.4847872340425532    -0.022218037429568304
1.486595744680851    -0.024836690267704225
1.488404255319149    -0.02780757455014476
1.490212765957447    -0.03086153816405487
1.4920212765957448    -0.033347068861393436
1.4938297872340427    -0.03500651409700756
1.4956382978723404    -0.03638646276663128
1.4974468085106383    -0.038238452205017495
1.4992553191489362    -0.040597438235457126
1.501063829787234    -0.04273232942394478
1.502872340425532    -0.04407319875478441
1.5046808510638299    -0.04491399709757035
1.5064893617021278    -0.04593834415587027
1.5082978723404257    -0.04717074210192125
1.5101063829787233    -0.04777166350924565
1.5119148936170212    -0.04702408247704204
1.5137234042553191    -0.04525795790280669
1.515531914893617    -0.043470158382374335
1.517340425531915    -0.042083897655461
1.5191489361702128    -0.04046172626245373
1.5209574468085107    -0.037848987360845424
1.5227659574468086    -0.034547347914867854
1.5245744680851063    -0.03176001157870449
1.5263829787234042    -0.03022997900714694
1.5281914893617021    -0.02935542737115801
1.53    -0.02787943042239517
1.531808510638298    -0.0252738780432158
1.5336170212765958    -0.02212758460084365
1.5354255319148937    -0.019205431370457715
1.5372340425531916    -0.01652866141966801
1.5390425531914893    -0.013636831210111722
1.5408510638297872    -0.010486497776599196
1.542659574468085    -0.007591394928563602
1.544468085106383    -0.00515761633050109
1.546276595744681    -0.0024849098577752306
1.5480851063829788    0.0013661686039974984
1.5498936170212767    0.006395751860999478
1.5517021276595746    0.01155739876739817
1.5535106382978723    0.01597657934725222
1.5553191489361702    0.019971994592597585
1.557127659574468    0.024544099322128383
1.558936170212766    0.029985147325753105
1.5607446808510639    0.03544081325989154
1.5625531914893618    0.04001084723683408
1.5643617021276597    0.043924294011953344
1.5661702127659576    0.04820080138605637
1.5679787234042553    0.053218536008711584
1.5697872340425532    0.05809285061224444
1.571595744680851    0.061723641662816964
1.573404255319149    0.06414992900780492
1.5752127659574469    0.0664140389742498
1.5770212765957448    0.06909971922162553
1.5788297872340427    0.07147929175835002
1.5806382978723406    0.07241415274869811
1.5824468085106382    0.07182721491272517
1.5842553191489361    0.07079660735545543
1.586063829787234    0.07014866211408652
1.587872340425532    0.06943086617150734
1.5896808510638298    0.06764269387796423
1.5914893617021277    0.06474507037387237
1.5932978723404256    0.061900821678464224
1.5951063829787235    0.060069526817101065
1.5969148936170212    0.05878745533779309
1.5987234042553191    0.05675857922979201
1.600531914893617    0.05350733573839947
1.602340425531915    0.04993826309683938
1.6041489361702128    0.047087924785036456
1.6059574468085107    0.0447429573292481
1.6077659574468086    0.04176562478329825
1.6095744680851065    0.03768520945925702
1.6113829787234042    0.03341007932126917
1.613191489361702    0.030066877823595753
1.615    0.027471304947888346
1.616808510638298    0.02426988413416445
1.6186170212765958    0.019631990746014558
1.6204255319148937    0.014339303931957217
1.6222340425531916    0.009878439569359746
1.6240425531914895    0.006698363257981722
1.6258510638297874    0.0038217920221087064
1.627659574468085    0.00020659805005406387
1.629468085106383    -0.003973793024975342
1.6312765957446809    -0.007742408847425831
1.6330851063829788    -0.010752964016508368
1.6348936170212767    -0.013782208882990109
1.6367021276595746    -0.017657199102963914
1.6385106382978725    -0.02210373259962379
1.6403191489361704    -0.02606610539993505
1.642127659574468    -0.029044402854814882
1.643936170212766    -0.03164388343676615
1.6457446808510638    -0.03461879486095985
1.6475531914893617    -0.037724677357267436
1.6493617021276596    -0.03994623672462845
1.6511702127659575    -0.04082942242049749
1.6529787234042554    -0.04117979360902843
1.6547872340425533    -0.04222025455097768
1.656595744680851    -0.0442922523206979
1.658404255319149    -0.04671183739391099
1.6602127659574468    -0.048832049437957256
1.6620212765957447    -0.050837163493575574
1.6638297872340426    -0.05328028183521359
1.6656382978723405    -0.056119722210502085
1.6674468085106384    -0.058640534745068265
1.6692553191489363    -0.06038147764211725
1.671063829787234    -0.061800171639317295
1.672872340425532    -0.0637681806378826
1.6746808510638298    -0.06655817321748798
1.6764893617021277    -0.06962987164029154
1.6782978723404256    -0.0724148346503271
1.6801063829787235    -0.0749862878686796
1.6819148936170214    -0.0777395138274407
1.6837234042553193    -0.08060704310754614
1.685531914893617    -0.08294956072623043
1.6873404255319149    -0.08428536237585448
1.6891489361702128    -0.08483658850607263
1.6909574468085107    -0.08512210417267986
1.6927659574468086    -0.08515591281960892
1.6945744680851065    -0.08436991757113423
1.6963829787234044    -0.08238569223600305
1.6981914893617023    -0.07957189095260099
1.7    -0.0765879982318655
1.7018085106382979    -0.07350123592111997
1.7036170212765958    -0.0696889088998605
1.7054255319148937    -0.06471737530523476
1.7072340425531916    -0.05905978993587495
1.7090425531914895    -0.05367089849595914
1.7108510638297874    -0.04891695219761595
1.7126595744680853    -0.04422727644924389
1.714468085106383    -0.038930632783950814
1.7162765957446808    -0.03321862568256663
1.7180851063829787    -0.028007004966676123
1.7198936170212766    -0.02386248174166245
1.7217021276595745    -0.02033119289617904
1.7235106382978724    -0.016473543525799536
1.7253191489361703    -0.011901661225342332
1.7271276595744682    -0.007056073269851762
1.728936170212766    -0.0024901487861494678
1.7307446808510638    0.0018341611514378256
1.7325531914893617    0.006354086193156287
1.7343617021276596    0.011155243126566412
1.7361702127659575    0.015703155583729606
1.7379787234042554    0.01942252655057396
1.7397872340425533    0.022378679948427915
1.7415957446808512    0.02520133675045298
1.7434042553191489    0.02835807862816229
1.7452127659574468    0.031662174388207454
1.7470212765957447    0.03454970297466688
1.7488297872340426    0.03671189984595845
1.7506382978723405    0.03832303613336903
1.7524468085106384    0.03969594709578493
1.7542553191489363    0.04088787539579916
1.7560638297872342    0.0417298137763841
1.7578723404255319    0.04214596769042213
1.7596808510638298    0.04229724566054195
1.7614893617021277    0.04238410451859807
1.7632978723404256    0.04239952568808153
1.7651063829787235    0.04214257297699195
1.7669148936170214    0.041439029737916994
1.7687234042553193    0.04028700967640486
1.7705319148936172    0.03880410537657937
1.7723404255319148    0.03711467362333472
1.7741489361702127    0.03532692981221072
1.7759574468085106    0.03356067314110969
1.7777659574468085    0.03191133430085538
1.7795744680851064    0.030372261260569612
1.7813829787234043    0.02885032413401792
1.7831914893617022    0.027303441008579683
1.7850000000000001    0.025840263242777363
1.7868085106382978    0.024630794295271777
1.7886170212765957    0.02370392611475953
1.7904255319148936    0.022870853890233717
1.7922340425531915    0.021890318352218843
1.7940425531914894    0.02071415716876976
1.7958510638297873    0.019547786325441255
1.7976595744680852    0.01865603475061399
1.7994680851063831    0.018117447173855362
1.8012765957446808    0.017774513530048767
1.8030851063829787    0.017403693695226145
1.8048936170212766    0.01689569245310868
1.8067021276595745    0.016250215022195008
1.8085106382978724    0.015422628609490376
1.8103191489361703    0.014238624990528328
1.8121276595744682    0.01250817242212669
1.813936170212766    0.01021958592076095
1.8157446808510638    0.007580173619258064
1.8175531914893617    0.004844958148023059
1.8193617021276596    0.0021396774244152594
1.8211702127659575    -0.0004990484458229057
1.8229787234042554    -0.0029272734988036297
1.8247872340425533    -0.004840491525699615
1.8265957446808512    -0.006015350229753273
1.828404255319149    -0.006595821413887863
1.8302127659574468    -0.007028595254605795
1.8320212765957447    -0.007623923679454641
1.8338297872340426    -0.008207131716588772
1.8356382978723405    -0.008298777223568992
1.8374468085106384    -0.0076646274176738905
1.8392553191489363    -0.006601262797560365
1.8410638297872342    -0.005595556852259157
1.842872340425532    -0.0047466373123435865
1.8446808510638297    -0.0036542233240477173
1.8464893617021276    -0.0019257904836643015
1.8482978723404255    0.00031547653275790666
1.8501063829787234    0.002563092923431376
1.8519148936170213    0.004557028888310106
1.8537234042553192    0.006642783559523357
1.8555319148936171    0.009417862043110188
1.857340425531915    0.013100526914460994
1.859148936170213    0.017381819228927602
1.8609574468085106    0.021895907095325854
1.8627659574468085    0.02667509935146858
1.8645744680851064    0.032017532266194595
1.8663829787234043    0.03797648823282321
1.8681914893617022    0.044154708531849426
1.87    0.0500620109338597
1.871808510638298    0.055560279731303105
1.873617021276596    0.060839239388187985
1.8754255319148936    0.06600715541343329
1.8772340425531915    0.0708673084409547
1.8790425531914894    0.07515650897215188
1.8808510638297873    0.07887999214950649
1.8826595744680852    0.0822578953837254
1.884468085106383    0.08533569887704322
1.886276595744681    0.08776313780593088
1.8880851063829789    0.08902564360610545
1.8898936170212766    0.0888486531182512
1.8917021276595745    0.08733175737285177
1.8935106382978724    0.08475478002926186
1.8953191489361703    0.08135918738774824
1.8971276595744682    0.07730445093286821
1.898936170212766    0.07269284640339226
1.900744680851064    0.06753656143926544
1.9025531914893619    0.06176918344708558
1.9043617021276595    0.055419279914226224
1.9061702127659574    0.048764879128696065
1.9079787234042553    0.04215996815867987
1.9097872340425532    0.035602154847606066
1.9115957446808511    0.028554910369319328
1.913404255319149    0.020357240388052977
1.915212765957447    0.010841983916262538
1.9170212765957448    0.00044871789955289003
1.9188297872340425    -0.010309637307600945
1.9206382978723404    -0.021355002382467455
1.9224468085106383    -0.032882490020256255
1.9242553191489362    -0.04477395591995581
1.9260638297872341    -0.05642391383200282
1.927872340425532    -0.0672788280842486
1.92968085106383    -0.07739887531443315
1.9314893617021278    -0.08725137779080008
1.9332978723404255    -0.09694063506458908
1.9351063829787234    -0.10587334523588554
1.9369148936170213    -0.11334626907048476
1.9387234042553192    -0.11933581906571714
1.940531914893617    -0.12445981321671182
1.942340425531915    -0.12913096277481192
1.944148936170213    -0.1329870250154244
1.9459574468085108    -0.13534994025389277
1.9477659574468085    -0.13613607754660376
1.9495744680851064    -0.13603918943036067
1.9513829787234043    -0.1357303632006052
1.9531914893617022    -0.13507338517883802
1.955    -0.1333227039440483
1.956808510638298    -0.13002320939024256
1.9586170212765959    -0.12549654686376563
1.9604255319148938    -0.12040973804394464
1.9622340425531914    -0.11510142636067988
1.9640425531914893    -0.10953729917476057
1.9658510638297872    -0.10381463085705117
1.9676595744680851    -0.09839173007229815
1.969468085106383    -0.09366802875520486
1.971276595744681    -0.08950159970290736
1.9730851063829788    -0.08537484025608066
1.9748936170212767    -0.08105117839106288
1.9767021276595744    -0.07690912066802902
1.9785106382978723    -0.07357105829280142
1.9803191489361702    -0.07134110625693216
1.9821276595744681    -0.07012232284570075
1.983936170212766    -0.0697681553142461
1.985744680851064    -0.07028312951854976
1.9875531914893618    -0.07163014198822165
1.9893617021276597    -0.07353746919059015
1.9911702127659574    -0.07566546682231154
1.9929787234042553    -0.07787310889652965
1.9947872340425532    -0.08010254318561216
1.996595744680851    -0.08197721942566158
1.998404255319149    -0.08275304063137356
2.0002127659574467    -0.08188757076287526
2.0020212765957446    -0.07961313564441358
2.0038297872340425    -0.07675025529342017
2.0056382978723404    -0.07389873232226568
2.0074468085106383    -0.07094696075655146
2.009255319148936    -0.06744051815440341
2.011063829787234    -0.0632403297168832
2.012872340425532    -0.05856588267502422
2.01468085106383    -0.05342286017046999
2.016489361702128    -0.04731909566091669
2.0182978723404257    -0.039803814073654464
2.0201063829787236    -0.031186843414868437
2.0219148936170215    -0.022429743895250383
2.0237234042553194    -0.014220611362276259
2.0255319148936173    -0.00633085382716761
2.0273404255319147    0.001965928821161666
2.0291489361702126    0.010980213338771826
2.0309574468085105    0.020378373850406285
2.0327659574468084    0.02989057717827303
2.0345744680851063    0.039963782254133474
2.0363829787234042    0.05144893815237398
2.038191489361702    0.06468342465371243
2.04    0.07910425808046748
2.041808510638298    0.09381877661737267
2.043617021276596    0.10835398688116335
2.0454255319148937    0.12268237295963666
2.0472340425531916    0.13665147057003627
2.0490425531914895    0.14968998317579504
2.0508510638297874    0.1611790726366751
2.0526595744680853    0.17092904903459785
2.0544680851063832    0.1791101649456376
2.0562765957446807    0.18579720381931072
2.0580851063829786    0.19079971922420155
2.0598936170212765    0.19396498723769603
2.0617021276595744    0.1954197547597251
2.0635106382978723    0.1953300606992043
2.06531914893617    0.19352637416449767
2.067127659574468    0.1896069758840497
2.068936170212766    0.18346069205311125
2.070744680851064    0.17549584537342003
2.072553191489362    0.16621492306580402
2.0743617021276597    0.1556957664991623
2.0761702127659576    0.14372209671061184
2.0779787234042555    0.13042539753379048
2.0797872340425534    0.1165477248128989
2.0815957446808513    0.10289682507501033
2.083404255319149    0.08966614238962264
2.085212765957447    0.0765216709506607
2.0870212765957445    0.0633485177521696
2.0888297872340424    0.050645635113996626
2.0906382978723403    0.03901063063200347
2.0924468085106382    0.028392297741833453
2.094255319148936    0.018138556948887746
2.096063829787234    0.007831370729209478
2.097872340425532    -0.00214744053236044
2.09968085106383    -0.011027021110317843
2.1014893617021277    -0.018464386367181763
2.1032978723404256    -0.02470324903167017
2.1051063829787235    -0.02994471444233323
2.1069148936170214    -0.03387407373263137
2.1087234042553193    -0.0360454067603276
2.1105319148936172    -0.036616470328740096
2.112340425531915    -0.0364133320661257
2.114148936170213    -0.03619044579515635
2.1159574468085105    -0.03603212493297057
2.1177659574468084    -0.03565177987841318
2.1195744680851063    -0.035145486565744406
2.121382978723404    -0.03515945946898864
2.123191489361702    -0.036219408092229795
2.125    -0.03807209017949873
2.126808510638298    -0.03985777397233164
2.128617021276596    -0.0408663463546983
2.1304255319148937    -0.04096516915382114
2.1322340425531916    -0.040329892521320874
2.1340425531914895    -0.03902763154366231
2.1358510638297874    -0.037057803917311276
2.1376595744680853    -0.034687277069652224
2.139468085106383    -0.032470658179153684
2.141276595744681    -0.030822344816144452
2.143085106382979    -0.029671171483184246
2.1448936170212765    -0.02862950025337614
2.1467021276595744    -0.027423683189469736
2.1485106382978723    -0.02605056690585475
2.15031914893617    -0.024597608574234826
2.152127659574468    -0.02314276249209099
2.153936170212766    -0.021928173389993172
2.155744680851064    -0.021459942350950036
2.1575531914893618    -0.022204341918944562
2.1593617021276597    -0.024160770131766984
2.1611702127659576    -0.02688051921144402
2.1629787234042555    -0.029954914416069067
2.1647872340425534    -0.03333419724892879
2.1665957446808513    -0.037039295108952514
2.168404255319149    -0.040686474127916
2.170212765957447    -0.043561273889246396
2.172021276595745    -0.04523826051899478
2.1738297872340424    -0.04593041224639309
2.1756382978723403    -0.04604581512623357
2.177446808510638    -0.045513342240435725
2.179255319148936    -0.043828445301053606
2.181063829787234    -0.0408380265587259
2.182872340425532    -0.037221695881535635
2.18468085106383    -0.03391311902364803
2.1864893617021277    -0.031065113572724554
2.1882978723404256    -0.027831933031906758
2.1901063829787235    -0.02328709776474021
2.1919148936170214    -0.01740150724764667
2.1937234042553193    -0.010961994357467031
2.195531914893617    -0.004654838828355391
2.197340425531915    0.0014809546724280482
2.199148936170213    0.007634145761759173
2.200957446808511    0.013549222516109969
2.2027659574468084    0.018574564290615513
2.2045744680851063    0.022342574978622576
2.206382978723404    0.025117414143598853
2.208191489361702    0.02733701533990611
2.21    0.029008185191266266
2.211808510638298    0.029805066363504308
2.2136170212765958    0.029722885117602453
2.2154255319148937    0.029345893820081292
2.2172340425531916    0.029294338310288458
2.2190425531914895    0.029519183396924616
2.2208510638297874    0.02931301444931997
2.2226595744680853    0.027962759251065276
2.224468085106383    0.025195606307468324
2.226276595744681    0.02098310507532493
2.228085106382979    0.015214591806239006
2.229893617021277    0.007869716234292726
2.2317021276595743    -0.0005288715832133632
2.233510638297872    -0.008957718606200976
2.23531914893617    -0.016608218384239218
2.237127659574468    -0.02348896232280752
2.238936170212766    -0.030155630834899465
2.240744680851064    -0.03686714551604537
2.2425531914893617    -0.04317616541490515
2.2443617021276596    -0.04839001194638023
2.2461702127659575    -0.05225662917456087
2.2479787234042554    -0.0550525394050417
2.2497872340425533    -0.0571252823289645
2.251595744680851    -0.05861864831264239
2.253404255319149    -0.05969781312388261
2.255212765957447    -0.06076711236251189
2.257021276595745    -0.062162953579468584
2.258829787234043    -0.06363298172871637
2.2606382978723403    -0.06436990167725376
2.262446808510638    -0.063733264120207
2.264255319148936    -0.06188204091507635
2.266063829787234    -0.05960064039803949
2.267872340425532    -0.057576825564872675
2.2696808510638298    -0.05598992673102661
2.2714893617021277    -0.05473400259197224
2.2732978723404256    -0.05373067028830991
2.2751063829787235    -0.052793878161045166
2.2769148936170214    -0.05132546089244529
2.2787234042553193    -0.04851247389914519
2.280531914893617    -0.044032686726164755
2.282340425531915    -0.0384554158595221
2.284148936170213    -0.032754327784828036
2.285957446808511    -0.02742353978914873
2.2877659574468088    -0.022206263726941088
2.2895744680851062    -0.016691670365022317
2.291382978723404    -0.010975835408340209
2.293191489361702    -0.005584954285198698
2.295    -0.0008707545145819661
2.296808510638298    0.003265463714746348
2.2986170212765957    0.007009875087173824
2.3004255319148936    0.010254150326442111
2.3022340425531915    0.012829667225878914
2.3040425531914894    0.015084786774873132
2.3058510638297873    0.01796805955601466
2.3076595744680852    0.02235571336778227
2.309468085106383    0.028323762908224
2.311276595744681    0.0351501083887225
2.313085106382979    0.041959316388266665
2.314893617021277    0.0482483204180327
2.3167021276595747    0.05386096693246163
2.3185106382978726    0.05874707858664592
2.32031914893617    0.06298553682731592
2.322127659574468    0.0669822335198022
2.323936170212766    0.07138397470592259
2.325744680851064    0.07663146772899468
2.3275531914893617    0.08263080197437969
2.3293617021276596    0.0889197309210446
2.3311702127659575    0.09507201067045509
2.3329787234042554    0.10082083464531957
2.3347872340425533    0.10585475314338733
2.336595744680851    0.10974316547607074
2.338404255319149    0.11223318916145514
2.340212765957447    0.11353390450794629
2.342021276595745    0.11411563580762163
2.343829787234043    0.1142071614262602
2.3456382978723407    0.11367092547192417
2.3474468085106386    0.11250235860898022
2.349255319148936    0.11133179759758327
2.351063829787234    0.11117923579174782
2.352872340425532    0.11258260432321479
2.3546808510638297    0.1150206075140201
2.3564893617021276    0.11725850682487363
2.3582978723404255    0.11822301251329476
2.3601063829787234    0.11752157642544481
2.3619148936170213    0.11527694088291257
2.3637234042553192    0.11172633696302359
2.365531914893617    0.1070626913049717
2.367340425531915    0.10143030402363595
2.369148936170213    0.09476298359502167
2.370957446808511    0.08657889034052671
2.3727659574468087    0.07618519348279373
2.3745744680851066    0.06334061081994788
2.3763829787234045    0.048736958408602496
2.378191489361702    0.03368907383559497
2.38    0.019272872102765314
2.381808510638298    0.0057909050597738446
2.3836170212765957    -0.006954739209466905
2.3854255319148936    -0.01903931064752907
2.3872340425531915    -0.030193250236477495
2.3890425531914894    -0.04008632475859121
2.3908510638297873    -0.048575768372060596
2.392659574468085    -0.05558323826936759
2.394468085106383    -0.060941525971440536
2.396276595744681    -0.06465666063633496
2.398085106382979    -0.06736551028749518
2.399893617021277    -0.07028631474150251
2.4017021276595747    -0.07443983483441483
2.4035106382978726    -0.07983536641585229
2.4053191489361705    -0.08547979043292783
2.407127659574468    -0.09020752263489695
2.408936170212766    -0.09347595544869883
2.4107446808510637    -0.09543004145812078
2.4125531914893616    -0.09642475472943449
2.4143617021276595    -0.09667604922414391
2.4161702127659574    -0.09630828709573419
2.4179787234042553    -0.09547071575107938
2.4197872340425532    -0.09422421685094584
2.421595744680851    -0.09239496507559297
2.423404255319149    -0.08975049972479393
2.425212765957447    -0.08641874310139416
2.427021276595745    -0.08307493950079833
2.4288297872340427    -0.08064953090055416
2.4306382978723406    -0.07985742052769895
2.4324468085106385    -0.08097414416332666
2.4342553191489364    -0.0838714179970155
2.436063829787234    -0.08802320502070468
2.437872340425532    -0.09244630006626034
2.4396808510638297    -0.09591518612255229
2.4414893617021276    -0.09761073897973155
2.4432978723404255    -0.09774111871741545
2.4451063829787234    -0.09745882102490205
2.4469148936170213    -0.09801798262619288
2.448723404255319    -0.09991067938060041
2.450531914893617    -0.10273274559657045
2.452340425531915    -0.10573755518402161
2.454148936170213    -0.10838833952762167
2.455957446808511    -0.11042293581054727
2.4577659574468087    -0.11161845098814369
2.4595744680851066    -0.11170776417473013
2.4613829787234045    -0.11053606933212523
2.4631914893617024    -0.10816954917926822
2.465    -0.10479265095350504
2.4668085106382978    -0.10058636876773086
2.4686170212765957    -0.09579640648944526
2.4704255319148936    -0.09086671520029926
2.4722340425531915    -0.08636467804321449
2.4740425531914894    -0.08270901303460856
2.4758510638297873    -0.08000539179238009
2.477659574468085    -0.07813420336455135
2.479468085106383    -0.07684178297808647
2.481276595744681    -0.07558036146428498
2.483085106382979    -0.07330809015810552
2.4848936170212768    -0.06873455430299791
2.4867021276595747    -0.06106705043576888
2.4885106382978726    -0.05061964707907579
2.4903191489361705    -0.038605471494026794
2.4921276595744684    -0.02622209667444049
2.493936170212766    -0.013882326213697858
2.4957446808510637    -0.0012634700318604232
2.4975531914893616    0.012028754960186391
2.4993617021276595    0.02592994805590222
2.5011702127659574    0.0399305016368801
2.5029787234042553    0.05336647202049402
2.504787234042553    0.06555515128079602
2.506595744680851    0.07575872937598217
2.508404255319149    0.08328203477846423
2.510212765957447    0.08779836233637002
2.512021276595745    0.08960065352222692
2.5138297872340427    0.08947688835749802
2.5156382978723406    0.08830990518603128
2.5174468085106385    0.08676823462455589
2.5192553191489364    0.08527514968794055
2.5210638297872343    0.0841104344792206
2.5228723404255318    0.08344031771183492
2.5246808510638297    0.08326925320317126
2.5264893617021276    0.08341989856330505
2.5282978723404255    0.08355494594631156
2.5301063829787234    0.0831897972320861
2.5319148936170213    0.0817550980941109
2.533723404255319    0.07883659364892344
2.535531914893617    0.07451965114538013
2.537340425531915    0.06950053983115158
2.539148936170213    0.06472199217310466
2.5409574468085108    0.06075905277285394
2.5427659574468087    0.05749205078718993
2.5445744680851066    0.054341935739867855
2.5463829787234045    0.05079164712276733
2.5481914893617024    0.04672082967583431
2.5500000000000003    0.0424103643116273
2.551808510638298    0.038426910668546546
2.5536170212765956    0.035524412497543206
2.5554255319148935    0.0344213876298879
2.5572340425531914    0.03536330808421681
2.5590425531914893    0.0377708414134834
2.560851063829787    0.04041706290552076
2.562659574468085    0.042122676876258536
2.564468085106383    0.04238934566019492
2.566276595744681    0.04144444084228631
2.568085106382979    0.03982453479889765
2.5698936170212767    0.03806228224715198
2.5717021276595746    0.03671862135375806
2.5735106382978725    0.036401066459972445
2.5753191489361704    0.03740097244597533
2.5771276595744683    0.03922122200949339
2.578936170212766    0.040658377230976456
2.580744680851064    0.040603339159488855
2.5825531914893616    0.038865051014750074
2.5843617021276595    0.036192433768341414
2.5861702127659574    0.03350238738776809
2.5879787234042553    0.031146288865615476
2.589787234042553    0.02890074148184335
2.591595744680851    0.026493842934613668
2.593404255319149    0.023969558337756415
2.595212765957447    0.021582560332600066
2.5970212765957448    0.019565673212657786
2.5988297872340427    0.01814487142712618
2.6006382978723406    0.01764693229582976
2.6024468085106385    0.018290367670150708
2.6042553191489364    0.019691144007566448
2.6060638297872343    0.02065837906411124
2.607872340425532    0.019703387704995037
2.60968085106383    0.015932919158037136
2.6114893617021275    0.009543219719895593
2.6132978723404254    0.0015300080593377598
2.6151063829787233    -0.0070009124845904205
2.6169148936170212    -0.015277640192428502
2.618723404255319    -0.022858851927437782
2.620531914893617    -0.029488282900430134
2.622340425531915    -0.03509780947669436
2.624148936170213    -0.03987745551625063
2.6259574468085107    -0.04417261477981188
2.6277659574468086    -0.04820627605929212
2.6295744680851065    -0.05187701249656476
2.6313829787234044    -0.05480405544915426
2.6331914893617023    -0.05652753141438431
2.6350000000000002    -0.056694552125294326
2.636808510638298    -0.0552121080619221
2.638617021276596    -0.052419325744509054
2.6404255319148935    -0.04917176203669554
2.6422340425531914    -0.04660315104352038
2.6440425531914893    -0.04553975231610137
2.645851063829787    -0.045944483541966105
2.647659574468085    -0.046879051711017805
2.649468085106383    -0.047078197563657054
2.651276595744681    -0.045699142635073034
2.653085106382979    -0.04268704802674961
2.6548936170212767    -0.038583148366263254
2.6567021276595746    -0.03406679071574931
2.6585106382978725    -0.02962533675422835
2.6603191489361704    -0.025493432939543252
2.6621276595744683    -0.021740700500074706
2.663936170212766    -0.018351567126178032
2.665744680851064    -0.015254034199331794
2.667553191489362    -0.012326312552346851
2.6693617021276594    -0.009401706637809842
2.6711702127659573    -0.00629050955753508
2.6729787234042552    -0.0028630058799551644
2.674787234042553    0.0007977298620653306
2.676595744680851    0.004285251179006513
2.678404255319149    0.006977000927675548
2.680212765957447    0.008392210964079017
2.6820212765957447    0.008565970114943039
2.6838297872340426    0.008102994680094998
2.6856382978723405    0.00781401703708408
2.6874468085106384    0.008225599946485336
2.6892553191489363    0.00938379839458362
2.6910638297872342    0.01107074881527568
2.692872340425532    0.013122388151793457
2.69468085106383    0.01545788538177128
2.696489361702128    0.01781980131219328
2.6982978723404254    0.019640818083876986
2.7001063829787233    0.020372947937344642
2.701914893617021    0.020059646555291487
2.703723404255319    0.019520444604168116
2.705531914893617    0.019795346905500763
2.707340425531915    0.021254655342988434
2.709148936170213    0.023209860629745838
2.7109574468085107    0.024440292427119356
2.7127659574468086    0.02417301833677305
2.7145744680851065    0.022633849138789144
2.7163829787234044    0.020746860487653014
2.7181914893617023    0.01937107410175605
2.72    0.01877748258646636
2.721808510638298    0.018670715328467404
2.723617021276596    0.01851381918484688
2.725425531914894    0.0178112406478488
2.7272340425531914    0.01628176482470431
2.7290425531914893    0.014015212999273979
2.730851063829787    0.011554623018703143
2.732659574468085    0.009706406615675504
2.734468085106383    0.00907623973892726
2.736276595744681    0.009666774423042153
2.7380851063829788    0.010891652438351811
2.7398936170212767    0.011976395287067815
2.7417021276595746    0.012372967238841171
2.7435106382978725    0.011901072293222327
2.7453191489361704    0.0106766618214367
2.7471276595744683    0.009028126480379102
2.748936170212766    0.007416770228862907
2.750744680851064    0.006233979795417018
2.752553191489362    0.005520467202418533
2.75436170212766    0.004895997550912823
2.7561702127659573    0.0038711921271181466
2.757978723404255    0.002282609956374788
2.759787234042553    0.00039106412554685676
2.761595744680851    -0.0014639235247021927
2.763404255319149    -0.003239209895441155
2.765212765957447    -0.005140709617116945
2.7670212765957447    -0.007223222657700614
2.7688297872340426    -0.009155885605176852
2.7706382978723405    -0.010491167667478842
2.7724468085106384    -0.01117901837841917
2.7742553191489363    -0.011764931283949783
2.776063829787234    -0.013035420453840395
2.777872340425532    -0.015425729842098026
2.77968085106383    -0.018687561843888294
2.781489361702128    -0.02202643823180433
2.783297872340426    -0.024546655173253874
2.7851063829787237    -0.02571548850203167
2.786914893617021    -0.02563342772462129
2.788723404255319    -0.024991778784840383
2.790531914893617    -0.024701050151457616
2.792340425531915    -0.025358410981078664
2.7941489361702128    -0.026891126570486017
2.7959574468085107    -0.02863974401800704
2.7977659574468086    -0.02981199651326204
2.7995744680851065    -0.029946389666733155
2.8013829787234044    -0.029062581160552135
2.8031914893617023    -0.02747670410199009
2.805    -0.02550197242074646
2.806808510638298    -0.023254567230308363
2.808617021276596    -0.02064753229405106
2.810425531914894    -0.01754548020278685
2.8122340425531918    -0.013982416667273696
2.8140425531914897    -0.010277020737244475
2.815851063829787    -0.006898507654594491
2.817659574468085    -0.004134204888156606
2.819468085106383    -0.0018461109892872994
2.821276595744681    0.0004181084752657325
2.8230851063829787    0.0030277086237917375
2.8248936170212766    0.005950976641196723
2.8267021276595745    0.008791362083848097
2.8285106382978724    0.011079610189606593
2.8303191489361703    0.012519532127919739
2.832127659574468    0.013050585865043861
2.833936170212766    0.012830844968054625
2.835744680851064    0.012216530073491215
2.837553191489362    0.011633026754808604
2.83936170212766    0.0112774370366395
2.8411702127659577    0.010885752527942433
2.8429787234042556    0.009890526601666798
2.844787234042553    0.007917858703637948
2.846595744680851    0.005130990146930926
2.848404255319149    0.002039347100294165
2.8502127659574468    -0.0009933226993413548
2.8520212765957447    -0.003950855214772352
2.8538297872340426    -0.006880278774589417
2.8556382978723405    -0.00958069105209046
2.8574468085106384    -0.011759860958959388
2.8592553191489363    -0.013483800376708089
2.861063829787234    -0.015260466506136331
2.862872340425532    -0.017501444412657944
2.86468085106383    -0.019931569819263677
2.866489361702128    -0.021691348779791068
2.8682978723404258    -0.022117594682559884
2.8701063829787237    -0.021400559377948793
2.8719148936170216    -0.020449159452096067
2.873723404255319    -0.02015366022033001
2.875531914893617    -0.02078568597834363
2.877340425531915    -0.02197685719382948
2.8791489361702127    -0.023089552249775675
2.8809574468085106    -0.023590984008552817
2.8827659574468085    -0.023284105981988486
2.8845744680851064    -0.02240652444752914
2.8863829787234043    -0.021506718008021047
2.8881914893617022    -0.021031229930904397
2.89    -0.020901955921984832
2.891808510638298    -0.020565726696294525
2.893617021276596    -0.019584600908087075
2.895425531914894    -0.018167528743720653
2.8972340425531917    -0.017003920133553504
2.8990425531914896    -0.016536595387204023
2.9008510638297875    -0.01649572282784766
2.902659574468085    -0.016216111963997113
2.904468085106383    -0.015322225537173741
2.906276595744681    -0.013976103515597523
2.9080851063829787    -0.01251388905763744
2.9098936170212766    -0.01107154960072845
2.9117021276595745    -0.009689317173761827
2.9135106382978724    -0.008604377913071413
2.9153191489361703    -0.008135974838405554
2.917127659574468    -0.0081935710840897
2.918936170212766    -0.008105323618998107
2.920744680851064    -0.007166437989604072
2.922553191489362    -0.005364778062062613
2.92436170212766    -0.003418495512081411
2.9261702127659577    -0.002048545359253853
2.9279787234042556    -0.0013222367866461229
2.9297872340425535    -0.0007762024001261155
2.931595744680851    -5.526625357673697e-05
2.933404255319149    0.0007466526420442813
2.9352127659574467    0.0013501579543273665
2.9370212765957446    0.0016750657418827912
2.9388297872340425    0.0018390185872712143
2.9406382978723404    0.0019117216312487346
2.9424468085106383    0.0018926142168275363
2.9442553191489362    0.0019490668073768418
2.946063829787234    0.002469506322071855
2.947872340425532    0.003715596810714784
2.94968085106383    0.005487245325261036
2.951489361702128    0.007302077500150202
2.9532978723404257    0.008942171617816599
2.9551063829787236    0.010705243196442622
2.9569148936170215    0.013042047430014372
2.9587234042553194    0.016025151535357957
2.960531914893617    0.01927119698614384
2.962340425531915    0.022335094389573974
2.9641489361702127    0.025049916275396985
2.9659574468085106    0.027479848099606654
2.9677659574468085    0.02970969298558705
2.9695744680851064    0.03180760952121252
2.9713829787234043    0.03390157648437411
2.973191489361702    0.03609306320694437
2.975    0.03824406653647297
2.976808510638298    0.03999185375282084
2.978617021276596    0.04109421473121243
2.980425531914894    0.041695690723079604
2.9822340425531917    0.042123391227851414
2.9840425531914896    0.04244210343007279
2.9858510638297875    0.042369870913331165
2.9876595744680854    0.041691927830120046
2.989468085106383    0.04060441393605528
2.9912765957446807    0.03947742029201606
2.9930851063829786    0.038332391075544064
2.9948936170212765    0.03677986845077165
2.9967021276595744    0.03458021741592483
2.9985106382978723    0.0321170634200849
3.0003191489361702    0.03011564398730858
3.002127659574468    0.028896954475597814
3.003936170212766    0.028075897243949086
3.005744680851064    0.027056545716729802
3.007553191489362    0.025678937806210743
3.0093617021276597    0.024237537517542825
3.0111702127659576    0.022952868899708316
3.0129787234042555    0.021653133132511493
3.0147872340425534    0.020048879466494633
3.0165957446808513    0.018149065527912317
3.0184042553191492    0.016228040215570352
3.0202127659574467    0.01443389651739091
3.0220212765957446    0.012623627066855377
3.0238297872340425    0.010644786239496058
3.0256382978723404    0.008627065493386488
3.0274468085106383    0.006843519469577232
3.029255319148936    0.005323103354673309
3.031063829787234    0.0037410600577417515
3.032872340425532    0.0017234226494797769
3.03468085106383    -0.0008271541137035024
3.036489361702128    -0.0037183930786962582
3.0382978723404257    -0.006639134278744832
3.0401063829787236    -0.009249249359586967
3.0419148936170215    -0.011247505689394791
3.0437234042553194    -0.012619883740481197
3.0455319148936173    -0.013894637275578771
3.047340425531915    -0.01592725263085424
3.0491489361702127    -0.019168058964002928
3.0509574468085106    -0.023119601990851828
3.0527659574468085    -0.026689005127777013
3.0545744680851064    -0.029171349134439334
3.0563829787234043    -0.03081225849936299
3.058191489361702    -0.03235631255894435
3.06    -0.034180786130127275
3.061808510638298    -0.036038757429051896
3.063617021276596    -0.037578809901993554
3.0654255319148938    -0.03883656912664109
3.0672340425531917    -0.040069063740186595
3.0690425531914896    -0.041289066296600285
3.0708510638297875    -0.042240563923530164
3.0726595744680854    -0.04284377423570507
3.0744680851063833    -0.04341098858559159
3.076276595744681    -0.04426690043802749
3.0780851063829786    -0.04530929354586548
3.0798936170212765    -0.046173409012927324
3.0817021276595744    -0.04678445892135266
3.0835106382978723    -0.0474649580231207
3.08531914893617    -0.04836427478737779
3.087127659574468    -0.04900289814871739
3.088936170212766    -0.04867909256415484
3.090744680851064    -0.04731922656570471
3.092553191489362    -0.045643217809592296
3.0943617021276597    -0.04432384674673645
3.0961702127659576    -0.04314561401154794
3.0979787234042555    -0.04123422166761398
3.0997872340425534    -0.038087678298744154
3.1015957446808513    -0.03413373922111096
3.103404255319149    -0.03017511737793449
3.105212765957447    -0.026498757809197693
3.1070212765957446    -0.022765203651765847
3.1088297872340425    -0.018693818503269802
3.1106382978723404    -0.014551631738613527
3.1124468085106383    -0.010834058536905986
3.114255319148936    -0.007657367099634823
3.116063829787234    -0.004693491857994633
3.117872340425532    -0.001646863503043325
3.11968085106383    0.0014441344786129578
3.1214893617021278    0.004430494729670575
3.1232978723404257    0.0073394516108621225
3.1251063829787236    0.01023306433651517
3.1269148936170215    0.012893171642972528
3.1287234042553194    0.014931536945573507
3.1305319148936173    0.01629559482835344
3.132340425531915    0.017458256443763514
3.134148936170213    0.018918273931101775
3.1359574468085105    0.020603563460526674
3.1377659574468084    0.02198916523626415
3.1395744680851063    0.022819408002493952
3.141382978723404    0.023485338602500943
3.143191489361702    0.024534404909704568
3.145    0.025944346282195874
3.146808510638298    0.027117194045747268
3.148617021276596    0.027595545497340845
3.1504255319148937    0.02756083240918868
3.1522340425531916    0.02750132938468348
3.1540425531914895    0.027554646855359462
3.1558510638297874    0.027409115785663855
3.1576595744680853    0.026824367107311165
3.159468085106383    0.025989799606668276
3.161276595744681    0.025229347808012958
3.163085106382979    0.024517379747485298
3.1648936170212765    0.023524795564586014
3.1667021276595744    0.02213190082295779
3.1685106382978723    0.02066172987364358
3.17031914893617    0.019478961240196022
3.172127659574468    0.018507463721719474
3.173936170212766    0.01735519444790429
3.175744680851064    0.015895469356181035
3.1775531914893618    0.01450281980684913
3.1793617021276597    0.013589827789775969
3.1811702127659576    0.01303930607952375
3.1829787234042555    0.012292743958278968
3.1847872340425534    0.011014500229492491
3.1865957446808513    0.0095090047758675
3.188404255319149    0.008372929319490886
3.190212765957447    0.007794046228484407
3.192021276595745    0.00729710484920282
3.1938297872340424    0.006179915124239979
3.1956382978723403    0.0041326986612781665
3.1974468085106382    0.001439978389012179
3.199255319148936    -0.0013168259986987563
3.201063829787234    -0.0036847098783339485
3.202872340425532    -0.005535564035611838
3.20468085106383    -0.006968492660844422
3.2064893617021277    -0.008080127788705609
3.2082978723404256    -0.00882060170064155
3.2101063829787235    -0.009065590790280792
3.2119148936170214    -0.008827979371878241
3.2137234042553193    -0.00834352506947019
3.2155319148936172    -0.00785535053612321
3.217340425531915    -0.007306396032319076
3.219148936170213    -0.006373952829319044
3.220957446808511    -0.004929704991706214
3.2227659574468084    -0.003400693377329015
3.2245744680851063    -0.0024711034159007658
3.226382978723404    -0.0023311423888016667
3.228191489361702    -0.0023592886853448895
3.23    -0.001739969867264512
3.231808510638298    -0.0003897419296909569
3.233617021276596    0.0009067263539242769
3.2354255319148937    0.0013570001257956039
3.2372340425531916    0.0010035159693170548
3.2390425531914895    0.0005402405452967004
3.2408510638297874    0.0003667626145905502
3.2426595744680853    8.002259964724507e-05
3.244468085106383    -0.0009839630854949826
3.246276595744681    -0.002880559432747255
3.248085106382979    -0.004944016381665279
3.249893617021277    -0.006503101134055504
3.251702127659575    -0.007488202789851804
3.2535106382978722    -0.00826528053581722
3.25531914893617    -0.009091507750746526
3.257127659574468    -0.009964536701076072
3.258936170212766    -0.010930169660067136
3.260744680851064    -0.01223809663611921
3.2625531914893617    -0.014051235193824459
3.2643617021276596    -0.016172382343536726
3.2661702127659575    -0.018269777611700087
3.2679787234042554    -0.0203157645404694
3.2697872340425533    -0.022566027814331924
3.2715957446808512    -0.025043496484227372
3.273404255319149    -0.02726613929154225
3.275212765957447    -0.028698933473172566
3.277021276595745    -0.02939504686179944
3.278829787234043    -0.029942906379706098
3.2806382978723407    -0.030719065041484132
3.282446808510638    -0.031396627723493685
3.284255319148936    -0.03135163303252366
3.286063829787234    -0.03042609295933245
3.287872340425532    -0.029049794085932668
3.28968085106383    -0.027611312640557016
3.2914893617021277    -0.025972118916262665
3.2932978723404256    -0.023765716791508476
3.2951063829787235    -0.021005791376512727
3.2969148936170214    -0.018124914312881817
3.2987234042553193    -0.01541931163903236
3.300531914893617    -0.01273680504147904
3.302340425531915    -0.00986834121298508
3.304148936170213    -0.007035635217993524
3.305957446808511    -0.004678468733830666
3.307765957446809    -0.0027650527539052703
3.3095744680851067    -0.0006348221650051985
3.311382978723404    0.002262460370850864
3.313191489361702    0.005637244690740772
3.315    0.00866126400651451
3.316808510638298    0.011006006796834895
3.3186170212765957    0.013296296998983458
3.3204255319148936    0.016342027086019128
3.3222340425531915    0.020080764976075267
3.3240425531914894    0.023570521522636372
3.3258510638297873    0.026058824275479512
3.3276595744680852    0.02780578910246353
3.329468085106383    0.029672533087713112
3.331276595744681    0.032032839484700926
3.333085106382979    0.03434280234728894
3.334893617021277    0.035803040809828504
3.3367021276595747    0.036213346706852986
3.3385106382978726    0.03601737669541062
3.34031914893617    0.035639951903016
3.342127659574468    0.03502904422301416
3.343936170212766    0.03389311401813819
3.345744680851064    0.03218791956877151
3.3475531914893617    0.030190900126719336
3.3493617021276596    0.02814056675713361
3.3511702127659575    0.025963192597428172
3.3529787234042554    0.023407115716820366
3.3547872340425533    0.02036212710185671
3.356595744680851    0.016993936252570632
3.358404255319149    0.013636233525631203
3.360212765957447    0.010632641088815023
3.362021276595745    0.008233913927455379
3.363829787234043    0.006505344177500472
3.3656382978723407    0.0052595151054172454
3.3674468085106386    0.004137931821481665
3.369255319148936    0.0028475412954039976
3.371063829787234    0.0013317137818237394
3.372872340425532    -0.0003187069711155419
3.3746808510638298    -0.002099591287061779
3.3764893617021277    -0.004167957574071278
3.3782978723404256    -0.006654451647262596
3.3801063829787235    -0.009449353718634496
3.3819148936170214    -0.01222814277282263
3.3837234042553193    -0.014682600431162821
3.385531914893617    -0.016694574166638467
3.387340425531915    -0.01829748721193013
3.389148936170213    -0.019526765179339645
3.390957446808511    -0.02034044874043756
3.3927659574468088    -0.020664944133849183
3.3945744680851067    -0.020498367375293283
3.3963829787234046    -0.019989358359392268
3.398191489361702    -0.01942647150873113
3.4    -0.019095033309567692
3.401808510638298    -0.019063989892420963
3.4036170212765957    -0.019107383645369434
3.4054255319148936    -0.018912460886555158
3.4072340425531915    -0.01841626702992882
3.4090425531914894    -0.0178913623400643
3.4108510638297873    -0.017635799116327486
3.412659574468085    -0.017613558012129642
3.414468085106383    -0.01750346282043733
3.416276595744681    -0.017117561925627852
3.418085106382979    -0.016643127365133865
3.419893617021277    -0.016352014162144986
3.4217021276595747    -0.016126401489237396
3.4235106382978726    -0.015447060645024945
3.4253191489361705    -0.013929962895028819
3.427127659574468    -0.011773707938802728
3.428936170212766    -0.009558172769040581
3.4307446808510638    -0.007643088994333819
3.4325531914893617    -0.005903297951144826
3.4343617021276596    -0.004071705069855099
3.4361702127659575    -0.0021782505513371735
3.4379787234042554    -0.0005108793808003848
3.4397872340425533    0.0007841189795109391
3.441595744680851    0.0018782520249943303
3.443404255319149    0.003000509460733198
3.445212765957447    0.004159630845024792
3.447021276595745    0.005253277152417499
3.4488297872340428    0.006363513561503019
3.4506382978723407    0.00774941908122845
3.4524468085106386    0.00950154738387369
3.4542553191489365    0.01134936105392744
3.456063829787234    0.012928559070931116
3.457872340425532    0.014172221094024993
3.4596808510638297    0.01531418273683431
3.4614893617021276    0.016537220759147278
3.4632978723404255    0.017771512873216933
3.4651063829787234    0.018875095090356557
3.4669148936170213    0.019841198493844386
3.468723404255319    0.0206736547340493
3.470531914893617    0.021157424391030695
3.472340425531915    0.021001761154537398
3.474148936170213    0.020283831898709102
3.475957446808511    0.019547698115818808
3.4777659574468087    0.019257998598538772
3.4795744680851066    0.01921876994548178
3.4813829787234045    0.01875589636744321
3.4831914893617024    0.017520149021094174
3.4850000000000003    0.01589685069470541
3.4868085106382978    0.014454699415056397
3.4886170212765957    0.013134803674301514
3.4904255319148936    0.011277767647038937
3.4922340425531915    0.00850529564142662
3.4940425531914894    0.005310453196766407
3.4958510638297873    0.0025474832339432672
3.497659574468085    0.00044919785145506675
3.499468085106383    -0.0015659193131045276
3.501276595744681    -0.004065798171330547
3.503085106382979    -0.006857899087352883
3.5048936170212768    -0.009288009816228515
3.5067021276595747    -0.011141898683841644
3.5085106382978726    -0.01292270701772058
3.5103191489361705    -0.015147317611777733
3.5121276595744684    -0.017631108763806518
3.5139361702127663    -0.019729830502755438
3.5157446808510637    -0.021209761519361568
3.5175531914893616    -0.02258061019843132
3.5193617021276595    -0.024447425857490657
3.5211702127659574    -0.026722803852143248
3.5229787234042553    -0.02869455686432832
3.5247872340425532    -0.029825391234797313
3.526595744680851    -0.030275908794317317
3.528404255319149    -0.030583258428904185
3.530212765957447    -0.031005441021615975
3.532021276595745    -0.031340239614269204
3.5338297872340427    -0.03129603264839607
3.5356382978723406    -0.030815782842623873
3.5374468085106385    -0.02997701058920183
3.5392553191489364    -0.02874883387195308
3.5410638297872343    -0.027022821279424847
3.5428723404255322    -0.024850493697645207
3.5446808510638297    -0.02249336084383005
3.5464893617021276    -0.020179443675572527
3.5482978723404255    -0.017893159908878742
3.5501063829787234    -0.015466876867412507
3.5519148936170213    -0.01281353841631647
3.553723404255319    -0.009979568180693711
3.555531914893617    -0.0070029019505522955
3.557340425531915    -0.0038432091868687273
3.559148936170213    -0.0005010332666422332
3.560957446808511    0.0028773262480112174
3.5627659574468087    0.006101890558700654
3.5645744680851066    0.009123632094850403
3.5663829787234045    0.012044498855701016
3.5681914893617024    0.014949695187197373
3.5700000000000003    0.017811851572707565
3.571808510638298    0.02058514547852553
3.5736170212765956    0.023297285485822633
3.5754255319148935    0.025943976514147815
3.5772340425531914    0.028319037257983515
3.5790425531914893    0.030078796636388447
3.5808510638297872    0.03105395239590769
3.582659574468085    0.03145501874149803
3.584468085106383    0.031694191065821026
3.586276595744681    0.03200107853304132
3.588085106382979    0.03225734173820467
3.5898936170212767    0.03220226854736838
3.5917021276595746    0.03173119303602839
3.5935106382978725    0.03095115658062847
3.5953191489361704    0.029986659625190676
3.5971276595744683    0.02879651616137538
3.5989361702127662    0.0271886981051045
3.600744680851064    0.02498097315317
3.6025531914893616    0.022146708273002913
3.6043617021276595    0.018842728086347377
3.6061702127659574    0.01530309020476412
3.6079787234042553    0.011658991802848073
3.609787234042553    0.007834331020840041
3.611595744680851    0.0036652920673067805
3.613404255319149    -0.0008186353883273744
3.615212765957447    -0.005264480029247859
