0.0    0.0
0.0018085106382978724    0.0
0.003617021276595745    0.0
0.005425531914893617    0.0
0.00723404255319149    0.0
0.009042553191489363    0.0
0.010851063829787235    0.0
0.012659574468085107    0.0
0.01446808510638298    0.0
0.016276595744680853    0.0
0.018085106382978725    0.0
0.019893617021276597    0.0
0.02170212765957447    0.0
0.023510638297872342    0.0
0.025319148936170214    0.0
0.027127659574468086    0.0
0.02893617021276596    0.0
0.03074468085106383    0.0
0.032553191489361706    0.0
0.03436170212765958    0.0
0.03617021276595745    0.0
0.03797872340425532    0.0
0.039787234042553195    0.0
0.04159574468085107    0.0
0.04340425531914894    0.0
0.04521276595744681    0.0
0.047021276595744683    0.0
0.048829787234042556    0.0
0.05063829787234043    0.0
0.0524468085106383    0.0
0.05425531914893617    0.0
0.056063829787234044    0.0
0.05787234042553192    0.0
0.05968085106382979    0.0
0.06148936170212766    0.0
0.06329787234042554    0.0
0.06510638297872341    0.0
0.06691489361702128    0.0
0.06872340425531916    0.0
0.07053191489361703    0.0
0.0723404255319149    0.0
0.07414893617021277    0.0
0.07595744680851065    0.0
0.07776595744680852    0.0
0.07957446808510639    0.0
0.08138297872340426    0.0
0.08319148936170213    0.0
0.085    0.0
0.08680851063829788    0.0
0.08861702127659575    0.0
0.09042553191489362    0.0
0.0922340425531915    0.0
0.09404255319148937    0.0
0.09585106382978724    0.0
0.09765957446808511    0.0
0.09946808510638298    0.0
0.10127659574468086    0.0
0.10308510638297873    0.0
0.1048936170212766    0.0
0.10670212765957447    0.0
0.10851063829787234    0.0
0.11031914893617022    0.0
0.11212765957446809    0.0
0.11393617021276596    0.0
0.11574468085106383    0.0
0.1175531914893617    0.0
0.11936170212765958    0.0
0.12117021276595745    0.0
0.12297872340425532    0.0
0.1247872340425532    0.0
0.12659574468085108    0.0
0.12840425531914895    0.0
0.13021276595744682    0.0
0.1320212765957447    0.0
0.13382978723404257    0.0
0.13563829787234044    0.0
0.1374468085106383    0.0
0.13925531914893619    0.0
0.14106382978723406    0.0
0.14287234042553193    0.0
0.1446808510638298    0.0
0.14648936170212767    0.0
0.14829787234042555    0.0
0.15010638297872342    0.0
0.1519148936170213    0.0
0.15372340425531916    0.0
0.15553191489361703    1.3762382995005478e-168
0.1573404255319149    2.1817301670404007e-164
0.15914893617021278    1.0469587898768021e-160
0.16095744680851065    2.4138339033699935e-157
0.16276595744680852    3.275212256960924e-154
0.1645744680851064    2.9343913864273185e-151
0.16638297872340427    1.869997136950639e-148
0.16819148936170214    8.929253911056295e-146
0.17    3.320136139989119e-143
0.17180851063829788    9.902066724953304e-141
0.17361702127659576    2.4251000732339235e-138
0.17542553191489363    4.971187702711114e-136
0.1772340425531915    8.665406638442911e-134
0.17904255319148937    1.30167408079712e-131
0.18085106382978725    1.7042709458691452e-129
0.18265957446808512    1.9640924977999587e-127
0.184468085106383    2.009509994772761e-125
0.18627659574468086    1.839050138287693e-123
0.18808510638297873    1.5155505881769155e-121
0.1898936170212766    1.1313755787487931e-119
0.19170212765957448    7.691728500178755e-118
0.19351063829787235    4.785383912134191e-116
0.19531914893617022    2.7364350028532735e-114
0.1971276595744681    1.4439744621539132e-112
0.19893617021276597    7.057039427405775e-111
0.20074468085106384    3.2049919811163084e-109
0.2025531914893617    1.3567839286112507e-107
0.20436170212765958    5.369203819654642e-106
0.20617021276595746    1.991452019002583e-104
0.20797872340425533    6.939921263649618e-103
0.2097872340425532    2.2774815226069404e-101
0.21159574468085107    7.053354920495852e-100
0.21340425531914894    2.0655818122171122e-98
0.21521276595744682    5.73067609485201e-97
0.2170212765957447    1.5088558295690427e-95
0.21882978723404256    3.7764571421106027e-94
0.22063829787234043    8.998943038989602e-93
0.2224468085106383    2.0445881236269892e-91
0.22425531914893618    4.435370507197931e-90
0.22606382978723405    9.198856974234218e-89
0.22787234042553192    1.826241091144183e-87
0.2296808510638298    3.474685186734049e-86
0.23148936170212767    6.342977538894059e-85
0.23329787234042554    1.1121278492079288e-83
0.2351063829787234    1.8747416326480665e-82
0.23691489361702128    3.0414030576870717e-81
0.23872340425531915    4.752846273671963e-80
0.24053191489361703    7.160842634544051e-79
0.2423404255319149    1.0410497613270465e-77
0.24414893617021277    1.4615928158923407e-76
0.24595744680851064    1.9831908371373674e-75
0.24776595744680852    2.6026000318950483e-74
0.2495744680851064    3.305701074868876e-73
0.25138297872340426    4.066576091889167e-72
0.25319148936170216    4.8482788824817276e-71
0.255    5.6054789421061674e-70
0.2568085106382979    6.288786612617625e-69
0.25861702127659575    6.850189623232222e-68
0.26042553191489365    7.248749444342004e-67
0.2622340425531915    7.455599024448289e-66
0.2640425531914894    7.4573864027762126e-65
0.26585106382978724    7.257599520890858e-64
0.26765957446808514    6.875614296807417e-63
0.269468085106383    6.343730696077648e-62
0.2712765957446809    5.702801869756052e-61
0.2730851063829787    4.997249871200139e-60
0.2748936170212766    4.270273065437152e-59
0.27670212765957447    3.5599058675317484e-58
0.27851063829787237    2.8963453433270347e-57
0.2803191489361702    2.300680186918476e-56
0.2821276595744681    1.7849088315059946e-55
0.28393617021276596    1.352958264115441e-54
0.28574468085106386    1.0023309649743317e-53
0.2875531914893617    7.260079932741794e-53
0.2893617021276596    5.1429912422569794e-52
0.29117021276595745    3.564269959981481e-51
0.29297872340425535    2.4173412216520715e-50
0.2947872340425532    1.6048927994764917e-49
0.2965957446808511    1.0433237548596954e-48
0.29840425531914894    6.643206425560854e-48
0.30021276595744684    4.1441837363073463e-47
0.3020212765957447    2.5334739010553263e-46
0.3038297872340426    1.518169633589146e-45
0.3056382978723404    8.919851999377459e-45
0.3074468085106383    5.13963682679655e-44
0.30925531914893617    2.904996498069793e-43
0.31106382978723407    1.6109989583947646e-42
0.3128723404255319    8.767517491629158e-42
0.3146808510638298    4.683627174956458e-41
0.31648936170212766    2.456417730779118e-40
0.31829787234042556    1.2650967846550244e-39
0.3201063829787234    6.399290531488437e-39
0.3219148936170213    3.1798672035008804e-38
0.32372340425531915    1.5525136525253655e-37
0.32553191489361705    7.4488480208797595e-37
0.3273404255319149    3.512738321632821e-36
0.3291489361702128    1.62846755008372e-35
0.33095744680851064    7.422677539102229e-35
0.33276595744680854    3.327053482771423e-34
0.3345744680851064    1.4667099311876896e-33
0.3363829787234043    6.360329050732382e-33
0.3381914893617021    2.713498613367176e-32
0.34    1.139085254014304e-31
0.34180851063829787    4.705649920360815e-31
0.34361702127659577    1.9132783867513847e-30
0.3454255319148936    7.657527825168525e-30
0.3472340425531915    3.0172125004182365e-29
0.34904255319148936    1.170532572469026e-28
0.35085106382978726    4.471705442171657e-28
0.3526595744680851    1.6823841551356987e-27
0.354468085106383    6.2343060633203034e-27
0.35627659574468085    2.2756695246186373e-26
0.35808510638297875    8.183405200065483e-26
0.3598936170212766    2.899391774984947e-25
0.3617021276595745    1.0122096782828832e-24
0.36351063829787233    3.482299590540145e-24
0.36531914893617023    1.1806842325813425e-23
0.3671276595744681    3.94558964874941e-23
0.368936170212766    1.2996839377367245e-22
0.3707446808510638    4.220336495372844e-22
0.3725531914893617    1.3510591506468416e-21
0.37436170212765957    4.2643489568006915e-21
0.37617021276595747    1.3271316633021002e-20
0.3779787234042553    4.07275876675635e-20
0.3797872340425532    1.2325540148133266e-19
0.38159574468085106    3.6786945413910264e-19
0.38340425531914896    1.0828756569998522e-18
0.3852127659574468    3.1440240530767455e-18
0.3870212765957447    9.004084345507834e-18
0.38882978723404255    2.5436795801164452e-17
0.39063829787234045    7.088850911659518e-17
0.3924468085106383    1.9489469169870343e-16
0.3942553191489362    5.286323587985346e-16
0.39606382978723403    1.4146681287994185e-15
0.39787234042553193    3.7352415799262155e-15
0.3996808510638298    9.731079038482675e-15
0.4014893617021277    2.501468383269568e-14
0.4032978723404255    6.345018985558494e-14
0.4051063829787234    1.5881280763833374e-13
0.40691489361702127    3.922493343517853e-13
0.40872340425531917    9.560288231323393e-13
0.410531914893617    2.2994203844962476e-12
0.4123404255319149    5.457697469957228e-12
0.41414893617021276    1.2783441731884856e-11
0.41595744680851066    2.9548498736868144e-11
0.4177659574468085    6.740200052074296e-11
0.4195744680851064    1.5172555463052197e-10
0.42138297872340424    3.3704697961315904e-10
0.42319148936170214    7.388620695440955e-10
0.425    1.5983476021654271e-09
0.4268085106382979    3.4119755022615654e-09
0.42861702127659573    7.187161017096918e-09
0.43042553191489363    1.49387300000335e-08
0.4322340425531915    3.063802827376577e-08
0.4340425531914894    6.199871078542142e-08
0.4358510638297872    1.2378296680412723e-07
0.4376595744680851    2.4382310733055277e-07
0.43946808510638297    4.7380705963264997e-07
0.44127659574468087    9.08270681813937e-07
0.4430851063829787    1.7174650748414262e-06
0.4448936170212766    3.203231489078669e-06
0.44670212765957445    5.892268254793098e-06
0.44851063829787235    1.0688907629531222e-05
0.4503191489361702    1.912054664166656e-05
0.4521276595744681    3.372403034952143e-05
0.45393617021276594    5.864123436531476e-05
0.45574468085106384    0.0001005169931430256
0.4575531914893617    0.00016982149317012563
0.4593617021276596    0.0002827496460259443
0.46117021276595743    0.0004638764319290724
0.46297872340425533    0.0007497607225218771
0.46478723404255323    0.0011936770746564318
0.4665957446808511    0.001871597020489483
0.468404255319149    0.00288941603454433
0.4702127659574468    0.0043912058360964495
0.4720212765957447    0.006567943987767709
0.47382978723404257    0.009665725857848967
0.47563829787234047    0.013991912935662794
0.4774468085106383    0.0199170670426917
0.4792553191489362    0.027869960654044276
0.48106382978723405    0.03832259212587283
0.48287234042553195    0.05176217380905994
0.4846808510638298    0.06864773162570297
0.4864893617021277    0.08935047134715264
0.48829787234042554    0.11407956016852482
0.49010638297872344    0.14279840330729127
0.4919148936170213    0.1751405683695615
0.4937234042553192    0.21033860928246473
0.49553191489361703    0.24718222682233804
0.49734042553191493    0.28402330045439683
0.4991489361702128    0.31884313721062907
0.5009574468085106    0.34939090739270173
0.5027659574468085    0.37339146919474286
0.5045744680851064    0.38880649290582736
0.5063829787234043    0.3941171462672539
0.5081914893617021    0.3885829860895226
0.51    0.3724242439351332
0.5118085106382979    0.34687733274185906
0.5136170212765958    0.31408864125552316
0.5154255319148936    0.27683932201195394
0.5172340425531915    0.23813002481795842
0.5190425531914894    0.20069196482764873
0.5208510638297873    0.16651944489666565
0.5226595744680851    0.1365289479075551
0.524468085106383    0.1104341660236598
0.5262765957446809    0.08688393883576737
0.5280851063829788    0.06384813934518793
0.5298936170212766    0.039169845294264705
0.5317021276595745    0.011149959342643567
0.5335106382978724    -0.020988926791224556
0.5353191489361703    -0.0568884471821551
0.5371276595744681    -0.09515348940538099
0.538936170212766    -0.13373695559602616
0.5407446808510639    -0.17049461926536158
0.5425531914893618    -0.20373880177937193
0.5443617021276596    -0.23261855073732213
0.5461702127659575    -0.25721183644225304
0.5479787234042554    -0.27831462281636193
0.5497872340425533    -0.297017780796968
0.551595744680851    -0.3142356942497478
0.5534042553191489    -0.3303607182467519
0.5552127659574468    -0.3451599989103549
0.5570212765957447    -0.35792841230183287
0.5588297872340425    -0.36780670808179056
0.5606382978723404    -0.3741128060032936
0.5624468085106383    -0.3765434829366266
0.5642553191489362    -0.37517792706651915
0.566063829787234    -0.37031687593535606
0.5678723404255319    -0.3622697054310979
0.5696808510638298    -0.3512164626601069
0.5714893617021277    -0.33721522926675457
0.5732978723404255    -0.32032932988384283
0.5751063829787234    -0.3007695816660991
0.5769148936170213    -0.27893326583829053
0.5787234042553192    -0.25528669163237044
0.580531914893617    -0.2301471547514135
0.5823404255319149    -0.2035060592318187
0.5841489361702128    -0.17503735595105863
0.5859574468085107    -0.14433912863786658
0.5877659574468085    -0.1113080890259161
0.5895744680851064    -0.07643562506785787
0.5913829787234043    -0.040819873327153394
0.5931914893617022    -0.005829013171387766
0.595    0.0274398761682539
0.5968085106382979    0.05860702521351317
0.5986170212765958    0.08806991262685361
0.6004255319148937    0.11657925369130322
0.6022340425531915    0.1445197379442501
0.6040425531914894    0.17129602560743595
0.6058510638297873    0.19521633513214726
0.6076595744680852    0.2140116787121238
0.609468085106383    0.22575645323418997
0.6112765957446809    0.22968714158024905
0.6130851063829788    0.22643428394453596
0.6148936170212767    0.2175099432539918
0.6167021276595744    0.2043519043987591
0.6185106382978723    0.1875330061790853
0.6203191489361702    0.16668245993271058
0.6221276595744681    0.14123761326719664
0.6239361702127659    0.111594236373246
0.6257446808510638    0.07990302025570711
0.6275531914893617    0.04990478362671838
0.6293617021276596    0.025755198232382162
0.6311702127659574    0.010429163232015967
0.6329787234042553    0.0045998258012562975
0.6347872340425532    0.006633301553941977
0.6365957446808511    0.01366284214360379
0.6384042553191489    0.023036408620648693
0.6402127659574468    0.033220809437541556
0.6420212765957447    0.043654001004396946
0.6438297872340426    0.053801955247602166
0.6456382978723404    0.06226906818326721
0.6474468085106383    0.06679588540595668
0.6492553191489362    0.06533162338967746
0.6510638297872341    0.0575259957940836
0.6528723404255319    0.04555420052614015
0.6546808510638298    0.03352262848483607
0.6564893617021277    0.025620499241297744
0.6582978723404256    0.024065850766299295
0.6601063829787234    0.028108761950457486
0.6619148936170213    0.03471101783860972
0.6637234042553192    0.040437215901359874
0.6655319148936171    0.043316737672263586
0.6673404255319149    0.04351706308483838
0.6691489361702128    0.042546752303233154
0.6709574468085107    0.04174292501527614
0.6727659574468086    0.041238626857005495
0.6745744680851063    0.040140598439182607
0.6763829787234042    0.03765092513453848
0.6781914893617021    0.03411414359688189
0.68    0.031050231623001606
0.6818085106382978    0.030078653075764024
0.6836170212765957    0.03157555664667369
0.6854255319148936    0.034176887503459624
0.6872340425531915    0.03560639408031405
0.6890425531914893    0.03425634889522097
0.6908510638297872    0.030319701643184552
0.6926595744680851    0.02558816509483982
0.694468085106383    0.022064209716877767
0.6962765957446809    0.02047122973974247
0.6980851063829787    0.019828304883312796
0.6998936170212766    0.018402510465334657
0.7017021276595745    0.015239737488133037
0.7035106382978724    0.011004895414363752
0.7053191489361702    0.007426217167815493
0.7071276595744681    0.005788447240952108
0.708936170212766    0.005720312534948256
0.7107446808510639    0.005309447380132056
0.7125531914893617    0.0025109466886865783
0.7143617021276596    -0.0032454623422130363
0.7161702127659575    -0.010535270834007801
0.7179787234042554    -0.01695006414891099
0.7197872340425532    -0.02088350310793711
0.7215957446808511    -0.02273639037770836
0.723404255319149    -0.024648432816471652
0.7252127659574469    -0.028998685746202506
0.7270212765957447    -0.03681428802024087
0.7288297872340426    -0.0472126591350002
0.7306382978723405    -0.05815644130051458
0.7324468085106384    -0.06784177248576165
0.7342553191489362    -0.07570091170440227
0.7360638297872341    -0.08244390530069748
0.737872340425532    -0.08932707068968054
0.7396808510638299    -0.09728834131360745
0.7414893617021276    -0.1064719448143015
0.7432978723404255    -0.11623344894129264
0.7451063829787234    -0.1254156433141337
0.7469148936170213    -0.13270901860981357
0.7487234042553191    -0.13707085092560659
0.750531914893617    -0.1381811602214357
0.7523404255319149    -0.1367239151178226
0.7541489361702128    -0.13417120735832502
0.7559574468085106    -0.13198692317218522
0.7577659574468085    -0.13066547631928946
0.7595744680851064    -0.12933231351825983
0.7613829787234043    -0.12635861382389965
0.7631914893617021    -0.12067700148232643
0.765    -0.11282898491119034
0.7668085106382979    -0.10484500062906116
0.7686170212765958    -0.09890623321390304
0.7704255319148936    -0.09572784599900797
0.7722340425531915    -0.09390934009475027
0.7740425531914894    -0.09081328517329218
0.7758510638297873    -0.08436882417039954
0.7776595744680851    -0.07447695821452929
0.779468085106383    -0.06299668649409174
0.7812765957446809    -0.05236757833417323
0.7830851063829788    -0.043922655536341865
0.7848936170212766    -0.03711159108741406
0.7867021276595745    -0.030117564924530993
0.7885106382978724    -0.021323476049072893
0.7903191489361703    -0.010529765258999256
0.7921276595744681    0.0009138980106866423
0.793936170212766    0.011094503257573137
0.7957446808510639    0.018912398476315366
0.7975531914893618    0.024892141798796057
0.7993617021276596    0.030866144522053586
0.8011702127659575    0.038716325255011945
0.8029787234042554    0.049001776668258244
0.8047872340425533    0.060435595449799186
0.806595744680851    0.07066165558489657
0.808404255319149    0.07788159985463478
0.8102127659574468    0.08218692568999891
0.8120212765957447    0.0855373451855849
0.8138297872340425    0.0902736799826322
0.8156382978723404    0.09723183424805712
0.8174468085106383    0.10497100825157682
0.8192553191489362    0.11084244793399839
0.821063829787234    0.1131197365671539
0.8228723404255319    0.11243207566378882
0.8246808510638298    0.11122552199391555
0.8264893617021277    0.11163598897330124
0.8282978723404255    0.1135914074241122
0.8301063829787234    0.11484288343904528
0.8319148936170213    0.11295784892665142
0.8337234042553192    0.10753472935022199
0.835531914893617    0.10064965677488832
0.8373404255319149    0.09511249431007793
0.8391489361702128    0.0920955656095426
0.8409574468085107    0.09026811526089448
0.8427659574468085    0.08717414583204741
0.8445744680851064    0.08152549329510095
0.8463829787234043    0.07428320390653634
0.8481914893617022    0.06760363949924778
0.85    0.06275548074863463
0.8518085106382979    0.05902142896072998
0.8536170212765958    0.05455313701893988
0.8554255319148937    0.04822634291898101
0.8572340425531915    0.040640816078970424
0.8590425531914894    0.03336145886932855
0.8608510638297873    0.02728220307841764
0.8626595744680852    0.021806390573724216
0.864468085106383    0.015613194381097074
0.8662765957446809    0.008131514179998463
0.8680851063829788    0.00017211571838161334
0.8698936170212767    -0.0068889759692851715
0.8717021276595744    -0.01246863248947781
0.8735106382978723    -0.017266220329866515
0.8753191489361702    -0.022449906726206004
0.8771276595744681    -0.028467902328068326
0.8789361702127659    -0.03472013520643864
0.8807446808510638    -0.04031812039118231
0.8825531914893617    -0.04499071612964449
0.8843617021276596    -0.0491332235106717
0.8861702127659574    -0.05305262548978172
0.8879787234042553    -0.056401304033797534
0.8897872340425532    -0.058541576469024484
0.8915957446808511    -0.05943701669674632
0.8934042553191489    -0.059958959582959465
0.8952127659574468    -0.06109400268515261
0.8970212765957447    -0.06282200967390553
0.8988297872340426    -0.06394384672190914
0.9006382978723404    -0.06320562675493863
0.9024468085106383    -0.06063119225562914
0.9042553191489362    -0.05762243555702261
0.9060638297872341    -0.055604036166450016
0.9078723404255319    -0.05454856206699413
0.9096808510638298    -0.05293705710483784
0.9114893617021277    -0.04927462623901936
0.9132978723404256    -0.04365124996285673
0.9151063829787234    -0.03774210528613284
0.9169148936170213    -0.03322349322653828
0.9187234042553192    -0.03020814029816013
0.9205319148936171    -0.027275398898395246
0.9223404255319149    -0.023019283459948407
0.9241489361702128    -0.01749410803839268
0.9259574468085107    -0.012101605060683071
0.9277659574468086    -0.00811753417982666
0.9295744680851065    -0.005434003296214043
0.9313829787234043    -0.002780045474312251
0.9331914893617022    0.000912612768355105
0.935    0.005479312860694068
0.936808510638298    0.009842712874111736
0.9386170212765957    0.013218438006178753
0.9404255319148936    0.015872892964823575
0.9422340425531915    0.01870450848617499
0.9440425531914894    0.022227500403983476
0.9458510638297872    0.02609341941969493
0.9476595744680851    0.029571418231459597
0.949468085106383    0.03232743899848871
0.9512765957446809    0.03461394164788495
0.9530851063829787    0.0367648112760595
0.9548936170212766    0.03869602247360175
0.9567021276595745    0.040016854174316135
0.9585106382978724    0.04055352058126692
0.9603191489361702    0.04058721544613786
0.9621276595744681    0.04049896910562946
0.963936170212766    0.04027860087852762
0.9657446808510639    0.03953695845210292
0.9675531914893617    0.03803506885199394
0.9693617021276596    0.036085620876453436
0.9711702127659575    0.03431252234155785
0.9729787234042554    0.033029881765784364
0.9747872340425532    0.03197796739827927
0.9765957446808511    0.030733722529483753
0.978404255319149    0.029292299742558918
0.9802127659574469    0.028098275764766645
0.9820212765957447    0.02747815191450618
0.9838297872340426    0.027179970511334355
0.9856382978723405    0.02661911299490277
0.9874468085106384    0.025555238302667066
0.9892553191489362    0.024348385206090943
0.9910638297872341    0.023418660865168577
0.992872340425532    0.022540546434909638
0.9946808510638299    0.020900971051223412
0.9964893617021277    0.01798528009129767
0.9982978723404256    0.014295821265038505
1.0001063829787233    0.0109670790018754
1.0019148936170212    0.008576476497311507
1.0037234042553191    0.006470695531547114
1.005531914893617    0.0034627889113401124
1.007340425531915    -0.0007863229652779542
1.0091489361702128    -0.00526216335876694
1.0109574468085107    -0.00863270743261337
1.0127659574468086    -0.010740617121143605
1.0145744680851063    -0.01285275082309687
1.0163829787234042    -0.016292462514056076
1.0181914893617021    -0.020926543220506813
1.02    -0.02523403466225943
1.021808510638298    -0.027962997853571515
1.0236170212765958    -0.029565814320240108
1.0254255319148937    -0.031774545217992715
1.0272340425531916    -0.03572126579790553
1.0290425531914893    -0.040659937303707726
1.0308510638297872    -0.04471681179818889
1.032659574468085    -0.04684662820977225
1.034468085106383    -0.047822284335248356
1.036276595744681    -0.04917599173871293
1.0380851063829788    -0.05132426532305261
1.0398936170212767    -0.05302560780530607
1.0417021276595746    -0.05278960532592695
1.0435106382978723    -0.05061737079835412
1.0453191489361702    -0.048064167243215335
1.047127659574468    -0.046530094351286404
1.048936170212766    -0.045720362170763106
1.0507446808510639    -0.04403906975649859
1.0525531914893618    -0.040480108815948636
1.0543617021276597    -0.035864298774910854
1.0561702127659576    -0.03200601969075357
1.0579787234042553    -0.029745692776685588
1.0597872340425532    -0.028077649853121958
1.061595744680851    -0.025364203314260265
1.063404255319149    -0.021265170174132146
1.0652127659574468    -0.017205496081902763
1.0670212765957447    -0.014853471642694835
1.0688297872340426    -0.01430912290890747
1.0706382978723405    -0.014001642603884864
1.0724468085106382    -0.012366680776842831
1.0742553191489361    -0.009419566793314724
1.076063829787234    -0.006533451809808997
1.077872340425532    -0.004784017737725502
1.0796808510638298    -0.0037809114949057185
1.0814893617021277    -0.0022545720727306373
1.0832978723404256    0.00037206639298029273
1.0851063829787235    0.0032784571850479663
1.0869148936170212    0.005202260079789096
1.088723404255319    0.005924453554404168
1.090531914893617    0.0065611995182210964
1.092340425531915    0.008314774504013156
1.0941489361702128    0.011080739974825808
1.0959574468085107    0.01346205927088131
1.0977659574468086    0.01417388676513663
1.0995744680851065    0.013313767447733436
1.1013829787234042    0.012169343803530857
1.103191489361702    0.011853894715334856
1.105    0.012282389156036409
1.1068085106382979    0.012532684822383964
1.1086170212765958    0.012079845920403757
1.1104255319148937    0.011485855467310105
1.1122340425531916    0.011807778511687855
1.1140425531914895    0.013428414879810844
1.1158510638297872    0.015618856686112183
1.117659574468085    0.017301362369211995
1.119468085106383    0.018164923312375993
1.1212765957446809    0.018927681350393896
1.1230851063829788    0.020487898925914245
1.1248936170212767    0.02290327733761819
1.1267021276595746    0.025303032536637626
1.1285106382978725    0.02681781405800629
1.1303191489361701    0.027515694544345416
1.132127659574468    0.02832713470859377
1.133936170212766    0.030028743981549366
1.1357446808510638    0.03237622609956756
1.1375531914893617    0.03433640090893807
1.1393617021276596    0.035196339824676195
1.1411702127659575    0.03536255729010125
1.1429787234042554    0.03595655610229359
1.1447872340425531    0.03759326014532999
1.146595744680851    0.03964162915034139
1.148404255319149    0.04079801843652339
1.1502127659574468    0.04040366403749321
1.1520212765957447    0.039103544087166944
1.1538297872340426    0.03811815354918344
1.1556382978723405    0.037898889443993916
1.1574468085106384    0.037631218079956286
1.1592553191489363    0.03613915801447734
1.161063829787234    0.033198366917786146
1.162872340425532    0.029799735796682242
1.1646808510638298    0.027068929247632302
1.1664893617021277    0.025055264427509716
1.1682978723404256    0.022749388420837645
1.1701063829787235    0.019291409826739714
1.1719148936170214    0.014978126848033187
1.1737234042553193    0.010927491269868313
1.175531914893617    0.00782544169483836
1.1773404255319149    0.005240109475712048
1.1791489361702128    0.00229674191931116
1.1809574468085107    -0.0011234588391350068
1.1827659574468086    -0.004129993149509073
1.1845744680851065    -0.005850906615811619
1.1863829787234044    -0.006516211887003906
1.1881914893617023    -0.007261060504473082
1.19    -0.0088223458612475
1.1918085106382978    -0.010650040478858591
1.1936170212765957    -0.011511814963424714
1.1954255319148936    -0.010923809706788103
1.1972340425531915    -0.00975042882081674
1.1990425531914894    -0.009270094012461965
1.2008510638297873    -0.00978902036403069
1.2026595744680852    -0.01039665394915729
1.204468085106383    -0.010100850185599978
1.2062765957446808    -0.008977223022663954
1.2080851063829787    -0.008006396363571307
1.2098936170212766    -0.007867436071023987
1.2117021276595745    -0.008175426158108772
1.2135106382978724    -0.008058742224101623
1.2153191489361703    -0.0073278017901229255
1.2171276595744682    -0.0067896953230480485
1.218936170212766    -0.007323448038716292
1.2207446808510638    -0.00883122111927107
1.2225531914893617    -0.010313314894581297
1.2243617021276596    -0.010962220684557785
1.2261702127659575    -0.01099142326842087
1.2279787234042554    -0.01129311105514894
1.2297872340425533    -0.0124254383886313
1.2315957446808512    -0.0141455019820868
1.2334042553191489    -0.01593809027753753
1.2352127659574468    -0.017769962203191304
1.2370212765957447    -0.02011904880021522
1.2388297872340426    -0.023314112477643437
1.2406382978723405    -0.02707343751619682
1.2424468085106384    -0.030812302450013207
1.2442553191489363    -0.03428112638466138
1.2460638297872342    -0.037707061810100015
1.2478723404255319    -0.04129369080226168
1.2496808510638298    -0.044765494254643615
1.2514893617021277    -0.04756329752831094
1.2532978723404256    -0.049446033387986754
1.2551063829787235    -0.05074154189055248
1.2569148936170214    -0.0519447924575019
1.2587234042553193    -0.053168396277102445
1.2605319148936172    -0.05408732362669755
1.2623404255319148    -0.05436937349845952
1.2641489361702127    -0.05401576572467656
1.2659574468085106    -0.05324091712562358
1.2677659574468085    -0.052147780120931284
1.2695744680851064    -0.050655867910103625
1.2713829787234043    -0.04870986492873938
1.2731914893617022    -0.04639413776406205
1.2750000000000001    -0.04376774587147743
1.2768085106382978    -0.04070802296178044
1.2786170212765957    -0.03708423799668037
1.2804255319148936    -0.03308402200485855
1.2822340425531915    -0.029194261075476333
1.2840425531914894    -0.02572577370405666
1.2858510638297873    -0.02241937831878986
1.2876595744680852    -0.018684695988694662
1.289468085106383    -0.014278739192731253
1.2912765957446808    -0.009638485710511
1.2930851063829787    -0.005445273429503019
1.2948936170212766    -0.0019264144214839818
1.2967021276595745    0.0012680273623392182
1.2985106382978724    0.004486832751569964
1.3003191489361703    0.00754670164254587
1.3021276595744682    0.009924211836904635
1.303936170212766    0.011413374138767245
1.3057446808510638    0.01239851681415323
1.3075531914893617    0.013402589076840159
1.3093617021276596    0.014513136170808759
1.3111702127659575    0.015424354313743904
1.3129787234042554    0.015987704580479014
1.3147872340425533    0.016468629099134224
1.3165957446808512    0.01711233105680791
1.318404255319149    0.017607339164764268
1.3202127659574467    0.017262923666219596
1.3220212765957446    0.01581063081005971
1.3238297872340425    0.013853614542723866
1.3256382978723404    0.012330146203278144
1.3274468085106383    0.01157093809958341
1.3292553191489362    0.011072720248474662
1.3310638297872341    0.010241204995697941
1.332872340425532    0.00914923249252169
1.3346808510638297    0.008362134406497423
1.3364893617021276    0.008111942158922188
1.3382978723404255    0.007962762531172785
1.3401063829787234    0.007456588523659524
1.3419148936170213    0.006891397998920492
1.3437234042553192    0.007132881062708396
1.3455319148936171    0.00859180030862071
1.347340425531915    0.010643980446729316
1.3491489361702127    0.012293566417651546
1.3509574468085106    0.013315751189384934
1.3527659574468085    0.014458702224658766
1.3545744680851064    0.016436008692787538
1.3563829787234043    0.01897981533108621
1.3581914893617022    0.021173723703574905
1.36    0.022661873461483767
1.361808510638298    0.024186959789129908
1.3636170212765957    0.026728709349669547
1.3654255319148936    0.03028350840481378
1.3672340425531915    0.03379603817076837
1.3690425531914894    0.036314976274863145
1.3708510638297873    0.03792642214191792
1.3726595744680852    0.039351122976098704
1.374468085106383    0.040823505555466724
1.376276595744681    0.041755411747523966
1.3780851063829787    0.0415967764569114
1.3798936170212766    0.04069273837001418
1.3817021276595745    0.039934713945728534
1.3835106382978724    0.03962179084689875
1.3853191489361703    0.039044536180570036
1.3871276595744682    0.037392163590664065
1.388936170212766    0.034828599565482815
1.390744680851064    0.03230803920805804
1.3925531914893619    0.03032882740054385
1.3943617021276595    0.02825510668768639
1.3961702127659574    0.02515389571981634
1.3979787234042553    0.021120018533976853
1.3997872340425532    0.017356460870218034
1.4015957446808511    0.014826386210436686
1.403404255319149    0.013148208556347057
1.405212765957447    0.011150246435311633
1.4070212765957448    0.008400454839310859
1.4088297872340425    0.005756734793559121
1.4106382978723404    0.0042119717747987895
1.4124468085106383    0.0035027173489876147
1.4142553191489362    0.0022968495562915407
1.416063829787234    -0.00020768841904564945
1.417872340425532    -0.003246178290484411
1.41968085106383    -0.005307262383510633
1.4214893617021278    -0.005797871734593256
1.4232978723404255    -0.0055312438645395735
1.4251063829787234    -0.005553283805859307
1.4269148936170213    -0.005898320225892923
1.4287234042553192    -0.005829886191125847
1.430531914893617    -0.005098003662358788
1.432340425531915    -0.00442132601978916
1.4341489361702129    -0.0045029037559415255
1.4359574468085108    -0.00492257742814097
1.4377659574468085    -0.004488431081355064
1.4395744680851064    -0.0027131797493858004
1.4413829787234043    -0.0005220725874906492
1.4431914893617022    0.0007999852049150559
1.445    0.0011542438287639473
1.446808510638298    0.0017073624785423395
1.4486170212765959    0.0033720828191116507
1.4504255319148938    0.005595039022051206
1.4522340425531914    0.0069844043894185335
1.4540425531914893    0.006982395881831655
1.4558510638297872    0.006474027586008121
1.4576595744680851    0.0065943446189367805
1.459468085106383    0.007281648617262458
1.461276595744681    0.0074025981799968315
1.4630851063829788    0.006228701716173081
1.4648936170212767    0.004333380125339292
1.4667021276595744    0.0027851913394009156
1.4685106382978723    0.0017414382917144361
1.4703191489361702    0.00029276838175708525
1.4721276595744681    -0.0022611759801518237
1.473936170212766    -0.005400431847812089
1.475744680851064    -0.007970248063018109
1.4775531914893618    -0.009596990819190321
1.4793617021276597    -0.011090621565935982
1.4811702127659574    -0.013331435608827798
1.4829787234042553    -0.016125888497548466
1.4847872340425532    -0.0185429269428994
1.486595744680851    -0.020277166557128842
1.488404255319149    -0.022205506840355417
1.490212765957447    -0.025327661823444536
1.4920212765957448    -0.029396835433021365
1.4938297872340427    -0.03301188072596712
1.4956382978723404    -0.035132686480128274
1.4974468085106383    -0.03619325859054532
1.4992553191489362    -0.03748500945881864
1.501063829787234    -0.039615061381535525
1.502872340425532    -0.0419198219153905
1.5046808510638299    -0.04344138961137237
1.5064893617021278    -0.04413640278603625
1.5082978723404257    -0.04481395763398107
1.5101063829787233    -0.04599292738461589
1.5119148936170212    -0.04719807407846378
1.5137234042553191    -0.047546392320946464
1.515531914893617    -0.046792684437018305
1.517340425531915    -0.045498937227567336
1.5191489361702128    -0.04421398698460983
1.5209574468085107    -0.04281360373806333
1.5227659574468086    -0.04083668584681412
1.5245744680851063    -0.03828009362965238
1.5263829787234042    -0.035738273545801134
1.5281914893617021    -0.03370191787681804
1.53    -0.03196388576314901
1.531808510638298    -0.029914148053311017
1.5336170212765958    -0.02730840722350962
1.5354255319148937    -0.02448489421888573
1.5372340425531916    -0.021769437987889016
1.5390425531914893    -0.018902515382608016
1.5408510638297872    -0.015292384858695926
1.542659574468085    -0.010801996850161966
1.544468085106383    -0.006060462271725912
1.546276595744681    -0.001872598293279253
1.5480851063829788    0.001587558880633164
1.5498936170212767    0.004879362498580115
1.5517021276595746    0.00865433608315267
1.5535106382978723    0.013069571387168962
1.5553191489361702    0.01785129502244031
1.557127659574468    0.022742006047479592
1.558936170212766    0.027687594401147902
1.5607446808510639    0.03261761779417967
1.5625531914893618    0.03727108890097397
1.5643617021276597    0.04141114603089137
1.5661702127659576    0.04516554347255036
1.5679787234042553    0.048991299129851645
1.5697872340425532    0.053217940896326046
1.571595744680851    0.05766507895432407
1.573404255319149    0.06175959703177361
1.5752127659574469    0.06500723913070947
1.5770212765957448    0.06731591550430457
1.5788297872340427    0.06890332212510675
1.5806382978723406    0.06998829946043195
1.5824468085106382    0.07061203831036839
1.5842553191489361    0.07069550528561783
1.586063829787234    0.07018559892901977
1.587872340425532    0.06913282974176432
1.5896808510638298    0.06767071551374465
1.5914893617021277    0.06593741686181817
1.5932978723404256    0.06398942329044857
1.5951063829787235    0.061780158723461986
1.5969148936170212    0.05926037821130935
1.5987234042553191    0.05652487589091999
1.600531914893617    0.0538102687361362
1.602340425531915    0.051267225807237124
1.6041489361702128    0.04873015814073334
1.6059574468085107    0.04580236006062707
1.6077659574468086    0.04224757665904273
1.6095744680851065    0.03827347563148664
1.6113829787234042    0.03435190830873491
1.613191489361702    0.030748322475669873
1.615    0.027293521843821396
1.616808510638298    0.023643313952381555
1.6186170212765958    0.019678579029833367
1.6204255319148937    0.015562190149211105
1.6222340425531916    0.011459421459196543
1.6240425531914895    0.007371274439112389
1.6258510638297874    0.0033167539387249922
1.627659574468085    -0.0004584463170570763
1.629468085106383    -0.003653385936358838
1.6312765957446809    -0.006314366939183889
1.6330851063829788    -0.008903898212412593
1.6348936170212767    -0.011851840818536697
1.6367021276595746    -0.015125845614041135
1.6385106382978725    -0.018399297704439724
1.6403191489361704    -0.02160260799845406
1.642127659574468    -0.02506512266709543
1.643936170212766    -0.02896288733465726
1.6457446808510638    -0.032792269816675754
1.6475531914893617    -0.035701252960518945
1.6493617021276596    -0.037429077224262405
1.6511702127659575    -0.038689958813349884
1.6529787234042554    -0.04039999675916535
1.6547872340425533    -0.04261360328629897
1.656595744680851    -0.04451946032193545
1.658404255319149    -0.04558551462083095
1.6602127659574468    -0.04644520961781198
1.6620212765957447    -0.04833726306360872
1.6638297872340426    -0.05168712661270568
1.6656382978723405    -0.05554475803993569
1.6674468085106384    -0.05859505948383001
1.6692553191489363    -0.0605379801602601
1.671063829787234    -0.062205963204467696
1.672872340425532    -0.06438517560358328
1.6746808510638298    -0.06689042999309272
1.6764893617021277    -0.06901266903840222
1.6782978723404256    -0.07062902497956144
1.6801063829787235    -0.07243916047674767
1.6819148936170214    -0.07500809975068823
1.6837234042553193    -0.07790421274935677
1.685531914893617    -0.08009214415047142
1.6873404255319149    -0.08107722336430029
1.6891489361702128    -0.08132767399221844
1.6909574468085107    -0.08149110221960598
1.6927659574468086    -0.0815119287196891
1.6945744680851065    -0.08081625436337322
1.6963829787234044    -0.07922413248784416
1.6981914893617023    -0.07725370487247368
1.7    -0.07535409649054306
1.7018085106382979    -0.07313625517386954
1.7036170212765958    -0.06973739541688823
1.7054255319148937    -0.06492309936762242
1.7072340425531916    -0.05947606747382432
1.7090425531914895    -0.054316373541486995
1.7108510638297874    -0.0494824864365119
1.7126595744680853    -0.044304365951829586
1.714468085106383    -0.03851239532210382
1.7162765957446808    -0.03276465653218186
1.7180851063829787    -0.02785326229007775
1.7198936170212766    -0.02364762902357096
1.7217021276595745    -0.01922870096440213
1.7235106382978724    -0.014095315978819821
1.7253191489361703    -0.008865833079749752
1.7271276595744682    -0.004522177832677674
1.728936170212766    -0.0011521819007017332
1.7307446808510638    0.0021849699109175794
1.7325531914893617    0.006306471863628918
1.7343617021276596    0.010960687658971123
1.7361702127659575    0.015260043400483708
1.7379787234042554    0.018832701004874143
1.7397872340425533    0.022151584422879095
1.7415957446808512    0.02569583968840114
1.7434042553191489    0.029194130727254464
1.7452127659574468    0.03201885333782459
1.7470212765957447    0.034137236884467265
1.7488297872340426    0.0362104813969269
1.7506382978723405    0.03861918986437901
1.7524468085106384    0.04075130634290476
1.7542553191489363    0.04162520224723164
1.7560638297872342    0.04112106891608794
1.7578723404255319    0.04019848894906909
1.7596808510638298    0.03976901111862803
1.7614893617021277    0.039683992672568724
1.7632978723404256    0.039158864501257926
1.7651063829787235    0.038021217920297445
1.7669148936170214    0.037036494034793005
1.7687234042553193    0.03680920743420575
1.7705319148936172    0.03674971494962938
1.7723404255319148    0.03561971688692199
1.7741489361702127    0.03309113438837491
1.7759574468085106    0.030304107254590193
1.7777659574468085    0.028593801688361856
1.7795744680851064    0.027918284418135306
1.7813829787234043    0.026975790564903408
1.7831914893617022    0.02488638887724111
1.7850000000000001    0.02232226762052454
1.7868085106382978    0.020674510856811164
1.7886170212765957    0.020340532564951656
1.7904255319148936    0.020297409446786048
1.7922340425531915    0.019439513573855156
1.7940425531914894    0.017923058999430683
1.7958510638297873    0.016837960080224014
1.7976595744680852    0.016730295503087883
1.7994680851063831    0.01692674286365848
1.8012765957446808    0.016477516072163523
1.8030851063829787    0.015413363404791255
1.8048936170212766    0.014672888259701415
1.8067021276595745    0.014842125563629672
1.8085106382978724    0.015357325541457967
1.8103191489361703    0.0151434467583614
1.8121276595744682    0.013802067077500514
1.813936170212766    0.011869239024212209
1.8157446808510638    0.009978636875302302
1.8175531914893617    0.008136877432625037
1.8193617021276596    0.005992214834805254
1.8211702127659575    0.0035637431931134465
1.8229787234042554    0.0013625896540825789
1.8247872340425533    -0.00020813809098408666
1.8265957446808512    -0.0012803728714159712
1.828404255319149    -0.0022032060107007056
1.8302127659574468    -0.0030052638958203526
1.8320212765957447    -0.003435269221834445
1.8338297872340426    -0.003476635238029629
1.8356382978723405    -0.0035014337086080797
1.8374468085106384    -0.0037514592366129436
1.8392553191489363    -0.0038678507936025113
1.8410638297872342    -0.0032205126528653846
1.842872340425532    -0.0016972021884898926
1.8446808510638297    9.691737375246514e-05
1.8464893617021276    0.0015608276044604622
1.8482978723404255    0.0028423160563619152
1.8501063829787234    0.0046387689570068875
1.8519148936170213    0.007314503737832641
1.8537234042553192    0.010488772015183986
1.8555319148936171    0.013605870830472367
1.857340425531915    0.01668579590305555
1.859148936170213    0.02024223964648629
1.8609574468085106    0.024517954602368698
1.8627659574468085    0.02912763286905106
1.8645744680851064    0.033623077774644884
1.8663829787234043    0.03818836101726613
1.8681914893617022    0.0434391191729026
1.87    0.04950318527398385
1.871808510638298    0.05559301599718045
1.873617021276596    0.06071685192520899
1.8754255319148936    0.06470872375220418
1.8772340425531915    0.0683106175652019
1.8790425531914894    0.07221774358750346
1.8808510638297873    0.0762779989829302
1.8826595744680852    0.07977681919574756
1.884468085106383    0.08232177526579199
1.886276595744681    0.0841328706921331
1.8880851063829789    0.08542259441915295
1.8898936170212766    0.08579402352177809
1.8917021276595745    0.084543599369656
1.8935106382978724    0.08152106083948257
1.8953191489361703    0.07743078600963049
1.8971276595744682    0.07315854229559823
1.898936170212766    0.06893620183168675
1.900744680851064    0.06432433345253494
1.9025531914893619    0.05893592329816846
1.9043617021276595    0.05294353062118606
1.9061702127659574    0.04679025438571113
1.9079787234042553    0.04057535624831636
1.9097872340425532    0.03392844707064123
1.9115957446808511    0.026468439804434814
1.913404255319149    0.018191320821194866
1.915212765957447    0.009306538992129167
1.9170212765957448    -0.00018132035748063408
1.9188297872340425    -0.010536150289815178
1.9206382978723404    -0.021899665120826854
1.9224468085106383    -0.03394614494977228
1.9242553191489362    -0.04600526477828908
1.9260638297872341    -0.057499574536209706
1.927872340425532    -0.0682331240430693
1.92968085106383    -0.07832762760592671
1.9314893617021278    -0.08798807442669376
1.9332978723404255    -0.0973221897819807
1.9351063829787234    -0.10624634069490466
1.9369148936170213    -0.11445669220480817
1.9387234042553192    -0.12154057408199326
1.940531914893617    -0.12724493361008632
1.942340425531915    -0.13167398234352895
1.944148936170213    -0.13514332461967588
1.9459574468085108    -0.13778397228394101
1.9477659574468085    -0.13935758363275585
1.9495744680851064    -0.13956139977127469
1.9513829787234043    -0.13849243971188402
1.9531914893617022    -0.13667161600669847
1.955    -0.13452432539406706
1.956808510638298    -0.13191413967775006
1.9586170212765959    -0.12832921012902115
1.9604255319148938    -0.1235582512606484
1.9622340425531914    -0.11808225183577861
1.9640425531914893    -0.11271958964100387
1.9658510638297872    -0.10793132410965794
1.9676595744680851    -0.10356469423294826
1.969468085106383    -0.09925833045595595
1.971276595744681    -0.09496285479217739
1.9730851063829788    -0.09097356780173893
1.9748936170212767    -0.0875290464683651
1.9767021276595744    -0.08454261322598774
1.9785106382978723    -0.0818016811110455
1.9803191489361702    -0.0793538777774822
1.9821276595744681    -0.07758409344455941
1.983936170212766    -0.07688683592923728
1.985744680851064    -0.07730883824209511
1.9875531914893618    -0.07852485988248564
1.9893617021276597    -0.08010465864926847
1.9911702127659574    -0.0817485529045554
1.9929787234042553    -0.08328412104951169
1.9947872340425532    -0.0845066919804521
1.996595744680851    -0.08507266584557316
1.998404255319149    -0.08455775771061824
2.0002127659574467    -0.08264294103721029
2.0020212765957446    -0.07931048629559428
2.0038297872340425    -0.07491510011932259
2.0056382978723404    -0.07003930863500274
2.0074468085106383    -0.06517951389089693
2.009255319148936    -0.060470947606592274
2.011063829787234    -0.05566598943693865
2.012872340425532    -0.050366925178322114
2.01468085106383    -0.044286129911386946
2.016489361702128    -0.0373262193682346
2.0182978723404257    -0.029513063527353625
2.0201063829787236    -0.020966318944165306
2.0219148936170215    -0.011963469497147557
2.0237234042553194    -0.0029367393899519707
2.0255319148936173    0.0057372449334689
2.0273404255319147    0.014030164856355993
2.0291489361702126    0.022345486317594095
2.0309574468085105    0.031276221762702325
2.0327659574468084    0.041248504992887305
2.0345744680851063    0.05235644287531098
2.0363829787234042    0.06446025329380549
2.038191489361702    0.07735895848362832
2.04    0.09085196176422826
2.041808510638298    0.1047014173729504
2.043617021276596    0.11861487411982603
2.0454255319148937    0.1322816157388087
2.0472340425531916    0.14539085940564483
2.0490425531914895    0.15759848690865103
2.0508510638297874    0.1685137133756432
2.0526595744680853    0.1777731649870355
2.0544680851063832    0.1851550504425955
2.0562765957446807    0.19062485324514716
2.0580851063829786    0.19427715339464402
2.0598936170212765    0.19623560479329932
2.0617021276595744    0.19657421102067457
2.0635106382978723    0.1952698543894963
2.06531914893617    0.19219471839820262
2.067127659574468    0.18718611500708865
2.068936170212766    0.18018262903121057
2.070744680851064    0.17131237984259373
2.072553191489362    0.16083140732443763
2.0743617021276597    0.14898647475819832
2.0761702127659576    0.13599761295926838
2.0779787234042555    0.12220783013215775
2.0797872340425534    0.10817911741601574
2.0815957446808513    0.09451015379345318
2.083404255319149    0.08149717933805453
2.085212765957447    0.06903144252887569
2.0870212765957445    0.056905267579539426
2.0888297872340424    0.04518899817394349
2.0906382978723403    0.03420190154331336
2.0924468085106382    0.02408904714513299
2.094255319148936    0.014559821378631065
2.096063829787234    0.005207555313938617
2.097872340425532    -0.0038961230107175514
2.09968085106383    -0.012058680597053879
2.1014893617021277    -0.018526815763192234
2.1032978723404256    -0.023156207130608085
2.1051063829787235    -0.02643084240634265
2.1069148936170214    -0.028829583753290693
2.1087234042553193    -0.030313124548766765
2.1105319148936172    -0.030545478331809685
2.112340425531915    -0.029564820043025984
2.114148936170213    -0.028079322032831068
2.1159574468085105    -0.027022622847388815
2.1177659574468084    -0.026871223487052648
2.1195744680851063    -0.027457198030975696
2.121382978723404    -0.028388120801710548
2.123191489361702    -0.02951452868206423
2.125    -0.030933309322724638
2.126808510638298    -0.03262241434386536
2.128617021276596    -0.03419736630921188
2.1304255319148937    -0.03507048967891178
2.1322340425531916    -0.03483560743545295
2.1340425531914895    -0.03352601409208556
2.1358510638297874    -0.03157831474494601
2.1376595744680853    -0.029575924658393975
2.139468085106383    -0.027942536891632286
2.141276595744681    -0.026758135021585125
2.143085106382979    -0.025824687861518772
2.1448936170212765    -0.024948464058012224
2.1467021276595744    -0.02418366294003562
2.1485106382978723    -0.023768815669387024
2.15031914893617    -0.023816629131115687
2.152127659574468    -0.024156690459490912
2.153936170212766    -0.02460028473696433
2.155744680851064    -0.02535496624428201
2.1575531914893618    -0.027027201280398816
2.1593617021276597    -0.030073214763849665
2.1611702127659576    -0.0342546088550873
2.1629787234042555    -0.038743111685790615
2.1647872340425534    -0.042804190350956964
2.1665957446808513    -0.046307566772419845
2.168404255319149    -0.049520266792816986
2.170212765957447    -0.052498984070141363
2.172021276595745    -0.054846650521353416
2.1738297872340424    -0.056090201561074346
2.1756382978723403    -0.05614881316068904
2.177446808510638    -0.05530171738483916
2.179255319148936    -0.05376098600811838
2.181063829787234    -0.05145392648492923
2.182872340425532    -0.04827562430392891
2.18468085106383    -0.04439315507309606
2.1864893617021277    -0.04011397723091685
2.1882978723404256    -0.03546218002068059
2.1901063829787235    -0.03006096946378005
2.1919148936170214    -0.023557874860982188
2.1937234042553193    -0.016119914692621404
2.195531914893617    -0.008412062423597187
2.197340425531915    -0.0011027552914683533
2.199148936170213    0.005513137871805807
2.200957446808511    0.011404734715229597
2.2027659574468084    0.01648163469610866
2.2045744680851063    0.020531887889232575
2.206382978723404    0.023454845555934745
2.208191489361702    0.02540248037001281
2.21    0.02661548821453378
2.211808510638298    0.02720763287815884
2.2136170212765958    0.02721847718408183
2.2154255319148937    0.026831052251847898
2.2172340425531916    0.026364502210647643
2.2190425531914895    0.025938780584827383
2.2208510638297874    0.025188243935763445
2.2226595744680853    0.02340738824833239
2.224468085106383    0.02002039049454938
2.226276595744681    0.014917232703551157
2.228085106382979    0.008412828806968989
2.229893617021277    0.0010199938240694206
2.2317021276595743    -0.006692032872480593
2.233510638297872    -0.014161375053541796
2.23531914893617    -0.020972458386354417
2.237127659574468    -0.027015955124331904
2.238936170212766    -0.032434575758756135
2.240744680851064    -0.037329838031456036
2.2425531914893617    -0.04155213758364282
2.2443617021276596    -0.0448436858933868
2.2461702127659575    -0.04715256938589857
2.2479787234042554    -0.048698794486782285
2.2497872340425533    -0.049715155203653966
2.251595744680851    -0.05025047712709049
2.253404255319149    -0.05033222155400738
2.255212765957447    -0.05022891511664215
2.257021276595745    -0.05033065723283006
2.258829787234043    -0.05067242424264924
2.2606382978723403    -0.050713289116492186
2.262446808510638    -0.04978943954177331
2.264255319148936    -0.047824758849921406
2.266063829787234    -0.04547624120071593
2.267872340425532    -0.04350681264887933
2.2696808510638298    -0.04208761523213064
2.2714893617021277    -0.04078749433787203
2.2732978723404256    -0.039146109875561025
2.2751063829787235    -0.03706326118299701
2.2769148936170214    -0.03459387998425148
2.2787234042553193    -0.031577248475970224
2.280531914893617    -0.02770898812675443
2.282340425531915    -0.022984822454531553
2.284148936170213    -0.017880611143871496
2.285957446808511    -0.012969013168368057
2.2877659574468088    -0.008435035570181503
2.2895744680851062    -0.00408733279607615
2.291382978723404    0.00020200115483874279
2.293191489361702    0.004235332631500207
2.295    0.007708315252542268
2.296808510638298    0.010539208178991483
2.2986170212765957    0.012852107383377553
2.3004255319148936    0.014736981003949542
2.3022340425531915    0.01626264869717696
2.3040425531914894    0.01779409827611885
2.3058510638297873    0.020081050811150414
2.3076595744680852    0.023760925902152195
2.309468085106383    0.028717529463507217
2.311276595744681    0.034066294934138326
2.313085106382979    0.038858901159265734
2.314893617021277    0.042744282368765645
2.3167021276595747    0.04591568051596979
2.3185106382978726    0.04859701126492425
2.32031914893617    0.05084317789854426
2.322127659574468    0.05286936100677455
2.323936170212766    0.05529259092379769
2.325744680851064    0.05874910686336023
2.3275531914893617    0.06325347176198381
2.3293617021276596    0.0681265213733182
2.3311702127659575    0.07264604412113901
2.3329787234042554    0.07663809638642277
2.3347872340425533    0.08030418928829944
2.336595744680851    0.08359598865233173
2.338404255319149    0.08604543483032581
2.340212765957447    0.08732355477579698
2.342021276595745    0.08778713171017688
2.343829787234043    0.0882525699926614
2.3456382978723407    0.08924722000381308
2.3474468085106386    0.09067535323554488
2.349255319148936    0.09227979819752549
2.351063829787234    0.0942289751617848
2.352872340425532    0.09700930053017745
2.3546808510638297    0.1007314172759477
2.3564893617021276    0.10472301330555189
2.3582978723404255    0.10790738270350281
2.3601063829787234    0.10950787378017271
2.3619148936170213    0.1093278880326918
2.3637234042553192    0.10749758966722059
2.365531914893617    0.1041837495172386
2.367340425531915    0.09955982991659654
2.369148936170213    0.09378783096886512
2.370957446808511    0.08677643851813252
2.3727659574468087    0.07802098844182814
2.3745744680851066    0.06697921982593033
2.3763829787234045    0.05379178755911779
2.378191489361702    0.03954279442182636
2.38    0.025625888739856134
2.381808510638298    0.01280936562974163
2.3836170212765957    0.0009868024527048842
2.3854255319148936    -0.010193474045459141
2.3872340425531915    -0.020631647002434757
2.3890425531914894    -0.02979463393690373
2.3908510638297873    -0.03727965388167414
2.392659574468085    -0.04315360302682821
2.394468085106383    -0.047758131606222144
2.396276595744681    -0.051434921481785835
2.398085106382979    -0.05460565287963467
2.399893617021277    -0.057943842697120725
2.4017021276595747    -0.06210375452378245
2.4035106382978726    -0.06710137082584733
2.4053191489361705    -0.07209662797431107
2.407127659574468    -0.07599603219618156
2.408936170212766    -0.07831033908653046
2.4107446808510637    -0.07935590667083808
2.4125531914893616    -0.07967836184191046
2.4143617021276595    -0.07948845580999014
2.4161702127659574    -0.07875419179090754
2.4179787234042553    -0.07763972349434961
2.4197872340425532    -0.07654419057662715
2.421595744680851    -0.07565096223621742
2.423404255319149    -0.07469417254537558
2.425212765957447    -0.07342622311367925
2.427021276595745    -0.07228495899365522
2.4288297872340427    -0.07236086227389554
2.4306382978723406    -0.07455356056682325
2.4324468085106385    -0.07879622334620215
2.4342553191489364    -0.08414773626069763
2.436063829787234    -0.08953476908064953
2.437872340425532    -0.0942865820128557
2.4396808510638297    -0.09808018062951096
2.4414893617021276    -0.10073858908454017
2.4432978723404255    -0.10236292087765839
2.4451063829787234    -0.10357650471794916
2.4469148936170213    -0.10530790109956953
2.448723404255319    -0.10809955442929642
2.450531914893617    -0.11163896422346717
2.452340425531915    -0.11505585839673158
2.454148936170213    -0.11765913208321674
2.455957446808511    -0.11931503284385281
2.4577659574468087    -0.12017030948447058
2.4595744680851066    -0.12020428166136804
2.4613829787234045    -0.11916950530204432
2.4631914893617024    -0.11687757416503017
2.465    -0.11338777074078205
2.4668085106382978    -0.10892758744539102
2.4686170212765957    -0.10379631694923103
2.4704255319148936    -0.0984305825800264
2.4722340425531915    -0.09342670603895575
2.4740425531914894    -0.08929215518426406
2.4758510638297873    -0.08612486750468215
2.477659574468085    -0.08362581999599539
2.479468085106383    -0.08143217472886702
2.481276595744681    -0.07927179292605727
2.483085106382979    -0.07665971564486818
2.4848936170212768    -0.07259021335659169
2.4867021276595747    -0.06589199361979253
2.4885106382978726    -0.056150853164222844
2.4903191489361705    -0.04424817203732734
2.4921276595744684    -0.031784677677844486
2.493936170212766    -0.019836789398543046
2.4957446808510637    -0.008256566709167447
2.4975531914893616    0.0038509023149920886
2.4993617021276595    0.017070063515115
2.5011702127659574    0.031097066531236107
2.5029787234042553    0.04499512833916837
2.504787234042553    0.05775684872668865
2.506595744680851    0.06859886994139833
2.508404255319149    0.07699707866792349
2.510212765957447    0.08276449734975386
2.512021276595745    0.08617804360818698
2.5138297872340427    0.0878862167892798
2.5156382978723406    0.08857143250002056
2.5174468085106385    0.08871872376427437
2.5192553191489364    0.08871898791355551
2.5210638297872343    0.08903451316661315
2.5228723404255318    0.09003069212942741
2.5246808510638297    0.09158355073214508
2.5264893617021276    0.09300826836695669
2.5282978723404255    0.09353227838467496
2.5301063829787234    0.09282465897015993
2.5319148936170213    0.09098047116999738
2.533723404255319    0.08806762564401502
2.535531914893617    0.08393898410968453
2.537340425531915    0.07864319093001468
2.539148936170213    0.07288205837415462
2.5409574468085108    0.06776779014721518
2.5427659574468087    0.06396709566879066
2.5445744680851066    0.06113986742717978
2.5463829787234045    0.05831677863553092
2.5481914893617024    0.0548249402993648
2.5500000000000003    0.05083709491403701
2.551808510638298    0.047156988782300124
2.5536170212765956    0.044666625124308176
2.5554255319148935    0.043956554833070496
2.5572340425531914    0.04515477225516962
2.5590425531914893    0.04775498062803546
2.560851063829787    0.050599528410010294
2.562659574468085    0.05237537243735364
2.564468085106383    0.05247871217270732
2.566276595744681    0.05147660487777761
2.568085106382979    0.05062009898626224
2.5698936170212767    0.05085102666924042
2.5717021276595746    0.05228513641063812
2.5735106382978725    0.05451845278061784
2.5753191489361704    0.05710725977004327
2.5771276595744683    0.059535984377048226
2.578936170212766    0.060924120312881844
2.580744680851064    0.06026869644170868
2.5825531914893616    0.05730584166062595
2.5843617021276595    0.05301711038830001
2.5861702127659574    0.048940312885277254
2.5879787234042553    0.0458034159482492
2.589787234042553    0.042917977722010295
2.591595744680851    0.03900506906300867
2.593404255319149    0.033538051694366244
2.595212765957447    0.027187626351870317
2.5970212765957448    0.021087799131259022
2.5988297872340427    0.015932871165940915
2.6006382978723406    0.0118257587597402
2.6024468085106385    0.008656780334985476
2.6042553191489364    0.006207717385096104
2.6060638297872343    0.003829519644626087
2.607872340425532    0.00036951452373185523
2.60968085106383    -0.005206364624259759
2.6114893617021275    -0.013022905691836433
2.6132978723404254    -0.022202194179092315
2.6151063829787233    -0.031544238364092175
2.6169148936170212    -0.040197613195737086
2.618723404255319    -0.047724612649681517
2.620531914893617    -0.053855511802482645
2.622340425531915    -0.05854112439272163
2.624148936170213    -0.06225797356600264
2.6259574468085107    -0.06591633802714729
2.6277659574468086    -0.07012688457630752
2.6295744680851065    -0.07450262197645395
2.6313829787234044    -0.07781924795910834
2.6331914893617023    -0.07893908593498956
2.6350000000000002    -0.07756875756645702
2.636808510638298    -0.07421436395738269
2.638617021276596    -0.06967168203476713
2.6404255319148935    -0.06475223942849397
2.6422340425531914    -0.06033136627990672
2.6440425531914893    -0.057203330763539284
2.645851063829787    -0.055543582962212484
2.647659574468085    -0.0545430642840664
2.649468085106383    -0.05283230880187614
2.651276595744681    -0.04945539833077335
2.653085106382979    -0.044471761061857545
2.6548936170212767    -0.038661753565527104
2.6567021276595746    -0.03279031911105196
2.6585106382978725    -0.027225364572490446
2.6603191489361704    -0.022095981532665072
2.6621276595744683    -0.017521819279758072
2.663936170212766    -0.01356630903913111
2.665744680851064    -0.01011540589279274
2.667553191489362    -0.0069790145076892365
2.6693617021276594    -0.004067526979741625
2.6711702127659573    -0.0012946872953897171
2.6729787234042552    0.001694592948056674
2.674787234042553    0.005441674000056424
2.676595744680851    0.010073899195860337
2.678404255319149    0.014833213035291158
2.680212765957447    0.018480246660783746
2.6820212765957447    0.02036695235810857
2.6838297872340426    0.021073276942308865
2.6856382978723405    0.021867329006153076
2.6874468085106384    0.023541053506390547
2.6892553191489363    0.025845503106961765
2.6910638297872342    0.027990973764272016
2.692872340425532    0.02945761716228021
2.69468085106383    0.030177739747333877
2.696489361702128    0.030117712319211738
2.6982978723404254    0.029068477761864997
2.7001063829787233    0.027054814172174063
2.701914893617021    0.02480303221619872
2.703723404255319    0.02349467745805918
2.705531914893617    0.023868423730432395
2.707340425531915    0.0255453282372752
2.709148936170213    0.027254872570888593
2.7109574468085107    0.027731898411055812
2.7127659574468086    0.0265092054530668
2.7145744680851065    0.024107284936567247
2.7163829787234044    0.02168352599146113
2.7181914893617023    0.020424359153904476
2.72    0.020905517593883843
2.721808510638298    0.022681914973180582
2.723617021276596    0.02444259209305006
2.725425531914894    0.0247938358243687
2.7272340425531914    0.023166979872973982
2.7290425531914893    0.020125799592687926
2.730851063829787    0.016862853889858566
2.732659574468085    0.014416406924724727
2.734468085106383    0.013266704981978007
2.736276595744681    0.013399603121114684
2.7380851063829788    0.014443135653381577
2.7398936170212767    0.015673564065142243
2.7417021276595746    0.0161535660833781
2.7435106382978725    0.015227263430037736
2.7453191489361704    0.013039233643031754
2.7471276595744683    0.010478136387082268
2.748936170212766    0.008465746297348496
2.750744680851064    0.007243498045693866
2.752553191489362    0.00632344935220999
2.75436170212766    0.005030636043594277
2.7561702127659573    0.00298543021347554
2.757978723404255    0.00012163293680254959
2.759787234042553    -0.00351772462969398
2.761595744680851    -0.007794470155743502
2.763404255319149    -0.01232384811326091
2.765212765957447    -0.01651416571235312
2.7670212765957447    -0.019889877560343865
2.7688297872340426    -0.022347356647912226
2.7706382978723405    -0.024052196219328813
2.7724468085106384    -0.025179071395704262
2.7742553191489363    -0.025890400610039378
2.776063829787234    -0.026534090652930383
2.777872340425532    -0.0276152992535388
2.77968085106383    -0.02934378914613821
2.781489361702128    -0.03121902326651867
2.783297872340426    -0.03226538198020369
2.7851063829787237    -0.031842060076196596
2.786914893617021    -0.030224586749287276
2.788723404255319    -0.028326506001243985
2.790531914893617    -0.026850966119170067
2.792340425531915    -0.025752585381746254
2.7941489361702128    -0.02448559197492086
2.7959574468085107    -0.022652913563091077
2.7977659574468086    -0.0203550837847893
2.7995744680851065    -0.018005015503515694
2.8013829787234044    -0.01594467850444465
2.8031914893617023    -0.014245206413174085
2.805    -0.012736622229717293
2.806808510638298    -0.011125291897804857
2.808617021276596    -0.009150305930264759
2.810425531914894    -0.006786658587954464
2.8122340425531918    -0.004362974754130958
2.8140425531914897    -0.002396186852081408
2.815851063829787    -0.0011934274868857348
2.817659574468085    -0.0005835468587943008
2.819468085106383    -7.467734389028419e-05
2.821276595744681    0.0006996673795800583
2.8230851063829787    0.0016776334350166809
2.8248936170212766    0.002450529574900784
2.8267021276595745    0.002563510907770964
2.8285106382978724    0.0017437688868151913
2.8303191489361703    -1.9707219171575087e-05
2.832127659574468    -0.002449143233399724
2.833936170212766    -0.00500801072589702
2.835744680851064    -0.007114752105893627
2.837553191489362    -0.008511260951510497
2.83936170212766    -0.009481986078712255
2.8411702127659577    -0.010652601598843405
2.8429787234042556    -0.012497326030897276
2.844787234042553    -0.014991745960901132
2.846595744680851    -0.017681374941682315
2.848404255319149    -0.020009140064183757
2.8502127659574468    -0.02157624769964181
2.8520212765957447    -0.02223135256537083
2.8538297872340426    -0.0221097074960035
2.8556382978723405    -0.0216665942074492
2.8574468085106384    -0.021562636106362464
2.8592553191489363    -0.0223286501302061
2.861063829787234    -0.024021150853548938
2.862872340425532    -0.026169361964788085
2.86468085106383    -0.028046549603418236
2.866489361702128    -0.029011403281687997
2.8682978723404258    -0.02871295587154498
2.8701063829787237    -0.027190141855126262
2.8719148936170216    -0.024922350328458846
2.873723404255319    -0.022689478021371758
2.875531914893617    -0.021109967374450207
2.877340425531915    -0.020120853714370744
2.8791489361702127    -0.018956249103392345
2.8809574468085106    -0.01681702326741638
2.8827659574468085    -0.013661705059073104
2.8845744680851064    -0.010302376640172771
2.8863829787234043    -0.007680108295653836
2.8881914893617022    -0.006087331428095885
2.89    -0.005134899095494295
2.891808510638298    -0.004379679853902408
2.893617021276596    -0.003804432705386787
2.895425531914894    -0.0036315402097433763
2.8972340425531917    -0.0038289125833610143
2.8990425531914896    -0.004001937013423693
2.9008510638297875    -0.0037895604427125983
2.902659574468085    -0.003209101957004198
2.904468085106383    -0.002501018906271463
2.906276595744681    -0.0017147587979964123
2.9080851063829787    -0.0006067600813050209
2.9098936170212766    0.001016261924147039
2.9117021276595745    0.0029595385752738657
2.9135106382978724    0.004727480561941996
2.9153191489361703    0.005909777416875244
2.917127659574468    0.006425572386717416
2.918936170212766    0.006449563834115619
2.920744680851064    0.006238761685238417
2.922553191489362    0.006070690503284078
2.92436170212766    0.006214336133010149
2.9261702127659577    0.006793015825109789
2.9279787234042556    0.007655755670782768
2.9297872340425535    0.008497126068135933
2.931595744680851    0.009177658301308603
2.933404255319149    0.009873494942777448
2.9352127659574467    0.010838268098811178
2.9370212765957446    0.01205867472857419
2.9388297872340425    0.01325920880267051
2.9406382978723404    0.014276417665578264
2.9424468085106383    0.015324669942526228
2.9442553191489362    0.01678857676736234
2.946063829787234    0.018780783575514534
2.947872340425532    0.021012183284355307
2.94968085106383    0.02312633905601945
2.951489361702128    0.025068957402035325
2.9532978723404257    0.027049451955358954
2.9551063829787236    0.02919565135766993
2.9569148936170215    0.03137075630157316
2.9587234042553194    0.03335345163924088
2.960531914893617    0.035084578425718375
2.962340425531915    0.036639267758635526
2.9641489361702127    0.03801440278552536
2.9659574468085106    0.0390915913947421
2.9677659574468085    0.039856771152502475
2.9695744680851064    0.040532657047396
2.9713829787234043    0.04134137566333316
2.973191489361702    0.04212987649027016
2.975    0.042370900532130294
2.976808510638298    0.04166423479056618
2.978617021276596    0.0402362539814421
2.980425531914894    0.038851291022679195
2.9822340425531917    0.03815795455582948
2.9840425531914896    0.03811363800514737
2.9858510638297875    0.038056008938369586
2.9876595744680854    0.03731402771383662
2.989468085106383    0.0357244899673893
2.9912765957446807    0.033583078493921094
2.9930851063829786    0.031178568631246288
2.9948936170212765    0.028455189355430663
2.9967021276595744    0.02514674798011505
2.9985106382978723    0.02119783994776247
3.0003191489361702    0.01699678829353056
3.002127659574468    0.01316064864292395
3.003936170212766    0.010079856962018657
3.005744680851064    0.007666680424900658
3.007553191489362    0.005533685136868305
3.0093617021276597    0.0033971079734295383
3.0111702127659576    0.0013020118219623537
3.0129787234042555    -0.0005118172307251826
3.0147872340425534    -0.001906033231411589
3.0165957446808513    -0.002984104429762273
3.0184042553191492    -0.003990151955897035
3.0202127659574467    -0.0051510118177059755
3.0220212765957446    -0.006634582938596807
3.0238297872340425    -0.008574680363735238
3.0256382978723404    -0.011020713073169517
3.0274468085106383    -0.013839876634743085
3.029255319148936    -0.016759851314344123
3.031063829787234    -0.01960451597667349
3.032872340425532    -0.02248165146327506
3.03468085106383    -0.025650436670439158
3.036489361702128    -0.02914962185287272
3.0382978723404257    -0.032597644125832034
3.0401063829787236    -0.03543782187580538
3.0419148936170215    -0.03741065384981587
3.0437234042553194    -0.0387663302871188
3.0455319148936173    -0.04000851940907123
3.047340425531915    -0.04145360003096207
3.0491489361702127    -0.04303308484148455
3.0509574468085106    -0.044453548934256834
3.0527659574468085    -0.04547840146355739
3.0545744680851064    -0.04607837311464813
3.0563829787234043    -0.04641150295278318
3.058191489361702    -0.04671726612991667
3.06    -0.04717344679465785
3.061808510638298    -0.04775668804020375
3.063617021276596    -0.04822601631561603
3.0654255319148938    -0.04831853091854854
3.0672340425531917    -0.04801741805850432
3.0690425531914896    -0.047590697543222066
3.0708510638297875    -0.0472988635374918
3.0726595744680854    -0.047065803338685194
3.0744680851063833    -0.04649611229264086
3.076276595744681    -0.045230847832551394
3.0780851063829786    -0.04322599228118193
3.0798936170212765    -0.04064553942747126
3.0817021276595744    -0.037559333307837645
3.0835106382978723    -0.033872142511468445
3.08531914893617    -0.029571740659825693
3.087127659574468    -0.024932685584373997
3.088936170212766    -0.02036758606610873
3.090744680851064    -0.01610278438599571
3.092553191489362    -0.012097100159931502
3.0943617021276597    -0.008281626413905847
3.0961702127659576    -0.004751192632755015
3.0979787234042555    -0.0016184503080935945
3.0997872340425534    0.0012523621122678672
3.1015957446808513    0.004199509963337832
3.103404255319149    0.007383115903007675
3.105212765957447    0.010541545828150398
3.1070212765957446    0.013239007782710564
3.1088297872340425    0.015342912798180727
3.1106382978723404    0.017158364614664957
3.1124468085106383    0.01906328727890003
3.114255319148936    0.021101160536063878
3.116063829787234    0.023014609577114747
3.117872340425532    0.024630798945498366
3.11968085106383    0.026088624740062193
3.1214893617021278    0.027639525537636055
3.1232978723404257    0.02929832807622657
3.1251063829787236    0.030768495280592296
3.1269148936170215    0.031692935999424354
3.1287234042553194    0.031917257016688225
3.1305319148936173    0.031520409054763845
3.132340425531915    0.030678687753901014
3.134148936170213    0.029550029662778553
3.1359574468085105    0.028231459156805166
3.1377659574468084    0.026741335626379717
3.1395744680851063    0.025042083018274035
3.141382978723404    0.02315011219919292
3.143191489361702    0.021241982548038205
3.145    0.019572593877023835
3.146808510638298    0.018211774005666925
3.148617021276596    0.016895933857290435
3.1504255319148937    0.015247847541718422
3.1522340425531916    0.013192097272293674
3.1540425531914895    0.011095901552543409
3.1558510638297874    0.009427433095926648
3.1576595744680853    0.00828214393710728
3.159468085106383    0.007302828479782374
3.161276595744681    0.0060799058866891475
3.163085106382979    0.004586804323872297
3.1648936170212765    0.0031966515545073194
3.1667021276595744    0.0023007759616485903
3.1685106382978723    0.001930062620425197
3.17031914893617    0.0017017045996088362
3.172127659574468    0.0010824361173795635
3.173936170212766    -0.0002464569522055899
3.175744680851064    -0.0021419470489972537
3.1775531914893618    -0.0040337446133738904
3.1793617021276597    -0.005293474516793132
3.1811702127659576    -0.005737519546456871
3.1829787234042555    -0.0058278438060597425
3.1847872340425534    -0.006288733563169613
3.1865957446808513    -0.007421687937802053
3.188404255319149    -0.008799240040266694
3.190212765957447    -0.009692769416414072
3.192021276595745    -0.009797735136911968
3.1938297872340424    -0.009468773258432357
3.1956382978723403    -0.009229400309031492
3.1974468085106382    -0.009151894075246187
3.199255319148936    -0.008822458427830417
3.201063829787234    -0.007888547474476587
3.202872340425532    -0.006518413966820609
3.20468085106383    -0.005265280133342518
3.2064893617021277    -0.004545773654101696
3.2082978723404256    -0.004318101744153811
3.2101063829787235    -0.004217258619191826
3.2119148936170214    -0.0038942220736833955
3.2137234042553193    -0.003221369535952036
3.2155319148936172    -0.002303842475659024
3.217340425531915    -0.00140401949454274
3.219148936170213    -0.000807126294755127
3.220957446808511    -0.0006256236180049246
3.2227659574468084    -0.0006912637437007016
3.2245744680851063    -0.0007194709568968953
3.226382978723404    -0.0006386216987154178
3.228191489361702    -0.0006950468955821789
3.23    -0.001147203513376968
3.231808510638298    -0.0018936634290556034
3.233617021276596    -0.0025330580599709196
3.2354255319148937    -0.002836580481641641
3.2372340425531916    -0.003054226065342247
3.2390425531914895    -0.0036457153487599266
3.2408510638297874    -0.004756743119443968
3.2426595744680853    -0.006095591285309865
3.244468085106383    -0.00733952319726292
3.246276595744681    -0.00850735070050864
3.248085106382979    -0.009809075638297462
3.249893617021277    -0.011220710470419887
3.251702127659575    -0.01241684820209771
3.2535106382978722    -0.01319286313861903
3.25531914893617    -0.013812177496797457
3.257127659574468    -0.01478306952131383
3.258936170212766    -0.016311531401073845
3.260744680851064    -0.01808473046918488
3.2625531914893617    -0.019588925503266942
3.2643617021276596    -0.02050941876948892
3.2661702127659575    -0.02077570251781883
3.2679787234042554    -0.02038441385759846
3.2697872340425533    -0.019382678016401256
3.2715957446808512    -0.01800254637306955
3.273404255319149    -0.016582726065705253
3.275212765957447    -0.015217071355704555
3.277021276595745    -0.013600552094021202
3.278829787234043    -0.011417896885420047
3.2806382978723407    -0.008868215427657835
3.282446808510638    -0.006587981107784703
3.284255319148936    -0.0049320422020888086
3.286063829787234    -0.0034740488689565564
3.287872340425532    -0.0014394991555841154
3.28968085106383    0.001355449985098834
3.2914893617021277    0.004187911458756705
3.2932978723404256    0.006165515395856294
3.2951063829787235    0.007175761326282688
3.2969148936170214    0.007952082407421505
3.2987234042553193    0.009230962355756711
3.300531914893617    0.011015661448548566
3.302340425531915    0.012730395114327057
3.304148936170213    0.013948801746901204
3.305957446808511    0.014813419411710386
3.307765957446809    0.01578971133052131
3.3095744680851067    0.017183409965351455
3.311382978723404    0.0189383358527139
3.313191489361702    0.020749250152152614
3.315    0.0222466476618454
3.316808510638298    0.023166757487061866
3.3186170212765957    0.023531254850728718
3.3204255319148936    0.023681121926686394
3.3222340425531915    0.023964555485650713
3.3240425531914894    0.02428765871980943
3.3258510638297873    0.024094412928429267
3.3276595744680852    0.022962779835103475
3.329468085106383    0.02118204274431365
3.331276595744681    0.019525251775391224
3.333085106382979    0.01835433533051984
3.334893617021277    0.01711578113995947
3.3367021276595747    0.014928836976994236
3.3385106382978726    0.01164187078426104
3.34031914893617    0.008091442510527621
3.342127659574468    0.0052265900687638416
3.343936170212766    0.0031371747207435026
3.345744680851064    0.0011171268715500868
3.3475531914893617    -0.0013977651193805012
3.3493617021276596    -0.004197453501835155
3.3511702127659575    -0.006658032654322809
3.3529787234042554    -0.008515586389734299
3.3547872340425533    -0.01007717141799671
3.356595744680851    -0.01174145302079992
3.358404255319149    -0.013551043681835927
3.360212765957447    -0.015280122376855217
3.362021276595745    -0.016758806816370073
3.363829787234043    -0.01793107542678774
3.3656382978723407    -0.018700577050524646
3.3674468085106386    -0.01897720364003395
3.369255319148936    -0.018934855073610004
3.371063829787234    -0.019007582616606056
3.372872340425532    -0.019437314347425034
3.3746808510638298    -0.019903272542642934
3.3764893617021277    -0.0198102536200755
3.3782978723404256    -0.018975790245205956
3.3801063829787235    -0.017848931244758597
3.3819148936170214    -0.01693677456499944
3.3837234042553193    -0.016162425221623835
3.385531914893617    -0.015010481321815896
3.387340425531915    -0.013294681301484989
3.389148936170213    -0.011542964932407668
3.390957446808511    -0.010469149104352343
3.3927659574468088    -0.01017376327164764
3.3945744680851067    -0.010049717967941695
3.3963829787234046    -0.00945773774277971
3.398191489361702    -0.008310637274171234
3.4    -0.006933126339865724
3.401808510638298    -0.0055321504985817605
3.4036170212765957    -0.004003939426341446
3.4054255319148936    -0.002213644700614353
3.4072340425531915    -0.00024659883277692836
3.4090425531914894    0.0017016434328389065
3.4108510638297873    0.0035391790618471324
3.412659574468085    0.0052473720755299965
3.414468085106383    0.00673097659457074
3.416276595744681    0.007897057453911026
3.418085106382979    0.008901097891103191
3.419893617021277    0.010117029249890552
3.4217021276595747    0.011718247877811797
3.4235106382978726    0.013386812068316857
3.4253191489361705    0.014620799464501108
3.427127659574468    0.015321362193010956
3.428936170212766    0.015885837062696327
3.4307446808510638    0.016636141696993317
3.4325531914893617    0.01732750177681512
3.4343617021276596    0.01743632954434865
3.4361702127659575    0.01690059162168331
3.4379787234042554    0.01633686279990801
3.4397872340425533    0.016396408282612365
3.441595744680851    0.017036319352242854
3.443404255319149    0.017598371406469082
3.445212765957447    0.01755827479168691
3.447021276595745    0.016997987781860936
3.4488297872340428    0.01629393800643779
3.4506382978723407    0.015546182470303295
3.4524468085106386    0.014513509726786333
3.4542553191489365    0.013041489129798984
3.456063829787234    0.011318617284866099
3.457872340425532    0.009629151936538474
3.4596808510638297    0.008018751517260437
3.4614893617021276    0.006359562529376653
3.4632978723404255    0.0046565911365570225
3.4651063829787234    0.003076013310709006
3.4669148936170213    0.0016316751540334544
3.468723404255319    3.4715038212018235e-05
3.470531914893617    -0.001987370566003558
3.472340425531915    -0.004302252242485129
3.474148936170213    -0.0064873297621982
3.475957446808511    -0.008354510648862725
3.4777659574468087    -0.010200724583808557
3.4795744680851066    -0.012431508898049856
3.4813829787234045    -0.015031855067816674
3.4831914893617024    -0.01755594067315991
3.4850000000000003    -0.019617647024068985
3.4868085106382978    -0.02123714253634442
3.4886170212765957    -0.02265704089003113
3.4904255319148936    -0.023966853570000078
3.4922340425531915    -0.02505600958675274
3.4940425531914894    -0.02587561773775343
3.4958510638297873    -0.026559370108099577
3.497659574468085    -0.027228607249750826
3.499468085106383    -0.027815523489821567
3.501276595744681    -0.028200682870475696
3.503085106382979    -0.028452579828435638
3.5048936170212768    -0.028770911553451024
3.5067021276595747    -0.02917367742634499
3.5085106382978726    -0.029379238190906452
3.5103191489361705    -0.02908466053220104
3.5121276595744684    -0.028276929265527308
3.5139361702127663    -0.027165608623857446
3.5157446808510637    -0.02587499712400332
3.5175531914893616    -0.024368391232123754
3.5193617021276595    -0.022689084985062877
3.5211702127659574    -0.021071045068272252
3.5229787234042553    -0.0196322468357542
3.5247872340425532    -0.01803871443049289
3.526595744680851    -0.015711691059644275
3.528404255319149    -0.012466594721945574
3.530212765957447    -0.008811953942315664
3.532021276595745    -0.005470195555828049
3.5338297872340427    -0.0026536797164181513
3.5356382978723406    4.2013887101562813e-05
3.5374468085106385    0.003046556035991716
3.5392553191489364    0.00631297502768929
3.5410638297872343    0.00950786296016317
3.5428723404255322    0.012542163354762017
3.5446808510638297    0.01567357691509498
3.5464893617021276    0.019061205806528647
3.5482978723404255    0.02243049561675916
3.5501063829787234    0.02533909039193768
3.5519148936170213    0.027690605996572734
3.553723404255319    0.02981037713801541
3.555531914893617    0.032007824264212115
3.557340425531915    0.03422238442200526
3.559148936170213    0.03617027411593386
3.560957446808511    0.037695366623159296
3.5627659574468087    0.038810326235914155
3.5645744680851066    0.03944890583848959
3.5663829787234045    0.03940109164762834
3.5681914893617024    0.03860047044792406
3.5700000000000003    0.03734607805343634
3.571808510638298    0.036065355131909754
3.5736170212765956    0.03485848806818287
3.5754255319148935    0.033400746912572485
3.5772340425531914    0.03132205321538116
3.5790425531914893    0.028566794152153685
3.5808510638297872    0.025315221903951676
3.582659574468085    0.021675411268098972
3.584468085106383    0.017622256241876078
3.586276595744681    0.01321920599640736
3.588085106382979    0.008704675927612631
3.5898936170212767    0.004248079136537648
3.5917021276595746    -0.0002638369913963998
3.5935106382978725    -0.005028397455565016
3.5953191489361704    -0.009931644516386694
3.5971276595744683    -0.0145200241954632
3.5989361702127662    -0.018440137500307152
3.600744680851064    -0.021784808014095436
3.6025531914893616    -0.02487641280914566
3.6043617021276595    -0.02778412631424864
3.6061702127659574    -0.030251792922119373
3.6079787234042553    -0.03214979338314721
3.609787234042553    -0.0338175167232248
3.611595744680851    -0.03577786708686206
3.613404255319149    -0.038148993288806506
3.615212765957447    -0.040504347425313884
