0.0    0.0
0.0018085106382978724    0.0
0.003617021276595745    0.0
0.005425531914893617    0.0
0.00723404255319149    0.0
0.009042553191489363    0.0
0.010851063829787235    0.0
0.012659574468085107    0.0
0.01446808510638298    0.0
0.016276595744680853    0.0
0.018085106382978725    0.0
0.019893617021276597    0.0
0.02170212765957447    0.0
0.023510638297872342    0.0
0.025319148936170214    0.0
0.027127659574468086    0.0
0.02893617021276596    0.0
0.03074468085106383    0.0
0.032553191489361706    0.0
0.03436170212765958    0.0
0.03617021276595745    0.0
0.03797872340425532    0.0
0.039787234042553195    0.0
0.04159574468085107    0.0
0.04340425531914894    0.0
0.04521276595744681    0.0
0.047021276595744683    0.0
0.048829787234042556    0.0
0.05063829787234043    0.0
0.0524468085106383    0.0
0.05425531914893617    0.0
0.056063829787234044    0.0
0.05787234042553192    0.0
0.05968085106382979    0.0
0.06148936170212766    0.0
0.06329787234042554    0.0
0.06510638297872341    0.0
0.06691489361702128    0.0
0.06872340425531916    0.0
0.07053191489361703    0.0
0.0723404255319149    0.0
0.07414893617021277    0.0
0.07595744680851065    0.0
0.07776595744680852    0.0
0.07957446808510639    0.0
0.08138297872340426    0.0
0.08319148936170213    0.0
0.085    0.0
0.08680851063829788    0.0
0.08861702127659575    0.0
0.09042553191489362    0.0
0.0922340425531915    0.0
0.09404255319148937    0.0
0.09585106382978724    0.0
0.09765957446808511    0.0
0.09946808510638298    0.0
0.10127659574468086    0.0
0.10308510638297873    0.0
0.1048936170212766    0.0
0.10670212765957447    0.0
0.10851063829787234    0.0
0.11031914893617022    0.0
0.11212765957446809    0.0
0.11393617021276596    0.0
0.11574468085106383    0.0
0.1175531914893617    0.0
0.11936170212765958    0.0
0.12117021276595745    0.0
0.12297872340425532    0.0
0.1247872340425532    0.0
0.12659574468085108    0.0
0.12840425531914895    0.0
0.13021276595744682    0.0
0.1320212765957447    0.0
0.13382978723404257    0.0
0.13563829787234044    0.0
0.1374468085106383    0.0
0.13925531914893619    0.0
0.14106382978723406    0.0
0.14287234042553193    0.0
0.1446808510638298    0.0
0.14648936170212767    0.0
0.14829787234042555    0.0
0.15010638297872342    0.0
0.1519148936170213    0.0
0.15372340425531916    0.0
0.15553191489361703    0.0
0.1573404255319149    0.0
0.15914893617021278    0.0
0.16095744680851065    0.0
0.16276595744680852    0.0
0.1645744680851064    0.0
0.16638297872340427    0.0
0.16819148936170214    5.655698725613521e-186
0.17    3.1670965808861665e-181
0.17180851063829788    2.9804775969784737e-177
0.17361702127659576    1.131213306596979e-173
0.17542553191489363    2.3189107949417173e-170
0.1772340425531915    2.9818827446070035e-167
0.17904255319148937    2.6354886447500614e-164
0.18085106382978725    1.702958310905499e-161
0.18265957446808512    8.411069668501862e-159
0.184468085106383    3.284030164086357e-156
0.18627659574468086    1.0406259217743177e-153
0.18808510638297873    2.733333480495319e-151
0.1898936170212766    6.055327708599582e-149
0.19170212765957448    1.1479634129255942e-146
0.19351063829787235    1.8854079398306536e-144
0.19531914893617022    2.711167586920086e-142
0.1971276595744681    3.4447859605557874e-140
0.19893617021276597    3.89861588169994e-138
0.20074468085106384    3.958046570545092e-136
0.2025531914893617    3.627547530958919e-134
0.20436170212765958    3.018278798778348e-132
0.20617021276595746    2.2915392189868488e-130
0.20797872340425533    1.5948307701344646e-128
0.2097872340425532    1.021732784741557e-126
0.21159574468085107    6.048578960044023e-125
0.21340425531914894    3.320335947500423e-123
0.21521276595744682    1.695589185169132e-121
0.2170212765957447    8.079014693280475e-120
0.21882978723404256    3.601540997271086e-118
0.22063829787234043    1.505974654543245e-116
0.2224468085106383    5.920744690653913e-115
0.22425531914893618    2.1934360716536747e-113
0.22606382978723405    7.672933882835154e-112
0.22787234042553192    2.5393742318037837e-110
0.2296808510638298    7.965442970327815e-109
0.23148936170212767    2.37220988490287e-107
0.23329787234042554    6.718232707322532e-106
0.2351063829787234    1.8120698116375188e-104
0.23691489361702128    4.66160587684127e-103
0.23872340425531915    1.1453182444188059e-101
0.24053191489361703    2.690946654376174e-100
0.2423404255319149    6.053435373374793e-99
0.24414893617021277    1.3053281653319039e-97
0.24595744680851064    2.7010764471344328e-96
0.24776595744680852    5.369190909062906e-95
0.2495744680851064    1.0262889650879e-93
0.25138297872340426    1.8881364772044672e-92
0.25319148936170216    3.346535298895279e-91
0.255    5.719178524542115e-90
0.2568085106382979    9.432126774299062e-89
0.25861702127659575    1.5023442694168476e-87
0.26042553191489365    2.312835880260108e-86
0.2622340425531915    3.4439252788015904e-85
0.2640425531914894    4.96365259597133e-84
0.26585106382978724    6.929164622441657e-83
0.26765957446808514    9.375056128555254e-82
0.269468085106383    1.2301305513144059e-80
0.2712765957446809    1.5662946392016155e-79
0.2730851063829787    1.9363842633294784e-78
0.2748936170212766    2.3256649723356508e-77
0.27670212765957447    2.715021347770027e-76
0.27851063829787237    3.0824390866467103e-75
0.2803191489361702    3.405082921530207e-74
0.2821276595744681    3.661694303971854e-73
0.28393617021276596    3.8349507711576906e-72
0.28574468085106386    3.913416877756674e-71
0.2875531914893617    3.8927797650864937e-70
0.2893617021276596    3.776187334163898e-69
0.29117021276595745    3.5736650638454207e-68
0.29297872340425535    3.300743269696409e-67
0.2947872340425532    2.97654715755406e-66
0.2965957446808511    2.6216653085861522e-65
0.29840425531914894    2.2561114111314538e-64
0.30021276595744684    1.8976374077688765e-63
0.3020212765957447    1.5605630477295043e-62
0.3038297872340426    1.2551811324868723e-61
0.3056382978723404    9.877018347719588e-61
0.3074468085106383    7.606292309808471e-60
0.30925531914893617    5.734258524602888e-59
0.31106382978723407    4.233156170222574e-58
0.3128723404255319    3.0609491747431775e-57
0.3146808510638298    2.168559334709417e-56
0.31648936170212766    1.5056535915284154e-55
0.31829787234042556    1.0247769443005404e-54
0.3201063829787234    6.83900613491628e-54
0.3219148936170213    4.4763272640947835e-53
0.32372340425531915    2.8742118021570357e-52
0.32553191489361705    1.8108559521926697e-51
0.3273404255319149    1.1197333583484735e-50
0.3291489361702128    6.796818114322581e-50
0.33095744680851064    4.0508783149260474e-49
0.33276595744680854    2.371018794204894e-48
0.3345744680851064    1.363171155580059e-47
0.3363829787234043    7.699816927666079e-47
0.3381914893617021    4.2737372029128515e-46
0.34    2.3313808998629234e-45
0.34180851063829787    1.250187499149356e-44
0.34361702127659577    6.591283692696985e-44
0.3454255319148936    3.4172144485950667e-43
0.3472340425531915    1.74242600861564e-42
0.34904255319148936    8.739507435770547e-42
0.35085106382978726    4.3125967546308346e-41
0.3526595744680851    2.0940017007707938e-40
0.354468085106383    1.0006144042782654e-39
0.35627659574468085    4.7062129798249166e-39
0.35808510638297875    2.178980896886811e-38
0.3598936170212766    9.932820506401024e-38
0.3617021276595745    4.458490022618159e-37
0.36351063829787233    1.9708621518927927e-36
0.36531914893617023    8.580915594971734e-36
0.3671276595744681    3.680223260905717e-35
0.368936170212766    1.5550009102573184e-34
0.3707446808510638    6.473728205862119e-34
0.3725531914893617    2.655801560658612e-33
0.37436170212765957    1.0737490520768292e-32
0.37617021276595747    4.2788131671293466e-32
0.3779787234042553    1.6807505591800002e-31
0.3797872340425532    6.508597240491997e-31
0.38159574468085106    2.4849591723973305e-30
0.38340425531914896    9.354943148911453e-30
0.3852127659574468    3.472915247675767e-29
0.3870212765957447    1.2715055829866486e-28
0.38882978723404255    4.591474327148989e-28
0.39063829787234045    1.635435607871264e-27
0.3924468085106383    5.7464363554698784e-27
0.3942553191489362    1.9919707572502588e-26
0.39606382978723403    6.812723434526661e-26
0.39787234042553193    2.2990326889812762e-25
0.3996808510638298    7.655757776000562e-25
0.4014893617021277    2.515827532005047e-24
0.4032978723404255    8.159304174075907e-24
0.4051063829787234    2.611763454466749e-23
0.40691489361702127    8.251841077545254e-23
0.40872340425531917    2.573540281093069e-22
0.410531914893617    7.923187942471622e-22
0.4123404255319149    2.4081446206914492e-21
0.41414893617021276    7.226075867779758e-21
0.41595744680851066    2.140831671547558e-20
0.4177659574468085    6.262449941433857e-20
0.4195744680851064    1.8088744729670186e-19
0.42138297872340424    5.159346154067755e-19
0.42319148936170214    1.453187380813251e-18
0.425    4.042098597308887e-18
0.4268085106382979    1.1103684602984705e-17
0.42861702127659573    3.012435988378842e-17
0.43042553191489363    8.071858938801346e-17
0.4322340425531915    2.1362290375317297e-16
0.4340425531914894    5.584097774801352e-16
0.4358510638297872    1.441785110931321e-15
0.4376595744680851    3.677059688960383e-15
0.43946808510638297    9.26323442427023e-15
0.44127659574468087    2.305125469476992e-14
0.4430851063829787    5.6663501846428215e-14
0.4448936170212766    1.3759258443927126e-13
0.44670212765957445    3.300457247035055e-13
0.44851063829787235    7.82067373189303e-13
0.4503191489361702    1.830659184602608e-12
0.4521276595744681    4.233164741381579e-12
0.45393617021276594    9.669788705758707e-12
0.45574468085106384    2.18203366908347e-11
0.4575531914893617    4.864024272955558e-11
0.4593617021276596    1.0710645523941109e-10
0.46117021276595743    2.329783566889277e-10
0.46297872340425533    5.005972531528376e-10
0.46478723404255323    1.0624921455714075e-09
0.4665957446808511    2.22749759580637e-09
0.468404255319149    4.6126580482361696e-09
0.4702127659574468    9.434401329987707e-09
0.4720212765957447    1.9058614485858937e-08
0.47382978723404257    3.802464729613176e-08
0.47563829787234047    7.492332616071152e-08
0.4774468085106383    1.4578941547322336e-07
0.4792553191489362    2.801360814693187e-07
0.48106382978723405    5.31521752852186e-07
0.48287234042553195    9.957596008168378e-07
0.4846808510638298    1.8417875358857585e-06
0.4864893617021277    3.3631300881290725e-06
0.48829787234042554    6.062220769688508e-06
0.49010638297872344    1.0786132282439801e-05
0.4919148936170213    1.894107274887215e-05
0.4937234042553192    3.2824938693002054e-05
0.49553191489361703    5.613271288106933e-05
0.49734042553191493    9.470860677690575e-05
0.4991489361702128    0.0001576408537501095
0.5009574468085106    0.00025881795492457263
0.5027659574468085    0.00041908503223168664
0.5045744680851064    0.0006691491991990002
0.5063829787234043    0.0010533737497538838
0.5081914893617021    0.0016345592653977622
0.51    0.0024997192637621116
0.5118085106382979    0.003766701285408434
0.5136170212765958    0.005591265939983174
0.5154255319148936    0.008173908465142687
0.5172340425531915    0.01176529674905808
0.5190425531914894    0.01666873727977991
0.5208510638297873    0.023237629492892813
0.5226595744680851    0.03186553166947971
0.524468085106383    0.04296637866432132
0.5262765957446809    0.05694273179617532
0.5280851063829788    0.07414087478925913
0.5298936170212766    0.09479322699759643
0.5317021276595745    0.11895095882111531
0.5335106382978724    0.14641273428932003
0.5353191489361703    0.17665882257506785
0.5371276595744681    0.20880281624315775
0.538936170212766    0.24157505046391384
0.5407446808510639    0.27335159741316173
0.5425531914893618    0.3022395500791467
0.5443617021276596    0.32622268652014463
0.5461702127659575    0.3433616365346821
0.5479787234042554    0.3520303721768602
0.5497872340425533    0.35115823550763314
0.551595744680851    0.34043669911638563
0.5534042553191489    0.32044594395687975
0.5552127659574468    0.2926610992157923
0.5570212765957447    0.2593132545785748
0.5588297872340425    0.2231054760094751
0.5606382978723404    0.1868154848521118
0.5624468085106383    0.15284801775388113
0.5642553191489362    0.1228229376481823
0.566063829787234    0.09729172045960874
0.5678723404255319    0.07565934648148553
0.5696808510638298    0.056350231759392466
0.5714893617021277    0.03720156726513854
0.5732978723404255    0.016007635263119227
0.5751063829787234    -0.008909236738567465
0.5769148936170213    -0.03824528987316811
0.5787234042553192    -0.07150501172490005
0.580531914893617    -0.10710188619710888
0.5823404255319149    -0.14275425380764795
0.5841489361702128    -0.17607287408490696
0.5859574468085107    -0.20517354558449374
0.5877659574468085    -0.2291325443776256
0.5895744680851064    -0.24814480133441863
0.5913829787234043    -0.26333574793381775
0.5931914893617022    -0.2762902599282684
0.595    -0.28845807063850004
0.5968085106382979    -0.30063880183500136
0.5986170212765958    -0.31272222822455165
0.6004255319148937    -0.3237671491946872
0.6022340425531915    -0.3323775340308036
0.6040425531914894    -0.33722457627020985
0.6058510638297873    -0.3375117765357708
0.6076595744680852    -0.33320908329142085
0.609468085106383    -0.3249806340122996
0.6112765957446809    -0.3138579456629945
0.6130851063829788    -0.3008121689557225
0.6148936170212767    -0.2864112242992706
0.6167021276595744    -0.27069715982935316
0.6185106382978723    -0.25331083891089023
0.6203191489361702    -0.23377716644004398
0.6221276595744681    -0.2117989435616392
0.6239361702127659    -0.18742079674841788
0.6257446808510638    -0.16100593060174695
0.6275531914893617    -0.13307202023982523
0.6293617021276596    -0.10410171308990449
0.6311702127659574    -0.07444138758557195
0.6329787234042553    -0.04433351686442151
0.6347872340425532    -0.014036858017136847
0.6365957446808511    0.016067662366584707
0.6384042553191489    0.0454725209673187
0.6402127659574468    0.07365012814313206
0.6420212765957447    0.10019052906620295
0.6438297872340426    0.12485255381364675
0.6456382978723404    0.14745771717755263
0.6474468085106383    0.16766613112844353
0.6492553191489362    0.18477705291952756
0.6510638297872341    0.197717896636168
0.6528723404255319    0.20529450817405598
0.6546808510638298    0.20661552996999183
0.6564893617021277    0.2014731058736215
0.6582978723404256    0.19045532122044379
0.6601063829787234    0.17470727790044066
0.6619148936170213    0.15547441064023226
0.6637234042553192    0.13371738188012228
0.6655319148936171    0.11006715412498724
0.6673404255319149    0.08517943297543079
0.6691489361702128    0.060265011944345026
0.6709574468085107    0.037399809085281524
0.6727659574468086    0.019291002336579224
0.6745744680851063    0.008481668722412818
0.6763829787234042    0.006343728025143488
0.6781914893617021    0.01240140543127815
0.68    0.024396664110364404
0.6818085106382978    0.03910549192983725
0.6836170212765957    0.05347804269072932
0.6854255319148936    0.06548903624640057
0.6872340425531915    0.07428497650796329
0.6890425531914893    0.07968582605746347
0.6908510638297872    0.08152991702158124
0.6926595744680851    0.0794377193552557
0.694468085106383    0.07323136215891565
0.6962765957446809    0.06370236961178957
0.6980851063829787    0.05305962381011105
0.6998936170212766    0.04450518400416423
0.7017021276595745    0.04094839056398475
0.7035106382978724    0.04351701315891257
0.7053191489361702    0.05079372330129042
0.7071276595744681    0.0593577415732645
0.708936170212766    0.06542634670505348
0.7107446808510639    0.06667754873199497
0.7125531914893617    0.06319048181066736
0.7143617021276596    0.05699205209073953
0.7161702127659575    0.050591766502177976
0.7179787234042554    0.04551258001300222
0.7197872340425532    0.041749463560547984
0.7215957446808511    0.03837024083436413
0.723404255319149    0.03464111895546278
0.7252127659574469    0.030725265328464785
0.7270212765957447    0.027409310466398093
0.7288297872340426    0.02513929159783842
0.7306382978723405    0.0232432626217789
0.7324468085106384    0.020098788518154657
0.7342553191489362    0.014240825883097837
0.7360638297872341    0.005591997211646379
0.737872340425532    -0.004201635618778473
0.7396808510638299    -0.012724029543001432
0.7414893617021276    -0.018428930762571738
0.7432978723404255    -0.02176778742614456
0.7451063829787234    -0.02491887549543422
0.7469148936170213    -0.03025725414681727
0.7487234042553191    -0.03867425673875651
0.750531914893617    -0.049000390834502854
0.7523404255319149    -0.05896033626971387
0.7541489361702128    -0.06691200609795195
0.7559574468085106    -0.07301320286534868
0.7577659574468085    -0.07891352795938675
0.7595744680851064    -0.08624318130297043
0.7613829787234043    -0.09513546250222593
0.7631914893617021    -0.1039961744822355
0.765    -0.11072568897340682
0.7668085106382979    -0.11441229004139553
0.7686170212765958    -0.11611318863649311
0.7704255319148936    -0.11806188904697315
0.7722340425531915    -0.12191252550072973
0.7740425531914894    -0.12742121037235682
0.7758510638297873    -0.13262336304228767
0.7776595744680851    -0.1353667351463715
0.779468085106383    -0.1349768611371151
0.7812765957446809    -0.13274193281578717
0.7830851063829788    -0.13086686373800843
0.7848936170212766    -0.13076206653923728
0.7867021276595745    -0.1320140402457604
0.7885106382978724    -0.13277447809178322
0.7903191489361703    -0.13115008176620108
0.7921276595744681    -0.12644241930611722
0.793936170212766    -0.11933776750707664
0.7957446808510639    -0.11109001957497311
0.7975531914893618    -0.10252839700362418
0.7993617021276596    -0.09371202818325108
0.8011702127659575    -0.08434749947697379
0.8029787234042554    -0.07438792119400695
0.8047872340425533    -0.06417568204516622
0.806595744680851    -0.05406105880810409
0.808404255319149    -0.044011773623228403
0.8102127659574468    -0.03372597444803509
0.8120212765957447    -0.023178831845967668
0.8138297872340425    -0.012979813939127748
0.8156382978723404    -0.004005555665455889
0.8174468085106383    0.0035110761185662134
0.8192553191489362    0.010587482500666802
0.821063829787234    0.019039572094540637
0.8228723404255319    0.030109319267591486
0.8246808510638298    0.043240108098738
0.8264893617021277    0.05613920108789808
0.8282978723404255    0.0662869573979612
0.8301063829787234    0.07279617136960648
0.8319148936170213    0.07710241431085416
0.8337234042553192    0.08183280800916876
0.835531914893617    0.08869370710454996
0.8373404255319149    0.09707813800283346
0.8391489361702128    0.10455001039695036
0.8409574468085107    0.10882846160088636
0.8427659574468085    0.10964936467794373
0.8445744680851064    0.1089769003227912
0.8463829787234043    0.10940129262139903
0.8481914893617022    0.11204673575497531
0.85    0.11569136299270491
0.8518085106382979    0.11778142763997135
0.8536170212765958    0.11647948309148382
0.8554255319148937    0.1120919608268987
0.8572340425531915    0.10677988473437156
0.8590425531914894    0.10285065625180834
0.8608510638297873    0.1010097104510955
0.8626595744680852    0.09989967372610722
0.864468085106383    0.09719848703383946
0.8662765957446809    0.09137022345056767
0.8680851063829788    0.0827497424195815
0.8698936170212767    0.07322287793569551
0.8717021276595744    0.0648233051641171
0.8735106382978723    0.05831267352126829
0.8753191489361702    0.05275513466913079
0.8771276595744681    0.0463446967448623
0.8789361702127659    0.03784896310707658
0.8807446808510638    0.027606986856246532
0.8825531914893617    0.017344708524558314
0.8843617021276596    0.008930267158713253
0.8861702127659574    0.002989149666855191
0.8879787234042553    -0.0015572218375613544
0.8897872340425532    -0.00663632017196771
0.8915957446808511    -0.013487321984223958
0.8934042553191489    -0.021662047431648797
0.8952127659574468    -0.029400878682730558
0.8970212765957447    -0.035105983370521995
0.8988297872340426    -0.03868672803358056
0.9006382978723404    -0.04161320067109893
0.9024468085106383    -0.04560159610478165
0.9042553191489362    -0.05106344111626068
0.9060638297872341    -0.05669596428492468
0.9078723404255319    -0.060600911724129666
0.9096808510638298    -0.061944047023703014
0.9114893617021277    -0.06165701396418333
0.9132978723404256    -0.06153671327552997
0.9151063829787234    -0.06256044328383296
0.9169148936170213    -0.06396200407222861
0.9187234042553192    -0.06391860915468252
0.9205319148936171    -0.0612166091904474
0.9223404255319149    -0.05637265806878265
0.9241489361702128    -0.05120915392484798
0.9259574468085107    -0.047311877001081984
0.9277659574468086    -0.044788630286163214
0.9295744680851065    -0.04240092730560863
0.9313829787234043    -0.03883769924847037
0.9331914893617022    -0.03389549120835658
0.935    -0.028528706762525204
0.936808510638298    -0.023858197354990916
0.9386170212765957    -0.0201571462357142
0.9404255319148936    -0.016730280411388125
0.9422340425531915    -0.012675814899458383
0.9440425531914894    -0.0077260564874744656
0.9458510638297872    -0.0024156809538312726
0.9476595744680851    0.002451953098091155
0.949468085106383    0.006457091944555987
0.9512765957446809    0.009784746328189549
0.9530851063829787    0.012967146042571431
0.9548936170212766    0.01648870276855543
0.9567021276595745    0.02055001574595164
0.9585106382978724    0.025016795234373952
0.9603191489361702    0.02946082898770186
0.9621276595744681    0.033299128817764326
0.963936170212766    0.03608714872745297
0.9657446808510639    0.03784557753156821
0.9675531914893617    0.039105383563472845
0.9693617021276596    0.04049217754708738
0.9711702127659575    0.04212905730590305
0.9729787234042554    0.04344056204609788
0.9747872340425532    0.043652642073844755
0.9765957446808511    0.04258430450930033
0.978404255319149    0.040935244920003194
0.9802127659574469    0.03969546768159765
0.9820212765957447    0.039197170041745985
0.9838297872340426    0.038770676429993114
0.9856382978723405    0.0374163331539792
0.9874468085106384    0.03486141367825965
0.9892553191489362    0.03192232757780482
0.9910638297872341    0.029764596136742087
0.992872340425532    0.028791056131592267
0.9946808510638299    0.028295727210929197
0.9964893617021277    0.027234722012606544
0.9982978723404256    0.025296178870317994
1.0001063829787233    0.023145106053361952
1.0019148936170212    0.021613894195890965
1.0037234042553191    0.020743293532982404
1.005531914893617    0.019719663707381208
1.007340425531915    0.01775058951721728
1.0091489361702128    0.014882952339575872
1.0109574468085107    0.011849680736038412
1.0127659574468086    0.009143088016682059
1.0145744680851063    0.006402303972624731
1.0163829787234042    0.002851316382149173
1.0181914893617021    -0.0016912904274384668
1.02    -0.006412271194854718
1.021808510638298    -0.010250800450731503
1.0236170212765958    -0.0130235687726427
1.0254255319148937    -0.01566363621980882
1.0272340425531916    -0.01923472373356698
1.0290425531914893    -0.02374477114832793
1.0308510638297872    -0.028059344341622022
1.032659574468085    -0.031052087643965588
1.034468085106383    -0.032776709722790016
1.036276595744681    -0.034399836461207624
1.0380851063829788    -0.03696906256502045
1.0398936170212767    -0.040347581145826796
1.0417021276595746    -0.043443527922600846
1.0435106382978723    -0.04543139765417779
1.0453191489361702    -0.046595033865005374
1.047127659574468    -0.04788802967028117
1.048936170212766    -0.04975669751179778
1.0507446808510639    -0.05156673646868871
1.0525531914893618    -0.05224833646582255
1.0543617021276597    -0.051388967024440506
1.0561702127659576    -0.04954303975472566
1.0579787234042553    -0.047481434921298325
1.0597872340425532    -0.04532797637689993
1.061595744680851    -0.042599513301334595
1.063404255319149    -0.039035443112884295
1.0652127659574468    -0.03513996621982426
1.0670212765957447    -0.03172172548124915
1.0688297872340426    -0.028966134910073063
1.0706382978723405    -0.026198067577149632
1.0724468085106382    -0.022698901668378194
1.0742553191489361    -0.018649049823325853
1.076063829787234    -0.015041577776617486
1.077872340425532    -0.012592450784003072
1.0796808510638298    -0.010899944755158777
1.0814893617021277    -0.008888231746062902
1.0832978723404256    -0.006082792789007491
1.0851063829787235    -0.0032288555636410324
1.0869148936170212    -0.0014568444697209025
1.088723404255319    -0.0008948961312979639
1.090531914893617    -0.00035597238714451867
1.092340425531915    0.0014422272183436061
1.0941489361702128    0.004452490149090795
1.0959574468085107    0.0073159563318317255
1.0977659574468086    0.008867204632884136
1.0995744680851065    0.009438359684781522
1.1013829787234042    0.010442349959523959
1.103191489361702    0.012669909002358917
1.105    0.015256086821498123
1.1068085106382979    0.01655891427231685
1.1086170212765958    0.015997030322999463
1.1104255319148937    0.014735278665564941
1.1122340425531916    0.014383483436694221
1.1140425531914895    0.015173484609527273
1.1158510638297872    0.01573963003326587
1.117659574468085    0.01481375465030774
1.119468085106383    0.012897633610934083
1.1212765957446809    0.011918648262205067
1.1230851063829788    0.013159638518139519
1.1248936170212767    0.015794099264606787
1.1267021276595746    0.017757538971860755
1.1285106382978725    0.01804673862148566
1.1303191489361701    0.017857381448260767
1.132127659574468    0.019226541478187663
1.133936170212766    0.02267375725210124
1.1357446808510638    0.026514297907915964
1.1375531914893617    0.028657422098867437
1.1393617021276596    0.028881117680043852
1.1411702127659575    0.029013371632367682
1.1429787234042554    0.030818048057814726
1.1447872340425531    0.033994434038145296
1.146595744680851    0.036563775984690045
1.148404255319149    0.037177235700052325
1.1502127659574468    0.03667334292095002
1.1520212765957447    0.03707763533793844
1.1538297872340426    0.039188498054203436
1.1556382978723405    0.04154052942807818
1.1574468085106384    0.041976108091840644
1.1592553191489363    0.04006592942017494
1.161063829787234    0.037626153859505726
1.162872340425532    0.036725690547839154
1.1646808510638298    0.037413307054124115
1.1664893617021277    0.03769416910072183
1.1682978723404256    0.03573376630337058
1.1701063829787235    0.031790751283142085
1.1719148936170214    0.02777145347926281
1.1737234042553193    0.02503970225769167
1.175531914893617    0.023034617618341184
1.1773404255319149    0.02019780099033503
1.1791489361702128    0.015993800466064363
1.1809574468085107    0.011598400215043953
1.1827659574468086    0.008477441263016125
1.1845744680851065    0.006594896912602937
1.1863829787234044    0.0044169451133213595
1.1881914893617023    0.00074392031861629
1.19    -0.003773661858656307
1.1918085106382978    -0.007244176929503717
1.1936170212765957    -0.008619529307639656
1.1954255319148936    -0.008878184369049429
1.1972340425531915    -0.009935894084660104
1.1990425531914894    -0.012498307837703128
1.2008510638297873    -0.015270717391347633
1.2026595744680852    -0.016398621798576887
1.204468085106383    -0.01550452257425175
1.2062765957446808    -0.014055670998467606
1.2080851063829787    -0.013714306917936032
1.2098936170212766    -0.014572182150459419
1.2117021276595745    -0.015225141560319101
1.2135106382978724    -0.01451178634184111
1.2153191489361703    -0.012884767102234403
1.2171276595744682    -0.011874043619588711
1.218936170212766    -0.012307170464491379
1.2207446808510638    -0.013340458751345093
1.2225531914893617    -0.013395873476970917
1.2243617021276596    -0.011937414090556257
1.2261702127659575    -0.010104141165067245
1.2279787234042554    -0.009522086950245857
1.2297872340425533    -0.010626054990298398
1.2315957446808512    -0.012302784745712225
1.2334042553191489    -0.01316210181249542
1.2352127659574468    -0.012986972650370354
1.2370212765957447    -0.012822763662042616
1.2388297872340426    -0.013736397796212295
1.2406382978723405    -0.01569905191065213
1.2424468085106384    -0.01778869097664034
1.2442553191489363    -0.019368443995198256
1.2460638297872342    -0.020846205525336607
1.2478723404255319    -0.02318189130004549
1.2496808510638298    -0.026760855121198426
1.2514893617021277    -0.030932252002688364
1.2532978723404256    -0.0347024138310203
1.2551063829787235    -0.03775064334429914
1.2569148936170214    -0.040604393261187983
1.2587234042553193    -0.043809708620197556
1.2605319148936172    -0.047093475538525394
1.2623404255319148    -0.0495161286139749
1.2641489361702127    -0.05046954872720024
1.2659574468085106    -0.05039255283838041
1.2677659574468085    -0.05037102213437795
1.2695744680851064    -0.05103129510565115
1.2713829787234043    -0.05192746188590645
1.2731914893617022    -0.05207611716546135
1.2750000000000001    -0.05102180188869387
1.2768085106382978    -0.049248410308794906
1.2786170212765957    -0.04751572761386485
1.2804255319148936    -0.04592190562771487
1.2822340425531915    -0.043786217175233004
1.2840425531914894    -0.04048654756948241
1.2858510638297873    -0.036276584930180676
1.2876595744680852    -0.03212098339644034
1.289468085106383    -0.028707805438002332
1.2912765957446808    -0.02574067595725011
1.2930851063829787    -0.02229924465382751
1.2948936170212766    -0.01785290103231644
1.2967021276595745    -0.012801824211092716
1.2985106382978724    -0.007997413080424436
1.3003191489361703    -0.0038608372721768078
1.3021276595744682    -0.00011670819648070506
1.303936170212766    0.003632853908970324
1.3057446808510638    0.007268348205915039
1.3075531914893617    0.010240927974138041
1.3093617021276596    0.012242988277393941
1.3111702127659575    0.013594556086917321
1.3129787234042554    0.014855147140673507
1.3147872340425533    0.016157819182591484
1.3165957446808512    0.017117745911605784
1.318404255319149    0.017438440528249773
1.3202127659574467    0.01743279670262195
1.3220212765957446    0.017744210327879362
1.3238297872340425    0.018547029060004352
1.3256382978723404    0.01920525015109446
1.3274468085106383    0.01887556318705619
1.3292553191489362    0.017412604359156116
1.3310638297872341    0.015536573974711382
1.332872340425532    0.014065578066667913
1.3346808510638297    0.01310474053329972
1.3364893617021276    0.012115426705038942
1.3382978723404255    0.01072733839742538
1.3401063829787234    0.009285152646918895
1.3419148936170213    0.0084779656984083
1.3437234042553192    0.008526305485344495
1.3455319148936171    0.008923101898948644
1.347340425531915    0.009032815248711898
1.3491489361702127    0.008820028713880768
1.3509574468085106    0.008856983412427633
1.3527659574468085    0.009650717331844503
1.3545744680851064    0.011113897341409242
1.3563829787234043    0.012754997444553183
1.3581914893617022    0.014265157577331836
1.36    0.015767379114537555
1.361808510638298    0.017512412224106152
1.3636170212765957    0.019511360511580842
1.3654255319148936    0.021583494742694023
1.3672340425531915    0.023667057409763107
1.3690425531914894    0.02589132069111366
1.3708510638297873    0.028300750787654236
1.3726595744680852    0.030670385322072
1.374468085106383    0.032749818355962884
1.376276595744681    0.03463098273418509
1.3780851063829787    0.03666280105386337
1.3798936170212766    0.03889712407801693
1.3817021276595745    0.04075459736424929
1.3835106382978724    0.04145504081705015
1.3853191489361703    0.04082670677138843
1.3871276595744682    0.039543963177818595
1.388936170212766    0.038441542808657594
1.390744680851064    0.03765940243627164
1.3925531914893619    0.03661268118326172
1.3943617021276595    0.03480034344945512
1.3961702127659574    0.03244585689761276
1.3979787234042553    0.030183893323949995
1.3997872340425532    0.028214413835852548
1.4015957446808511    0.026025750039717035
1.403404255319149    0.023067576986681
1.405212765957447    0.019532546598242564
1.4070212765957448    0.016240859795887228
1.4088297872340425    0.01374607708068084
1.4106382978723404    0.01177230335036943
1.4124468085106383    0.009676748386042593
1.4142553191489362    0.007323310828364855
1.416063829787234    0.005227390864008226
1.417872340425532    0.0037812914806385593
1.41968085106383    0.0025867862527641896
1.4214893617021278    0.0008251949989780422
1.4232978723404255    -0.0017286354277321462
1.4251063829787234    -0.004311665656203384
1.4269148936170213    -0.005935359577400873
1.4287234042553192    -0.006409259676421768
1.430531914893617    -0.006398334329971708
1.432340425531915    -0.00649118237307144
1.4341489361702129    -0.00647707318180896
1.4359574468085108    -0.005726406629738914
1.4377659574468085    -0.004143946898330262
1.4395744680851064    -0.0024436843577716767
1.4413829787234043    -0.0013844303033455725
1.4431914893617022    -0.0009384438607993556
1.445    -0.00042375446686659674
1.446808510638298    0.0006295528127773485
1.4486170212765959    0.0020220502303117845
1.4504255319148938    0.0033641050013318886
1.4522340425531914    0.004727656205052213
1.4540425531914893    0.0064901434847635595
1.4558510638297872    0.008554319893291598
1.4576595744680851    0.010092606553847916
1.459468085106383    0.010354746524497502
1.461276595744681    0.009614807017534966
1.4630851063829788    0.008975524622427716
1.4648936170212767    0.00910513224857739
1.4667021276595744    0.009395534907549994
1.4685106382978723    0.008631893035896718
1.4703191489361702    0.006433777186848273
1.4721276595744681    0.0037324779551188465
1.473936170212766    0.0016912795075498454
1.475744680851064    0.00037997497195404843
1.4775531914893618    -0.001194477147823796
1.4793617021276597    -0.0037934500855812125
1.4811702127659574    -0.007029698373351651
1.4829787234042553    -0.00993447683822044
1.4847872340425532    -0.012211093529413334
1.486595744680851    -0.014545674637350658
1.488404255319149    -0.017620320265805733
1.490212765957447    -0.02116818353348069
1.4920212765957448    -0.024321611207044284
1.4938297872340427    -0.026774322859095548
1.4956382978723404    -0.029193552267068268
1.4974468085106383    -0.03231093934407919
1.4992553191489362    -0.03588466461570962
1.501063829787234    -0.038921666879003655
1.502872340425532    -0.040892763356407694
1.5046808510638299    -0.04234020435062115
1.5064893617021278    -0.04405548385095619
1.5082978723404257    -0.04590936053675525
1.5101063829787233    -0.046929007519641824
1.5119148936170212    -0.046599899503238035
1.5137234042553191    -0.045701317856671725
1.515531914893617    -0.045492802710736635
1.517340425531915    -0.04618214291607749
1.5191489361702128    -0.04660672303788882
1.5209574468085107    -0.04559051078754105
1.5227659574468086    -0.04332183159313166
1.5245744680851063    -0.041047633888904755
1.5263829787234042    -0.03949810607730647
1.5281914893617021    -0.03804913857585307
1.53    -0.0356581552544767
1.531808510638298    -0.03232268446143215
1.5336170212765958    -0.029155663794342507
1.5354255319148937    -0.0269828600953645
1.5372340425531916    -0.025288438480000994
1.5390425531914893    -0.022871475597884487
1.5408510638297872    -0.019341713238442193
1.542659574468085    -0.015498789565321545
1.544468085106383    -0.012123637940226265
1.546276595744681    -0.00881711541213484
1.5480851063829788    -0.004474837118849816
1.5498936170212767    0.0011738120661170877
1.5517021276595746    0.006983973297268541
1.5535106382978723    0.011602516632532998
1.5553191489361702    0.014983291687968484
1.557127659574468    0.01830616512930444
1.558936170212766    0.022435421751853486
1.5607446808510639    0.02691682431549442
1.5625531914893618    0.030774845086086418
1.5643617021276597    0.03399565267059098
1.5661702127659576    0.03767775399203662
1.5679787234042553    0.042593984856924
1.5697872340425532    0.04803425227025598
1.571595744680851    0.05248874697623528
1.573404255319149    0.05536157169905776
1.5752127659574469    0.057557295249504474
1.5770212765957448    0.0602243170712038
1.5788297872340427    0.06329803301826692
1.5806382978723406    0.06569292818828615
1.5824468085106382    0.06679738455186837
1.5842553191489361    0.06722945707375719
1.586063829787234    0.06784989021572085
1.587872340425532    0.06841195889750873
1.5896808510638298    0.06776435692657251
1.5914893617021277    0.06544938577171908
1.5932978723404256    0.06258253227715077
1.5951063829787235    0.0607152011548332
1.5969148936170212    0.06000115680962419
1.5987234042553191    0.05899708374973739
1.600531914893617    0.05642423295156712
1.602340425531915    0.05271813571484095
1.6041489361702128    0.049432030473196165
1.6059574468085107    0.047276520272073005
1.6077659574468086    0.04529671299951679
1.6095744680851065    0.04219423009665496
1.6113829787234042    0.038027673404706294
1.613191489361702    0.034065379094705986
1.615    0.03100979031801024
1.616808510638298    0.027970908031411404
1.6186170212765958    0.02360556700156899
1.6204255319148937    0.017988244776703216
1.6222340425531916    0.012753931257665302
1.6240425531914895    0.009230103308990958
1.6258510638297874    0.006872558012213308
1.627659574468085    0.003978646980514911
1.629468085106383    -0.00021795156371951256
1.6312765957446809    -0.004697039347229603
1.6330851063829788    -0.008060481741752338
1.6348936170212767    -0.010346302082114463
1.6367021276595746    -0.012940359035648732
1.6385106382978725    -0.016767374159721102
1.6403191489361704    -0.021134338313205218
1.642127659574468    -0.02469420555350815
1.643936170212766    -0.0272271559038039
1.6457446808510638    -0.0299048321313837
1.6475531914893617    -0.0337060471691108
1.6493617021276596    -0.038052534495739795
1.6511702127659575    -0.041430177489861456
1.6529787234042554    -0.04319423416575521
1.6547872340425533    -0.0442675621285773
1.656595744680851    -0.04590960707377041
1.658404255319149    -0.04819831125662369
1.6602127659574468    -0.050144868885019275
1.6620212765957447    -0.051177525588960715
1.6638297872340426    -0.05198437880639477
1.6656382978723405    -0.05363166571596109
1.6674468085106384    -0.05617548322213835
1.6692553191489363    -0.05861933225288668
1.671063829787234    -0.06025474376722774
1.672872340425532    -0.06159390710096971
1.6746808510638298    -0.06366009347517831
1.6764893617021277    -0.06657314325275313
1.6782978723404256    -0.06928630512927111
1.6801063829787235    -0.07081785368556598
1.6819148936170214    -0.07138723812015138
1.6837234042553193    -0.0720261123540756
1.685531914893617    -0.07322733135281936
1.6873404255319149    -0.07439151463375007
1.6891489361702128    -0.07471446682444075
1.6909574468085107    -0.07426264881435932
1.6927659574468086    -0.07380347613080093
1.6945744680851065    -0.07366652707109564
1.6963829787234044    -0.07320301433646045
1.6981914893617023    -0.07158776596798075
1.7    -0.06890124435881187
1.7018085106382979    -0.06604864140173278
1.7036170212765958    -0.06360856286167432
1.7054255319148937    -0.061110309775945795
1.7072340425531916    -0.05766667622998696
1.7090425531914895    -0.053113806559188056
1.7108510638297874    -0.048174456833956825
1.7126595744680853    -0.04347842326243763
1.714468085106383    -0.03878219492326164
1.7162765957446808    -0.03344178041631021
1.7180851063829787    -0.027506216188571575
1.7198936170212766    -0.02194795986078319
1.7217021276595745    -0.01765326788474511
1.7235106382978724    -0.014414578099565062
1.7253191489361703    -0.011191609630923725
1.7271276595744682    -0.007313499604814502
1.728936170212766    -0.003139333219799057
1.7307446808510638    0.0005670870538665709
1.7325531914893617    0.0036600020486246025
1.7343617021276596    0.006719389488327207
1.7361702127659575    0.010193814952165366
1.7379787234042554    0.013780704875360757
1.7397872340425533    0.016873235897939286
1.7415957446808512    0.019450875036165563
1.7434042553191489    0.022190139929679505
1.7452127659574468    0.025598859605764523
1.7470212765957447    0.029273134810568938
1.7488297872340426    0.03225040155465949
1.7506382978723405    0.03404893256230802
1.7524468085106384    0.03512051662014994
1.7542553191489363    0.03618851834558936
1.7560638297872342    0.03733178610354305
1.7578723404255319    0.03795532538108578
1.7596808510638298    0.03764668718945761
1.7614893617021277    0.03681784713989263
1.7632978723404256    0.03633142225867766
1.7651063829787235    0.03658074218716518
1.7669148936170214    0.03713623777167158
1.7687234042553193    0.0373355614786006
1.7705319148936172    0.03704956451917666
1.7723404255319148    0.03670663869019076
1.7741489361702127    0.03661727326115289
1.7759574468085106    0.03648120632358429
1.7777659574468085    0.0356841561067413
1.7795744680851064    0.03400886292364836
1.7813829787234043    0.03191253110483768
1.7831914893617022    0.030075105572495868
1.7850000000000001    0.028769420533856303
1.7868085106382978    0.02774148428789034
1.7886170212765957    0.02663727479036291
1.7904255319148936    0.02540925591209798
1.7922340425531915    0.024262498048509787
1.7940425531914894    0.023309546177754187
1.7958510638297873    0.022417484156314053
1.7976595744680852    0.02141614327614589
1.7994680851063831    0.020349721701051197
1.8012765957446808    0.019416784123580957
1.8030851063829787    0.018673749535804973
1.8048936170212766    0.017904595241656177
1.8067021276595745    0.016857759355352546
1.8085106382978724    0.015568037518606255
1.8103191489361703    0.0143321643968813
1.8121276595744682    0.013310314730338169
1.813936170212766    0.012211792218153304
1.8157446808510638    0.010482970790210402
1.8175531914893617    0.007851151495952818
1.8193617021276596    0.004640009831540613
1.8211702127659575    0.0015004056216369344
1.8229787234042554    -0.001145486732638258
1.8247872340425533    -0.003335587660330539
1.8265957446808512    -0.005269769027480721
1.828404255319149    -0.006912473606204027
1.8302127659574468    -0.008012773936778433
1.8320212765957447    -0.00849315281254116
1.8338297872340426    -0.008661215180366423
1.8356382978723405    -0.008915728476617507
1.8374468085106384    -0.00928472889760822
1.8392553191489363    -0.009384219346453792
1.8410638297872342    -0.008867809300273852
1.842872340425532    -0.007800080988006927
1.8446808510638297    -0.0064710073581296605
1.8464893617021276    -0.004898702319403024
1.8482978723404255    -0.002700418766976729
1.8501063829787234    0.0004497227253186793
1.8519148936170213    0.0043456322533461066
1.8537234042553192    0.008401924391860958
1.8555319148936171    0.012297066494726939
1.857340425531915    0.01631962802630569
1.859148936170213    0.020978476172295854
1.8609574468085106    0.02636766599408743
1.8627659574468085    0.03208724014046416
1.8645744680851064    0.03779037717597947
1.8663829787234043    0.043599867831790276
1.8681914893617022    0.04981139793390925
1.87    0.056270150412028375
1.871808510638298    0.0622914502088833
1.873617021276596    0.06731905299104501
1.8754255319148936    0.07152916592391359
1.8772340425531915    0.0755941856174989
1.8790425531914894    0.07985333745937559
1.8808510638297873    0.08388644868021408
1.8826595744680852    0.0869843821502378
1.884468085106383    0.0888962727600269
1.886276595744681    0.08993042818016334
1.8880851063829789    0.09035079933576831
1.8898936170212766    0.0898993682131799
1.8917021276595745    0.08805815300059694
1.8935106382978724    0.08468531612526015
1.8953191489361703    0.08021907284833718
1.8971276595744682    0.07525886572646512
1.898936170212766    0.0701142077112806
1.900744680851064    0.06482849474667093
1.9025531914893619    0.059453782378948106
1.9043617021276595    0.05405221757166562
1.9061702127659574    0.04842083198728718
1.9079787234042553    0.04205399812882846
1.9097872340425532    0.034556746500782
1.9115957446808511    0.026012365829430104
1.913404255319149    0.01676563566936696
1.915212765957447    0.006870608261968173
1.9170212765957448    -0.004014897364490365
1.9188297872340425    -0.01606340486759348
1.9206382978723404    -0.02878282912294125
1.9224468085106383    -0.04134433882901917
1.9242553191489362    -0.05340121990719915
1.9260638297872341    -0.06531826768775423
1.927872340425532    -0.07742983381211829
1.92968085106383    -0.08926845367968447
1.9314893617021278    -0.09986091325083746
1.9332978723404255    -0.10882952698331202
1.9351063829787234    -0.11688684037886479
1.9369148936170213    -0.12497052188755398
1.9387234042553192    -0.1330038639306979
1.940531914893617    -0.13984068808297212
1.942340425531915    -0.14452154595873073
1.944148936170213    -0.1473050732528725
1.9459574468085108    -0.14920517864935884
1.9477659574468085    -0.15066540572022635
1.9495744680851064    -0.15109304511875782
1.9513829787234043    -0.14982896098810133
1.9531914893617022    -0.14723161650238453
1.955    -0.14439627645721353
1.956808510638298    -0.14183657558794022
1.9586170212765959    -0.1388582134359993
1.9604255319148938    -0.13449054660634646
1.9622340425531914    -0.1288171212741797
1.9640425531914893    -0.12300582495553541
1.9658510638297872    -0.11800062966985578
1.9676595744680851    -0.1135431215942814
1.969468085106383    -0.10873603290062733
1.971276595744681    -0.10336333370632764
1.9730851063829788    -0.0982489805982717
1.9748936170212767    -0.09424047961505375
1.9767021276595744    -0.0911900454608511
1.9785106382978723    -0.0882512366564489
1.9803191489361702    -0.08505520491094234
1.9821276595744681    -0.0822178125516339
1.983936170212766    -0.08056591015717668
1.985744680851064    -0.08013939590739161
1.9875531914893618    -0.08022330247464832
1.9893617021276597    -0.08023049736683194
1.9911702127659574    -0.08017874133661257
1.9929787234042553    -0.08018433360280355
1.9947872340425532    -0.0798058066404726
1.996595744680851    -0.0782552979667612
1.998404255319149    -0.07524206944534459
2.0002127659574467    -0.07129064520805731
2.0020212765957446    -0.0670662478108223
2.0038297872340425    -0.06258987235134542
2.0056382978723404    -0.057380545744387904
2.0074468085106383    -0.05130952888965529
2.009255319148936    -0.04499139103032551
2.011063829787234    -0.03915802163262673
2.012872340425532    -0.03380996590994752
2.01468085106383    -0.028213618408609628
2.016489361702128    -0.021698227188348296
2.0182978723404257    -0.014234272396085178
2.0201063829787236    -0.006191788917739367
2.0219148936170215    0.0022000883736313466
2.0237234042553194    0.010910863140022424
2.0255319148936173    0.01976110752298996
2.0273404255319147    0.028394236254327753
2.0291489361702126    0.03676961911535255
2.0309574468085105    0.04547894214488862
2.0327659574468084    0.05529431335482117
2.0345744680851063    0.06640902162977551
2.0363829787234042    0.07834081564756497
2.038191489361702    0.09062501045814787
2.04    0.10333554648562542
2.041808510638298    0.1166840982226217
2.043617021276596    0.13024990924516444
2.0454255319148937    0.1429971516921436
2.0472340425531916    0.15421731389271082
2.0490425531914895    0.16420454580780497
2.0508510638297874    0.17368828066792996
2.0526595744680853    0.1826463663130331
2.0544680851063832    0.19001344273009413
2.0562765957446807    0.19472509535500593
2.0580851063829786    0.1968290051051203
2.0598936170212765    0.19728426789018438
2.0617021276595744    0.19673515109849155
2.0635106382978723    0.1948251858453131
2.06531914893617    0.19085157521229967
2.067127659574468    0.18478789049408872
2.068936170212766    0.17727958813898853
2.070744680851064    0.1686755855260187
2.072553191489362    0.1585112754817039
2.0743617021276597    0.14626542390979874
2.0761702127659576    0.13245673041575173
2.0779787234042555    0.11858824168207344
2.0797872340425534    0.10587608005662535
2.0815957446808513    0.09426344818443125
2.083404255319149    0.08287800912822219
2.085212765957447    0.0712905861810059
2.0870212765957445    0.06000230006742624
2.0888297872340424    0.04967086547656492
2.0906382978723403    0.040207423503683185
2.0924468085106382    0.03094269596660225
2.094255319148936    0.02159176624882539
2.096063829787234    0.01272628054627438
2.097872340425532    0.005168857410152158
2.09968085106383    -0.0008744623714268531
2.1014893617021277    -0.005876958512024354
2.1032978723404256    -0.01029524588704231
2.1051063829787235    -0.014080717614382003
2.1069148936170214    -0.016944353377664707
2.1087234042553193    -0.0188758242094436
2.1105319148936172    -0.020194028457541473
2.112340425531915    -0.021182350787579192
2.114148936170213    -0.02194002859170218
2.1159574468085105    -0.02266374538794535
2.1177659574468084    -0.023849652164252402
2.1195744680851063    -0.025977593717832745
2.121382978723404    -0.029010628376655342
2.123191489361702    -0.03237859629310476
2.125    -0.035497207450664536
2.126808510638298    -0.03816311266560314
2.128617021276596    -0.040370644399821604
2.1304255319148937    -0.04192601265071329
2.1322340425531916    -0.042501724679897546
2.1340425531914895    -0.042091409854836906
2.1358510638297874    -0.04117925037449939
2.1376595744680853    -0.04029150513158759
2.139468085106383    -0.039488595178655786
2.141276595744681    -0.0385078892714244
2.143085106382979    -0.03739760257788885
2.1448936170212765    -0.03676568198082178
2.1467021276595744    -0.037235532244047506
2.1485106382978723    -0.03877033438281825
2.15031914893617    -0.04074589062856075
2.152127659574468    -0.0426866231097993
2.153936170212766    -0.04471656605993936
2.155744680851064    -0.04718602833239105
2.1575531914893618    -0.05005618668384171
2.1593617021276597    -0.05291949337936715
2.1611702127659576    -0.05559972882669598
2.1629787234042555    -0.05841753591543404
2.1647872340425534    -0.061649041696366175
2.1665957446808513    -0.06487165630177275
2.168404255319149    -0.06715536884539156
2.170212765957447    -0.06797871511624493
2.172021276595745    -0.06773847192888402
2.1738297872340424    -0.06717448504594731
2.1756382978723403    -0.06640933530142207
2.177446808510638    -0.0648037543133965
2.179255319148936    -0.0617773895538353
2.181063829787234    -0.05751170580570521
2.182872340425532    -0.052646769879992186
2.18468085106383    -0.04742510312888899
2.1864893617021277    -0.0414415078732053
2.1882978723404256    -0.03431789722476636
2.1901063829787235    -0.0263828445191333
2.1919148936170214    -0.018442773374297262
2.1937234042553193    -0.010948124072899353
2.195531914893617    -0.003653798004866057
2.197340425531915    0.0037871751311778614
2.199148936170213    0.01107694875331788
2.200957446808511    0.017338636114527312
2.2027659574468084    0.021917269661841144
2.2045744680851063    0.02494993798453408
2.206382978723404    0.027096237370785117
2.208191489361702    0.028860644482397464
2.21    0.030311095544393585
2.211808510638298    0.03135510191598083
2.2136170212765958    0.03204446132997764
2.2154255319148937    0.032506702245065716
2.2172340425531916    0.03270652163728083
2.2190425531914895    0.032420015082559844
2.2208510638297874    0.03140371286623908
2.2226595744680853    0.029458860006466032
2.224468085106383    0.02635403673755503
2.226276595744681    0.02189736339494367
2.228085106382979    0.016242998605694614
2.229893617021277    0.010037424004454041
2.2317021276595743    0.00404875630181001
2.233510638297872    -0.001421093727246399
2.23531914893617    -0.00663969742161093
2.237127659574468    -0.01187961324445683
2.238936170212766    -0.01686452771109872
2.240744680851064    -0.020953160608105044
2.2425531914893617    -0.023866120074244115
2.2443617021276596    -0.02603072552103753
2.2461702127659575    -0.028072725971937135
2.2479787234042554    -0.03008228034610244
2.2497872340425533    -0.031597043745647924
2.251595744680851    -0.03233325061375206
2.253404255319149    -0.03271776943869405
2.255212765957447    -0.03350405108298689
2.257021276595745    -0.034912317205106125
2.258829787234043    -0.03634168591105297
2.2606382978723403    -0.036997083040547704
2.262446808510638    -0.03667158745888284
2.264255319148936    -0.03580204411733444
2.266063829787234    -0.034853188112494354
2.267872340425532    -0.033846661407223866
2.2696808510638298    -0.032532271573623484
2.2714893617021277    -0.030832687087689728
2.2732978723404256    -0.02893305236683024
2.2751063829787235    -0.026973523045265783
2.2769148936170214    -0.02485348004284168
2.2787234042553193    -0.022440209329831144
2.280531914893617    -0.019865236894428366
2.282340425531915    -0.017464219715765165
2.284148936170213    -0.015422878348361646
2.285957446808511    -0.013602485953176518
2.2877659574468088    -0.011773199143145244
2.2895744680851062    -0.009943542434554097
2.291382978723404    -0.008377290116159467
2.293191489361702    -0.007327090683609705
2.295    -0.006856193471500464
2.296808510638298    -0.006921458578073195
2.2986170212765957    -0.0074871516487412994
2.3004255319148936    -0.008423931122473654
2.3022340425531915    -0.009325748810539979
2.3040425531914894    -0.00958133205947029
2.3058510638297873    -0.008746343981098767
2.3076595744680852    -0.0068561756207665275
2.309468085106383    -0.004345723054493917
2.311276595744681    -0.0016723031890320626
2.313085106382979    0.0009736661392344063
2.314893617021277    0.003659534320316045
2.3167021276595747    0.006544529500031811
2.3185106382978726    0.009785979531585665
2.32031914893617    0.013550610231739074
2.322127659574468    0.0180208249954342
2.323936170212766    0.02335521267130321
2.325744680851064    0.02965148769233956
2.3275531914893617    0.036903498329400375
2.3293617021276596    0.04488863683839697
2.3311702127659575    0.05305224774827069
2.3329787234042554    0.06061193507670869
2.3347872340425533    0.06696282699423213
2.336595744680851    0.07208044298126527
2.338404255319149    0.07648676192927549
2.340212765957447    0.0807542722343317
2.342021276595745    0.08505242281601245
2.343829787234043    0.08921245104931945
2.3456382978723407    0.09316849853520177
2.3474468085106386    0.09717334715898261
2.349255319148936    0.10148776520213172
2.351063829787234    0.10594349771374482
2.352872340425532    0.10997703869442833
2.3546808510638297    0.11314451273142044
2.3564893617021276    0.11549602037151178
2.3582978723404255    0.11733251428109552
2.3601063829787234    0.11862696098511384
2.3619148936170213    0.11881479862585621
2.3637234042553192    0.11722175513092829
2.365531914893617    0.1136519502636273
2.367340425531915    0.10850683719608019
2.369148936170213    0.10237024960498085
2.370957446808511    0.09554525817004682
2.3727659574468087    0.08795970343545602
2.3745744680851066    0.07939185342686138
2.3763829787234045    0.06972623248316741
2.378191489361702    0.05909979621661214
2.38    0.04796228071702095
2.381808510638298    0.03700333195062741
2.3836170212765957    0.02684554074177936
2.3854255319148936    0.017642713160356156
2.3872340425531915    0.008997639475561047
2.3890425531914894    0.00041921017590349115
2.3908510638297873    -0.008071339908349847
2.392659574468085    -0.015872882553136916
2.394468085106383    -0.022447364552837898
2.396276595744681    -0.02801358892423903
2.398085106382979    -0.03348984543673846
2.399893617021277    -0.03968637640915416
2.4017021276595747    -0.04659552523059458
2.4035106382978726    -0.053513185614862575
2.4053191489361705    -0.059782263242715385
2.407127659574468    -0.06529871232143256
2.408936170212766    -0.07029992785762193
2.4107446808510637    -0.07483820305825145
2.4125531914893616    -0.07864080975801324
2.4143617021276595    -0.0814779531905806
2.4161702127659574    -0.08349896901665932
2.4179787234042553    -0.08508173489028442
2.4197872340425532    -0.08640140537418073
2.421595744680851    -0.08728740851549918
2.423404255319149    -0.08756453526153257
2.425212765957447    -0.08747142696270818
2.427021276595745    -0.08766362099409
2.4288297872340427    -0.08879250605706976
2.4306382978723406    -0.09108357996541153
2.4324468085106385    -0.0942526085183138
2.4342553191489364    -0.09771097567282439
2.436063829787234    -0.1008245157189834
2.437872340425532    -0.10312195681294128
2.4396808510638297    -0.10448107681682248
2.4414893617021276    -0.1052350675596899
2.4432978723404255    -0.10603564366902368
2.4451063829787234    -0.10745976268745636
2.4469148936170213    -0.10964414812500539
2.448723404255319    -0.11227839660438332
2.450531914893617    -0.11494629307240162
2.452340425531915    -0.11744128732805945
2.454148936170213    -0.11973466477256406
2.455957446808511    -0.12169472167654624
2.4577659574468087    -0.12294464385468873
2.4595744680851066    -0.12306546574341234
2.4613829787234045    -0.12192855687944568
2.4631914893617024    -0.1197889210292094
2.465    -0.11705306957365147
2.4668085106382978    -0.11399459321929475
2.4686170212765957    -0.11070119576754536
2.4704255319148936    -0.10722052229811105
2.4722340425531915    -0.1036421884444235
2.4740425531914894    -0.09998712722664152
2.4758510638297873    -0.09607744337903754
2.477659574468085    -0.0916228582417426
2.479468085106383    -0.08648412083552484
2.481276595744681    -0.08080290553155706
2.483085106382979    -0.07478866285793381
2.4848936170212768    -0.06834994009782572
2.4867021276595747    -0.06099148581085506
2.4885106382978726    -0.05216006378386666
2.4903191489361705    -0.04173858841663047
2.4921276595744684    -0.030192942534909867
2.493936170212766    -0.018206741030259488
2.4957446808510637    -0.006157090654574423
2.4975531914893616    0.006059177536459443
2.4993617021276595    0.01869884391929514
2.5011702127659574    0.03167879180073568
2.5029787234042553    0.044370447797490394
2.504787234042553    0.05583172302605092
2.506595744680851    0.06525580418889998
2.508404255319149    0.07231793505399811
2.510212765957447    0.07725731908263253
2.512021276595745    0.08070792404311675
2.5138297872340427    0.0833749024936156
2.5156382978723406    0.08570959231716974
2.5174468085106385    0.08778617169322497
2.5192553191489364    0.08949782156318956
2.5210638297872343    0.09091776515229369
2.5228723404255318    0.09244907756107246
2.5246808510638297    0.09453497640404068
2.5264893617021276    0.09716577614980015
2.5282978723404255    0.09971016986763237
2.5301063829787234    0.101324365799568
2.5319148936170213    0.10158809298340421
2.533723404255319    0.10075195736526266
2.535531914893617    0.09938549833684926
2.537340425531915    0.09784826624279686
2.539148936170213    0.09614703259626858
2.5409574468085108    0.09424623363325424
2.5427659574468087    0.0923694268293731
2.5445744680851066    0.09088648000706395
2.5463829787234045    0.08992203370181706
2.5481914893617024    0.08917513111620087
2.5500000000000003    0.08819570288751793
2.551808510638298    0.0868350157073787
2.5536170212765956    0.0853910877397897
2.5554255319148935    0.08429352597418743
2.5572340425531914    0.08362303936931403
2.5590425531914893    0.08288657510258854
2.560851063829787    0.08123042736678912
2.562659574468085    0.07795433274468944
2.564468085106383    0.07301197341907081
2.566276595744681    0.06717479651686997
2.568085106382979    0.06168517182665939
2.5698936170212767    0.057536298332217864
2.5717021276595746    0.05484436481249949
2.5735106382978725    0.05280318028388435
2.5753191489361704    0.05028123661529599
2.5771276595744683    0.046567028015258874
2.578936170212766    0.04165516590915248
2.580744680851064    0.03594503552443343
2.5825531914893616    0.02978776498789658
2.5843617021276595    0.023353159238523026
2.5861702127659574    0.016807077716487054
2.5879787234042553    0.010410351254717093
2.589787234042553    0.004327334860821002
2.591595744680851    -0.0016043216491114735
2.593404255319149    -0.007770527673459624
2.595212765957447    -0.014367253206459034
2.5970212765957448    -0.021110655891322036
2.5988297872340427    -0.027405727062682655
2.6006382978723406    -0.032810477869204824
2.6024468085106385    -0.03732681899453895
2.6042553191489364    -0.041268257897590324
2.6060638297872343    -0.04490482639777614
2.607872340425532    -0.04825858697333303
2.60968085106383    -0.05119683209621051
2.6114893617021275    -0.05366330606730807
2.6132978723404254    -0.05581000759026654
2.6151063829787233    -0.057930684529762064
2.6169148936170212    -0.06025951180556299
2.618723404255319    -0.06278117540765406
2.620531914893617    -0.06520315189466667
2.622340425531915    -0.06714734968557202
2.624148936170213    -0.06842487728712703
2.6259574468085107    -0.06912164399994618
2.6277659574468086    -0.0693595674246565
2.6295744680851065    -0.06895609045240451
2.6313829787234044    -0.06739264751050865
2.6331914893617023    -0.06422475950163632
2.6350000000000002    -0.059566729356898176
2.636808510638298    -0.05414380199129282
2.638617021276596    -0.048835150657817905
2.6404255319148935    -0.044155583589051875
2.6422340425531914    -0.040132787866193745
2.6440425531914893    -0.03655087693880307
2.645851063829787    -0.03317214369819918
2.647659574468085    -0.029731500226786
2.649468085106383    -0.025902552240648316
2.651276595744681    -0.02147018622004511
2.653085106382979    -0.016572576961340228
2.6548936170212767    -0.011658130406130847
2.6567021276595746    -0.0071060057019441646
2.6585106382978725    -0.0029098062919838356
2.6603191489361704    0.0012015074890118157
2.6621276595744683    0.005343726906355198
2.663936170212766    0.009248390688086472
2.665744680851064    0.01246200639575415
2.667553191489362    0.01470562507609554
2.6693617021276594    0.01602062523428095
2.6711702127659573    0.016681963665752222
2.6729787234042552    0.017111646555387928
2.674787234042553    0.017831476265852738
2.676595744680851    0.019243549078886476
2.678404255319149    0.021234456694236393
2.680212765957447    0.02305000668032334
2.6820212765957447    0.02383483533442932
2.6838297872340426    0.023495093305685406
2.6856382978723405    0.02296623599343472
2.6874468085106384    0.02342585066518221
2.6892553191489363    0.025139777931670586
2.6910638297872342    0.027142005397410903
2.692872340425532    0.028118555590710807
2.69468085106383    0.027577772146950525
2.696489361702128    0.026125952521094137
2.6982978723404254    0.02471081742376593
2.7001063829787233    0.02378663195823336
2.701914893617021    0.023250335856049274
2.703723404255319    0.022961234404620934
2.705531914893617    0.023029187307642984
2.707340425531915    0.02353183641725547
2.709148936170213    0.024156327970729047
2.7109574468085107    0.024345597624089752
2.7127659574468086    0.023826619973933764
2.7145744680851065    0.022887673437218394
2.7163829787234044    0.02209542399235002
2.7181914893617023    0.02181090589056606
2.72    0.02200425875263427
2.721808510638298    0.022399097123298798
2.723617021276596    0.022615123298010815
2.725425531914894    0.02217738872756179
2.7272340425531914    0.020618262390508128
2.7290425531914893    0.017806254472393684
2.730851063829787    0.01420121105604492
2.732659574468085    0.010635882330290988
2.734468085106383    0.007714852667618597
2.736276595744681    0.005412416092146509
2.7380851063829788    0.0032740154685136965
2.7398936170212767    0.0009562612025487815
2.7417021276595746    -0.0015031627679395697
2.7435106382978725    -0.0039094972590535335
2.7453191489361704    -0.006256078002403739
2.7471276595744683    -0.008746773159783911
2.748936170212766    -0.011522641527914601
2.750744680851064    -0.01447832307704263
2.752553191489362    -0.01737343620857723
2.75436170212766    -0.02003859289757598
2.7561702127659573    -0.02239943616726954
2.757978723404255    -0.024341644371826315
2.759787234042553    -0.025661930729947907
2.761595744680851    -0.02620736669877672
2.763404255319149    -0.026034493097665923
2.765212765957447    -0.02539407247317156
2.7670212765957447    -0.02456390152381492
2.7688297872340426    -0.02370038611044857
2.7706382978723405    -0.022807794725736463
2.7724468085106384    -0.021795515332674528
2.7742553191489363    -0.020573244688976096
2.776063829787234    -0.019153714616345997
2.777872340425532    -0.01768638622952929
2.77968085106383    -0.01633465091826055
2.781489361702128    -0.015072654458032256
2.783297872340426    -0.013661615667012492
2.7851063829787237    -0.011941322054776927
2.786914893617021    -0.010161816044203402
2.788723404255319    -0.00889321895483287
2.790531914893617    -0.008463307637581498
2.792340425531915    -0.008497764478678463
2.7941489361702128    -0.00817161635981048
2.7959574468085107    -0.0070331293362891865
2.7977659574468086    -0.005546691009070168
2.7995744680851065    -0.004717886495005194
2.8013829787234044    -0.005143593247171941
2.8031914893617023    -0.0064587704405294315
2.805    -0.00770430436609146
2.806808510638298    -0.00816346472951626
2.808617021276596    -0.007832483681899085
2.810425531914894    -0.007230868156278431
2.8122340425531918    -0.00694825223461748
2.8140425531914897    -0.00737523398511853
2.815851063829787    -0.008631199696499451
2.817659574468085    -0.010504146800980187
2.819468085106383    -0.01246258327083815
2.821276595744681    -0.013951743225623259
2.8230851063829787    -0.014860303152174365
2.8248936170212766    -0.015665057266850444
2.8267021276595745    -0.016982589792002022
2.8285106382978724    -0.018942232388420095
2.8303191489361703    -0.021073266787989178
2.832127659574468    -0.022827911900464178
2.833936170212766    -0.024107087677241634
2.835744680851064    -0.025182694413690452
2.837553191489362    -0.026196816429533382
2.83936170212766    -0.02694631912407677
2.8411702127659577    -0.02724462639615317
2.8429787234042556    -0.027349740239296014
2.844787234042553    -0.027826371463635428
2.846595744680851    -0.028935511373137438
2.848404255319149    -0.030270767515167014
2.8502127659574468    -0.031083799989629828
2.8520212765957447    -0.03093300099575742
2.8538297872340426    -0.029966213977535797
2.8556382978723405    -0.028643844182987852
2.8574468085106384    -0.02732352604479259
2.8592553191489363    -0.02612663711248459
2.861063829787234    -0.025043151485551304
2.862872340425532    -0.023996757393441922
2.86468085106383    -0.022815672560186993
2.866489361702128    -0.021281003021277636
2.8682978723404258    -0.019284772994959207
2.8701063829787237    -0.016891603432733184
2.8719148936170216    -0.014198410081431596
2.873723404255319    -0.011205891216413768
2.875531914893617    -0.007933781737232765
2.877340425531915    -0.004633989636660341
2.8791489361702127    -0.0017348902579513784
2.8809574468085106    0.0005122446550106928
2.8827659574468085    0.002241830537954349
2.8845744680851064    0.00371003847503647
2.8863829787234043    0.004876096033772229
2.8881914893617022    0.005439622290112799
2.89    0.005376438520554868
2.891808510638298    0.0052693675381120944
2.893617021276596    0.00586451605080322
2.895425531914894    0.007255909670275487
2.8972340425531917    0.0086841451931821
2.8990425531914896    0.009284450475211436
2.9008510638297875    0.008970885286630901
2.902659574468085    0.00844874776381917
2.904468085106383    0.008393400687917989
2.906276595744681    0.008818298217507185
2.9080851063829787    0.009344793349920597
2.9098936170212766    0.009911995093765526
2.9117021276595745    0.010948812511963953
2.9135106382978724    0.012798467239897485
2.9153191489361703    0.015185488186877979
2.917127659574468    0.0174408256681067
2.918936170212766    0.019200627542183633
2.920744680851064    0.02070997305281957
2.922553191489362    0.02241894376043679
2.92436170212766    0.02445373324388581
2.9261702127659577    0.026601677217791258
2.9279787234042556    0.028685822707517978
2.9297872340425535    0.030721739343070733
2.931595744680851    0.03266966654305549
2.933404255319149    0.03425007213338019
2.9352127659574467    0.03521773925204548
2.9370212765957446    0.03579289414827874
2.9388297872340425    0.036630964663490334
2.9406382978723404    0.03825805720849554
2.9424468085106383    0.04059244698122014
2.9442553191489362    0.0430858045582375
2.946063829787234    0.045270325250457516
2.947872340425532    0.04706650403184971
2.94968085106383    0.04859888152832405
2.951489361702128    0.04989286730298238
2.9532978723404257    0.05086464334836581
2.9551063829787236    0.051517443247433375
2.9569148936170215    0.05197439224194694
2.9587234042553194    0.05227072812886696
2.960531914893617    0.05221416880783847
2.962340425531915    0.051536068662007384
2.9641489361702127    0.05015427981306769
2.9659574468085106    0.048241413671383945
2.9677659574468085    0.0460802644983765
2.9695744680851064    0.043925733708520084
2.9713829787234043    0.04195684366256909
2.973191489361702    0.04019327745628207
2.975    0.038369301994447935
2.976808510638298    0.03601112645518824
2.978617021276596    0.03282987344455017
2.980425531914894    0.029057838685876046
2.9822340425531917    0.02522950566658482
2.9840425531914896    0.021517690981600147
2.9858510638297875    0.017399699032717743
2.9876595744680854    0.012180279933542159
2.989468085106383    0.005864965561543211
2.9912765957446807    -0.0006734674796150661
2.9930851063829786    -0.00653925557092224
2.9948936170212765    -0.011735097463256135
2.9967021276595744    -0.017057946090563648
2.9985106382978723    -0.02306114211298726
3.0003191489361702    -0.029300264840110054
3.002127659574468    -0.03473831766042933
3.003936170212766    -0.038797311010428326
3.005744680851064    -0.04182397006491034
3.007553191489362    -0.044526323257892866
3.0093617021276597    -0.0471777770129372
3.0111702127659576    -0.04953487892335691
3.0129787234042555    -0.0514054641413962
3.0147872340425534    -0.053013597774778445
3.0165957446808513    -0.05470075849182593
3.0184042553191492    -0.05643943269078851
3.0202127659574467    -0.05784175735676721
3.0220212765957446    -0.058624683095080676
3.0238297872340425    -0.05888685427285245
3.0256382978723404    -0.058862272114634476
3.0274468085106383    -0.05855479640946615
3.029255319148936    -0.05779487362078911
3.031063829787234    -0.056639821768641394
3.032872340425532    -0.055536650773478205
3.03468085106383    -0.054958957135859604
3.036489361702128    -0.054910316639954895
3.0382978723404257    -0.054866315717526634
3.0401063829787236    -0.054212879956425444
3.0419148936170215    -0.052707747932446286
3.0437234042553194    -0.050550359968599384
3.0455319148936173    -0.048109824821786384
3.047340425531915    -0.04563568286886269
3.0491489361702127    -0.0431507130475062
3.0509574468085106    -0.04049808503803291
3.0527659574468085    -0.03745728891131406
3.0545744680851064    -0.033878493562558495
3.0563829787234043    -0.02976521137464551
3.058191489361702    -0.02523205894841061
3.06    -0.020387485730802332
3.061808510638298    -0.015302555584012431
3.063617021276596    -0.010113837944351011
3.0654255319148938    -0.005082392560716636
3.0672340425531917    -0.0004470828857300272
3.0690425531914896    0.003781537475209138
3.0708510638297875    0.0077756980916561785
3.0726595744680854    0.011583950017120237
3.0744680851063833    0.01496905250256801
3.076276595744681    0.01768880099892682
3.0780851063829786    0.01991464299409918
3.0798936170212765    0.02218227962381141
3.0817021276595744    0.024796283698703715
3.0835106382978723    0.0273750185221674
3.08531914893617    0.02917422089095386
3.087127659574468    0.029896243755539252
3.088936170212766    0.030026756824372856
3.090744680851064    0.030265309235767014
3.092553191489362    0.030737940074002358
3.0943617021276597    0.030965788112562648
3.0961702127659576    0.03060780463481632
3.0979787234042555    0.030008811392296948
3.0997872340425534    0.029841848793282083
3.1015957446808513    0.030298013345943765
3.103404255319149    0.030836610639405758
3.105212765957447    0.030770151754546504
3.1070212765957446    0.02993034001690706
3.1088297872340425    0.02866539949230771
3.1106382978723404    0.02734359948063317
3.1124468085106383    0.02608103288317637
3.114255319148936    0.024914622892880038
3.116063829787234    0.023938324857357828
3.117872340425532    0.02306737688797854
3.11968085106383    0.021828057520103
3.1214893617021278    0.01970619747455015
3.1232978723404257    0.016799074789560824
3.1251063829787236    0.013905675865738026
3.1269148936170215    0.011760687427803847
3.1287234042553194    0.010245326125937735
3.1305319148936173    0.008564838586044822
3.132340425531915    0.00622862908565594
3.134148936170213    0.0036408301773638192
3.1359574468085105    0.0015740738232746694
3.1377659574468084    0.00020233056431360704
3.1395744680851063    -0.0010917610939119764
3.141382978723404    -0.002930430443480149
3.143191489361702    -0.005202329024971151
3.145    -0.007272848942988657
3.146808510638298    -0.008792728547303775
3.148617021276596    -0.010046239779579809
3.1504255319148937    -0.011474088429741163
3.1522340425531916    -0.013085506416456196
3.1540425531914895    -0.014511494502644464
3.1558510638297874    -0.015517102892086906
3.1576595744680853    -0.01622886541078281
3.159468085106383    -0.01684529647555161
3.161276595744681    -0.017348568051890733
3.163085106382979    -0.017642083138012573
3.1648936170212765    -0.017820847980377353
3.1667021276595744    -0.018066729779423956
3.1685106382978723    -0.01828439795195767
3.17031914893617    -0.018091250668185652
3.172127659574468    -0.01731679278634826
3.173936170212766    -0.01635214186598129
3.175744680851064    -0.015756213447726892
3.1775531914893618    -0.015527002340160984
3.1793617021276597    -0.015029954937504406
3.1811702127659576    -0.013811147345427079
3.1829787234042555    -0.01231054877159862
3.1847872340425534    -0.011479141375028819
3.1865957446808513    -0.011653715468519173
3.188404255319149    -0.012068918433828988
3.190212765957447    -0.011695247285733467
3.192021276595745    -0.01046132159248779
3.1938297872340424    -0.009386329680125392
3.1956382978723403    -0.0094248730200952
3.1974468085106382    -0.010365620033066323
3.199255319148936    -0.011054687216177066
3.201063829787234    -0.010651921228404335
3.202872340425532    -0.009473338178361518
3.20468085106383    -0.008537724867252284
3.2064893617021277    -0.008432703246892943
3.2082978723404256    -0.00876867819509991
3.2101063829787235    -0.008687997201683055
3.2119148936170214    -0.007733959081576522
3.2137234042553193    -0.006162938523901842
3.2155319148936172    -0.004539390531191446
3.217340425531915    -0.003183605506865526
3.219148936170213    -0.002021891858318448
3.220957446808511    -0.0008561617424078906
3.2227659574468084    0.0003144766689493736
3.2245744680851063    0.0012361752759679776
3.226382978723404    0.0016334008640056636
3.228191489361702    0.00151558496596231
3.23    0.0012761054234549695
3.231808510638298    0.001450892980526221
3.233617021276596    0.002302847956548127
3.2354255319148937    0.003608794590601944
3.2372340425531916    0.004882980749037549
3.2390425531914895    0.005841707847207965
3.2408510638297874    0.006644202281483444
3.2426595744680853    0.007672218280778596
3.244468085106383    0.009103156118934298
3.246276595744681    0.010724259634335102
3.248085106382979    0.012126897595745968
3.249893617021277    0.013015100752992965
3.251702127659575    0.01333157688439671
3.2535106382978722    0.013192184819023407
3.25531914893617    0.012797136412428217
3.257127659574468    0.01237874267986789
3.258936170212766    0.01211893207586135
3.260744680851064    0.012056476950895085
3.2625531914893617    0.012121681784085684
3.2643617021276596    0.012306283533833267
3.2661702127659575    0.012734985555590411
3.2679787234042554    0.013464438197231351
3.2697872340425533    0.01422498375140148
3.2715957446808512    0.014515953587716988
3.273404255319149    0.01408799835368453
3.275212765957447    0.013295949589777669
3.277021276595745    0.012836554279614505
3.278829787234043    0.013074429923661146
3.2806382978723407    0.013689392304614852
3.282446808510638    0.014045330532635809
3.284255319148936    0.013848066765973398
3.286063829787234    0.013344320525778702
3.287872340425532    0.012894506519541833
3.28968085106383    0.01248854031690889
3.2914893617021277    0.011772248171039827
3.2932978723404256    0.010488206946518846
3.2951063829787235    0.008777651936167755
3.2969148936170214    0.007040451215171772
3.2987234042553193    0.005579130627469061
3.300531914893617    0.004394888196713109
3.302340425531915    0.003230055310725684
3.304148936170213    0.001739462896907116
3.305957446808511    -0.0002811376718356931
3.307765957446809    -0.002662987281575631
3.3095744680851067    -0.004840124659442832
3.311382978723404    -0.0062385841310882055
3.313191489361702    -0.0068546440713803435
3.315    -0.007390722482134422
3.316808510638298    -0.008627434393103078
3.3186170212765957    -0.010596003957263667
3.3204255319148936    -0.012508870365484596
3.3222340425531915    -0.013635284265823777
3.3240425531914894    -0.014161475689487314
3.3258510638297873    -0.01499319814234366
3.3276595744680852    -0.016680159732465855
3.329468085106383    -0.018731048815228416
3.331276595744681    -0.020157661303388304
3.333085106382979    -0.020605442849317767
3.334893617021277    -0.02071515765996142
3.3367021276595747    -0.02130942404662815
3.3385106382978726    -0.022425569888380948
3.34031914893617    -0.023353338264019422
3.342127659574468    -0.023557781895579413
3.343936170212766    -0.023307947781459757
3.345744680851064    -0.023276035944327072
3.3475531914893617    -0.02367381328117404
3.3493617021276596    -0.02399749748106882
3.3511702127659575    -0.023619351984781174
3.3529787234042554    -0.022442482891603808
3.3547872340425533    -0.020878522823497978
3.356595744680851    -0.019315562456447184
3.358404255319149    -0.017788089349426075
3.360212765957447    -0.01614899820263577
3.362021276595745    -0.01436525583321216
3.363829787234043    -0.012515618083374043
3.3656382978723407    -0.010585433936217269
3.3674468085106386    -0.008430530416976178
3.369255319148936    -0.005973451764431674
3.371063829787234    -0.0033210304243026286
3.372872340425532    -0.0006133311682183853
3.3746808510638298    0.0021700368250627596
3.3764893617021277    0.005136633993115111
3.3782978723404256    0.008212932237060449
3.3801063829787235    0.011058246746416868
3.3819148936170214    0.013326960775822684
3.3837234042553193    0.014991720731540764
3.385531914893617    0.016345896826396908
3.387340425531915    0.017686554749862797
3.389148936170213    0.01904529622853339
3.390957446808511    0.020246150157099345
3.3927659574468088    0.021178419968647923
3.3945744680851067    0.021959540137311384
3.3963829787234046    0.022827568150184982
3.398191489361702    0.0238976488368485
3.4    0.025025965026612133
3.401808510638298    0.025902199624301445
3.4036170212765957    0.02629699536817074
3.4054255319148936    0.02626695400260392
3.4072340425531915    0.02613178585768878
3.4090425531914894    0.026206156536333
3.4108510638297873    0.026504551213745592
3.412659574468085    0.02671335638978032
3.414468085106383    0.026488011491560978
3.416276595744681    0.025777359439831053
3.418085106382979    0.0248161651005549
3.419893617021277    0.023791480745078815
3.4217021276595747    0.022580551733985862
3.4235106382978726    0.02088652059650642
3.4253191489361705    0.018617718450349173
3.427127659574468    0.016048964044221348
3.428936170212766    0.0135587244404295
3.4307446808510638    0.011243347850536108
3.4325531914893617    0.008845513798305608
3.4343617021276596    0.006052744797121125
3.4361702127659575    0.002814344107983995
3.4379787234042554    -0.0006353547050505053
3.4397872340425533    -0.0039938975697155436
3.441595744680851    -0.0070825122494847965
3.443404255319149    -0.009877918359951054
3.445212765957447    -0.012453389524988388
3.447021276595745    -0.01491194282108112
3.4488297872340428    -0.017308718009704672
3.4506382978723407    -0.019582782574087052
3.4524468085106386    -0.021596373681322344
3.4542553191489365    -0.023300132596224255
3.456063829787234    -0.024847263617516675
3.457872340425532    -0.026474694254897648
3.4596808510638297    -0.028249958873887242
3.4614893617021276    -0.02999522354224386
3.4632978723404255    -0.031502834372824265
3.4651063829787234    -0.032765134074680013
3.4669148936170213    -0.03390267229126068
3.468723404255319    -0.03489287377501844
3.470531914893617    -0.035513238557339954
3.472340425531915    -0.03563999907854484
3.474148936170213    -0.03551343276646517
3.475957446808511    -0.03554815580315458
3.4777659574468087    -0.035852931431772136
3.4795744680851066    -0.036065637781063475
3.4813829787234045    -0.03575718700561169
3.4831914893617024    -0.03491958497424612
3.4850000000000003    -0.033912437356461406
3.4868085106382978    -0.03293193688502788
3.4886170212765957    -0.031696183768213884
3.4904255319148936    -0.02976261981598642
3.4922340425531915    -0.027063372279784538
3.4940425531914894    -0.023969678106928426
3.4958510638297873    -0.020839882902526495
3.497659574468085    -0.017683133113658253
3.499468085106383    -0.014360208878764255
3.501276595744681    -0.010957059157749045
3.503085106382979    -0.007724687674839366
3.5048936170212768    -0.0046393524330437235
3.5067021276595747    -0.0012649329083969226
3.5085106382978726    0.002747757592915012
3.5103191489361705    0.007105620619413566
3.5121276595744684    0.01105547831217358
3.5139361702127663    0.0142083112438171
3.5157446808510637    0.017024830095792785
3.5175531914893616    0.020303180814395787
3.5193617021276595    0.02421585134789363
3.5211702127659574    0.028032376327729713
3.5229787234042553    0.030869875218082456
3.5247872340425532    0.032599481099334096
3.526595744680851    0.03388359227886856
3.528404255319149    0.035371931026588255
3.530212765957447    0.037028232856145135
3.532021276595745    0.038301061347406296
3.5338297872340427    0.03881731445204159
3.5356382978723406    0.03875236557608343
3.5374468085106385    0.038539117466878325
3.5392553191489364    0.03836707799346503
3.5410638297872343    0.03804660857749077
3.5428723404255322    0.037275541601393375
3.5446808510638297    0.03590912040875703
3.5464893617021276    0.03396620124758151
3.5482978723404255    0.031491892268203106
3.5501063829787234    0.028510889978468117
3.5519148936170213    0.025095595442545304
3.553723404255319    0.02139939755683442
3.555531914893617    0.017579582573716168
3.557340425531915    0.013694339561031665
3.559148936170213    0.009682596792425446
3.560957446808511    0.005439553015358898
3.5627659574468087    0.0009309552805443055
3.5645744680851066    -0.0037174637663442344
3.5663829787234045    -0.008219831372816344
3.5681914893617024    -0.01226407783257302
3.5700000000000003    -0.015720529410529968
3.571808510638298    -0.01874444781814917
3.5736170212765956    -0.021637119628799877
3.5754255319148935    -0.024568243160001883
3.5772340425531914    -0.0274383141941848
3.5790425531914893    -0.03002701657690971
3.5808510638297872    -0.03225033748187801
3.582659574468085    -0.03422009066560259
3.584468085106383    -0.036036880439861314
3.586276595744681    -0.037572548569376064
3.588085106382979    -0.03851786454346843
3.5898936170212767    -0.03866391883101961
3.5917021276595746    -0.03811631121309892
3.5935106382978725    -0.037210512543304576
3.5953191489361704    -0.036206482079890114
3.5971276595744683    -0.03505114064745
3.5989361702127662    -0.033417719981594436
3.600744680851064    -0.030973100683684786
3.6025531914893616    -0.02763220701583862
3.6043617021276595    -0.023583166499256895
3.6061702127659574    -0.01908009906498434
3.6079787234042553    -0.01422526564809646
3.609787234042553    -0.008982544934367707
3.611595744680851    -0.003418254239441138
3.613404255319149    0.002118915581043248
3.615212765957447    0.007146167889301701
