0.0    0.0
0.0018085106382978724    0.0
0.003617021276595745    0.0
0.005425531914893617    0.0
0.00723404255319149    0.0
0.009042553191489363    0.0
0.010851063829787235    0.0
0.012659574468085107    0.0
0.01446808510638298    0.0
0.016276595744680853    0.0
0.018085106382978725    0.0
0.019893617021276597    0.0
0.02170212765957447    0.0
0.023510638297872342    0.0
0.025319148936170214    0.0
0.027127659574468086    0.0
0.02893617021276596    0.0
0.03074468085106383    0.0
0.032553191489361706    0.0
0.03436170212765958    0.0
0.03617021276595745    0.0
0.03797872340425532    0.0
0.039787234042553195    0.0
0.04159574468085107    0.0
0.04340425531914894    0.0
0.04521276595744681    0.0
0.047021276595744683    0.0
0.048829787234042556    0.0
0.05063829787234043    0.0
0.0524468085106383    0.0
0.05425531914893617    0.0
0.056063829787234044    0.0
0.05787234042553192    0.0
0.05968085106382979    0.0
0.06148936170212766    0.0
0.06329787234042554    0.0
0.06510638297872341    0.0
0.06691489361702128    0.0
0.06872340425531916    0.0
0.07053191489361703    0.0
0.0723404255319149    0.0
0.07414893617021277    0.0
0.07595744680851065    0.0
0.07776595744680852    0.0
0.07957446808510639    0.0
0.08138297872340426    0.0
0.08319148936170213    0.0
0.085    0.0
0.08680851063829788    0.0
0.08861702127659575    0.0
0.09042553191489362    0.0
0.0922340425531915    0.0
0.09404255319148937    0.0
0.09585106382978724    0.0
0.09765957446808511    0.0
0.09946808510638298    0.0
0.10127659574468086    0.0
0.10308510638297873    0.0
0.1048936170212766    0.0
0.10670212765957447    0.0
0.10851063829787234    0.0
0.11031914893617022    0.0
0.11212765957446809    0.0
0.11393617021276596    0.0
0.11574468085106383    0.0
0.1175531914893617    0.0
0.11936170212765958    0.0
0.12117021276595745    0.0
0.12297872340425532    0.0
0.1247872340425532    0.0
0.12659574468085108    0.0
0.12840425531914895    0.0
0.13021276595744682    0.0
0.1320212765957447    0.0
0.13382978723404257    0.0
0.13563829787234044    0.0
0.1374468085106383    0.0
0.13925531914893619    0.0
0.14106382978723406    0.0
0.14287234042553193    0.0
0.1446808510638298    0.0
0.14648936170212767    0.0
0.14829787234042555    0.0
0.15010638297872342    0.0
0.1519148936170213    0.0
0.15372340425531916    0.0
0.15553191489361703    0.0
0.1573404255319149    0.0
0.15914893617021278    0.0
0.16095744680851065    0.0
0.16276595744680852    0.0
0.1645744680851064    0.0
0.16638297872340427    0.0
0.16819148936170214    0.0
0.17    0.0
0.17180851063829788    0.0
0.17361702127659576    2.1003553601174992e-188
0.17542553191489363    4.1505580580050725e-184
0.1772340425531915    2.4804788953518395e-180
0.17904255319148937    7.115643320311517e-177
0.18085106382978725    1.2001996906086032e-173
0.18265957446808512    1.3355243503612174e-170
0.184468085106383    1.0561188434303208e-167
0.18627659574468086    6.252436890283361e-165
0.18808510638297873    2.879932583134404e-162
0.1898936170212766    1.0631150240674846e-159
0.19170212765957448    3.219981473258289e-157
0.19351063829787235    8.156428907776006e-155
0.19531914893617022    1.7554861395997194e-152
0.1971276595744681    3.253397172495875e-150
0.19893617021276597    5.251253807822358e-148
0.20074468085106384    7.454942891665884e-146
0.2025531914893617    9.388674554909212e-144
0.20436170212765958    1.0568620738738193e-141
0.20617021276595746    1.0705077976565408e-139
0.20797872340425533    9.815443947348479e-138
0.2097872340425532    8.190397043745159e-136
0.21159574468085107    6.249923954634622e-134
0.21340425531914894    4.3805033224392503e-132
0.21521276595744682    2.831314891889825e-130
0.2170212765957447    1.6937708692840837e-128
0.21882978723404256    9.409812251641464e-127
0.22063829787234043    4.869784724963802e-125
0.2224468085106383    2.3544087954958265e-123
0.22425531914893618    1.0662209780647754e-121
0.22606382978723405    4.533925696151574e-120
0.22787234042553192    1.8145078024020641e-118
0.2296808510638298    6.849044722329392e-117
0.23148936170212767    2.4431920074962217e-115
0.23329787234042554    8.251959537709611e-114
0.2351063829787234    2.6435925025021305e-112
0.23691489361702128    8.046198746300107e-111
0.23872340425531915    2.3303726053634927e-109
0.24053191489361703    6.431909469144542e-108
0.2423404255319149    1.6941078935039568e-106
0.24414893617021277    4.263862668925711e-105
0.24595744680851064    1.0267648075470208e-103
0.24776595744680852    2.368434617676683e-102
0.2495744680851064    5.239211355184052e-101
0.25138297872340426    1.1126335839528234e-99
0.25319148936170216    2.2707305862850344e-98
0.255    4.45790750979505e-97
0.2568085106382979    8.426631121274177e-96
0.25861702127659575    1.5350474855325456e-94
0.26042553191489365    2.697149595875605e-93
0.2622340425531915    4.57465392398685e-92
0.2640425531914894    7.495854023305952e-91
0.26585106382978724    1.1874608432878087e-89
0.26765957446808514    1.8199740246432361e-88
0.269468085106383    2.7005905297940307e-87
0.2712765957446809    3.882291337215859e-86
0.2730851063829787    5.410412600584958e-85
0.2748936170212766    7.313951132416994e-84
0.27670212765957447    9.59642971777478e-83
0.27851063829787237    1.2227858248879222e-81
0.2803191489361702    1.513952774057532e-80
0.2821276595744681    1.822322007640458e-79
0.28393617021276596    2.1335867980177506e-78
0.28574468085106386    2.430982096199318e-77
0.2875531914893617    2.6967828132051308e-76
0.2893617021276596    2.9140867909947618e-75
0.29117021276595745    3.0686274420708947e-74
0.29297872340425535    3.1503407740814667e-73
0.2947872340425532    3.154445557350929e-72
0.2965957446808511    3.0818770827713446e-71
0.29840425531914894    2.939026204697904e-70
0.30021276595744684    2.736851619958091e-69
0.3020212765957447    2.4895301510221866e-68
0.3038297872340426    2.2128689319311296e-67
0.3056382978723404    1.9227167066748478e-66
0.3074468085106383    1.6335817555088096e-65
0.30925531914893617    1.3576029288236602e-64
0.31106382978723407    1.103944370337241e-63
0.3128723404255319    8.786104798105768e-63
0.3146808510638298    6.846186830857428e-62
0.31648936170212766    5.2243109845587644e-61
0.31829787234042556    3.905335830565959e-60
0.3201063829787234    2.8605833769409833e-59
0.3219148936170213    2.0536771543461227e-58
0.32372340425531915    1.4454476666862295e-57
0.32553191489361705    9.976390752425507e-57
0.3273404255319149    6.753838788377119e-56
0.3291489361702128    4.485764962713823e-55
0.33095744680851064    2.923685068394195e-54
0.33276595744680854    1.8703802693657417e-53
0.3345744680851064    1.174705217581024e-52
0.3363829787234043    7.244684256588349e-52
0.3381914893617021    4.388247406775789e-51
0.34    2.611144943908512e-50
0.34180851063829787    1.5265954812105347e-49
0.34361702127659577    8.771073798100439e-49
0.3454255319148936    4.9533373285859476e-48
0.3472340425531915    2.7500327563708167e-47
0.34904255319148936    1.5012364929860178e-46
0.35085106382978726    8.05946383611528e-46
0.3526595744680851    4.2558037071466373e-45
0.354468085106383    2.2107833586666428e-44
0.35627659574468085    1.1299751952175165e-43
0.35808510638297875    5.683514526231407e-43
0.3598936170212766    2.8135581344638037e-42
0.3617021276595745    1.371038094436629e-41
0.36351063829787233    6.577488541604176e-41
0.36531914893617023    3.1070503562363677e-40
0.3671276595744681    1.4453506569085163e-39
0.368936170212766    6.622051041029497e-39
0.3707446808510638    2.98856257376165e-38
0.3725531914893617    1.3287321534794794e-37
0.37436170212765957    5.820645235726834e-37
0.37617021276595747    2.5125538360219134e-36
0.3779787234042553    1.0688599632523083e-35
0.3797872340425532    4.481637744475337e-35
0.38159574468085106    1.852299582676794e-34
0.38340425531914896    7.547289807076646e-34
0.3852127659574468    3.03194757407593e-33
0.3870212765957447    1.2010125538842329e-32
0.38882978723404255    4.691500353513667e-32
0.39063829787234045    1.807408369569304e-31
0.3924468085106383    6.867868803067914e-31
0.3942553191489362    2.574237225549304e-30
0.39606382978723403    9.518633764581609e-30
0.39787234042553193    3.47246319950906e-29
0.3996808510638298    1.249896644074527e-28
0.4014893617021277    4.4393495184733e-28
0.4032978723404255    1.5559931766782656e-27
0.4051063829787234    5.3823562562573325e-27
0.40691489361702127    1.837578348986617e-26
0.40872340425531917    6.192403159891506e-26
0.410531914893617    2.0598840576856879e-25
0.4123404255319149    6.764345710227605e-25
0.41414893617021276    2.1929895942448085e-24
0.41595744680851066    7.019439274605802e-24
0.4177659574468085    2.2184502727752945e-23
0.4195744680851064    6.923150844254679e-23
0.42138297872340424    2.1334828048430584e-22
0.42319148936170214    6.492758416278936e-22
0.425    1.9514014615780076e-21
0.4268085106382979    5.7924579513164796e-21
0.42861702127659573    1.698238528635246e-20
0.43042553191489363    4.917832555581931e-20
0.4322340425531915    1.4067172192675087e-19
0.4340425531914894    3.9748039609858936e-19
0.4358510638297872    1.109474561918985e-18
0.4376595744680851    3.0593392636511806e-18
0.43946808510638297    8.3341548497566e-18
0.44127659574468087    2.2430199807403113e-17
0.4430851063829787    5.964244286768349e-17
0.4448936170212766    1.566897135221889e-16
0.44670212765957445    4.067236509654428e-16
0.44851063829787235    1.0431393947999507e-15
0.4503191489361702    2.6434940772242623e-15
0.4521276595744681    6.619352178777838e-15
0.45393617021276594    1.6377998592857006e-14
0.45574468085106384    4.004242389022961e-14
0.4575531914893617    9.673842236898543e-14
0.4593617021276596    2.3094076010981523e-13
0.46117021276595743    5.447884050191059e-13
0.46297872340425533    1.2699376140276374e-12
0.46478723404255323    2.9252609599726096e-12
0.4665957446808511    6.658459830130234e-12
0.468404255319149    1.4976416742659115e-11
0.4702127659574468    3.328616662321252e-11
0.4720212765957447    7.31032800971718e-11
0.47382978723404257    1.5864314532786253e-10
0.47563829787234047    3.4018088528688797e-10
0.4774468085106383    7.207655359592316e-10
0.4792553191489362    1.5089106447940678e-09
0.48106382978723405    3.12109371788488e-09
0.48287234042553195    6.378384050174617e-09
0.4846808510638298    1.2878350333546249e-08
0.4864893617021277    2.568851218121755e-08
0.48829787234042554    5.062073622589327e-08
0.49010638297872344    9.853908462463864e-08
0.4919148936170213    1.894772020942834e-07
0.4937234042553192    3.598732221852693e-07
0.49553191489361703    6.750871285172535e-07
0.49734042553191493    1.2507173375514242e-06
0.4991489361702128    2.2883185542072244e-06
0.5009574468085106    4.1342634693263016e-06
0.5027659574468085    7.3750993825965666e-06
0.5045744680851064    1.2989323076492626e-05
0.5063829787234043    2.2584574166056614e-05
0.5081914893617021    3.876132803289282e-05
0.51    6.56595522796185e-05
0.5118085106382979    0.00010976331371043434
0.5136170212765958    0.0001810589873016856
0.5154255319148936    0.00029466318739981785
0.5172340425531915    0.0004730525432293463
0.5190425531914894    0.0007490321628604571
0.5208510638297873    0.0011695632599384087
0.5226595744680851    0.0018005200933908622
0.524468085106383    0.0027323468896834706
0.5262765957446809    0.004086421130395751
0.5280851063829788    0.006021687883004867
0.5298936170212766    0.008740806489129858
0.5317021276595745    0.012494657112110768
0.5335106382978724    0.017583625157662323
0.5353191489361703    0.02435368233441579
0.5371276595744681    0.033185015672724236
0.538936170212766    0.04447095533283833
0.5407446808510639    0.058585374843339436
0.5425531914893618    0.07583773487464417
0.5443617021276596    0.09641661896080421
0.5461702127659575    0.1203249720150598
0.5479787234042554    0.14731314708110094
0.5497872340425533    0.1768189327988624
0.551595744680851    0.2079263884173248
0.5534042553191489    0.23935677821840085
0.5552127659574468    0.2695043103301946
0.5570212765957447    0.2965259820082189
0.5588297872340425    0.3184881983292772
0.5606382978723404    0.3335631675361821
0.5624468085106383    0.34025643048777476
0.5642553191489362    0.3376352248203466
0.566063829787234    0.3255184607072502
0.5678723404255319    0.3045859681123243
0.5696808510638298    0.2763700413102044
0.5714893617021277    0.2431075315887603
0.5732978723404255    0.20745503622848133
0.5751063829787234    0.17209961715350397
0.5769148936170213    0.13932687476801559
0.5787234042553192    0.11062936119561051
0.580531914893617    0.0864436191983873
0.5823404255319149    0.06608839254308432
0.5841489361702128    0.04793929558122528
0.5859574468085107    0.02982213379931166
0.5877659574468085    0.009549823871280033
0.5895744680851064    -0.014517992316361354
0.5913829787234043    -0.04303265848415154
0.5931914893617022    -0.07545376966953524
0.595    -0.11015302758869366
0.5968085106382979    -0.14481045140765064
0.5986170212765958    -0.1770030639443314
0.6004255319148937    -0.20482274658121763
0.6022340425531915    -0.22734189619263812
0.6040425531914894    -0.24478380104721242
0.6058510638297873    -0.2583422301485878
0.6076595744680852    -0.2697063736676689
0.609468085106383    -0.28044628446993225
0.6112765957446809    -0.291464365598327
0.6130851063829788    -0.302698674635534
0.6148936170212767    -0.31317672005005737
0.6167021276595744    -0.32139276594742405
0.6185106382978723    -0.32586328491632266
0.6203191489361702    -0.32565013273589016
0.6221276595744681    -0.32065665244262875
0.6239361702127659    -0.3115941731413824
0.6257446808510638    -0.2996492353616914
0.6275531914893617    -0.2860008487902722
0.6293617021276596    -0.2713919275256931
0.6311702127659574    -0.25592625891137644
0.6329787234042553    -0.23915692868357852
0.6347872340425532    -0.2204020198433087
0.6365957446808511    -0.1991281697862629
0.6384042553191489    -0.17522529390597236
0.6402127659574468    -0.1490619193248932
0.6420212765957447    -0.12132476587139801
0.6438297872340426    -0.0927497873331852
0.6456382978723404    -0.06389296429913563
0.6474468085106383    -0.035049958735440284
0.6492553191489362    -0.0063401817530563676
0.6510638297872341    0.022121992926638558
0.6528723404255319    0.05008518044939004
0.6546808510638298    0.07712965033942776
0.6564893617021277    0.10274490143386578
0.6582978723404256    0.1264379723558474
0.6601063829787234    0.14777640729737831
0.6619148936170213    0.1663240467488781
0.6637234042553192    0.18151888112618345
0.6655319148936171    0.19260616994541976
0.6673404255319149    0.1987259698878178
0.6691489361702128    0.19916119370011662
0.6709574468085107    0.19363607792631551
0.6727659574468086    0.1824959590334365
0.6745744680851063    0.16664922764558962
0.6763829787234042    0.14729320741080673
0.6781914893617021    0.12559185372580148
0.68    0.1025214834727591
0.6818085106382978    0.07900091628218334
0.6836170212765957    0.056221044559568
0.6854255319148936    0.03591236486516805
0.6872340425531915    0.02026760687377406
0.6890425531914893    0.01141359663535741
0.6908510638297872    0.0106142793208348
0.6926595744680851    0.017607533394272786
0.694468085106383    0.030473400795361167
0.6962765957446809    0.046172949115183534
0.6980851063829787    0.06152450513382056
0.6998936170212766    0.0741287419550785
0.7017021276595745    0.08279119905476316
0.7035106382978724    0.0873129767159014
0.7053191489361702    0.08792511656369588
0.7071276595744681    0.08485514415009916
0.708936170212766    0.07837617307806981
0.7107446808510639    0.06928015599142588
0.7125531914893617    0.05932214265748274
0.7143617021276596    0.05110418016957603
0.7161702127659575    0.04720575519295829
0.7179787234042554    0.04892379114572705
0.7197872340425532    0.05537380562470001
0.7215957446808511    0.06361404504011234
0.723404255319149    0.06988532163790803
0.7252127659574469    0.07135419244427765
0.7270212765957447    0.06738087459000558
0.7288297872340426    0.05958394010353674
0.7306382978723405    0.0507082143177416
0.7324468085106384    0.04304221152382928
0.7342553191489362    0.03737431637870549
0.7360638297872341    0.0330541945210128
0.737872340425532    0.02893745339609896
0.7396808510638299    0.024402768956226825
0.7414893617021276    0.01966422874818235
0.7432978723404255    0.01521947670302902
0.7451063829787234    0.010995315630250472
0.7469148936170213    0.006009523136608467
0.7487234042553191    -0.0010543757061239698
0.750531914893617    -0.010743870328226159
0.7523404255319149    -0.022105527357103354
0.7541489361702128    -0.03302771989154038
0.7559574468085106    -0.04155710090430263
0.7577659574468085    -0.04728164183544248
0.7595744680851064    -0.05171873253609201
0.7613829787234043    -0.057322815952740275
0.7631914893617021    -0.06575947520273984
0.765    -0.07669125711600469
0.7668085106382979    -0.08798891182552887
0.7686170212765958    -0.09723178815838932
0.7704255319148936    -0.10338208996151682
0.7722340425531915    -0.10737686649287848
0.7740425531914894    -0.11121246153864664
0.7758510638297873    -0.11626687120104434
0.7776595744680851    -0.12219693748940563
0.779468085106383    -0.12728083875287766
0.7812765957446809    -0.1299113217901946
0.7830851063829788    -0.13001065214333318
0.7848936170212766    -0.12919370584953627
0.7867021276595745    -0.1295189860413581
0.7885106382978724    -0.13182474788525578
0.7903191489361703    -0.1350041428404894
0.7921276595744681    -0.13682680176277606
0.793936170212766    -0.13566335271481705
0.7957446808510639    -0.13173348132432244
0.7975531914893618    -0.1268815430473379
0.7993617021276596    -0.12307365634768974
0.8011702127659575    -0.12083179819656745
0.8029787234042554    -0.11884317869930303
0.8047872340425533    -0.11500742226419958
0.806595744680851    -0.10803138122598158
0.808404255319149    -0.09829800834131136
0.8102127659574468    -0.08740110570670134
0.8120212765957447    -0.0768500278669246
0.8138297872340425    -0.06706121821375555
0.8156382978723404    -0.057391629394478574
0.8174468085106383    -0.04701370790021378
0.8192553191489362    -0.03574983405974087
0.821063829787234    -0.024146487149988613
0.8228723404255319    -0.01285736915313851
0.8246808510638298    -0.0020475699148362198
0.8264893617021277    0.008568076410128123
0.8282978723404255    0.01914676660187947
0.8301063829787234    0.0292877875301842
0.8319148936170213    0.038309090492467626
0.8337234042553192    0.0460389226071235
0.835531914893617    0.053302739865557294
0.8373404255319149    0.06145187956784334
0.8391489361702128    0.07116845794375276
0.8409574468085107    0.08158096853318722
0.8427659574468085    0.09062205899142547
0.8445744680851064    0.0965308979804061
0.8463829787234043    0.09931732714466301
0.8481914893617022    0.10088205380440282
0.85    0.10354577729062286
0.8518085106382979    0.10812633141339825
0.8536170212765958    0.11319142715327649
0.8554255319148937    0.11620112581343689
0.8572340425531915    0.11565800716039129
0.8590425531914894    0.11247009761593477
0.8608510638297873    0.10932984212907987
0.8626595744680852    0.10855911760748677
0.864468085106383    0.11017846772850973
0.8662765957446809    0.11180466874274361
0.8680851063829788    0.1104800115956367
0.8698936170212767    0.10495083448612239
0.8717021276595744    0.09656703449364054
0.8735106382978723    0.08813194177197842
0.8753191489361702    0.08169689757302653
0.8771276595744681    0.07708681462161732
0.8789361702127659    0.07226228440722146
0.8807446808510638    0.06510603122633052
0.8825531914893617    0.055138381896951846
0.8843617021276596    0.04384350120344016
0.8861702127659574    0.033475665154977144
0.8879787234042553    0.02538956298381207
0.8897872340425532    0.019195806047600822
0.8915957446808511    0.013289658908373601
0.8934042553191489    0.006223489195978343
0.8952127659574468    -0.002171906761517313
0.8970212765957447    -0.010720056571335287
0.8988297872340426    -0.017855284699344276
0.9006382978723404    -0.022842563085498577
0.9024468085106383    -0.026358579160696664
0.9042553191489362    -0.030019146977006965
0.9060638297872341    -0.03519235572454834
0.9078723404255319    -0.041951054210813236
0.9096808510638298    -0.04894387147356665
0.9114893617021277    -0.05432442148971015
0.9132978723404256    -0.057089673006010984
0.9151063829787234    -0.057817645455514634
0.9169148936170213    -0.05819289760187454
0.9187234042553192    -0.05963705301843845
0.9205319148936171    -0.06211616853516078
0.9223404255319149    -0.0641198932453351
0.9241489361702128    -0.06387839989705982
0.9259574468085107    -0.060831310741206165
0.9277659574468086    -0.05610467943946236
0.9295744680851065    -0.0515737851612206
0.9313829787234043    -0.04831952674016568
0.9331914893617022    -0.04583353503186627
0.935    -0.042665210068943554
0.936808510638298    -0.037899006380256464
0.9386170212765957    -0.032089401947964405
0.9404255319148936    -0.026782541006097442
0.9422340425531915    -0.02307162302541798
0.9440425531914894    -0.020543977654372027
0.9458510638297872    -0.017621191345801222
0.9476595744680851    -0.012995412652347847
0.949468085106383    -0.006841300755654697
0.9512765957446809    -0.0006922402504810007
0.9530851063829787    0.0038946079919698197
0.9548936170212766    0.006661913336998728
0.9567021276595745    0.008792317896889668
0.9585106382978724    0.011803864972441961
0.9603191489361702    0.016246439580359325
0.9621276595744681    0.02134313816682662
0.963936170212766    0.025792900144796238
0.9657446808510639    0.02891625059688059
0.9675531914893617    0.031118927419153
0.9693617021276596    0.03336176203320724
0.9711702127659575    0.03621755003041734
0.9729787234042554    0.0393641513297369
0.9747872340425532    0.04187387837276683
0.9765957446808511    0.04295871223380183
0.978404255319149    0.042538574436520475
0.9802127659574469    0.041254714701059174
0.9820212765957447    0.04001222623616902
0.9838297872340426    0.03941196163670311
0.9856382978723405    0.03941486485590975
0.9874468085106384    0.039404230560219196
0.9892553191489362    0.038606859819364105
0.9910638297872341    0.03664171255210603
0.992872340425532    0.03384084712609576
0.9946808510638299    0.031068264476045084
0.9964893617021277    0.0291048255732883
0.9982978723404256    0.02805790590001997
1.0001063829787233    0.027310384042342664
1.0019148936170212    0.026090718062125484
1.0037234042553191    0.024163699435974163
1.005531914893617    0.02198927964894376
1.007340425531915    0.020192469431121525
1.0091489361702128    0.018879808529404386
1.0109574468085107    0.017510119332679146
1.0127659574468086    0.015456923219967944
1.0145744680851063    0.012657654710384898
1.0163829787234042    0.009633486559282721
1.0181914893617021    0.006842524754458547
1.02    0.004085617356858643
1.021808510638298    0.0006695025481996946
1.0236170212765958    -0.0037898330646173877
1.0254255319148937    -0.008793217103495116
1.0272340425531916    -0.013304014049897608
1.0290425531914893    -0.016723808635820153
1.0308510638297872    -0.019476297864531603
1.032659574468085    -0.022536926400882076
1.034468085106383    -0.0263676335191093
1.036276595744681    -0.030393420403328993
1.0380851063829788    -0.03360921693945753
1.0398936170212767    -0.0356794298070618
1.0417021276595746    -0.03732328698432343
1.0435106382978723    -0.03953150047536253
1.0453191489361702    -0.04244987783388359
1.047127659574468    -0.04517193478119894
1.048936170212766    -0.04671264860394004
1.0507446808510639    -0.047118801616580615
1.0525531914893618    -0.04746905247755854
1.0543617021276597    -0.04870128119703892
1.0561702127659576    -0.050508460574155555
1.0579787234042553    -0.051521267129598446
1.0597872340425532    -0.05062885616763017
1.061595744680851    -0.04805174367708915
1.063404255319149    -0.045035873315562934
1.0652127659574468    -0.0425230296638695
1.0670212765957447    -0.04024767466805503
1.0688297872340426    -0.037214217977922605
1.0706382978723405    -0.03297703673001872
1.0724468085106382    -0.028276628173871395
1.0742553191489361    -0.024331112773458827
1.076063829787234    -0.0215909210125206
1.077872340425532    -0.0193436838022229
1.0796808510638298    -0.016576831096183277
1.0814893617021277    -0.013096738586385596
1.0832978723404256    -0.009658564830180561
1.0851063829787235    -0.007026881253375458
1.0869148936170212    -0.005102057600212713
1.088723404255319    -0.0031195776481365203
1.090531914893617    -0.0006379878700849971
1.092340425531915    0.0018975351070195333
1.0941489361702128    0.003707105487168314
1.0959574468085107    0.004685577693164846
1.0977659574468086    0.005639796629732372
1.0995744680851065    0.007423958019513079
1.1013829787234042    0.009963797336558645
1.103191489361702    0.012326481823167538
1.105    0.013775739931155169
1.1068085106382979    0.014573891152092736
1.1086170212765958    0.01557031026372038
1.1104255319148937    0.017060137087884477
1.1122340425531916    0.01830376916392774
1.1140425531914895    0.018347340273324405
1.1158510638297872    0.01721457153241607
1.117659574468085    0.016020158517400667
1.119468085106383    0.015776113124512058
1.1212765957446809    0.016244440366008684
1.1230851063829788    0.016234295914527994
1.1248936170212767    0.015093813441218514
1.1267021276595746    0.013681541295219875
1.1285106382978725    0.01359461989985672
1.1303191489361701    0.015423116807046413
1.132127659574468    0.01801598798286878
1.133936170212766    0.019690621884780022
1.1357446808510638    0.02010015879822927
1.1375531914893617    0.020631882839924325
1.1393617021276596    0.02280576941846794
1.1411702127659575    0.026435011413482475
1.1429787234042554    0.029665352081485245
1.1447872340425531    0.030933186453190414
1.146595744680851    0.03068161285874597
1.148404255319149    0.030882290448256956
1.1502127659574468    0.03285972561818232
1.1520212765957447    0.03584715602657376
1.1538297872340426    0.037893328937206885
1.1556382978723405    0.03807347770702643
1.1574468085106384    0.03747307558262247
1.1592553191489363    0.037827741147949706
1.161063829787234    0.0394099968202386
1.162872340425532    0.04063393360835779
1.1646808510638298    0.0398645263558525
1.1664893617021277    0.037344617382468706
1.1682978723404256    0.03497803546527821
1.1701063829787235    0.03416864662999254
1.1719148936170214    0.0341847224271577
1.1737234042553193    0.03295245218232851
1.175531914893617    0.029399869495074116
1.1773404255319149    0.024674705582162518
1.1791489361702128    0.020840860368793665
1.1809574468085107    0.01855990681361115
1.1827659574468086    0.01643529485242492
1.1845744680851065    0.012769836384902908
1.1863829787234044    0.00768146678017826
1.1881914893617023    0.0030930518783401917
1.19    0.0005740949612730193
1.1918085106382978    -0.00047654576657828055
1.1936170212765957    -0.002177104637916067
1.1954255319148936    -0.005746120541133384
1.1972340425531915    -0.010077025057497715
1.1990425531914894    -0.012943666457247791
1.2008510638297873    -0.01347145037796085
1.2026595744680852    -0.01306708399361299
1.204468085106383    -0.013772251042601689
1.2062765957446808    -0.01594535645829525
1.2080851063829787    -0.01790892085353775
1.2098936170212766    -0.01791690496445615
1.2117021276595745    -0.016151317005729172
1.2135106382978724    -0.014481252469127542
1.2153191489361703    -0.014330172363849251
1.2171276595744682    -0.015149501224016402
1.218936170212766    -0.015226750928633664
1.2207446808510638    -0.013813969533150311
1.2225531914893617    -0.0120536918945221
1.2243617021276596    -0.011628453074725178
1.2261702127659575    -0.012740305415433004
1.2279787234042554    -0.013810981357619889
1.2297872340425533    -0.013287647295404301
1.2315957446808512    -0.01148667964238555
1.2334042553191489    -0.010344339961996938
1.2352127659574468    -0.011327437386081437
1.2370212765957447    -0.013843015374932273
1.2388297872340426    -0.015907819322270183
1.2406382978723405    -0.016296529709562493
1.2424468085106384    -0.01578351744944984
1.2442553191489363    -0.01618741811748214
1.2460638297872342    -0.018395294871795736
1.2478723404255319    -0.02157778422141737
1.2496808510638298    -0.024336072964800375
1.2514893617021277    -0.026329901662215115
1.2532978723404256    -0.02851618350104067
1.2551063829787235    -0.03183970470564368
1.2569148936170214    -0.03599566120351577
1.2587234042553193    -0.0397053955295988
1.2605319148936172    -0.04212330344378727
1.2623404255319148    -0.04369673043068449
1.2641489361702127    -0.04549714762564494
1.2659574468085106    -0.047847846607562666
1.2677659574468085    -0.0498709739004668
1.2695744680851064    -0.05047979354629391
1.2713829787234043    -0.04966291502039477
1.2731914893617022    -0.04858007542172217
1.2750000000000001    -0.048351077347415866
1.2768085106382978    -0.04888657884806276
1.2786170212765957    -0.04903240088217066
1.2804255319148936    -0.04781705792606278
1.2822340425531915    -0.04540421072628377
1.2840425531914894    -0.04275574552567232
1.2858510638297873    -0.04048089834737291
1.2876595744680852    -0.03820402221798114
1.289468085106383    -0.035115812835876184
1.2912765957446808    -0.03100570600041097
1.2930851063829787    -0.026566345796973208
1.2948936170212766    -0.022639179066797382
1.2967021276595745    -0.019287894781263547
1.2985106382978724    -0.015762040825114287
1.3003191489361703    -0.011383999134734573
1.3021276595744682    -0.006351039666459703
1.303936170212766    -0.0015601428821238762
1.3057446808510638    0.002322614483515859
1.3075531914893617    0.005487319778066254
1.3093617021276596    0.008610883606178312
1.3111702127659575    0.01194429867708096
1.3129787234042554    0.014920013211355634
1.3147872340425533    0.016743391492749
1.3165957446808512    0.017309026732147157
1.318404255319149    0.017406333357019948
1.3202127659574467    0.01796837202065307
1.3220212765957446    0.01917820400579474
1.3238297872340425    0.020388886756407976
1.3256382978723404    0.02089409112223325
1.3274468085106383    0.020657216689518292
1.3292553191489362    0.020207838867106715
1.3310638297872341    0.019897516075067474
1.332872340425532    0.019427427889632
1.3346808510638297    0.018203472237003773
1.3364893617021276    0.01608509698207396
1.3382978723404255    0.013638170362547334
1.3401063829787234    0.011599008384218634
1.3419148936170213    0.010183528413899932
1.3437234042553192    0.009035384265110646
1.3455319148936171    0.007827835064616578
1.347340425531915    0.006760327218613242
1.3491489361702127    0.0063453766244717345
1.3509574468085106    0.006762734168925488
1.3527659574468085    0.0075917766415449645
1.3545744680851064    0.008273329338220937
1.3563829787234043    0.008759520743985668
1.3581914893617022    0.009569656540085819
1.36    0.011174635312140888
1.361808510638298    0.013431675134965806
1.3636170212765957    0.01572629048036601
1.3654255319148936    0.017639953327595412
1.3672340425531915    0.01936300145051768
1.3690425531914894    0.021409855274264023
1.3708510638297873    0.024021242618691794
1.3726595744680852    0.02694961813629312
1.374468085106383    0.029793987419999262
1.376276595744681    0.032390787579716945
1.3780851063829787    0.03479105456083903
1.3798936170212766    0.03695866958493374
1.3817021276595745    0.03867779298826346
1.3835106382978724    0.03980867074589238
1.3853191489361703    0.040491163788484816
1.3871276595744682    0.040935809662208625
1.388936170212766    0.041038228375170765
1.390744680851064    0.04038419763288299
1.3925531914893619    0.03875776484996142
1.3943617021276595    0.036556287589060835
1.3961702127659574    0.034512221882631006
1.3979787234042553    0.03293722263075885
1.3997872340425532    0.03136235495408317
1.4015957446808511    0.029064671365140765
1.403404255319149    0.025924577787641283
1.405212765957447    0.02261394351901111
1.4070212765957448    0.01987051381228009
1.4088297872340425    0.017702182193342263
1.4106382978723404    0.015462729767124317
1.4124468085106383    0.012701689940249745
1.4142553191489362    0.009761775735889305
1.416063829787234    0.0074072777995553805
1.417872340425532    0.0059363970833533845
1.41968085106383    0.004834631277083995
1.4214893617021278    0.00335020849604231
1.4232978723404255    0.0012760856563465784
1.4251063829787234    -0.0009539875691350217
1.4269148936170213    -0.0028501248101676898
1.4287234042553192    -0.004327082032908553
1.430531914893617    -0.005514326484781854
1.432340425531915    -0.006304098964766912
1.4341489361702129    -0.006347053980279357
1.4359574468085108    -0.0055342596715829565
1.4377659574468085    -0.004280999452080482
1.4395744680851064    -0.003156598962601089
1.4413829787234043    -0.002297504825340067
1.4431914893617022    -0.0013822626742606343
1.445    -0.0002242813708719267
1.446808510638298    0.0008211981321702417
1.4486170212765959    0.0012550852854290948
1.4504255319148938    0.0011907260199310447
1.4522340425531914    0.0014537854493099234
1.4540425531914893    0.002760462293240138
1.4558510638297872    0.004894372240761852
1.4576595744680851    0.006895031729141002
1.459468085106383    0.008070975345886834
1.461276595744681    0.008629536671133121
1.4630851063829788    0.009185989701813457
1.4648936170212767    0.009821095464882246
1.4667021276595744    0.009920034114585717
1.4685106382978723    0.009005358421932827
1.4703191489361702    0.007460613415760077
1.4721276595744681    0.00614044983973481
1.473936170212766    0.005298614234914137
1.475744680851064    0.004207793255768711
1.4775531914893618    0.0020327328719595607
1.4793617021276597    -0.0010791736960610444
1.4811702127659574    -0.004074171518748332
1.4829787234042553    -0.006210589465291325
1.4847872340425532    -0.00795411863900349
1.486595744680851    -0.01043636655993162
1.488404255319149    -0.01410999257862477
1.490212765957447    -0.018216226894013823
1.4920212765957448    -0.021677736711283396
1.4938297872340427    -0.024296821769505345
1.4956382978723404    -0.026824880653831866
1.4974468085106383    -0.029916396554858525
1.4992553191489362    -0.03333050498144737
1.501063829787234    -0.036324733223360876
1.502872340425532    -0.038617327015651855
1.5046808510638299    -0.04062553686727229
1.5064893617021278    -0.04272954421547131
1.5082978723404257    -0.044630453370163005
1.5101063829787233    -0.0457111143933587
1.5119148936170212    -0.045910797067368746
1.5137234042553191    -0.04588724007555443
1.515531914893617    -0.04618073492878413
1.517340425531915    -0.046472835611269865
1.5191489361702128    -0.04597428812052943
1.5209574468085107    -0.0444932550452059
1.5227659574468086    -0.04277305646098909
1.5245744680851063    -0.04158336449386205
1.5263829787234042    -0.040698374747410664
1.5281914893617021    -0.03912691455357118
1.53    -0.036382377085826846
1.531808510638298    -0.033190153831164436
1.5336170212765958    -0.030672653984294494
1.5354255319148937    -0.028982004140597366
1.5372340425531916    -0.027105397844291855
1.5390425531914893    -0.024123349407940704
1.5408510638297872    -0.020352182643776265
1.542659574468085    -0.016917239347554416
1.544468085106383    -0.014276911206897225
1.546276595744681    -0.011557483127427007
1.5480851063829788    -0.007552292914163414
1.5498936170212767    -0.0021545626243673743
1.5517021276595746    0.003528729153533342
1.5535106382978723    0.00845641920069308
1.5553191489361702    0.012686355135527818
1.557127659574468    0.0169391066470456
1.558936170212766    0.021411336882514412
1.5607446808510639    0.02547729446695904
1.5625531914893618    0.028653549854957973
1.5643617021276597    0.031470797203770114
1.5661702127659576    0.035002902673398166
1.5679787234042553    0.03960176869611844
1.5697872340425532    0.044479037961037575
1.571595744680851    0.048690281192426
1.573404255319149    0.05223361898027804
1.5752127659574469    0.05582305253198332
1.5770212765957448    0.05966476936702705
1.5788297872340427    0.0629185431697955
1.5806382978723406    0.06464067014662839
1.5824468085106382    0.06501211098422885
1.5842553191489361    0.0652009229381823
1.586063829787234    0.06595417394783265
1.587872340425532    0.06670378203063743
1.5896808510638298    0.06635345651231225
1.5914893617021277    0.06474058890867446
1.5932978723404256    0.0628707921507001
1.5951063829787235    0.061615708327876356
1.5969148936170212    0.060592103885922455
1.5987234042553191    0.05872532396678935
1.600531914893617    0.05577690702612666
1.602340425531915    0.05279233804793225
1.6041489361702128    0.05079496702007774
1.6059574468085107    0.04938370167144561
1.6077659574468086    0.047116112384356715
1.6095744680851065    0.04329089904032184
1.6113829787234042    0.038878921742162634
1.613191489361702    0.03535581629541709
1.615    0.03285163388071975
1.616808510638298    0.02995031775654748
1.6186170212765958    0.02542293375321015
1.6204255319148937    0.019744949842110553
1.6222340425531916    0.01452961241478179
1.6240425531914895    0.010639957149362899
1.6258510638297874    0.007356603248519916
1.627659574468085    0.003547723138347848
1.629468085106383    -0.0007881961110757928
1.6312765957446809    -0.004623472332812899
1.6330851063829788    -0.007423321977844276
1.6348936170212767    -0.009984071417289948
1.6367021276595746    -0.013428683674285262
1.6385106382978725    -0.01769525784846606
1.6403191489361704    -0.021570362913059894
1.642127659574468    -0.024282397448417814
1.643936170212766    -0.026563712446172213
1.6457446808510638    -0.029729560008052734
1.6475531914893617    -0.033919432975974086
1.6493617021276596    -0.0377986523225937
1.6511702127659575    -0.04016561070814908
1.6529787234042554    -0.04142761238920325
1.6547872340425533    -0.04304175437688535
1.656595744680851    -0.04563364709424659
1.658404255319149    -0.048224104412940776
1.6602127659574468    -0.04956749894045364
1.6620212765957447    -0.049867034377847085
1.6638297872340426    -0.050631116563170715
1.6656382978723405    -0.05282945111561312
1.6674468085106384    -0.055702823802687575
1.6692553191489363    -0.05774255046943252
1.671063829787234    -0.058579105091327875
1.672872340425532    -0.05938888038569568
1.6746808510638298    -0.061365103524825916
1.6764893617021277    -0.06425673672301258
1.6782978723404256    -0.06679643050585635
1.6801063829787235    -0.0683368988198094
1.6819148936170214    -0.06950500751807034
1.6837234042553193    -0.07109110460755527
1.685531914893617    -0.07277552810175092
1.6873404255319149    -0.07347168149232883
1.6891489361702128    -0.07283391056816482
1.6909574468085107    -0.07185448122354801
1.6927659574468086    -0.07165732427983032
1.6945744680851065    -0.07202949067106681
1.6963829787234044    -0.07165531501364267
1.6981914893617023    -0.06981108421929808
1.7    -0.0673244444814945
1.7018085106382979    -0.06551011933151041
1.7036170212765958    -0.0644254358140284
1.7054255319148937    -0.06271034407515469
1.7072340425531916    -0.05925042031131203
1.7090425531914895    -0.054541396544459664
1.7108510638297874    -0.050013634194746345
1.7126595744680853    -0.046211563162018604
1.714468085106383    -0.04219274411542848
1.7162765957446808    -0.03690764181347864
1.7180851063829787    -0.030738202681788424
1.7198936170212766    -0.025172276055371333
1.7217021276595745    -0.021023294779605822
1.7235106382978724    -0.017497028297914746
1.7253191489361703    -0.013303289361318024
1.7271276595744682    -0.008358872713715559
1.728936170212766    -0.0038767660939589676
1.7307446808510638    -0.0007451182639343929
1.7325531914893617    0.0016849742719751556
1.7343617021276596    0.00482665064433042
1.7361702127659575    0.009095696276408726
1.7379787234042554    0.013420098626824674
1.7397872340425533    0.01662882161420748
1.7415957446808512    0.018926137225439732
1.7434042553191489    0.0215909694333761
1.7452127659574468    0.025335798855979662
1.7470212765957447    0.029428148891707286
1.7488297872340426    0.03262433741291936
1.7506382978723405    0.034637506568480685
1.7524468085106384    0.03627322771680821
1.7542553191489363    0.038179704714011574
1.7560638297872342    0.039935247839183875
1.7578723404255319    0.04065455723519646
1.7596808510638298    0.04024906445195204
1.7614893617021277    0.03964843125580928
1.7632978723404256    0.03970752838091548
1.7651063829787235    0.04024866919341268
1.7669148936170214    0.04045664284639668
1.7687234042553193    0.04003019787792248
1.7705319148936172    0.03953354161286906
1.7723404255319148    0.03951942396476955
1.7741489361702127    0.039657586324965445
1.7759574468085106    0.0390787077642007
1.7777659574468085    0.03749512865045009
1.7795744680851064    0.0356029443693243
1.7813829787234043    0.03421226119446815
1.7831914893617022    0.03323842210747619
1.7850000000000001    0.03188238731930806
1.7868085106382978    0.029771181526475524
1.7886170212765957    0.02756111407283527
1.7904255319148936    0.026186255534338822
1.7922340425531915    0.025681661660808756
1.7940425531914894    0.025071687404314834
1.7958510638297873    0.023481901715691512
1.7976595744680852    0.021121321260733766
1.7994680851063831    0.018982455785200462
1.8012765957446808    0.01769910645337499
1.8030851063829787    0.016953764959538507
1.8048936170212766    0.016026351306918596
1.8067021276595745    0.014657161557463192
1.8085106382978724    0.013156071601636316
1.8103191489361703    0.011786507626709214
1.8121276595744682    0.010354257369872655
1.813936170212766    0.008514986568094154
1.8157446808510638    0.006272960022486894
1.8175531914893617    0.003929054108020066
1.8193617021276596    0.001581817177420057
1.8211702127659575    -0.0010384247345564149
1.8229787234042554    -0.004078495810907979
1.8247872340425533    -0.00705826596577167
1.8265957446808512    -0.009125629481923988
1.828404255319149    -0.009891590732812842
1.8302127659574468    -0.009861888801867781
1.8320212765957447    -0.009907166257802075
1.8338297872340426    -0.010370812716528904
1.8356382978723405    -0.010844672326452037
1.8374468085106384    -0.010804353727048513
1.8392553191489363    -0.010252075713514766
1.8410638297872342    -0.009571005743547937
1.842872340425532    -0.008843931902039309
1.8446808510638297    -0.0075771066599022215
1.8464893617021276    -0.0052320748084055835
1.8482978723404255    -0.0019075908065635215
1.8501063829787234    0.001714079561186037
1.8519148936170213    0.005142801354467342
1.8537234042553192    0.008658233993000652
1.8555319148936171    0.01298233245122309
1.857340425531915    0.01841661899347206
1.859148936170213    0.024452924673842958
1.8609574468085106    0.030308253548607753
1.8627659574468085    0.03575700683201559
1.8645744680851064    0.041305729796342075
1.8663829787234043    0.04753100693725287
1.8681914893617022    0.05434933811561388
1.87    0.061026462780020205
1.871808510638298    0.06687095529224595
1.873617021276596    0.07181466123045795
1.8754255319148936    0.07627665156160411
1.8772340425531915    0.0805475198876985
1.8790425531914894    0.08442924310096554
1.8808510638297873    0.08749715898982609
1.8826595744680852    0.08960457108939897
1.884468085106383    0.09100270134291853
1.886276595744681    0.09194402461823652
1.8880851063829789    0.09225748894550435
1.8898936170212766    0.09140970784533085
1.8917021276595745    0.08900061586108889
1.8935106382978724    0.08516061840742074
1.8953191489361703    0.08045150557143486
1.8971276595744682    0.07542164120767415
1.898936170212766    0.07028272210125912
1.900744680851064    0.0649520328238563
1.9025531914893619    0.059280050201962184
1.9043617021276595    0.05316678468500145
1.9061702127659574    0.046516566322172534
1.9079787234042553    0.039199931129093424
1.9097872340425532    0.03111046487108328
1.9115957446808511    0.02220917846478806
1.913404255319149    0.012465384654252204
1.915212765957447    0.0018030632292242652
1.9170212765957448    -0.009794597412580625
1.9188297872340425    -0.022107468838120113
1.9206382978723404    -0.03470065381013768
1.9224468085106383    -0.047219080116417206
1.9242553191489362    -0.05963412593436024
1.9260638297872341    -0.0720888869016125
1.927872340425532    -0.08446423850520593
1.92968085106383    -0.09620659245938692
1.9314893617021278    -0.10671569301558659
1.9332978723404255    -0.11589571741364213
1.9351063829787234    -0.12419270625626616
1.9369148936170213    -0.13200890202986942
1.9387234042553192    -0.13915547323764826
1.940531914893617    -0.14499945816496113
1.942340425531915    -0.14913072047873877
1.944148936170213    -0.15173948079835298
1.9459574468085108    -0.15327100721551384
1.9477659574468085    -0.15384610063029508
1.9495744680851064    -0.15321676419626445
1.9513829787234043    -0.1512949566109209
1.9531914893617022    -0.14850775351921286
1.955    -0.14544546913387152
1.956808510638298    -0.14222119829003838
1.9586170212765959    -0.13838896948002982
1.9604255319148938    -0.13357267032314857
1.9622340425531914    -0.1280293844221964
1.9640425531914893    -0.12244013911214702
1.9658510638297872    -0.11721701881479199
1.9676595744680851    -0.11222751188085195
1.969468085106383    -0.10724972783433492
1.971276595744681    -0.10247467986128361
1.9730851063829788    -0.09832029812759491
1.9748936170212767    -0.09480416970119274
1.9767021276595744    -0.09139954725784818
1.9785106382978723    -0.0876978933090635
1.9803191489361702    -0.08407435944755742
1.9821276595744681    -0.08143225069072849
1.983936170212766    -0.08023775403606401
1.985744680851064    -0.08000100510856861
1.9875531914893618    -0.07984239441359631
1.9893617021276597    -0.07942251710452647
1.9911702127659574    -0.0790651751378004
1.9929787234042553    -0.07896309936043411
1.9947872340425532    -0.07855326681880301
1.996595744680851    -0.07692089939585789
1.998404255319149    -0.07373926078833937
2.0002127659574467    -0.06954890345634929
2.0020212765957446    -0.06503831670130245
2.0038297872340425    -0.06026857819291745
2.0056382978723404    -0.05481314034164589
2.0074468085106383    -0.04855597953576675
2.009255319148936    -0.042045391619503505
2.011063829787234    -0.035926816921001345
2.012872340425532    -0.030201129141809904
2.01468085106383    -0.024251278953284945
2.016489361702128    -0.017547086069498265
2.0182978723404257    -0.01010095302548816
2.0201063829787236    -0.002189500105352054
2.0219148936170215    0.006115860683081484
2.0237234042553194    0.014897619104992092
2.0255319148936173    0.023977571439350247
2.0273404255319147    0.03290388143237985
2.0291489361702126    0.041535300065045355
2.0309574468085105    0.050462387321307395
2.0327659574468084    0.06057088964232614
2.0345744680851063    0.07215571536894243
2.0363829787234042    0.0846552252045263
2.038191489361702    0.0973318397641721
2.04    0.11001306781088761
2.041808510638298    0.12295216538423577
2.043617021276596    0.1360668679747452
2.0454255319148937    0.1486554823881721
2.0472340425531916    0.16001939536401577
2.0490425531914895    0.17014221527039974
2.0508510638297874    0.17945183212186683
2.0526595744680853    0.1879347588269914
2.0544680851063832    0.19480405221101893
2.0562765957446807    0.19923324711865958
2.0580851063829786    0.2012374029996714
2.0598936170212765    0.2015406884701743
2.0617021276595744    0.2005894767937086
2.0635106382978723    0.19800756407143194
2.06531914893617    0.19320482219820267
2.067127659574468    0.18630146853427604
2.068936170212766    0.17809586955062634
2.070744680851064    0.16909255905008386
2.072553191489362    0.1589062216195633
2.0743617021276597    0.14690598335439292
2.0761702127659576    0.13332611733677535
2.0779787234042555    0.11940894226530757
2.0797872340425534    0.10635280104853087
2.0815957446808513    0.09433944999302754
2.083404255319149    0.08276452925581829
2.085212765957447    0.0712395152720543
2.0870212765957445    0.06003979222293898
2.0888297872340424    0.04955234250709266
2.0906382978723403    0.03965301465532946
2.0924468085106382    0.029947552902100827
2.094255319148936    0.020511750578613493
2.096063829787234    0.012015674560592604
2.097872340425532    0.0049687654350769675
2.09968085106383    -0.0009140603196609821
2.1014893617021277    -0.006329430531456537
2.1032978723404256    -0.01145929903845193
2.1051063829787235    -0.01574268292100628
2.1069148936170214    -0.018674337165861032
2.1087234042553193    -0.020576661289280235
2.1105319148936172    -0.02231161283885128
2.112340425531915    -0.024312819401038153
2.114148936170213    -0.02622703188823368
2.1159574468085105    -0.02763303367362907
2.1177659574468084    -0.028857411855546536
2.1195744680851063    -0.03077213892748968
2.121382978723404    -0.03380825008891274
2.123191489361702    -0.03744229933342299
2.125    -0.040767472502931855
2.126808510638298    -0.043356455932673656
2.128617021276596    -0.04534007038250714
2.1304255319148937    -0.04677336541595293
2.1322340425531916    -0.04731664430603962
2.1340425531914895    -0.0467297875148553
2.1358510638297874    -0.04545334886490609
2.1376595744680853    -0.04436666053312135
2.139468085106383    -0.04394025513741676
2.141276595744681    -0.043872406628856504
2.143085106382979    -0.04368939376814741
2.1448936170212765    -0.043507211730120114
2.1467021276595744    -0.04394240186887372
2.1485106382978723    -0.045309529855374446
2.15031914893617    -0.04719370917622825
2.152127659574468    -0.048963098881652824
2.153936170212766    -0.050522631588429824
2.155744680851064    -0.05232249524789007
2.1575531914893618    -0.05467571696722786
2.1593617021276597    -0.05735151629345497
2.1611702127659576    -0.05995953918233502
2.1629787234042555    -0.062498231456536525
2.1647872340425534    -0.06522243625262145
2.1665957446808513    -0.06799024695361716
2.168404255319149    -0.07005171535145682
2.170212765957447    -0.0706859508526809
2.172021276595745    -0.06991739411020534
2.1738297872340424    -0.06837600046349426
2.1756382978723403    -0.06647367580616906
2.177446808510638    -0.0639613854305266
2.179255319148936    -0.06039696434199114
2.181063829787234    -0.0558233263806243
2.182872340425532    -0.05070615567616665
2.18468085106383    -0.045236439514904234
2.1864893617021277    -0.03900209825006069
2.1882978723404256    -0.031533682888783665
2.1901063829787235    -0.02301879203604966
2.1919148936170214    -0.014227452803211353
2.1937234042553193    -0.0057513870240043785
2.195531914893617    0.0024164444520366458
2.197340425531915    0.010417073410624034
2.199148936170213    0.01786102389751817
2.200957446808511    0.02394263338517078
2.2027659574468084    0.02825600744681706
2.2045744680851063    0.031259749122731204
2.206382978723404    0.03376781315097589
2.208191489361702    0.036104855079237705
2.21    0.03796896541442153
2.211808510638298    0.039076281447734756
2.2136170212765958    0.03964655978785851
2.2154255319148937    0.040073924331096744
2.2172340425531916    0.04027496715767587
2.2190425531914895    0.03963869771756112
2.2208510638297874    0.03766374344242021
2.2226595744680853    0.03444075791664701
2.224468085106383    0.030383364725217077
2.226276595744681    0.025652185662575024
2.228085106382979    0.020102741210645682
2.229893617021277    0.01380877585525267
2.2317021276595743    0.007374008569144646
2.233510638297872    0.0015162020129669013
2.23531914893617    -0.00358791169298302
2.237127659574468    -0.008350916806529541
2.238936170212766    -0.01314585951558013
2.240744680851064    -0.017789631246106476
2.2425531914893617    -0.021743173336026628
2.2443617021276596    -0.02470380009339978
2.2461702127659575    -0.026842885226681525
2.2479787234042554    -0.028507690064299207
2.2497872340425533    -0.029896049062099833
2.251595744680851    -0.031103157454123315
2.253404255319149    -0.03230785869739357
2.255212765957447    -0.03368759706785823
2.257021276595745    -0.035149806495536576
2.258829787234043    -0.03633111684896638
2.2606382978723403    -0.03695069877379062
2.262446808510638    -0.03704863475734284
2.264255319148936    -0.036771266562728444
2.266063829787234    -0.03604974086118795
2.267872340425532    -0.03473089173914705
2.2696808510638298    -0.03305013556068348
2.2714893617021277    -0.03170308473267616
2.2732978723404256    -0.031189999566108392
2.2751063829787235    -0.031149233906515375
2.2769148936170214    -0.03061827860319647
2.2787234042553193    -0.02908067341083355
2.280531914893617    -0.027084396133977277
2.282340425531915    -0.02562647817403267
2.284148936170213    -0.024999012676573895
2.285957446808511    -0.024494512011991265
2.2877659574468088    -0.023320419459451472
2.2895744680851062    -0.021571066210187548
2.291382978723404    -0.020068028603170855
2.293191489361702    -0.019343592791187678
2.295    -0.019100320625656683
2.296808510638298    -0.018778487988017463
2.2986170212765957    -0.01836982032757721
2.3004255319148936    -0.01831960462859182
2.3022340425531915    -0.01863315461607854
2.3040425531914894    -0.01842958432078825
2.3058510638297873    -0.016654824631625827
2.3076595744680852    -0.013167933086726046
2.309468085106383    -0.008906382410762508
2.311276595744681    -0.004957912340952431
2.313085106382979    -0.0016487280681325624
2.314893617021277    0.0014024860225415633
2.3167021276595747    0.004591186449950385
2.3185106382978726    0.0080026537341503
2.32031914893617    0.011765686478341133
2.322127659574468    0.01639020888700029
2.323936170212766    0.02246017832902454
2.325744680851064    0.0300092990571035
2.3275531914893617    0.03838158382870519
2.3293617021276596    0.04674393115852193
2.3311702127659575    0.05459776625742909
2.3329787234042554    0.061750343113977375
2.3347872340425533    0.06801721952666362
2.336595744680851    0.07324713735113081
2.338404255319149    0.07766313059751528
2.340212765957447    0.08191804135404843
2.342021276595745    0.08658702908603172
2.343829787234043    0.0916414358705176
2.3456382978723407    0.09658000972310601
2.3474468085106386    0.1010746979595395
2.349255319148936    0.10530533123307934
2.351063829787234    0.10956478151766508
2.352872340425532    0.11369356516314338
2.3546808510638297    0.11713130117580275
2.3564893617021276    0.11953091581081493
2.3582978723404255    0.1211035227103828
2.3601063829787234    0.12220715410108016
2.3619148936170213    0.12270622576285944
2.3637234042553192    0.12195061737071311
2.365531914893617    0.11942049741796526
2.367340425531915    0.11522437071554312
2.369148936170213    0.1098496988019736
2.370957446808511    0.10353683390029139
2.3727659574468087    0.09608475831974636
2.3745744680851066    0.0872702989512556
2.3763829787234045    0.07726531666924422
2.378191489361702    0.06652496682587636
2.38    0.05539505163946423
2.381808510638298    0.044036055640562094
2.3836170212765957    0.03272848120061826
2.3854255319148936    0.022012383977663176
2.3872340425531915    0.012327858129752116
2.3890425531914894    0.003581210274780429
2.3908510638297873    -0.004724194136789611
2.392659574468085    -0.012855499646164448
2.394468085106383    -0.020492594621254835
2.396276595744681    -0.02715411817184571
2.398085106382979    -0.03294227123110649
2.399893617021277    -0.038687123258522374
2.4017021276595747    -0.045239500687608875
2.4035106382978726    -0.05265427620016529
2.4053191489361705    -0.060134268135081534
2.407127659574468    -0.0667538404903225
2.408936170212766    -0.07218024394375329
2.4107446808510637    -0.07672760366537211
2.4125531914893616    -0.08084670653490207
2.4143617021276595    -0.08465116159074064
2.4161702127659574    -0.08787486635074186
2.4179787234042553    -0.0901575723243515
2.4197872340425532    -0.09133837718976824
2.421595744680851    -0.09157397571449981
2.423404255319149    -0.0912862218023789
2.425212765957447    -0.0910083509899016
2.427021276595745    -0.09121406129799546
2.4288297872340427    -0.09222212732442693
2.4306382978723406    -0.0941926954773158
2.4324468085106385    -0.09710140050861187
2.4342553191489364    -0.10060487120315835
2.436063829787234    -0.10395442217390637
2.437872340425532    -0.10625396590171891
2.4396808510638297    -0.1070672383671243
2.4414893617021276    -0.10688103875845138
2.4432978723404255    -0.10687149147541998
2.4451063829787234    -0.10804493146556317
2.4469148936170213    -0.11051401675495588
2.448723404255319    -0.1135883468657919
2.450531914893617    -0.11651690568664454
2.452340425531915    -0.11905695460029396
2.454148936170213    -0.12132466400628457
2.455957446808511    -0.12324967175223732
2.4577659574468087    -0.12436593470722838
2.4595744680851066    -0.124181847424236
2.4613829787234045    -0.1226491015916824
2.4631914893617024    -0.12017932654817952
2.465    -0.11724567555690808
2.4668085106382978    -0.1140587575923251
2.4686170212765957    -0.11060302053014247
2.4704255319148936    -0.10683105654250304
2.4722340425531915    -0.10270759173645345
2.4740425531914894    -0.09812827438915468
2.4758510638297873    -0.092960427945541
2.477659574468085    -0.08723709586768967
2.479468085106383    -0.08122992748748024
2.481276595744681    -0.07521914210703852
2.483085106382979    -0.0691770822848236
2.4848936170212768    -0.06273376031280341
2.4867021276595747    -0.05546864593800757
2.4885106382978726    -0.047194569138659215
2.4903191489361705    -0.03795762325580063
2.4921276595744684    -0.02786120826871051
2.493936170212766    -0.016998251987237027
2.4957446808510637    -0.005538922082678938
2.4975531914893616    0.006239776959455259
2.4993617021276595    0.018085640730448535
2.5011702127659574    0.029863904315213692
2.5029787234042553    0.04140448056419462
2.504787234042553    0.05225566027172112
2.506595744680851    0.061720532509773586
2.508404255319149    0.06926749559021061
2.510212765957447    0.07492720247606946
2.512021276595745    0.0792433132502654
2.5138297872340427    0.08283028630889278
2.5156382978723406    0.08601470293078498
2.5174468085106385    0.08888064371736862
2.5192553191489364    0.09153442062051653
2.5210638297872343    0.09420135387878398
2.5228723404255318    0.09707360342167862
2.5246808510638297    0.10017075933193934
2.5264893617021276    0.1033913615800304
2.5282978723404255    0.10660422136795811
2.5301063829787234    0.10957936161694434
2.5319148936170213    0.11187497021583534
2.533723404255319    0.11298130876734891
2.535531914893617    0.11272037294956688
2.537340425531915    0.11147061660918356
2.539148936170213    0.10986498104319187
2.5409574468085108    0.1082086687364486
2.5427659574468087    0.10625346264562563
2.5445744680851066    0.10359712518958952
2.5463829787234045    0.10024308268545803
2.5481914893617024    0.09665844576967875
2.5500000000000003    0.09327684478571938
2.551808510638298    0.09006695616256546
2.5536170212765956    0.08668827765231152
2.5554255319148935    0.08300464140737748
2.5572340425531914    0.07926651037193036
2.5590425531914893    0.07569154763441299
2.560851063829787    0.07196096358811774
2.562659574468085    0.06732752978953263
2.564468085106383    0.061351208317454886
2.566276595744681    0.05452279247703476
2.568085106382979    0.048080916075492086
2.5698936170212767    0.04312755051648437
2.5717021276595746    0.03982863684789063
2.5735106382978725    0.03736334244453826
2.5753191489361704    0.034566509451200406
2.5771276595744683    0.030660235997892013
2.578936170212766    0.025550017257268444
2.580744680851064    0.019636431738392947
2.5825531914893616    0.013442498151553094
2.5843617021276595    0.007345154592299029
2.5861702127659574    0.0014956654221935685
2.5879787234042553    -0.004129769573651807
2.589787234042553    -0.009627545514314108
2.591595744680851    -0.01506766884923248
2.593404255319149    -0.02043904962910409
2.595212765957447    -0.025653427339738452
2.5970212765957448    -0.030579802593790333
2.5988297872340427    -0.035068294710579574
2.6006382978723406    -0.03896067064338949
2.6024468085106385    -0.04212252579503476
2.6042553191489364    -0.04450926351321937
2.6060638297872343    -0.04621721741359391
2.607872340425532    -0.04745780785796378
2.60968085106383    -0.04846136273818357
2.6114893617021275    -0.04939564340623317
2.6132978723404254    -0.0503730064308612
2.6151063829787233    -0.05151770441780707
2.6169148936170212    -0.0529821091153256
2.618723404255319    -0.05484224279157494
2.620531914893617    -0.05694305674668337
2.622340425531915    -0.058857449506343966
2.624148936170213    -0.06005214313945543
2.6259574468085107    -0.06016273838827504
2.6277659574468086    -0.05915367444368796
2.6295744680851065    -0.05722218804988236
2.6313829787234044    -0.054542303454132794
2.6331914893617023    -0.05110742426271505
2.6350000000000002    -0.046840121275722006
2.636808510638298    -0.04186428460886887
2.638617021276596    -0.036647542076831914
2.6404255319148935    -0.0318229550942477
2.6422340425531914    -0.027805046449019946
2.6440425531914893    -0.024528337094381625
2.645851063829787    -0.021543200929635596
2.647659574468085    -0.01839067994468032
2.649468085106383    -0.01494113479825998
2.651276595744681    -0.011432022876268332
2.653085106382979    -0.008211054450930049
2.6548936170212767    -0.005427122853708539
2.6567021276595746    -0.002919886267627717
2.6585106382978725    -0.00036689435115307015
2.6603191489361704    0.0024585751865535553
2.6621276595744683    0.0055220460247886426
2.663936170212766    0.008551462995900115
2.665744680851064    0.01119493074618418
2.667553191489362    0.01318789363188191
2.6693617021276594    0.014447413342002582
2.6711702127659573    0.01509096310093953
2.6729787234042552    0.01540598142750333
2.674787234042553    0.015768601822979976
2.676595744680851    0.016499607576339288
2.678404255319149    0.01770272649243694
2.680212765957447    0.01919889705262757
2.6820212765957447    0.0206425612156591
2.6838297872340426    0.021764758809615627
2.6856382978723405    0.022557569039755122
2.6874468085106384    0.023239496529766042
2.6892553191489363    0.02401931743389825
2.6910638297872342    0.024848506353389345
2.692872340425532    0.025368273788340487
2.69468085106383    0.025114462482148374
2.696489361702128    0.023861831161225117
2.6982978723404254    0.021883933310755284
2.7001063829787233    0.019925672059711255
2.701914893617021    0.018838611188705015
2.703723404255319    0.019066849155235474
2.705531914893617    0.02034230707074018
2.707340425531915    0.02185831101554407
2.709148936170213    0.022823623704134294
2.7109574468085107    0.02295057095849351
2.7127659574468086    0.02247484659094278
2.7145744680851065    0.021756637480792228
2.7163829787234044    0.020919087992768724
2.7181914893617023    0.0198826444176132
2.72    0.018652027903410466
2.721808510638298    0.017404149624480086
2.723617021276596    0.016203212568210494
2.725425531914894    0.014704467642371793
2.7272340425531914    0.012312480371423414
2.7290425531914893    0.00874663101679727
2.730851063829787    0.004433811595693324
2.732659574468085    0.00026987374910174885
2.734468085106383    -0.0030351520650119734
2.736276595744681    -0.0053740648050297915
2.7380851063829788    -0.007073741292395591
2.7398936170212767    -0.008450167596485366
2.7417021276595746    -0.009613444365655852
2.7435106382978725    -0.010626328278376309
2.7453191489361704    -0.011661487207920197
2.7471276595744683    -0.012891577778884795
2.748936170212766    -0.014292625141658487
2.750744680851064    -0.015686288298451236
2.752553191489362    -0.016986962390586266
2.75436170212766    -0.018284877206342608
2.7561702127659573    -0.019599780241782064
2.757978723404255    -0.02063370456854286
2.759787234042553    -0.020933650463193607
2.761595744680851    -0.020363482951415116
2.763404255319149    -0.01932554221623964
2.765212765957447    -0.01841184756806373
2.7670212765957447    -0.017854828388263022
2.7688297872340426    -0.017414182435978275
2.7706382978723405    -0.016808247174043646
2.7724468085106384    -0.01612339319363986
2.7742553191489363    -0.015673077141725437
2.776063829787234    -0.015490843821819974
2.777872340425532    -0.015126577281749938
2.77968085106383    -0.01405506334981639
2.781489361702128    -0.01225129069102357
2.783297872340426    -0.010274984231125849
2.7851063829787237    -0.00877902824310477
2.786914893617021    -0.007990201429834379
2.788723404255319    -0.007663263153733772
2.790531914893617    -0.007422311100472163
2.792340425531915    -0.007038718804910322
2.7941489361702128    -0.006430745545569839
2.7959574468085107    -0.005585845545428483
2.7977659574468086    -0.004628292164330718
2.7995744680851065    -0.003921058578277153
2.8013829787234044    -0.003934496448129448
2.8031914893617023    -0.004889944722856107
2.805    -0.006526542098319243
2.806808510638298    -0.00827093807995977
2.808617021276596    -0.00967139945827063
2.810425531914894    -0.010690841026046897
2.8122340425531918    -0.011628532645739403
2.8140425531914897    -0.012809712541836698
2.815851063829787    -0.014331899532108776
2.817659574468085    -0.016014019467829297
2.819468085106383    -0.01751411004418112
2.821276595744681    -0.018534714366163576
2.8230851063829787    -0.019034455771283116
2.8248936170212766    -0.019313655535255176
2.8267021276595745    -0.01984994796196665
2.8285106382978724    -0.020950916644830075
2.8303191489361703    -0.02251541946720598
2.832127659574468    -0.024147904248276075
2.833936170212766    -0.025521894702414612
2.835744680851064    -0.02661629349032126
2.837553191489362    -0.027595332908706405
2.83936170212766    -0.028516784012916376
2.8411702127659577    -0.029235825564533576
2.8429787234042556    -0.029601634528593716
2.844787234042553    -0.029664734390301917
2.846595744680851    -0.02960469025195765
2.848404255319149    -0.029456152220434673
2.8502127659574468    -0.02898648908121326
2.8520212765957447    -0.027912017696617334
2.8538297872340426    -0.026235663971807485
2.8556382978723405    -0.024334396584174304
2.8574468085106384    -0.022692516027459118
2.8592553191489363    -0.021543482268179984
2.861063829787234    -0.020744974640989487
2.862872340425532    -0.019945472285393052
2.86468085106383    -0.018831206276176186
2.866489361702128    -0.017236598849733217
2.8682978723404258    -0.015101804715531335
2.8701063829787237    -0.012417606193910528
2.8719148936170216    -0.00926322645749621
2.873723404255319    -0.005890814122857786
2.875531914893617    -0.0027188257275278654
2.877340425531915    -0.00016548925883722032
2.8791489361702127    0.0015783899742352653
2.8809574468085106    0.002641286559913083
2.8827659574468085    0.00333037063799085
2.8845744680851064    0.0038858623854063725
2.8863829787234043    0.004371799270257631
2.8881914893617022    0.00479391767201629
2.89    0.005267058962581794
2.891808510638298    0.005993652781885602
2.893617021276596    0.007063377176638276
2.895425531914894    0.00833962841258837
2.8972340425531917    0.00960540706409001
2.8990425531914896    0.010786371955880758
2.9008510638297875    0.011932132783597631
2.902659574468085    0.01296132919479879
2.904468085106383    0.01356474439731706
2.906276595744681    0.013535579635182421
2.9080851063829787    0.013213390069172192
2.9098936170212766    0.01343124025841169
2.9117021276595745    0.014845097980093444
2.9135106382978724    0.017300307554860173
2.9153191489361703    0.01996543852755925
2.917127659574468    0.02213364717035604
2.918936170212766    0.023812662465558375
2.920744680851064    0.02547884526462437
2.922553191489362    0.0273828839388282
2.92436170212766    0.029306937810604394
2.9261702127659577    0.03103368309178295
2.9279787234042556    0.0328251267140167
2.9297872340425535    0.03519087515246143
2.931595744680851    0.0381949500205946
2.933404255319149    0.04122902050193335
2.9352127659574467    0.0436310382780678
2.9370212765957446    0.045424108714417294
2.9388297872340425    0.0472378437055353
2.9406382978723404    0.04947813461335761
2.9424468085106383    0.05176675253520867
2.9442553191489362    0.05334539483128721
2.946063829787234    0.053936438518913096
2.947872340425532    0.054005062869299875
2.94968085106383    0.05414966063165348
2.951489361702128    0.05442663629582868
2.9532978723404257    0.05442203717460396
2.9551063829787236    0.05387720631554513
2.9569148936170215    0.05300542459912637
2.9587234042553194    0.0521298316290483
2.960531914893617    0.051198634527075765
2.962340425531915    0.0498500730492628
2.9641489361702127    0.04791382204890483
2.9659574468085106    0.045651733708665265
2.9677659574468085    0.043420884696003095
2.9695744680851064    0.041215364671437535
2.9713829787234043    0.03865960492638078
2.973191489361702    0.0353944364493082
2.975    0.03133137579853196
2.976808510638298    0.026544980873985345
2.978617021276596    0.021113506553574128
2.980425531914894    0.015197920518622177
2.9822340425531917    0.009156567920734379
2.9840425531914896    0.0033456156769426162
2.9858510638297875    -0.0022548382422881014
2.9876595744680854    -0.008048387780781971
2.989468085106383    -0.014309145756632734
2.9912765957446807    -0.020735810921420243
2.9930851063829786    -0.026699537137934378
2.9948936170212765    -0.0319587034891152
2.9967021276595744    -0.036945756791031376
2.9985106382978723    -0.042199904718453626
3.0003191489361702    -0.04760301552707648
3.002127659574468    -0.052376542243024904
3.003936170212766    -0.055877746643211504
3.005744680851064    -0.05824524137160811
3.007553191489362    -0.06014768546440849
3.0093617021276597    -0.06200661697071497
3.0111702127659576    -0.06365410175910721
3.0129787234042555    -0.06474249257610984
3.0147872340425534    -0.06526017923825014
3.0165957446808513    -0.06548192764171001
3.0184042553191492    -0.06552973452015193
3.0202127659574467    -0.0652262061019275
3.0220212765957446    -0.06443031089685955
3.0238297872340425    -0.06331697151781396
3.0256382978723404    -0.06215258799731052
3.0274468085106383    -0.06088234077703236
3.029255319148936    -0.05916254221032556
3.031063829787234    -0.05685501866434138
3.032872340425532    -0.054307615375417506
3.03468085106383    -0.051982305753002986
3.036489361702128    -0.049880000800362256
3.0382978723404257    -0.04752893130760444
3.0401063829787236    -0.0445748234743894
3.0419148936170215    -0.04119732717751605
3.0437234042553194    -0.0377926135445571
3.0455319148936173    -0.034345566642242975
3.047340425531915    -0.030354322008175783
3.0491489361702127    -0.025460449793627347
3.0509574468085106    -0.020002650234609204
3.0527659574468085    -0.01477779866291376
3.0545744680851064    -0.010274517518558044
3.0563829787234043    -0.006278525658995723
3.058191489361702    -0.002260513585925567
3.06    0.0019807780971728235
3.061808510638298    0.006162456636313402
3.063617021276596    0.009917031130797171
3.0654255319148938    0.013186159323250932
3.0672340425531917    0.016189482154215357
3.0690425531914896    0.019126407756198036
3.0708510638297875    0.021994886668193967
3.0726595744680854    0.024631621243832943
3.0744680851063833    0.02681404599111573
3.076276595744681    0.028344082629085356
3.0780851063829786    0.02917507073730285
3.0798936170212765    0.029528508926384905
3.0817021276595744    0.029792620785813014
3.0835106382978723    0.03018618739661592
3.08531914893617    0.030544491026245697
3.087127659574468    0.03055152003648662
3.088936170212766    0.030194286720657607
3.090744680851064    0.029844754685121804
3.092553191489362    0.02978456543914419
3.0943617021276597    0.029747120418138855
3.0961702127659576    0.02913720413193051
3.0979787234042555    0.027766338539922882
3.0997872340425534    0.026213860445126382
3.1015957446808513    0.025287019013240406
3.103404255319149    0.025140909504313625
3.105212765957447    0.02507961536723863
3.1070212765957446    0.024279969419853175
3.1088297872340425    0.022604750957853238
3.1106382978723404    0.020617756547136257
3.1124468085106383    0.018896868618136938
3.114255319148936    0.017507735653498387
3.116063829787234    0.016160795731236025
3.117872340425532    0.014683791199201636
3.11968085106383    0.013165629870787704
3.1214893617021278    0.011701471038165694
3.1232978723404257    0.010210106716603575
3.1251063829787236    0.00859090025063881
3.1269148936170215    0.006928462334942187
3.1287234042553194    0.005382987355255055
3.1305319148936173    0.0039015845210447053
3.132340425531915    0.0021960311981900306
3.134148936170213    8.152169015835037e-05
3.1359574468085105    -0.0022523609842333924
3.1377659574468084    -0.004413891660935178
3.1395744680851063    -0.006223897244901279
3.141382978723404    -0.007855642581437351
3.143191489361702    -0.009550134644375605
3.145    -0.011302095547296635
3.146808510638298    -0.012910968364173577
3.148617021276596    -0.014282164943572992
3.1504255319148937    -0.015549982835576471
3.1522340425531916    -0.016866513169731943
3.1540425531914895    -0.0181506558048979
3.1558510638297874    -0.019121598648945533
3.1576595744680853    -0.01956496370176991
3.159468085106383    -0.01952118233707663
3.161276595744681    -0.019228840592160797
3.163085106382979    -0.018934260278294188
3.1648936170212765    -0.018744491937722402
3.1667021276595744    -0.018589014686385116
3.1685106382978723    -0.01829518350811927
3.17031914893617    -0.01777546721648831
3.172127659574468    -0.017213559738520012
3.173936170212766    -0.017010046237711615
3.175744680851064    -0.017408355480779583
3.1775531914893618    -0.018139513037987186
3.1793617021276597    -0.01856575426986716
3.1811702127659576    -0.018307456280047478
3.1829787234042555    -0.017687880600077713
3.1847872340425534    -0.017403812062933725
3.1865957446808513    -0.017710907681253336
3.188404255319149    -0.018076011888546614
3.190212765957447    -0.017774731786084075
3.192021276595745    -0.01676650474636656
3.1938297872340424    -0.01577486847513223
3.1956382978723403    -0.015424042141569474
3.1974468085106382    -0.01544811665945289
3.199255319148936    -0.01493611751189862
3.201063829787234    -0.013334384725522841
3.202872340425532    -0.011024274966425468
3.20468085106383    -0.008836523990620189
3.2064893617021277    -0.007149458405094265
3.2082978723404256    -0.0056488432454070495
3.2101063829787235    -0.0039350293552038555
3.2119148936170214    -0.002133453678947202
3.2137234042553193    -0.0007584314080849312
3.2155319148936172    -6.882053313753622e-05
3.217340425531915    0.0002609708064910475
3.219148936170213    0.0008045343971647329
3.220957446808511    0.0018462568333583343
3.2227659574468084    0.0032438709419619917
3.2245744680851063    0.004721383381021429
3.226382978723404    0.006169396260237447
3.228191489361702    0.007680107460564517
3.23    0.009423101744416606
3.231808510638298    0.011536680650767317
3.233617021276596    0.014027958559302644
3.2354255319148937    0.016656023958047314
3.2372340425531916    0.018946906099766604
3.2390425531914895    0.02046978349983935
3.2408510638297874    0.021176342105113176
3.2426595744680853    0.021415367630318642
3.244468085106383    0.021552561754317863
3.246276595744681    0.02161397195234864
3.248085106382979    0.021370056638137055
3.249893617021277    0.02073489433280555
3.251702127659575    0.01996503057883358
3.2535106382978722    0.01941977988605314
3.25531914893617    0.019210940430696655
3.257127659574468    0.019170180363929784
3.258936170212766    0.019104394240271515
3.260744680851064    0.01896069703489056
3.2625531914893617    0.018742010598428983
3.2643617021276596    0.018414820667899658
3.2661702127659575    0.018009002103249502
3.2679787234042554    0.017712379209009747
3.2697872340425533    0.01767952868928263
3.2715957446808512    0.017717099619806193
3.273404255319149    0.017329988694125935
3.275212765957447    0.016225825640407456
3.277021276595745    0.014703757931513364
3.278829787234043    0.013361796960560866
3.2806382978723407    0.012381922876745562
3.282446808510638    0.011265898086932975
3.284255319148936    0.009415222578167536
3.286063829787234    0.0068949412312498785
3.287872340425532    0.004437636643290915
3.28968085106383    0.0026497291468865593
3.2914893617021277    0.0013639945826345902
3.2932978723404256    -9.913360413066341e-05
3.2951063829787235    -0.0021087530572107506
3.2969148936170214    -0.004328304670205643
3.2987234042553193    -0.0061535121089177245
3.300531914893617    -0.007381340077186017
3.302340425531915    -0.008329558456400956
3.304148936170213    -0.009386229908039258
3.305957446808511    -0.010619946598965022
3.307765957446809    -0.011866223551852701
3.3095744680851067    -0.013049797296512011
3.311382978723404    -0.01429051347483062
3.313191489361702    -0.01572172418671296
3.315    -0.017303477634189244
3.316808510638298    -0.01881945762845225
3.3186170212765957    -0.019987447884143996
3.3204255319148936    -0.020590121013571366
3.3222340425531915    -0.02064091168344118
3.3240425531914894    -0.020515629310078696
3.3258510638297873    -0.02081536552639102
3.3276595744680852    -0.021899259250379086
3.329468085106383    -0.02349128747762132
3.331276595744681    -0.024871850348099505
3.333085106382979    -0.025565254694346177
3.334893617021277    -0.025774862669259744
3.3367021276595747    -0.026023021306799284
3.3385106382978726    -0.02640961460095403
3.34031914893617    -0.026424308108779108
3.342127659574468    -0.025583693159710676
3.343936170212766    -0.02409773611546939
3.345744680851064    -0.022691256092749235
3.3475531914893617    -0.021772275606030626
3.3493617021276596    -0.020987552148962762
3.3511702127659575    -0.019715911389952077
3.3529787234042554    -0.017848070876563028
3.3547872340425533    -0.015858232415005915
3.356595744680851    -0.014123190353660574
3.358404255319149    -0.012415010290326354
3.360212765957447    -0.010212428308478835
3.362021276595745    -0.007366099771049083
3.363829787234043    -0.004222353929364925
3.3656382978723407    -0.0011006377796984393
3.3674468085106386    0.0020942461805181787
3.369255319148936    0.005578054908746858
3.371063829787234    0.009160240300710255
3.372872340425532    0.01228532250661303
3.3746808510638298    0.01465443300118106
3.3764893617021277    0.016602890127679137
3.3782978723404256    0.018694164269003322
3.3801063829787235    0.021026487042824994
3.3819148936170214    0.02313590967086099
3.3837234042553193    0.024597663439283896
3.385531914893617    0.025528952275608637
3.387340425531915    0.02636714243144025
3.389148936170213    0.02727187620773176
3.390957446808511    0.027963019960927617
3.3927659574468088    0.028179183470678392
3.3945744680851067    0.02810943833352417
3.3963829787234046    0.028217377519991007
3.398191489361702    0.02869893909090127
3.4    0.029273873560900488
3.401808510638298    0.02954237227548338
3.4036170212765957    0.02942206557084259
3.4054255319148936    0.029144118343085442
3.4072340425531915    0.028889765643161463
3.4090425531914894    0.028552577079531755
3.4108510638297873    0.027859979140104827
3.412659574468085    0.026622525523622324
3.414468085106383    0.024815983363973258
3.416276595744681    0.022502840908478868
3.418085106382979    0.019771493440841014
3.419893617021277    0.016733935285651907
3.4217021276595747    0.013489679310354594
3.4235106382978726    0.010063523782047015
3.4253191489361705    0.006441604625371671
3.427127659574468    0.0027043699608580475
3.428936170212766    -0.0009402976188575686
3.4307446808510638    -0.004328516366232658
3.4325531914893617    -0.00750869948041996
3.4343617021276596    -0.010638074897951875
3.4361702127659575    -0.013699482287169983
3.4379787234042554    -0.016438151554268796
3.4397872340425533    -0.018679610134243456
3.441595744680851    -0.020653378810606214
3.443404255319149    -0.022850152982306714
3.445212765957447    -0.025494931187469504
3.447021276595745    -0.02824200675722733
3.4488297872340428    -0.030480725065552675
3.4506382978723407    -0.03191931613337615
3.4524468085106386    -0.032794774690478146
3.4542553191489365    -0.033530740700488046
3.456063829787234    -0.03430519484189622
3.457872340425532    -0.035001312582894975
3.4596808510638297    -0.03546912767316117
3.4614893617021276    -0.03568807154450869
3.4632978723404255    -0.03567786966836542
3.4651063829787234    -0.035399710059139416
3.4669148936170213    -0.03484460232492985
3.468723404255319    -0.03414804289046933
3.470531914893617    -0.033484441096539114
3.472340425531915    -0.03282862125488341
3.474148936170213    -0.0319186041218478
3.475957446808511    -0.030516225973868216
3.4777659574468087    -0.02865510344336345
3.4795744680851066    -0.02656976900825915
3.4813829787234045    -0.024418154048521178
3.4831914893617024    -0.022159243980956894
3.4850000000000003    -0.0196981155269651
3.4868085106382978    -0.017044237779675772
3.4886170212765957    -0.01426506113075375
3.4904255319148936    -0.011358210029829889
3.4922340425531915    -0.008274839315897436
3.4940425531914894    -0.005051521349388721
3.4958510638297873    -0.0018059130721487906
3.497659574468085    0.00143060800833671
3.499468085106383    0.004764845020308651
3.501276595744681    0.008231479835590754
3.503085106382979    0.011609248375760826
3.5048936170212768    0.014613413352543804
3.5067021276595747    0.017295390438971228
3.5085106382978726    0.020077515943388143
3.5103191489361705    0.02323758916627556
3.5121276595744684    0.026430349166229425
3.5139361702127663    0.02892149820021795
3.5157446808510637    0.030354940756925616
3.5175531914893616    0.03113184664554594
3.5193617021276595    0.031893262692814686
3.5211702127659574    0.03272676956129536
3.5229787234042553    0.033102227458786396
3.5247872340425532    0.03262021636637662
3.526595744680851    0.03159171661160391
3.528404255319149    0.03066981800616926
3.530212765957447    0.029995829658065826
3.532021276595745    0.028982556011300703
3.5338297872340427    0.027048404859305764
3.5356382978723406    0.02437876166149963
3.5374468085106385    0.021743741158688934
3.5392553191489364    0.019607658945018244
3.5410638297872343    0.0176533828436789
3.5428723404255322    0.01527872495514307
3.5446808510638297    0.012374556987181092
3.5464893617021276    0.009390272265430339
3.5482978723404255    0.006672233262245388
3.5501063829787234    0.0039942231344001385
3.5519148936170213    0.0008875718047612049
3.553723404255319    -0.0026981095272568083
3.555531914893617    -0.006275902626539081
3.557340425531915    -0.009370977661442879
3.559148936170213    -0.012009953714879916
3.560957446808511    -0.014559736312878668
3.5627659574468087    -0.017195247282925253
3.5645744680851066    -0.019702821195210687
3.5663829787234045    -0.02181583431105037
3.5681914893617024    -0.023584274695951323
3.5700000000000003    -0.02530251167315246
3.571808510638298    -0.027136556162141192
3.5736170212765956    -0.028940015980430483
3.5754255319148935    -0.03043071514408938
3.5772340425531914    -0.031433356022592965
3.5790425531914893    -0.03189821728541044
3.5808510638297872    -0.03177727810544996
3.582659574468085    -0.031004716285182088
3.584468085106383    -0.029600317102185005
3.586276595744681    -0.027693065858157888
3.588085106382979    -0.02538838473776099
3.5898936170212767    -0.022661943177118234
3.5917021276595746    -0.01944469698593436
3.5935106382978725    -0.015787461143143465
3.5953191489361704    -0.011872058033016684
3.5971276595744683    -0.007854829306348315
3.5989361702127662    -0.0037683501737610873
3.600744680851064    0.0003838011757034323
3.6025531914893616    0.004493793127049504
3.6043617021276595    0.008393746974326108
3.6061702127659574    0.012028271973481509
3.6079787234042553    0.01549617277643584
3.609787234042553    0.018866023020067242
3.611595744680851    0.021998167349186373
3.613404255319149    0.02463595357993719
3.615212765957447    0.02669042832524083
