0.0    0.0
0.0018085106382978724    0.0
0.003617021276595745    0.0
0.005425531914893617    0.0
0.00723404255319149    0.0
0.009042553191489363    0.0
0.010851063829787235    0.0
0.012659574468085107    0.0
0.01446808510638298    0.0
0.016276595744680853    0.0
0.018085106382978725    0.0
0.019893617021276597    0.0
0.02170212765957447    0.0
0.023510638297872342    0.0
0.025319148936170214    0.0
0.027127659574468086    0.0
0.02893617021276596    0.0
0.03074468085106383    0.0
0.032553191489361706    0.0
0.03436170212765958    0.0
0.03617021276595745    0.0
0.03797872340425532    0.0
0.039787234042553195    0.0
0.04159574468085107    0.0
0.04340425531914894    0.0
0.04521276595744681    0.0
0.047021276595744683    0.0
0.048829787234042556    0.0
0.05063829787234043    0.0
0.0524468085106383    0.0
0.05425531914893617    0.0
0.056063829787234044    0.0
0.05787234042553192    0.0
0.05968085106382979    0.0
0.06148936170212766    0.0
0.06329787234042554    0.0
0.06510638297872341    0.0
0.06691489361702128    0.0
0.06872340425531916    0.0
0.07053191489361703    0.0
0.0723404255319149    0.0
0.07414893617021277    0.0
0.07595744680851065    0.0
0.07776595744680852    0.0
0.07957446808510639    0.0
0.08138297872340426    0.0
0.08319148936170213    0.0
0.085    0.0
0.08680851063829788    0.0
0.08861702127659575    0.0
0.09042553191489362    0.0
0.0922340425531915    0.0
0.09404255319148937    0.0
0.09585106382978724    0.0
0.09765957446808511    0.0
0.09946808510638298    0.0
0.10127659574468086    0.0
0.10308510638297873    0.0
0.1048936170212766    0.0
0.10670212765957447    0.0
0.10851063829787234    0.0
0.11031914893617022    0.0
0.11212765957446809    0.0
0.11393617021276596    0.0
0.11574468085106383    0.0
0.1175531914893617    0.0
0.11936170212765958    0.0
0.12117021276595745    0.0
0.12297872340425532    0.0
0.1247872340425532    0.0
0.12659574468085108    0.0
0.12840425531914895    0.0
0.13021276595744682    0.0
0.1320212765957447    0.0
0.13382978723404257    0.0
0.13563829787234044    0.0
0.1374468085106383    0.0
0.13925531914893619    0.0
0.14106382978723406    0.0
0.14287234042553193    0.0
0.1446808510638298    0.0
0.14648936170212767    0.0
0.14829787234042555    0.0
0.15010638297872342    0.0
0.1519148936170213    0.0
0.15372340425531916    0.0
0.15553191489361703    0.0
0.1573404255319149    0.0
0.15914893617021278    0.0
0.16095744680851065    0.0
0.16276595744680852    0.0
0.1645744680851064    0.0
0.16638297872340427    0.0
0.16819148936170214    0.0
0.17    0.0
0.17180851063829788    0.0
0.17361702127659576    0.0
0.17542553191489363    0.0
0.1772340425531915    0.0
0.17904255319148937    0.0
0.18085106382978725    0.0
0.18265957446808512    2.5891897469404097e-198
0.184468085106383    5.664300171647662e-194
0.18627659574468086    3.746029251339873e-190
0.18808510638297873    1.1887082485035502e-186
0.1898936170212766    2.2170327285172336e-183
0.19170212765957448    2.726856392596838e-180
0.19351063829787235    2.3826037377170175e-177
0.19531914893617022    1.557958667599808e-174
0.1971276595744681    7.923148938063932e-172
0.19893617021276597    3.228108968441102e-169
0.20074468085106384    1.07874677785746e-166
0.2025531914893617    3.0137857747319376e-164
0.20436170212765958    7.151646946900061e-162
0.20617021276595746    1.460812211880115e-159
0.20797872340425533    2.5979057660253916e-157
0.2097872340425532    4.062228266751115e-155
0.21159574468085107    5.633036040391656e-153
0.21340425531914894    6.979679559058933e-151
0.21521276595744682    7.779445758246998e-149
0.2170212765957447    7.846485270290499e-147
0.21882978723404256    7.200179261700549e-145
0.22063829787234043    6.040250441988658e-143
0.2224468085106383    4.6528255270319416e-141
0.22425531914893618    3.3041982030809775e-139
0.22606382978723405    2.1711622887249613e-137
0.22787234042553192    1.3245084951889406e-135
0.2296808510638298    7.524853602095309e-134
0.23148936170212767    3.9926834271826087e-132
0.23329787234042554    1.9838416743811802e-130
0.2351063829787234    9.253262263258442e-129
0.23691489361702128    4.060932122963284e-127
0.23872340425531915    1.6804703330646774e-125
0.24053191489361703    6.570247641380856e-124
0.2423404255319149    2.431619613782935e-122
0.24414893617021277    8.53375854465688e-121
0.24595744680851064    2.84471343407439e-119
0.24776595744680852    9.02134812875969e-118
0.2495744680851064    2.7257273736935965e-116
0.25138297872340426    7.857416992521269e-115
0.25319148936170216    2.1639126197760195e-113
0.255    5.700441450110192e-112
0.2568085106382979    1.4381521356351578e-110
0.25861702127659575    3.4787390448734957e-109
0.26042553191489365    8.076605157725001e-108
0.2622340425531915    1.8016605063293025e-106
0.2640425531914894    3.865276954276267e-105
0.26585106382978724    7.982868086786023e-104
0.26765957446808514    1.5885358182586142e-102
0.269468085106383    3.048364549363169e-101
0.2712765957446809    5.645791559195778e-100
0.2730851063829787    1.0099784525474097e-98
0.2748936170212766    1.7464491477616063e-97
0.27670212765957447    2.921260970993066e-96
0.27851063829787237    4.729953561375906e-95
0.2803191489361702    7.418314860278808e-94
0.2821276595744681    1.12770145414971e-92
0.28393617021276596    1.6626146760701325e-91
0.28574468085106386    2.3787883273692347e-90
0.2875531914893617    3.30472545001039e-89
0.2893617021276596    4.4603617093419825e-88
0.29117021276595745    5.8518215668196905e-87
0.29297872340425535    7.466575733564455e-86
0.2947872340425532    9.269934754838417e-85
0.2965957446808511    1.1203784670682834e-83
0.29840425531914894    1.3188238310432125e-82
0.30021276595744684    1.5126456345798248e-81
0.3020212765957447    1.6912353794021288e-80
0.3038297872340426    1.8440358113056375e-79
0.3056382978723404    1.9615946903704435e-78
0.3074468085106383    2.0365471887917684e-77
0.30925531914893617    2.0643830483497114e-76
0.31106382978723407    2.0438872963430247e-75
0.3128723404255319    1.9771964950675083e-74
0.3146808510638298    1.8694749420340217e-73
0.31648936170212766    1.7282740615068899e-72
0.31829787234042556    1.5626820994486267e-71
0.3201063829787234    1.3823929331490833e-70
0.3219148936170213    1.1968205077191499e-69
0.32372340425531915    1.014362477131781e-68
0.32553191489361705    8.418801601383476e-68
0.3273404255319149    6.844206295513553e-67
0.3291489361702128    5.451687920215853e-66
0.33095744680851064    4.255886509643051e-65
0.33276595744680854    3.256965476454003e-64
0.3345744680851064    2.4440505913639637e-63
0.3363829787234043    1.7988214286705583e-62
0.3381914893617021    1.298825468190634e-61
0.34    9.202370801982451e-61
0.34180851063829787    6.399315163738533e-60
0.34361702127659577    4.368659392968554e-59
0.3454255319148936    2.9284470684098034e-58
0.3472340425531915    1.9279344418122612e-57
0.34904255319148936    1.2468140556035765e-56
0.35085106382978726    7.922317760480295e-56
0.3526595744680851    4.9468458266041414e-55
0.354468085106383    3.036073842187269e-54
0.35627659574468085    1.8318265641882966e-53
0.35808510638297875    1.0867325555136008e-52
0.3598936170212766    6.340209397238511e-52
0.3617021276595745    3.6383254093445016e-51
0.36351063829787233    2.0539462670759785e-50
0.36531914893617023    1.1408722748868255e-49
0.3671276595744681    6.236120027518584e-49
0.368936170212766    3.354971198092696e-48
0.3707446808510638    1.7767477833569052e-47
0.3725531914893617    9.263809064318158e-47
0.37436170212765957    4.756011050189267e-46
0.37617021276595747    2.4046211886764064e-45
0.3779787234042553    1.1974590583607467e-44
0.3797872340425532    5.874123379052035e-44
0.38159574468085106    2.8389035378664303e-43
0.38340425531914896    1.3518820931484468e-42
0.3852127659574468    6.343978346782243e-42
0.3870212765957447    2.9340806637040205e-41
0.38882978723404255    1.3375850155652741e-40
0.39063829787234045    6.011183537782022e-40
0.3924468085106383    2.6634029011815865e-39
0.3942553191489362    1.163589729377539e-38
0.39606382978723403    5.012976799669941e-38
0.39787234042553193    2.1299521298867106e-37
0.3996808510638298    8.92620236900407e-37
0.4014893617021277    3.690027946724749e-36
0.4032978723404255    1.5048764494110994e-35
0.4051063829787234    6.055101982200036e-35
0.40691489361702127    2.4039842883162938e-34
0.40872340425531917    9.418254709291217e-34
0.410531914893617    3.641463595146976e-33
0.4123404255319149    1.3895857427130808e-32
0.41414893617021276    5.234011707284466e-32
0.41595744680851066    1.9460731515216845e-31
0.4177659574468085    7.143202903683485e-31
0.4195744680851064    2.5886268835738767e-30
0.42138297872340424    9.262344817162124e-30
0.42319148936170214    3.2724944146585493e-29
0.425    1.1417576569672641e-28
0.4268085106382979    3.9340120281175275e-28
0.42861702127659573    1.3387299263055386e-27
0.43042553191489363    4.499598223697107e-27
0.4322340425531915    1.4938433482036667e-26
0.4340425531914894    4.8990645630422356e-26
0.4358510638297872    1.5871699644551912e-25
0.4376595744680851    5.07996152780033e-25
0.43946808510638297    1.6063783278436205e-24
0.44127659574468087    5.0189002024239386e-24
0.4430851063829787    1.5494039378001874e-23
0.4448936170212766    4.726474970879345e-23
0.44670212765957445    1.4247776822162364e-22
0.44851063829787235    4.244372440473445e-22
0.4503191489361702    1.2495547829286942e-21
0.4521276595744681    3.635720823613305e-21
0.45393617021276594    1.045529591018701e-20
0.45574468085106384    2.971727980369407e-20
0.4575531914893617    8.348803359089392e-20
0.4593617021276596    2.3184438184710407e-19
0.46117021276595743    6.364143646933025e-19
0.46297872340425533    1.726901170864974e-18
0.46478723404255323    4.632243001833202e-18
0.4665957446808511    1.2283522074628752e-17
0.468404255319149    3.2201251791320446e-17
0.4702127659574468    8.345465227319098e-17
0.4720212765957447    2.138282705468306e-16
0.47382978723404257    5.416570694627141e-16
0.47563829787234047    1.356549011486015e-15
0.4774468085106383    3.3589574693431078e-15
0.4792553191489362    8.223121559610247e-15
0.48106382978723405    1.9903819483751162e-14
0.48287234042553195    4.763289957953714e-14
0.4846808510638298    1.127070036040526e-13
0.4864893617021277    2.636753320549217e-13
0.48829787234042554    6.099064545729741e-13
0.49010638297872344    1.394862742611947e-12
0.4919148936170213    3.154078997357444e-12
0.4937234042553192    7.051536414148063e-12
0.49553191489361703    1.5586950854324846e-11
0.49734042553191493    3.40643253218997e-11
0.4991489361702128    7.360264708265372e-11
0.5009574468085106    1.5722973277441004e-10
0.5027659574468085    3.3205868384729406e-10
0.5045744680851064    6.933043883013507e-10
0.5063829787234043    1.4310363362710167e-09
0.5081914893617021    2.9199958763158166e-09
0.51    5.8898532981840305e-09
0.5118085106382979    1.1743610989228108e-08
0.5136170212765958    2.314496159576697e-08
0.5154255319148936    4.508685397715266e-08
0.5172340425531915    8.680832122098158e-08
0.5190425531914894    1.6518409081740486e-07
0.5208510638297873    3.106319201079558e-07
0.5226595744680851    5.772560736426877e-07
0.524468085106383    1.060002658460549e-06
0.5262765957446809    1.9232273562607983e-06
0.5280851063829788    3.447516785664448e-06
0.5298936170212766    6.105181789891718e-06
0.5317021276595745    1.0679943913852819e-05
0.5335106382978724    1.8453400225521918e-05
0.5353191489361703    3.149029906175671e-05
0.5371276595744681    5.306679062380123e-05
0.538936170212766    8.830062830888531e-05
0.5407446808510639    0.00014505921144584462
0.5425531914893618    0.00023523885692432726
0.5443617021276596    0.0003765238484591126
0.5461702127659575    0.0005947418324925022
0.5479787234042554    0.0009269258892065971
0.5497872340425533    0.0014251634801029788
0.551595744680851    0.0021612466189856673
0.5534042553191489    0.003232023058350762
0.5552127659574468    0.004765173134995672
0.5570212765957447    0.006924893971157026
0.5588297872340425    0.009916664537674825
0.5606382978723404    0.013989910211858797
0.5624468085106383    0.01943702498875497
0.5642553191489362    0.026586912245990406
0.566063829787234    0.03579106898950199
0.5678723404255319    0.047400386050927085
0.5696808510638298    0.06173139946818318
0.5714893617021277    0.07902182102796695
0.5732978723404255    0.09937685841005645
0.5751063829787234    0.12271006594266631
0.5769148936170213    0.14868505645050434
0.5787234042553192    0.17666698323380753
0.580531914893617    0.20569471576923642
0.5823404255319149    0.23448539243390892
0.5841489361702128    0.2614818167072052
0.5859574468085107    0.28494938711128165
0.5877659574468085    0.30312268738913944
0.5895744680851064    0.3143928595125323
0.5913829787234043    0.31751652470962094
0.5931914893617022    0.31181716237242046
0.595    0.29734295248229065
0.5968085106382979    0.2749437562737856
0.5986170212765958    0.24623630298055293
0.6004255319148937    0.2134416803321174
0.6022340425531915    0.17910186579186627
0.6040425531914894    0.14570892541373398
0.6058510638297873    0.11530611917404793
0.6076595744680852    0.08913766171975757
0.609468085106383    0.06742674269485927
0.6112765957446809    0.04934532752961794
0.6130851063829788    0.03320415018226827
0.6148936170212767    0.01684247947005224
0.6167021276595744    -0.001854774389221988
0.6185106382978723    -0.02442637247843646
0.6203191489361702    -0.05142115595551554
0.6221276595744681    -0.08221553213868181
0.6239361702127659    -0.11512498292383862
0.6257446808510638    -0.14779698111790507
0.6275531914893617    -0.17779193619825256
0.6293617021276596    -0.20319708648990698
0.6311702127659574    -0.2230975610700463
0.6329787234042553    -0.23776086301504223
0.6347872340425532    -0.24847143612986328
0.6365957446808511    -0.2570593071803748
0.6384042553191489    -0.26526749203481764
0.6402127659574468    -0.2741616696204973
0.6420212765957447    -0.2837783434013557
0.6438297872340426    -0.2931316063400226
0.6456382978723404    -0.3005761559794596
0.6474468085106383    -0.30439729867772597
0.6492553191489362    -0.3034145334879263
0.6510638297872341    -0.29737828208887046
0.6528723404255319    -0.2870159747272815
0.6546808510638298    -0.2737176044489725
0.6564893617021277    -0.2589908295976741
0.6582978723404256    -0.2439052698818
0.6601063829787234    -0.22874662915121957
0.6619148936170213    -0.213011385745352
0.6637234042553192    -0.19572867033437258
0.6655319148936171    -0.17595902920312367
0.6673404255319149    -0.15324985276838304
0.6691489361702128    -0.12785525323805802
0.6709574468085107    -0.10064086644478154
0.6727659574468086    -0.07273894734773484
0.6745744680851063    -0.045128486237696344
0.6763829787234042    -0.018338259634194456
0.6781914893617021    0.0076007975047501335
0.68    0.03295565461453362
0.6818085106382978    0.05796458768863563
0.6836170212765957    0.08255560391762226
0.6854255319148936    0.10624179821081098
0.6872340425531915    0.12822158326537933
0.6890425531914893    0.14760342051509648
0.6908510638297872    0.1636216097084904
0.6926595744680851    0.17573750518715467
0.694468085106383    0.18360677246103188
0.6962765957446809    0.18698171527095417
0.6980851063829787    0.18565296701619607
0.6998936170212766    0.17949702256296754
0.7017021276595745    0.16861318931140243
0.7035106382978724    0.15346330056684646
0.7053191489361702    0.13491908980022418
0.7071276595744681    0.11418199703048343
0.708936170212766    0.09262596703057419
0.7107446808510639    0.07166183718699462
0.7125531914893617    0.05269231056116873
0.7143617021276596    0.03713519125765405
0.7161702127659575    0.026405869769371093
0.7179787234042554    0.021741385045310646
0.7197872340425532    0.023843566684411892
0.7215957446808511    0.0324684537453522
0.723404255319149    0.046192578715278425
0.7252127659574469    0.0625566844415329
0.7270212765957447    0.07861621932991134
0.7288297872340426    0.09170561119951737
0.7306382978723405    0.10008892911142703
0.7324468085106384    0.10322037667807235
0.7342553191489362    0.10155629558911042
0.7360638297872341    0.09611236298871378
0.737872340425532    0.08807787660503666
0.7396808510638299    0.07869775061305403
0.7414893617021276    0.06937818311227947
0.7432978723404255    0.06174897943215976
0.7451063829787234    0.05740400641938595
0.7469148936170213    0.05728005880869867
0.7487234042553191    0.06097355754115083
0.750531914893617    0.06648215416632414
0.7523404255319149    0.07071590495955371
0.7541489361702128    0.07068954631726856
0.7559574468085106    0.06484372790927886
0.7577659574468085    0.05377049295403019
0.7595744680851064    0.0398954641215873
0.7613829787234043    0.026259082629357
0.7631914893617021    0.015075710479618608
0.765    0.006874953227805219
0.7668085106382979    0.0006474762739362349
0.7686170212765958    -0.005224191014173159
0.7704255319148936    -0.011937143206613265
0.7722340425531915    -0.019805918845479567
0.7740425531914894    -0.028548300856575753
0.7758510638297873    -0.03792499652302875
0.7776595744680851    -0.04810480739941879
0.779468085106383    -0.05940991301750172
0.7812765957446809    -0.07166962132373968
0.7830851063829788    -0.08380902468032987
0.7848936170212766    -0.09417544799392534
0.7867021276595745    -0.10152110127703938
0.7885106382978724    -0.10596226868748547
0.7903191489361703    -0.10912441810991429
0.7921276595744681    -0.11320963815404071
0.793936170212766    -0.11953398845952361
0.7957446808510639    -0.12755831219230118
0.7975531914893618    -0.13516547947907714
0.7993617021276596    -0.14006359420573866
0.8011702127659575    -0.14134867421033404
0.8029787234042554    -0.14009689126949598
0.8047872340425533    -0.13854066595536257
0.806595744680851    -0.13842901572084354
0.808404255319149    -0.1397897164718132
0.8102127659574468    -0.14101026607442552
0.8120212765957447    -0.1401478020127973
0.8138297872340425    -0.1364362250945107
0.8156382978723404    -0.13081999934045507
0.8174468085106383    -0.12512510603038374
0.8192553191489362    -0.12056429360950194
0.821063829787234    -0.11679788153763013
0.8228723404255319    -0.11230691545968319
0.8246808510638298    -0.1057536131584435
0.8264893617021277    -0.09718539401576695
0.8282978723404255    -0.08806022043199824
0.8301063829787234    -0.0800437774654103
0.8319148936170213    -0.07355808495176538
0.8337234042553192    -0.06729223159365186
0.835531914893617    -0.059115451800519414
0.8373404255319149    -0.047687756245455945
0.8391489361702128    -0.033489217070773056
0.8409574468085107    -0.018462723984324747
0.8427659574468085    -0.0045922599165582265
0.8445744680851064    0.007418412765974972
0.8463829787234043    0.018336045539998132
0.8481914893617022    0.02940263241656907
0.85    0.041076656903788505
0.8518085106382979    0.05258812837576893
0.8536170212765958    0.06261938592328603
0.8554255319148937    0.07043391196243048
0.8572340425531915    0.07643088207811125
0.8590425531914894    0.08167970206874747
0.8608510638297873    0.08693471409669393
0.8626595744680852    0.0920750394900696
0.864468085106383    0.09646288129763475
0.8662765957446809    0.09980564713794213
0.8680851063829788    0.10261063374145676
0.8698936170212767    0.10572037830427605
0.8717021276595744    0.10934619014456667
0.8735106382978723    0.1125831561675398
0.8753191489361702    0.11400714723960645
0.8771276595744681    0.11292722320614137
0.8789361702127659    0.11015024953612382
0.8807446808510638    0.10743937681515653
0.8825531914893617    0.10600304073597991
0.8843617021276596    0.105311718835078
0.8861702127659574    0.10337649185419454
0.8879787234042553    0.09838620947068336
0.8897872340425532    0.09034570231677716
0.8915957446808511    0.08124097269056002
0.8934042553191489    0.07347109411103298
0.8952127659574468    0.06782080794663117
0.8970212765957447    0.06273891420028649
0.8988297872340426    0.05563557192096065
0.9006382978723404    0.045174538860960095
0.9024468085106383    0.03262065075185208
0.9042553191489362    0.02104420732930648
0.9060638297872341    0.012984571956348272
0.9078723404255319    0.008495944006305937
0.9096808510638298    0.005193542906015569
0.9114893617021277    0.00024205944463209002
0.9132978723404256    -0.007384145512944752
0.9151063829787234    -0.01622038019600069
0.9169148936170213    -0.023690490391998584
0.9187234042553192    -0.02830532633461044
0.9205319148936171    -0.03082963483477549
0.9223404255319149    -0.03352150368667822
0.9241489361702128    -0.03818596692253172
0.9259574468085107    -0.04470101583040162
0.9277659574468086    -0.051165862750935986
0.9295744680851065    -0.055422691833402524
0.9313829787234043    -0.056636856652420256
0.9331914893617022    -0.055714704877365503
0.935    -0.05438397250236905
0.936808510638298    -0.0538080549922061
0.9386170212765957    -0.05383248180469516
0.9404255319148936    -0.05332197222952284
0.9422340425531915    -0.05117351108822141
0.9440425531914894    -0.047176190252577535
0.9458510638297872    -0.04213728500485768
0.9476595744680851    -0.037287266519926074
0.949468085106383    -0.033443013475125016
0.9512765957446809    -0.030493583140471875
0.9530851063829787    -0.027519453334332117
0.9548936170212766    -0.023459083590452942
0.9567021276595745    -0.01789895106505359
0.9585106382978724    -0.011453877850808526
0.9603191489361702    -0.005426315847249716
0.9621276595744681    -0.0009205330672844465
0.963936170212766    0.001961298477560506
0.9657446808510639    0.004187412294607829
0.9675531914893617    0.0070037878603470775
0.9693617021276596    0.010884855582499938
0.9711702127659575    0.015129228768293696
0.9729787234042554    0.018513005685623612
0.9747872340425532    0.020477141516671953
0.9765957446808511    0.02177116159798368
0.978404255319149    0.023882813959417423
0.9802127659574469    0.027673980034836343
0.9820212765957447    0.032442236497537864
0.9838297872340426    0.036337935229825764
0.9856382978723405    0.037867755465944376
0.9874468085106384    0.03717917934846609
0.9892553191489362    0.03594376226700454
0.9910638297872341    0.03589376500121771
0.992872340425532    0.037306073045240536
0.9946808510638299    0.038804784028445026
0.9964893617021277    0.03866193689150025
0.9982978723404256    0.03640226350454049
1.0001063829787233    0.033241945579164746
1.0019148936170212    0.03097536952321655
1.0037234042553191    0.030356148995229516
1.005531914893617    0.03046573970419711
1.007340425531915    0.02962504342815319
1.0091489361702128    0.026977805847015278
1.0109574468085107    0.023287520701885625
1.0127659574468086    0.02025283419351042
1.0145744680851063    0.01900818468493177
1.0163829787234042    0.019170691336222193
1.0181914893617021    0.01923184582083859
1.02    0.017860158538561627
1.021808510638298    0.014927070069762287
1.0236170212765958    0.01141973367313897
1.0254255319148937    0.008446233356521282
1.0272340425531916    0.0062873713897169635
1.0290425531914893    0.004287083857557756
1.0308510638297872    0.00155393548232826
1.032659574468085    -0.0022387671033713475
1.034468085106383    -0.006648695272569512
1.036276595744681    -0.010944766301447955
1.0380851063829788    -0.014764936357182228
1.0398936170212767    -0.01835839944122756
1.0417021276595746    -0.022243489339822585
1.0435106382978723    -0.026629586336989843
1.0453191489361702    -0.03112653389056521
1.047127659574468    -0.03499124603920704
1.048936170212766    -0.03769594303933065
1.0507446808510639    -0.03933253561307223
1.0525531914893618    -0.0405078879231442
1.0543617021276597    -0.04181936463091344
1.0561702127659576    -0.043367915670923275
1.0579787234042553    -0.04474131222409613
1.0597872340425532    -0.04547841781681879
1.061595744680851    -0.04556828423710394
1.063404255319149    -0.045482804159450406
1.0652127659574468    -0.045683147906237946
1.0670212765957447    -0.04608203605372239
1.0688297872340426    -0.04603499703601293
1.0706382978723405    -0.04492619308025068
1.0724468085106382    -0.04278048233913665
1.0742553191489361    -0.040243473937700135
1.076063829787234    -0.03789014686697837
1.077872340425532    -0.035558964546215426
1.0796808510638298    -0.032465546597552485
1.0814893617021277    -0.028079272614420267
1.0832978723404256    -0.022894660960243375
1.0851063829787235    -0.01822469401823818
1.0869148936170212    -0.015091756078151289
1.088723404255319    -0.013268298674159879
1.090531914893617    -0.011470966997308693
1.092340425531915    -0.008594705823095159
1.0941489361702128    -0.004791225644355556
1.0959574468085107    -0.0012994997787623766
1.0977659574468086    0.0008164923644808197
1.0995744680851065    0.0017395272080273731
1.1013829787234042    0.0026832044439414086
1.103191489361702    0.0046298380382715715
1.105    0.007358127016360942
1.1068085106382979    0.009777883698140928
1.1086170212765958    0.011184238946777631
1.1104255319148937    0.012056207167983238
1.1122340425531916    0.013525308637475909
1.1140425531914895    0.016093735134266488
1.1158510638297872    0.019007302050179444
1.117659574468085    0.020978195653196394
1.119468085106383    0.02147737082389904
1.1212765957446809    0.021195130198584277
1.1230851063829788    0.021187984340277608
1.1248936170212767    0.02167772724414895
1.1267021276595746    0.021843142799592038
1.1285106382978725    0.020830873787200308
1.1303191489361701    0.018848594760343475
1.132127659574468    0.01710838089762907
1.133936170212766    0.0166645414879724
1.1357446808510638    0.017411885457179078
1.1375531914893617    0.018319513381782244
1.1393617021276596    0.01860188583260797
1.1411702127659575    0.018520796220184845
1.1429787234042554    0.018981520257077982
1.1447872340425531    0.020464012221724424
1.146595744680851    0.02253519064630999
1.148404255319149    0.02444520454623723
1.1502127659574468    0.02602238437656149
1.1520212765957447    0.027763377016481437
1.1538297872340426    0.030023891599341577
1.1556382978723405    0.03233725673385589
1.1574468085106384    0.03376830829356249
1.1592553191489363    0.03396411947613373
1.161063829787234    0.033665426757834044
1.162872340425532    0.03399762577901838
1.1646808510638298    0.03526908564930707
1.1664893617021277    0.03662343018289051
1.1682978723404256    0.03695551881481132
1.1701063829787235    0.03606016346729857
1.1719148936170214    0.03471757292819634
1.1737234042553193    0.03366425080642635
1.175531914893617    0.03270689755375708
1.1773404255319149    0.031054120773573557
1.1791489361702128    0.02845464272655103
1.1809574468085107    0.025704517805136808
1.1827659574468086    0.023794044880353277
1.1845744680851065    0.02263198503884397
1.1863829787234044    0.020921885414003548
1.1881914893617023    0.017512690501844348
1.19    0.0127797945635689
1.1918085106382978    0.008407343314281602
1.1936170212765957    0.005682107651304712
1.1954255319148936    0.0041474322691108165
1.1972340425531915    0.002157208224357045
1.1990425531914894    -0.001240038326204423
1.2008510638297873    -0.005200670587602672
1.2026595744680852    -0.00804412575505351
1.204468085106383    -0.009205189982689143
1.2062765957446808    -0.009935130040815856
1.2080851063829787    -0.011891150469421284
1.2098936170212766    -0.015177891452666866
1.2117021276595745    -0.0180905642788161
1.2135106382978724    -0.0189150565238524
1.2153191489361703    -0.01778894247250125
1.2171276595744682    -0.01651993981380443
1.218936170212766    -0.016560517688807515
1.2207446808510638    -0.017438205208822798
1.2225531914893617    -0.01742405651444426
1.2243617021276596    -0.01565881440061899
1.2261702127659575    -0.013282525530405632
1.2279787234042554    -0.01225810228083938
1.2297872340425533    -0.013229673309125712
1.2315957446808512    -0.014858834276337392
1.2334042553191489    -0.015369845091996442
1.2352127659574468    -0.014499147899003539
1.2370212765957447    -0.013623229237923543
1.2388297872340426    -0.014000318246677738
1.2406382978723405    -0.015262144763051318
1.2424468085106384    -0.01595290441638129
1.2442553191489363    -0.015444285836042026
1.2460638297872342    -0.01488294616572378
1.2478723404255319    -0.01595104685603794
1.2496808510638298    -0.0188420691554068
1.2514893617021277    -0.021871291011436034
1.2532978723404256    -0.02329591335530213
1.2551063829787235    -0.02332210704341319
1.2569148936170214    -0.02397195110278886
1.2587234042553193    -0.026887916156199003
1.2605319148936172    -0.03151958918598887
1.2623404255319148    -0.03572447246788272
1.2641489361702127    -0.03807792244491252
1.2659574468085106    -0.03927041414303537
1.2677659574468085    -0.0410662293592274
1.2695744680851064    -0.04411241816324484
1.2713829787234043    -0.047157873764755144
1.2731914893617022    -0.04853380915013416
1.2750000000000001    -0.048095067682202196
1.2768085106382978    -0.047327279335673995
1.2786170212765957    -0.047528607153070314
1.2804255319148936    -0.04825514403819887
1.2822340425531915    -0.047891824115828104
1.2840425531914894    -0.04567696659586629
1.2858510638297873    -0.042764136994393916
1.2876595744680852    -0.04101066250047115
1.289468085106383    -0.04084756834616899
1.2912765957446808    -0.040690545410016925
1.2930851063829787    -0.038600561810104246
1.2948936170212766    -0.03432954330382263
1.2967021276595745    -0.029467420843145915
1.2985106382978724    -0.025599402282214467
1.3003191489361703    -0.0226270020017231
1.3021276595744682    -0.01913095290727062
1.303936170212766    -0.014242764052686464
1.3057446808510638    -0.008777937180694303
1.3075531914893617    -0.004322325922457787
1.3093617021276596    -0.0013929321807845682
1.3111702127659575    0.0011406549486806376
1.3129787234042554    0.004692691662281628
1.3147872340425533    0.009248485770529507
1.3165957446808512    0.013290005654166019
1.318404255319149    0.015444269630349458
1.3202127659574467    0.015974011773700163
1.3220212765957446    0.016450249547634188
1.3238297872340425    0.01803431764276793
1.3256382978723404    0.020322161994864772
1.3274468085106383    0.02197184800261824
1.3292553191489362    0.022281773312500308
1.3310638297872341    0.021892035926560208
1.332872340425532    0.021898562761389934
1.3346808510638297    0.022506391763329386
1.3364893617021276    0.022786926428605712
1.3382978723404255    0.02174568432374535
1.3401063829787234    0.019414827844644225
1.3419148936170213    0.016757246067455885
1.3437234042553192    0.014605915170479794
1.3455319148936171    0.01292467330972924
1.347340425531915    0.011181502759393103
1.3491489361702127    0.009262653125473502
1.3509574468085106    0.007765686911337836
1.3527659574468085    0.0073268894022019
1.3545744680851064    0.007822532615853419
1.3563829787234043    0.008424658991523412
1.3581914893617022    0.008468815312125686
1.36    0.008142992068668907
1.361808510638298    0.008230959774554817
1.3636170212765957    0.009235486996141707
1.3654255319148936    0.010882477463057849
1.3672340425531915    0.012520525748452091
1.3690425531914894    0.01389606301931024
1.3708510638297873    0.015401099553311008
1.3726595744680852    0.017549586070558475
1.374468085106383    0.020330184557636584
1.376276595744681    0.023186582565357702
1.3780851063829787    0.025623045476424848
1.3798936170212766    0.027723433355798285
1.3817021276595745    0.030001760330971697
1.3835106382978724    0.03277586499159947
1.3853191489361703    0.03577010431217964
1.3871276595744682    0.03835470172181345
1.388936170212766    0.04010836384511775
1.390744680851064    0.04107845678867604
1.3925531914893619    0.04152037966497375
1.3943617021276595    0.04150324190391272
1.3961702127659574    0.040866791880243086
1.3979787234042553    0.03953316952811106
1.3997872340425532    0.03772633106497658
1.4015957446808511    0.03577924815342691
1.403404255319149    0.033750721801706865
1.405212765957447    0.03135661158077209
1.4070212765957448    0.028369910959545164
1.4088297872340425    0.02505087715477778
1.4106382978723404    0.0220524273778816
1.4124468085106383    0.019805226266226383
1.4142553191489362    0.018019522079484658
1.416063829787234    0.01589962336694186
1.417872340425532    0.01292951172960272
1.41968085106383    0.009438009751593816
1.4214893617021278    0.006330654132140741
1.4232978723404255    0.0042338152371201605
1.4251063829787234    0.002920119684586115
1.4269148936170213    0.0015901577292851158
1.4287234042553192    -0.0003119632272210505
1.430531914893617    -0.002600535702993143
1.432340425531915    -0.004626467620477246
1.4341489361702129    -0.005945391991984775
1.4359574468085108    -0.006631858099966359
1.4377659574468085    -0.006975563133131619
1.4395744680851064    -0.0070115246629844155
1.4413829787234043    -0.006468228546995129
1.4431914893617022    -0.005169705591792969
1.445    -0.003385710404549694
1.446808510638298    -0.0017108979541104541
1.4486170212765959    -0.0006124169964786337
1.4504255319148938    -0.00012897985726872192
1.4522340425531914    3.0454500310554152e-05
1.4540425531914893    0.00019966573501718995
1.4558510638297872    0.0006080597382374666
1.4576595744680851    0.0014110597349292126
1.459468085106383    0.002691726795753522
1.461276595744681    0.004353997975956078
1.4630851063829788    0.006090867262247338
1.4648936170212767    0.007576718783853804
1.4667021276595744    0.008708736187699437
1.4685106382978723    0.009578806595047132
1.4703191489361702    0.010171074550754396
1.4721276595744681    0.010184452175881084
1.473936170212766    0.009294919638307687
1.475744680851064    0.007612273705935202
1.4775531914893618    0.005742099235657968
1.4793617021276597    0.004255707756526965
1.4811702127659574    0.003103936728695825
1.4829787234042553    0.0016713369304724949
1.4847872340425532    -0.0005337960348602545
1.486595744680851    -0.0033290597612059083
1.488404255319149    -0.0060990086151810115
1.490212765957447    -0.00854589877006557
1.4920212765957448    -0.011038516463041922
1.4938297872340427    -0.014123004703877274
1.4956382978723404    -0.017794622581419377
1.4974468085106383    -0.02144585598013368
1.4992553191489362    -0.02457647085135384
1.501063829787234    -0.027381949078642494
1.502872340425532    -0.03045691704283616
1.5046808510638299    -0.03395508357672811
1.5064893617021278    -0.03726953293881648
1.5082978723404257    -0.039691161621234594
1.5101063829787233    -0.04127102045386692
1.5119148936170212    -0.042791106524606215
1.5137234042553191    -0.04479823401261694
1.515531914893617    -0.046829522878946275
1.517340425531915    -0.04779617071785522
1.5191489361702128    -0.04713855155960679
1.5209574468085107    -0.0454372670441333
1.5227659574468086    -0.04378965683476266
1.5245744680851063    -0.04269203909889446
1.5263829787234042    -0.04169287079403579
1.5281914893617021    -0.04011312656416245
1.53    -0.03788761876369502
1.531808510638298    -0.03555192313328248
1.5336170212765958    -0.03352166811695961
1.5354255319148937    -0.031632641346697965
1.5372340425531916    -0.029459327000575818
1.5390425531914893    -0.02688973389513797
1.5408510638297872    -0.024176909246226903
1.542659574468085    -0.02147654460636219
1.544468085106383    -0.018589659843376946
1.546276595744681    -0.015293020293897314
1.5480851063829788    -0.011750446499206459
1.5498936170212767    -0.008326115322547772
1.5517021276595746    -0.004962971973447243
1.5535106382978723    -0.001008257435854405
1.5553191489361702    0.004101483060085893
1.557127659574468    0.010034501371143523
1.558936170212766    0.0156885192020022
1.5607446808510639    0.020234099154133624
1.5625531914893618    0.023891726207447523
1.5643617021276597    0.027506550929518907
1.5661702127659576    0.03144329860910133
1.5679787234042553    0.03518909167970291
1.5697872340425532    0.038179722711764244
1.571595744680851    0.04079104497863707
1.573404255319149    0.0441522450670061
1.5752127659574469    0.048871949841015436
1.5770212765957448    0.05417344610927703
1.5788297872340427    0.058530760215018796
1.5806382978723406    0.061124934061994235
1.5824468085106382    0.06246258584611861
1.5842553191489361    0.0635194285563776
1.586063829787234    0.06452723177138284
1.587872340425532    0.0648620919341226
1.5896808510638298    0.06405291527693574
1.5914893617021277    0.06255146967069572
1.5932978723404256    0.061284983263791115
1.5951063829787235    0.06059192059480273
1.5969148936170212    0.0598892703482303
1.5987234042553191    0.05843939598136644
1.600531914893617    0.05620127008956784
1.602340425531915    0.053734604564063454
1.6041489361702128    0.051411019032249886
1.6059574468085107    0.04903760354902843
1.6077659574468086    0.04633190231488603
1.6095744680851065    0.043472719773436294
1.6113829787234042    0.040864320949607125
1.613191489361702    0.03840694243668656
1.615    0.035358908005784714
1.616808510638298    0.031153527702962647
1.6186170212765958    0.026202030398211777
1.6204255319148937    0.02158338865420268
1.6222340425531916    0.01788078738928183
1.6240425531914895    0.014560421084514746
1.6258510638297874    0.010681436767043036
1.627659574468085    0.006079606637500443
1.629468085106383    0.0015707064743007253
1.6312765957446809    -0.002043643106006498
1.6330851063829788    -0.004886544061053001
1.6348936170212767    -0.007710959606257603
1.6367021276595746    -0.010869062426390658
1.6385106382978725    -0.01395158943817422
1.6403191489361704    -0.01655952890411582
1.642127659574468    -0.019104404479758412
1.643936170212766    -0.02244656227943965
1.6457446808510638    -0.02673717110330668
1.6475531914893617    -0.030987240889419947
1.6493617021276596    -0.03405559975159011
1.6511702127659575    -0.03592458216192016
1.6529787234042554    -0.03767692472526984
1.6547872340425533    -0.0401614457495219
1.656595744680851    -0.04298003956680591
1.658404255319149    -0.045041242224633425
1.6602127659574468    -0.04597166498749445
1.6620212765957447    -0.046622109480309475
1.6638297872340426    -0.048069387181409164
1.6656382978723405    -0.05039282493853501
1.6674468085106384    -0.0527187227908859
1.6692553191489363    -0.05437155063078184
1.671063829787234    -0.05561985080917497
1.672872340425532    -0.057152910559828456
1.6746808510638298    -0.059124071550293596
1.6764893617021277    -0.06108056426293911
1.6782978723404256    -0.0627922682222033
1.6801063829787235    -0.06472198938413853
1.6819148936170214    -0.06738753345693749
1.6837234042553193    -0.07045271257055946
1.685531914893617    -0.07285743599948755
1.6873404255319149    -0.07394685276465407
1.6891489361702128    -0.07417023941091158
1.6909574468085107    -0.0744068799970534
1.6927659574468086    -0.07477248877444845
1.6945744680851065    -0.07448980613231507
1.6963829787234044    -0.07303306262717477
1.6981914893617023    -0.07103511632033721
1.7    -0.06967717160478079
1.7018085106382979    -0.06924289002362721
1.7036170212765958    -0.06867202657265378
1.7054255319148937    -0.06673494992264722
1.7072340425531916    -0.06338712104686481
1.7090425531914895    -0.05962534293837267
1.7108510638297874    -0.056090402227810074
1.7126595744680853    -0.052259089380401386
1.714468085106383    -0.047261465583725876
1.7162765957446808    -0.04120517402395811
1.7180851063829787    -0.03521902434740233
1.7198936170212766    -0.030129328237420677
1.7217021276595745    -0.02551012177041688
1.7235106382978724    -0.020372469212815485
1.7253191489361703    -0.01458700824830271
1.7271276595744682    -0.009143075424566032
1.728936170212766    -0.004880192417635232
1.7307446808510638    -0.0013760053690743046
1.7325531914893617    0.002498934417159185
1.7343617021276596    0.007064419265680147
1.7361702127659575    0.011386385737280066
1.7379787234042554    0.014561284930545544
1.7397872340425533    0.01705828029611175
1.7415957446808512    0.020272972208165763
1.7434042553191489    0.024756132346703777
1.7452127659574468    0.029395969506105964
1.7470212765957447    0.03270608937571234
1.7488297872340426    0.034660611361690054
1.7506382978723405    0.036726711517199424
1.7524468085106384    0.039982922204735115
1.7542553191489363    0.0436673619718124
1.7560638297872342    0.04600570491929872
1.7578723404255319    0.046306014812485106
1.7596808510638298    0.045714445188557294
1.7614893617021277    0.045735972831845585
1.7632978723404256    0.04644326465588088
1.7651063829787235    0.046622798021431884
1.7669148936170214    0.04556482208283278
1.7687234042553193    0.044100868462715666
1.7705319148936172    0.0435265181266001
1.7723404255319148    0.043833673345322684
1.7741489361702127    0.04358461274869451
1.7759574468085106    0.041631877622243595
1.7777659574468085    0.0385064231053236
1.7795744680851064    0.03573617908194234
1.7813829787234043    0.03400870468040234
1.7831914893617022    0.03251122096070231
1.7850000000000001    0.030189207479225898
1.7868085106382978    0.027199908060130867
1.7886170212765957    0.02469130042198968
1.7904255319148936    0.023298735835471707
1.7922340425531915    0.022389919216031527
1.7940425531914894    0.020998677989981354
1.7958510638297873    0.01911075599356158
1.7976595744680852    0.017554607873865688
1.7994680851063831    0.016698490534100288
1.8012765957446808    0.015794819759884948
1.8030851063829787    0.013929138689902875
1.8048936170212766    0.011323970212447465
1.8067021276595745    0.009204399032528975
1.8085106382978724    0.008313183779754055
1.8103191489361703    0.007973937781194342
1.8121276595744682    0.00691806452228619
1.813936170212766    0.004801569224152938
1.8157446808510638    0.002466797764353783
1.8175531914893617    0.0006917883949483458
1.8193617021276596    -0.0008413166560332769
1.8211702127659575    -0.002978556702256557
1.8229787234042554    -0.005741421698516224
1.8247872340425533    -0.008079118109529621
1.8265957446808512    -0.009117848164103371
1.828404255319149    -0.009242736152859678
1.8302127659574468    -0.009527438434868456
1.8320212765957447    -0.010246040083756094
1.8338297872340426    -0.010487702378699844
1.8356382978723405    -0.009460360329685901
1.8374468085106384    -0.007765813715175821
1.8392553191489363    -0.006849647556309171
1.8410638297872342    -0.007185898324278029
1.842872340425532    -0.007497781960390609
1.8446808510638297    -0.0060981128170614456
1.8464893617021276    -0.0027496226363484862
1.8482978723404255    0.0012455461506742829
1.8501063829787234    0.0047885944203955
1.8519148936170213    0.008319416620706625
1.8537234042553192    0.013084231058180379
1.8555319148936171    0.019363700321277516
1.857340425531915    0.02600087773519366
1.859148936170213    0.03183090267124445
1.8609574468085106    0.03712247544008924
1.8627659574468085    0.0431399113368151
1.8645744680851064    0.05039751762532418
1.8663829787234043    0.05787649338942113
1.8681914893617022    0.06420829008656687
1.87    0.06927312727079799
1.871808510638298    0.07414768893124482
1.873617021276596    0.07950264164285928
1.8754255319148936    0.08455606503630184
1.8772340425531915    0.08794251437370743
1.8790425531914894    0.08936925556227143
1.8808510638297873    0.08994000492997017
1.8826595744680852    0.09077178786252693
1.884468085106383    0.09169963467875553
1.886276595744681    0.09166459988225853
1.8880851063829789    0.09015504833878171
1.8898936170212766    0.0877611680343951
1.8917021276595745    0.08516801244770841
1.8935106382978724    0.08201877665747079
1.8953191489361703    0.07724631510561156
1.8971276595744682    0.0705116137562733
1.898936170212766    0.06289319316734962
1.900744680851064    0.05588428507264051
1.9025531914893619    0.04987434634831209
1.9043617021276595    0.043900494013429506
1.9061702127659574    0.03684176151889278
1.9079787234042553    0.028515034493932
1.9097872340425532    0.01944417433937467
1.9115957446808511    0.009855340530069253
1.913404255319149    -0.0006637499487945515
1.915212765957447    -0.012453648194634936
1.9170212765957448    -0.025094589970288635
1.9188297872340425    -0.03773381856232661
1.9206382978723404    -0.05000163084354898
1.9224468085106383    -0.06228305716676486
1.9242553191489362    -0.07497828983369273
1.9260638297872341    -0.08772503274303409
1.927872340425532    -0.09958987506987832
1.92968085106383    -0.10996522477171192
1.9314893617021278    -0.11903634893650195
1.9332978723404255    -0.1273080885500023
1.9351063829787234    -0.13489642980619093
1.9369148936170213    -0.14148514192731154
1.9387234042553192    -0.14685998582120924
1.940531914893617    -0.15117112066739202
1.942340425531915    -0.15454764093395462
1.944148936170213    -0.15667046516045613
1.9459574468085108    -0.15700249578849956
1.9477659574468085    -0.15544858724514798
1.9495744680851064    -0.15257154111125415
1.9513829787234043    -0.14904621527681544
1.9531914893617022    -0.1450556015187573
1.955    -0.14041957416519385
1.956808510638298    -0.135250450420406
1.9586170212765959    -0.1301854920903635
1.9604255319148938    -0.1257880978242158
1.9622340425531914    -0.121853481416096
1.9640425531914893    -0.11757406753386415
1.9658510638297872    -0.11246824191345897
1.9676595744680851    -0.10698255356313552
1.969468085106383    -0.10203649123810499
1.971276595744681    -0.09806248115043659
1.9730851063829788    -0.09468837958554993
1.9748936170212767    -0.09138121318602441
1.9767021276595744    -0.08818688726027007
1.9785106382978723    -0.08564549436128527
1.9803191489361702    -0.08405476387147173
1.9821276595744681    -0.0830723262478591
1.983936170212766    -0.08216921485238987
1.985744680851064    -0.08132477088255191
1.9875531914893618    -0.08103159562803808
1.9893617021276597    -0.08155150781071949
1.9911702127659574    -0.082315598836289
1.9929787234042553    -0.0822124479000648
1.9947872340425532    -0.0804674784851615
1.996595744680851    -0.07715921605060799
1.998404255319149    -0.07288774643459697
2.0002127659574467    -0.06807255600727552
2.0020212765957446    -0.06266900461013822
2.0038297872340425    -0.05649216219708786
2.0056382978723404    -0.04963877121425116
2.0074468085106383    -0.04250379571714419
2.009255319148936    -0.035456798281459354
2.011063829787234    -0.028609250127826613
2.012872340425532    -0.021883482115653004
2.01468085106383    -0.015177177632102551
2.016489361702128    -0.00836080581009331
2.0182978723404257    -0.0011571268829353842
2.0201063829787236    0.006837057697403785
2.0219148936170215    0.015901336026183932
2.0237234042553194    0.02594356407883891
2.0255319148936173    0.036525266693058486
2.0273404255319147    0.047157558086710835
2.0291489361702126    0.057610344880398706
2.0309574468085105    0.0680126311088235
2.0327659574468084    0.07874122317437005
2.0345744680851063    0.09022120677869305
2.0363829787234042    0.1027176824597994
2.038191489361702    0.11615061329818618
2.04    0.13002356136649704
2.041808510638298    0.14359284446689827
2.043617021276596    0.15624807660782805
2.0454255319148937    0.16782491923608941
2.0472340425531916    0.178539662612588
2.0490425531914895    0.18855722232307573
2.0508510638297874    0.19758960494356606
2.0526595744680853    0.20493235385869044
2.0544680851063832    0.2099168827803067
2.0562765957446807    0.21232994959524684
2.0580851063829786    0.21240426602239573
2.0598936170212765    0.2104631085728834
2.0617021276595744    0.2066572239074728
2.0635106382978723    0.20105566322974952
2.06531914893617    0.19387459569804663
2.067127659574468    0.1854538557347528
2.068936170212766    0.175950863576373
2.070744680851064    0.1651599432880201
2.072553191489362    0.1527889366657166
2.0743617021276597    0.13897159119653266
2.0761702127659576    0.12443895975539879
2.0779787234042555    0.11010478021465236
2.0797872340425534    0.09648695250392719
2.0815957446808513    0.08358070116646313
2.083404255319149    0.07125650975627393
2.085212765957447    0.05963104052493867
2.0870212765957445    0.0489336884554093
2.0888297872340424    0.03907906848676809
2.0906382978723403    0.029578318885810015
2.0924468085106382    0.020014086094437118
2.094255319148936    0.010560176915027877
2.096063829787234    0.0019027641265153307
2.097872340425532    -0.005390198511776003
2.09968085106383    -0.011346228843129899
2.1014893617021277    -0.016404851418662717
2.1032978723404256    -0.020868123620031664
2.1051063829787235    -0.024675591244750345
2.1069148936170214    -0.027711216066701346
2.1087234042553193    -0.030150688245400094
2.1105319148936172    -0.032356196166914764
2.112340425531915    -0.034487361918596846
2.114148936170213    -0.03640461667404833
2.1159574468085105    -0.03803576374822387
2.1177659574468084    -0.03971095972847967
2.1195744680851063    -0.0419637394934262
2.121382978723404    -0.044981189215082706
2.123191489361702    -0.0483567155455667
2.125    -0.051423838503418445
2.126808510638298    -0.053732422838006166
2.128617021276596    -0.055125837314696294
2.1304255319148937    -0.05549440720739006
2.1322340425531916    -0.05473027316401097
2.1340425531914895    -0.05304569578705652
2.1358510638297874    -0.05115886574743428
2.1376595744680853    -0.04988628851114177
2.139468085106383    -0.04946469745831064
2.141276595744681    -0.049415482244413056
2.143085106382979    -0.04920334221527274
2.1448936170212765    -0.04895526149643324
2.1467021276595744    -0.04937107514095017
2.1485106382978723    -0.0509163791936877
2.15031914893617    -0.053264511929093525
2.152127659574468    -0.0556368525757612
2.153936170212766    -0.05758556777869672
2.155744680851064    -0.05927542790173214
2.1575531914893618    -0.06103109710388957
2.1593617021276597    -0.06284654972041213
2.1611702127659576    -0.06449237099074491
2.1629787234042555    -0.06595896634699457
2.1647872340425534    -0.06750454208777414
2.1665957446808513    -0.06917217647253286
2.168404255319149    -0.07044959662361587
2.170212765957447    -0.07061530220976854
2.172021276595745    -0.06939167843251833
2.1738297872340424    -0.06707427428080166
2.1756382978723403    -0.06397636848169912
2.177446808510638    -0.05993692243585072
2.179255319148936    -0.054551154142825756
2.181063829787234    -0.04779755395287329
2.182872340425532    -0.04018407702435248
2.18468085106383    -0.03218331567310881
2.1864893617021277    -0.023711697237783054
2.1882978723404256    -0.014388643466904952
2.1901063829787235    -0.004283257630907589
2.1919148936170214    0.005816875835185312
2.1937234042553193    0.014987441906916803
2.195531914893617    0.02288738642649115
2.197340425531915    0.029755808542946995
2.199148936170213    0.03578695945480637
2.200957446808511    0.04076303313590645
2.2027659574468084    0.04440401814465019
2.2045744680851063    0.04688763320221403
2.206382978723404    0.0487763656844161
2.208191489361702    0.05042727719740917
2.21    0.05167575842228305
2.211808510638298    0.05219443135306189
2.2136170212765958    0.0519897948355283
2.2154255319148937    0.05132219718386185
2.2172340425531916    0.05016547958344513
2.2190425531914895    0.04800310872024887
2.2208510638297874    0.044328413303529414
2.2226595744680853    0.03925001351171944
2.224468085106383    0.033425389028311735
2.226276595744681    0.02741257422841268
2.228085106382979    0.02127244073271345
2.229893617021277    0.014876607987581045
2.2317021276595743    0.008415023837496313
2.233510638297872    0.0023697506038151493
2.23531914893617    -0.0029898714904325347
2.237127659574468    -0.007853858247186317
2.238936170212766    -0.012500813300706728
2.240744680851064    -0.016841718319097677
2.2425531914893617    -0.020543230834348038
2.2443617021276596    -0.023568250674381737
2.2461702127659575    -0.02635329144902924
2.2479787234042554    -0.029333689442745864
2.2497872340425533    -0.032463486204668573
2.251595744680851    -0.03542089354997277
2.253404255319149    -0.03822432736579506
2.255212765957447    -0.04134250243432884
2.257021276595745    -0.04502663611969006
2.258829787234043    -0.048713569869193826
2.2606382978723403    -0.051389699939487374
2.262446808510638    -0.05260231478045661
2.264255319148936    -0.052906991143906304
2.266063829787234    -0.05318239890324529
2.267872340425532    -0.05365189354954941
2.2696808510638298    -0.05380316603684063
2.2714893617021277    -0.05322669368715177
2.2732978723404256    -0.052227659289761266
2.2751063829787235    -0.0514174382992144
2.2769148936170214    -0.05086567836593803
2.2787234042553193    -0.04996484293288776
2.280531914893617    -0.04819503974945069
2.282340425531915    -0.045785402192926525
2.284148936170213    -0.043421967511290835
2.285957446808511    -0.04140830458849923
2.2877659574468088    -0.03936439326441006
2.2895744680851062    -0.036798401604466735
2.291382978723404    -0.03376156274854661
2.293191489361702    -0.030775097512727
2.295    -0.028228494757862724
2.296808510638298    -0.026071844524440918
2.2986170212765957    -0.024086080304784707
2.3004255319148936    -0.022179933548243685
2.3022340425531915    -0.020233025878305645
2.3040425531914894    -0.017812856448405787
2.3058510638297873    -0.014390242815527428
2.3076595744680852    -0.00996394127240547
2.309468085106383    -0.005285915834167274
2.311276595744681    -0.0012516473493210164
2.313085106382979    0.001923130178054297
2.314893617021277    0.004796892784260079
2.3167021276595747    0.00802114466020606
2.3185106382978726    0.01178342387534808
2.32031914893617    0.016019345595734594
2.322127659574468    0.020949429568100798
2.323936170212766    0.02706429576769667
2.325744680851064    0.03448562903128298
2.3275531914893617    0.042551979922613364
2.3293617021276596    0.050243726479269654
2.3311702127659575    0.05698531557621922
2.3329787234042554    0.0629036352830262
2.3347872340425533    0.06837398411490467
2.336595744680851    0.07358639741095516
2.338404255319149    0.07869068777705876
2.340212765957447    0.0841360942544723
2.342021276595745    0.09048968979253338
2.343829787234043    0.09779061647385484
2.3456382978723407    0.10527630177504349
2.3474468085106386    0.11195124300043702
2.349255319148936    0.11739514854949182
2.351063829787234    0.12188039272762527
2.352872340425532    0.12575156130304485
2.3546808510638297    0.12892538634341374
2.3564893617021276    0.13109210998352291
2.3582978723404255    0.13217766801402966
2.3601063829787234    0.13231381484579216
2.3619148936170213    0.13137798135202458
2.3637234042553192    0.1288930409667968
2.365531914893617    0.12460390847621453
2.367340425531915    0.11899389839134353
2.369148936170213    0.11291673359076113
2.370957446808511    0.10666721296138976
2.3727659574468087    0.09967430920985532
2.3745744680851066    0.09129741710239078
2.3763829787234045    0.08175327519221173
2.378191489361702    0.07194152216374575
2.38    0.06233129912647192
2.381808510638298    0.05235374688974452
2.3836170212765957    0.041181535907801964
2.3854255319148936    0.029002360537046232
2.3872340425531915    0.01717920067611528
2.3890425531914894    0.007007512316023014
2.3908510638297873    -0.001500278596375258
2.392659574468085    -0.009409207239803527
2.394468085106383    -0.017566102467826975
2.396276595744681    -0.025785630167504913
2.398085106382979    -0.03336709427852427
2.399893617021277    -0.040129524756863835
2.4017021276595747    -0.04664775458952547
2.4035106382978726    -0.05350859559643928
2.4053191489361705    -0.06060674051651456
2.407127659574468    -0.06729970410098864
2.408936170212766    -0.07309417430308819
2.4107446808510637    -0.0779955700823405
2.4125531914893616    -0.08226040334910538
2.4143617021276595    -0.0860503647368006
2.4161702127659574    -0.0894071989217093
2.4179787234042553    -0.09237214451308999
2.4197872340425532    -0.09493458554711152
2.421595744680851    -0.09694087347084725
2.423404255319149    -0.09830310029282906
2.425212765957447    -0.09938414678529932
2.427021276595745    -0.10098407170216726
2.4288297872340427    -0.10371433449610025
2.4306382978723406    -0.10736401642513681
2.4324468085106385    -0.11100718787424409
2.4342553191489364    -0.11376425079487949
2.436063829787234    -0.11535995206163814
2.437872340425532    -0.11594200265945014
2.4396808510638297    -0.11560794538485296
2.4414893617021276    -0.11439644984080453
2.4432978723404255    -0.112721931648616
2.4451063829787234    -0.11147733718692103
2.4469148936170213    -0.1114067208560587
2.448723404255319    -0.11239497830418556
2.450531914893617    -0.11358548587832935
2.452340425531915    -0.11426663765112531
2.454148936170213    -0.11449424675521926
2.455957446808511    -0.11473617584046862
2.4577659574468087    -0.11505282398700407
2.4595744680851066    -0.11487931935484517
2.4613829787234045    -0.11366070287654394
2.4631914893617024    -0.11150148285781335
2.465    -0.10902415597494221
2.4668085106382978    -0.10666437709854555
2.4686170212765957    -0.10427061810987719
2.4704255319148936    -0.10136561088085845
2.4722340425531915    -0.09757841080493197
2.4740425531914894    -0.09272375927441708
2.4758510638297873    -0.08668796698279153
2.477659574468085    -0.07957143634823229
2.479468085106383    -0.07198911037431342
2.481276595744681    -0.06491821040438518
2.483085106382979    -0.05891837063120685
2.4848936170212768    -0.053472467543877356
2.4867021276595747    -0.0473054138877161
2.4885106382978726    -0.039499611555338404
2.4903191489361705    -0.030260161738946537
2.4921276595744684    -0.020533686757023564
2.493936170212766    -0.010972997700667286
2.4957446808510637    -0.001413671503592874
2.4975531914893616    0.008671828354889628
2.4993617021276595    0.019412165306659814
2.5011702127659574    0.03034390413312343
2.5029787234042553    0.04085558328986916
2.504787234042553    0.05064039827116652
2.506595744680851    0.05971810462091477
2.508404255319149    0.06820119180701968
2.510212765957447    0.0761573655851417
2.512021276595745    0.08359803488353391
2.5138297872340427    0.090434343814519
2.5156382978723406    0.0964485879900047
2.5174468085106385    0.10146464769279988
2.5192553191489364    0.10561577009600075
2.5210638297872343    0.10932070123619834
2.5228723404255318    0.11286016198122202
2.5246808510638297    0.11602978553336175
2.5264893617021276    0.11836681134280456
2.5282978723404255    0.11971689854877911
2.5301063829787234    0.12036846934568578
2.5319148936170213    0.12048762080239457
2.533723404255319    0.1195889850910908
2.535531914893617    0.11689402934538486
2.537340425531915    0.11232481481201691
2.539148936170213    0.10691708590683426
2.5409574468085108    0.10197991465951368
2.5427659574468087    0.09785412859792918
2.5445744680851066    0.09371590285980468
2.5463829787234045    0.08867973385600637
2.5481914893617024    0.08289106870704331
2.5500000000000003    0.07732239246233448
2.551808510638298    0.07258528297497428
2.5536170212765956    0.06824088722135895
2.5554255319148935    0.06339201943668026
2.5572340425531914    0.05772115531453745
2.5590425531914893    0.051671448573893816
2.560851063829787    0.04566806735261325
2.562659574468085    0.03951270160007547
2.564468085106383    0.0327712559158744
2.566276595744681    0.025612220285739472
2.568085106382979    0.018963083608741035
2.5698936170212767    0.013748827418172953
2.5717021276595746    0.01011695046140404
2.5735106382978725    0.007482632895485574
2.5753191489361704    0.005169821635751314
2.5771276595744683    0.0028297620889765306
2.578936170212766    0.0003452861926669707
2.580744680851064    -0.00233083128140668
2.5825531914893616    -0.005059350466137086
2.5843617021276595    -0.007433242678535982
2.5861702127659574    -0.009138328697316874
2.5879787234042553    -0.010462395145037566
2.589787234042553    -0.012217310059121389
2.591595744680851    -0.014959456164692195
2.593404255319149    -0.018363360493618655
2.595212765957447    -0.021563306851987707
2.5970212765957448    -0.0241258215620494
2.5988297872340427    -0.026485302498418066
2.6006382978723406    -0.029290151430901114
2.6024468085106385    -0.0324474707843229
2.6042553191489364    -0.035032451482724776
2.6060638297872343    -0.03616892743081313
2.607872340425532    -0.035838700263693186
2.60968085106383    -0.034752037718536403
2.6114893617021275    -0.033593354960923354
2.6132978723404254    -0.032599902937824325
2.6151063829787233    -0.03181388277342046
2.6169148936170212    -0.03142142542870454
2.618723404255319    -0.03160018603920361
2.620531914893617    -0.032118788014895684
2.622340425531915    -0.032352338169036314
2.624148936170213    -0.031814851183090166
2.6259574468085107    -0.030574414292216398
2.6277659574468086    -0.02904265756342972
2.6295744680851065    -0.027439573067447202
2.6313829787234044    -0.0256210514339444
2.6331914893617023    -0.023423120662815183
2.6350000000000002    -0.02098798900533559
2.636808510638298    -0.01862429428704191
2.638617021276596    -0.016441487626282232
2.6404255319148935    -0.014298507884051532
2.6422340425531914    -0.012121229631157651
2.6440425531914893    -0.010094680796928858
2.645851063829787    -0.008421031263876163
2.647659574468085    -0.0069906853821105844
2.649468085106383    -0.005491290934912085
2.651276595744681    -0.0038844292841641592
2.653085106382979    -0.0026125515348623543
2.6548936170212767    -0.002168522136684047
2.6567021276595746    -0.002465354389008155
2.6585106382978725    -0.0027498767556469426
2.6603191489361704    -0.002205161283991724
2.6621276595744683    -0.000622829461442848
2.663936170212766    0.0014960348786425717
2.665744680851064    0.003393847764990823
2.667553191489362    0.004550811402747736
2.6693617021276594    0.004867234814044975
2.6711702127659573    0.004604135945842707
2.6729787234042552    0.0042553508109073705
2.674787234042553    0.004340727897450106
2.676595744680851    0.0050997058938561345
2.678404255319149    0.006310409100429999
2.680212765957447    0.007508565444600513
2.6820212765957447    0.008478786877698723
2.6838297872340426    0.009490152239588474
2.6856382978723405    0.01095363242370022
2.6874468085106384    0.012851196739725538
2.6892553191489363    0.014605337843795705
2.6910638297872342    0.015570470137938752
2.692872340425532    0.01559684008198846
2.69468085106383    0.01504605579477066
2.696489361702128    0.014310708036712654
2.6982978723404254    0.013459402448434058
2.7001063829787233    0.012397774883581346
2.701914893617021    0.011241206334142098
2.703723404255319    0.01033881117247675
2.705531914893617    0.009873841410531622
2.707340425531915    0.009543674610081458
2.709148936170213    0.008758700129498411
2.7109574468085107    0.007192279617237599
2.7127659574468086    0.005113596176752453
2.7145744680851065    0.0031847994862884872
2.7163829787234044    0.0019571500024906817
2.7181914893617023    0.0015333936321293407
2.72    0.0016146213408245922
2.721808510638298    0.0017848311756824952
2.723617021276596    0.0017645670932979877
2.725425531914894    0.00148412350364766
2.7272340425531914    0.0009897426723268076
2.7290425531914893    0.0002982214779510524
2.730851063829787    -0.0006527617124142363
2.732659574468085    -0.0018875470712034546
2.734468085106383    -0.0032227034587328654
2.736276595744681    -0.004278784701838686
2.7380851063829788    -0.00475739874318963
2.7398936170212767    -0.004741112886590079
2.7417021276595746    -0.0046664389940143615
2.7435106382978725    -0.004943200713006993
2.7453191489361704    -0.005612851557185748
2.7471276595744683    -0.006419902790174036
2.748936170212766    -0.00718469891729791
2.750744680851064    -0.008001018302322378
2.752553191489362    -0.009019111719492618
2.75436170212766    -0.010128205219684033
2.7561702127659573    -0.010997992461802563
2.757978723404255    -0.01146294221621514
2.759787234042553    -0.011751402447454679
2.761595744680851    -0.012228393029537713
2.763404255319149    -0.012947962357378377
2.765212765957447    -0.013581310297119124
2.7670212765957447    -0.013825459689543924
2.7688297872340426    -0.013784728490029548
2.7706382978723405    -0.013844478392321547
2.7724468085106384    -0.014189861753655723
2.7742553191489363    -0.014549639082527224
2.776063829787234    -0.014441449231385177
2.777872340425532    -0.013588865044064782
2.77968085106383    -0.01205285987326547
2.781489361702128    -0.01006704124071435
2.783297872340426    -0.00792207995333919
2.7851063829787237    -0.006034808591047719
2.786914893617021    -0.004926423435128932
2.788723404255319    -0.004885249835913194
2.790531914893617    -0.00559351420543182
2.792340425531915    -0.00623891743201686
2.7941489361702128    -0.006170554214271477
2.7959574468085107    -0.005493951697151929
2.7977659574468086    -0.004976737297044455
2.7995744680851065    -0.005346738287853899
2.8013829787234044    -0.006693408618610449
2.8031914893617023    -0.008515940879576939
2.805    -0.010245974396736975
2.806808510638298    -0.011658539165045213
2.808617021276596    -0.012858208760972805
2.810425531914894    -0.014030042691244218
2.8122340425531918    -0.01526968726162184
2.8140425531914897    -0.016555942646276654
2.815851063829787    -0.017758791745215247
2.817659574468085    -0.01867859395671371
2.819468085106383    -0.01919920069762167
2.821276595744681    -0.01947359983942072
2.8230851063829787    -0.019885984155625376
2.8248936170212766    -0.02071098464041659
2.8267021276595745    -0.02178958488922337
2.8285106382978724    -0.022622143029320828
2.8303191489361703    -0.022838465483250345
2.832127659574468    -0.022544383826953666
2.833936170212766    -0.0221659225332467
2.835744680851064    -0.022001089722808197
2.837553191489362    -0.02201305562395986
2.83936170212766    -0.022051129538637117
2.8411702127659577    -0.02213233244331405
2.8429787234042556    -0.02238332832480598
2.844787234042553    -0.02275126822644983
2.846595744680851    -0.02293377030467869
2.848404255319149    -0.022677589077847622
2.8502127659574468    -0.022064106834556868
2.8520212765957447    -0.02138161581282213
2.8538297872340426    -0.020732183651729456
2.8556382978723405    -0.019898878386858082
2.8574468085106384    -0.018670577532536238
2.8592553191489363    -0.017198494766805086
2.861063829787234    -0.01587907049947109
2.862872340425532    -0.014862426061211572
2.86468085106383    -0.013797959695166596
2.866489361702128    -0.012164290295329824
2.8682978723404258    -0.009810188601968039
2.8701063829787237    -0.0070789629269983854
2.8719148936170216    -0.004421475123391258
2.873723404255319    -0.0020226686090644387
2.875531914893617    0.00012341252030246695
2.877340425531915    0.0019022591077595275
2.8791489361702127    0.0030618646997018573
2.8809574468085106    0.003579642656791184
2.8827659574468085    0.0039062228931310014
2.8845744680851064    0.004661009884960369
2.8863829787234043    0.006052700988167607
2.8881914893617022    0.007706114587655734
2.89    0.009126745534765859
2.891808510638298    0.010263190691028927
2.893617021276596    0.011507836727794117
2.895425531914894    0.013167367715172403
2.8972340425531917    0.015070651612616219
2.8990425531914896    0.0167744541256473
2.9008510638297875    0.01806494668830507
2.902659574468085    0.019113290704963377
2.904468085106383    0.02013758405956432
2.906276595744681    0.021085042737240517
2.9080851063829787    0.021810312210975187
2.9098936170212766    0.022538200810914844
2.9117021276595745    0.023958025281649142
2.9135106382978724    0.02669381030560085
2.9153191489361703    0.030662691123917583
2.917127659574468    0.03503194586141397
2.918936170212766    0.03886159367702751
2.920744680851064    0.04180089849408531
2.922553191489362    0.04419729369098326
2.92436170212766    0.04662092868115356
2.9261702127659577    0.04934167307418801
2.9279787234042556    0.052193034625298
2.9297872340425535    0.054778674298845746
2.931595744680851    0.056719311306680446
2.933404255319149    0.05778255080633005
2.9352127659574467    0.05794934128624916
2.9370212765957446    0.05745016630791474
2.9388297872340425    0.05667992101303098
2.9406382978723404    0.05595876291524109
2.9424468085106383    0.055319396296616204
2.9442553191489362    0.05454922285560488
2.946063829787234    0.05346170358032223
2.947872340425532    0.05210131560284983
2.94968085106383    0.05065323339362345
2.951489361702128    0.049172357250080616
2.9532978723404257    0.047450489204329795
2.9551063829787236    0.045163408704889434
2.9569148936170215    0.04211691557603458
2.9587234042553194    0.0383373801747618
2.960531914893617    0.0339767447264832
2.962340425531915    0.029201130211318684
2.9641489361702127    0.024168285892020018
2.9659574468085106    0.01902051699183635
2.9677659574468085    0.013811603419605807
2.9695744680851064    0.00844794965585825
2.9713829787234043    0.0027794658627868785
2.973191489361702    -0.0032046015063224445
2.975    -0.009297951208143765
2.976808510638298    -0.015235056958071772
2.978617021276596    -0.020910752430058174
2.980425531914894    -0.02639645209528234
2.9822340425531917    -0.03174474630028102
2.9840425531914896    -0.03685293720534152
2.9858510638297875    -0.04157345988549289
2.9876595744680854    -0.04591007726265562
2.989468085106383    -0.05000130496222028
2.9912765957446807    -0.05388246588210644
2.9930851063829786    -0.057357325912728595
2.9948936170212765    -0.06020693636109877
2.9967021276595744    -0.06250054123530027
2.9985106382978723    -0.06456346511460398
3.0003191489361702    -0.06654574001648661
3.002127659574468    -0.06808434471828786
3.003936170212766    -0.06853809813305953
3.005744680851064    -0.06762995126362378
3.007553191489362    -0.0658056491592425
3.0093617021276597    -0.06388020002595232
3.0111702127659576    -0.0623272848646442
3.0129787234042555    -0.060955213276485815
3.0147872340425534    -0.05925237043461529
3.0165957446808513    -0.05693893762060749
3.0184042553191492    -0.05411078620923568
3.0202127659574467    -0.05092821960513265
3.0220212765957446    -0.047342228525958666
3.0238297872340425    -0.0432153837299184
3.0256382978723404    -0.03862308515505998
3.0274468085106383    -0.033881932851528795
3.029255319148936    -0.02923813542771042
3.031063829787234    -0.024627965375606124
3.032872340425532    -0.01985542543059151
3.03468085106383    -0.014999323779584094
3.036489361702128    -0.010542067532119836
3.0382978723404257    -0.0070124288075935
3.0401063829787236    -0.004492630563927137
3.0419148936170215    -0.0024989954460350114
3.0437234042553194    -0.0003485209390729463
3.0455319148936173    0.002351146791442873
3.047340425531915    0.0055064602854156906
3.0491489361702127    0.00871946830023688
3.0509574468085106    0.011612822347959262
3.0527659574468085    0.01404097775479307
3.0545744680851064    0.016100090741895938
3.0563829787234043    0.017992130883394512
3.058191489361702    0.019847347268781353
3.06    0.02161543395731145
3.061808510638298    0.02310291160926064
3.063617021276596    0.024128682067931374
3.0654255319148938    0.024657552217703528
3.0672340425531917    0.02479104311052424
3.0690425531914896    0.024651808169402392
3.0708510638297875    0.024306867440507307
3.0726595744680854    0.023793081277015862
3.0744680851063833    0.02315241128928868
3.076276595744681    0.022385308637907726
3.0780851063829786    0.0213952572407837
3.0798936170212765    0.02007124199653855
3.0817021276595744    0.018482667355788275
3.0835106382978723    0.016952772490990684
3.08531914893617    0.01585418464584381
3.087127659574468    0.01529941656826642
3.088936170212766    0.015069149042999597
3.090744680851064    0.014871561751422176
3.092553191489362    0.01463394699218484
3.0943617021276597    0.014490323534441091
3.0961702127659576    0.014510653676287039
3.0979787234042555    0.014536679080267602
3.0997872340425534    0.014334342235517977
3.1015957446808513    0.013850600911583449
3.103404255319149    0.013234010467137632
3.105212765957447    0.012609748791056693
3.1070212765957446    0.011934414610130915
3.1088297872340425    0.011131661457921625
3.1106382978723404    0.010295591520140975
3.1124468085106383    0.009627027118073738
3.114255319148936    0.009134216346598348
3.116063829787234    0.008498440278562246
3.117872340425532    0.007347830442741694
3.11968085106383    0.005661479642362353
3.1214893617021278    0.003817024541420551
3.1232978723404257    0.0022021332635766546
3.1251063829787236    0.0008388077867768481
3.1269148936170215    -0.0005516057497806895
3.1287234042553194    -0.0021605020392684283
3.1305319148936173    -0.003875837808821289
3.132340425531915    -0.005474708945682074
3.134148936170213    -0.006925855684803129
3.1359574468085105    -0.008387764188123424
3.1377659574468084    -0.00992185194260506
3.1395744680851063    -0.011333121395353115
3.141382978723404    -0.012382255724982033
3.143191489361702    -0.013110706469507983
3.145    -0.013847907922185617
3.146808510638298    -0.014858261442787556
3.148617021276596    -0.016041875095590533
3.1504255319148937    -0.017051609619332324
3.1522340425531916    -0.017695849748625654
3.1540425531914895    -0.018164263961036382
3.1558510638297874    -0.018825866670315723
3.1576595744680853    -0.01983045626792737
3.159468085106383    -0.020940111356510034
3.161276595744681    -0.02174789853511607
3.163085106382979    -0.02204685923437788
3.1648936170212765    -0.022003377500788665
3.1667021276595744    -0.022011873779310222
3.1685106382978723    -0.022390677199575895
3.17031914893617    -0.023173604867043514
3.172127659574468    -0.024134409119473982
3.173936170212766    -0.02498480802957033
3.175744680851064    -0.025559552700807835
3.1775531914893618    -0.025833232077311828
3.1793617021276597    -0.02578606673980443
3.1811702127659576    -0.025299165361348637
3.1829787234042555    -0.024231366863606815
3.1847872340425534    -0.022608618228862717
3.1865957446808513    -0.020687004529901507
3.188404255319149    -0.018765708262553582
3.190212765957447    -0.016929806300238555
3.192021276595745    -0.015026354865710488
3.1938297872340424    -0.012926026072660395
3.1956382978723403    -0.010767279303637425
3.1974468085106382    -0.008866147753591309
3.199255319148936    -0.007359416386038067
3.201063829787234    -0.0059859821492414065
3.202872340425532    -0.004279734959692673
3.20468085106383    -0.001984709699339258
3.2064893617021277    0.0007451372391941553
3.2082978723404256    0.0035450844897251207
3.2101063829787235    0.006181071004799931
3.2119148936170214    0.008668380443017164
3.2137234042553193    0.011112555215234604
3.2155319148936172    0.013531715624058204
3.217340425531915    0.015870398277587065
3.219148936170213    0.018122755088278833
3.220957446808511    0.020350601432058177
3.2227659574468084    0.02255904499753089
3.2245744680851063    0.024612217124565516
3.226382978723404    0.026332083517549704
3.228191489361702    0.02768112501268314
3.23    0.02880513018509607
3.231808510638298    0.029867562319031364
3.233617021276596    0.030852041333832368
3.2354255319148937    0.03155305692410959
3.2372340425531916    0.03177290991181042
3.2390425531914895    0.03152648643536794
3.2408510638297874    0.031051959558671238
3.2426595744680853    0.030621965337291154
3.244468085106383    0.03033766914139737
3.246276595744681    0.03008891466157182
3.248085106382979    0.029691018769443113
3.249893617021277    0.029039672164897348
3.251702127659575    0.028129150758926656
3.2535106382978722    0.026950423701105182
3.25531914893617    0.025434512159801977
3.257127659574468    0.023548441864855357
3.258936170212766    0.02143485537808179
3.260744680851064    0.019378995294751664
3.2625531914893617    0.017565416732894523
3.2643617021276596    0.01587313940557382
3.2661702127659575    0.013979465736131836
3.2679787234042554    0.011705016603786617
3.2697872340425533    0.009213657298707757
3.2715957446808512    0.0068106979511140565
3.273404255319149    0.004565571272878852
3.275212765957447    0.0022371701486892485
3.277021276595745    -0.00036337324196374673
3.278829787234043    -0.003002630333715975
3.2806382978723407    -0.00515153262646464
3.282446808510638    -0.006542048943230184
3.284255319148936    -0.007534978524056181
3.286063829787234    -0.008842131508349567
3.287872340425532    -0.010868867470807148
3.28968085106383    -0.013375143854845825
3.2914893617021277    -0.015782867347115762
3.2932978723404256    -0.0177380536857878
3.2951063829787235    -0.019315761718734028
3.2969148936170214    -0.020739452363208757
3.2987234042553193    -0.02203874136068437
3.300531914893617    -0.023049602309366975
3.302340425531915    -0.02368454264712497
3.304148936170213    -0.02409778273128323
3.305957446808511    -0.02455712327737709
3.307765957446809    -0.025193320299097762
3.3095744680851067    -0.025888086299311674
3.311382978723404    -0.02636730510047201
3.313191489361702    -0.026389080327288535
3.315    -0.02590626779358601
3.316808510638298    -0.02512299010388377
3.3186170212765957    -0.024378409870463743
3.3204255319148936    -0.023883790233406813
3.3222340425531915    -0.02352574616687274
3.3240425531914894    -0.022980569483715244
3.3258510638297873    -0.02208323982616982
3.3276595744680852    -0.021046651093306296
3.329468085106383    -0.02022596530405332
3.331276595744681    -0.019663957796924477
3.333085106382979    -0.01898367298793748
3.334893617021277    -0.017814840134496465
3.3367021276595747    -0.016254923063465442
3.3385106382978726    -0.014767404348645971
3.34031914893617    -0.013610580119708712
3.342127659574468    -0.012513396361861936
3.343936170212766    -0.011025760094130383
3.345744680851064    -0.009097714634928492
3.3475531914893617    -0.007127613909830799
3.3493617021276596    -0.005412510354515806
3.3511702127659575    -0.0037361626303159066
3.3529787234042554    -0.0016572913775215444
3.3547872340425533    0.0008815988354888829
3.356595744680851    0.0034515927437081453
3.358404255319149    0.005692840460119598
3.360212765957447    0.0077784859027962665
3.362021276595745    0.010143796736539798
3.363829787234043    0.012834305774408299
3.3656382978723407    0.015365211967890771
3.3674468085106386    0.017308244612793636
3.369255319148936    0.018829465657754216
3.371063829787234    0.020449758342222207
3.372872340425532    0.02234580478043626
3.3746808510638298    0.024135699666954766
3.3764893617021277    0.025432621909575646
3.3782978723404256    0.026392435061745746
3.3801063829787235    0.02748054712447503
3.3819148936170214    0.028760579654407495
3.3837234042553193    0.02969298605204189
3.385531914893617    0.02976555988146859
3.387340425531915    0.029143486566193477
3.389148936170213    0.028470103593381375
3.390957446808511    0.0280684239085581
3.3927659574468088    0.027585596045861298
3.3945744680851067    0.026521214841716746
3.3963829787234046    0.02490469914955374
3.398191489361702    0.023222155348037836
3.4    0.021734414662580553
3.401808510638298    0.020136641131919028
3.4036170212765957    0.01800021172700674
3.4054255319148936    0.015350052466941579
3.4072340425531915    0.01257723754469309
3.4090425531914894    0.009851237637657561
3.4108510638297873    0.006903251691704401
3.412659574468085    0.0035059812182808327
3.414468085106383    -4.531441130244682e-05
3.416276595744681    -0.0031845239355430058
3.418085106382979    -0.005770152989725583
3.419893617021277    -0.008278126446286949
3.4217021276595747    -0.01119847857850631
3.4235106382978726    -0.014427434560675221
3.4253191489361705    -0.017460069635944427
3.427127659574468    -0.02009526459221733
3.428936170212766    -0.022667490655728827
3.4307446808510638    -0.025488004464665145
3.4325531914893617    -0.028291712597194627
3.4343617021276596    -0.030495563403505985
3.4361702127659575    -0.0319482380955665
3.4379787234042554    -0.033138990574421906
3.4397872340425533    -0.03453777931526987
3.441595744680851    -0.03591980718937186
3.443404255319149    -0.03657588556618355
3.445212765957447    -0.036146973742892746
3.447021276595745    -0.03500985055392401
3.4488297872340428    -0.033758692930669396
3.4506382978723407    -0.032516293728270265
3.4524468085106386    -0.030969113280034294
3.4542553191489365    -0.028986320027238416
3.456063829787234    -0.026903142312791353
3.457872340425532    -0.025070736975599056
3.4596808510638297    -0.023330574368332864
3.4614893617021276    -0.02118225605189289
3.4632978723404255    -0.018441254598998758
3.4651063829787234    -0.01549184791770352
3.4669148936170213    -0.012788194494815948
3.468723404255319    -0.010278966010080288
3.470531914893617    -0.007520571952903916
3.472340425531915    -0.004294723341798935
3.474148936170213    -0.0008759698786026775
3.475957446808511    0.0023886379178754647
3.4777659574468087    0.005561757785405157
3.4795744680851066    0.00896142435858048
3.4813829787234045    0.012578843048567972
3.4831914893617024    0.015899063133871082
3.4850000000000003    0.01842842895662342
3.4868085106382978    0.02027101749935208
3.4886170212765957    0.02200189617784352
3.4904255319148936    0.02398206333308425
3.4922340425531915    0.025955503334475872
3.4940425531914894    0.027375022529564617
3.4958510638297873    0.027987234605216894
3.497659574468085    0.027964906566229786
3.499468085106383    0.027537717262531975
3.501276595744681    0.026692681394182485
3.503085106382979    0.02531142129152453
3.5048936170212768    0.02346608440302218
3.5067021276595747    0.02142070542887967
3.5085106382978726    0.019351096841882767
3.5103191489361705    0.017190351640159033
3.5121276595744684    0.014795726133176274
3.5139361702127663    0.012173613223839024
3.5157446808510637    0.009456763075360922
3.5175531914893616    0.006717393210415392
3.5193617021276595    0.003923330339746229
3.5211702127659574    0.0010904033174940217
3.5229787234042553    -0.0016406126234327217
3.5247872340425532    -0.004171652921996437
3.526595744680851    -0.006643875638230752
3.528404255319149    -0.009351468754390494
3.530212765957447    -0.012419553940954236
3.532021276595745    -0.015621102117740626
3.5338297872340427    -0.018552589253784557
3.5356382978723406    -0.020955127133972476
3.5374468085106385    -0.022824507465110944
3.5392553191489364    -0.024254965020952278
3.5410638297872343    -0.02527723698632235
3.5428723404255322    -0.02588593498154846
3.5446808510638297    -0.026155090779771697
3.5464893617021276    -0.02623940542899407
3.5482978723404255    -0.026249788905126158
3.5501063829787234    -0.026166102166355225
3.5519148936170213    -0.025876220990898452
3.553723404255319    -0.025259395846289855
3.555531914893617    -0.024219480841480706
3.557340425531915    -0.02269512635716983
3.559148936170213    -0.020704799662997007
3.560957446808511    -0.018377858294984187
3.5627659574468087    -0.01587993198249822
3.5645744680851066    -0.013273176574179067
3.5663829787234045    -0.010477451565310311
3.5681914893617024    -0.007404289597657508
3.5700000000000003    -0.004117465477740254
3.571808510638298    -0.0008269398246712198
3.5736170212765956    0.0022768420825270827
3.5754255319148935    0.0051538616999891075
3.5772340425531914    0.007879157933721764
3.5790425531914893    0.010519249088659262
3.5808510638297872    0.013075660541936415
3.582659574468085    0.015529099630003314
3.584468085106383    0.01789406861146599
3.586276595744681    0.02021577099316028
3.588085106382979    0.022525240225498015
3.5898936170212767    0.02478667126746072
3.5917021276595746    0.026856053288307685
3.5935106382978725    0.028502294671796925
3.5953191489361704    0.029547252457726814
3.5971276595744683    0.030047026776609916
3.5989361702127662    0.030290752563581765
3.600744680851064    0.03051414043049289
3.6025531914893616    0.030588335443639435
3.6043617021276595    0.030092452774562493
3.6061702127659574    0.02878935958401103
3.6079787234042553    0.026982233873537025
3.609787234042553    0.02526567727476126
3.611595744680851    0.023888507655863405
3.613404255319149    0.022481912254313268
3.615212765957447    0.020522294373651027
