0.0    0.0
0.0018085106382978724    0.0
0.003617021276595745    0.0
0.005425531914893617    0.0
0.00723404255319149    0.0
0.009042553191489363    0.0
0.010851063829787235    0.0
0.012659574468085107    0.0
0.01446808510638298    0.0
0.016276595744680853    0.0
0.018085106382978725    0.0
0.019893617021276597    0.0
0.02170212765957447    0.0
0.023510638297872342    0.0
0.025319148936170214    0.0
0.027127659574468086    0.0
0.02893617021276596    0.0
0.03074468085106383    0.0
0.032553191489361706    0.0
0.03436170212765958    0.0
0.03617021276595745    0.0
0.03797872340425532    0.0
0.039787234042553195    0.0
0.04159574468085107    0.0
0.04340425531914894    0.0
0.04521276595744681    0.0
0.047021276595744683    0.0
0.048829787234042556    0.0
0.05063829787234043    0.0
0.0524468085106383    0.0
0.05425531914893617    0.0
0.056063829787234044    0.0
0.05787234042553192    0.0
0.05968085106382979    0.0
0.06148936170212766    0.0
0.06329787234042554    0.0
0.06510638297872341    0.0
0.06691489361702128    0.0
0.06872340425531916    0.0
0.07053191489361703    0.0
0.0723404255319149    0.0
0.07414893617021277    0.0
0.07595744680851065    0.0
0.07776595744680852    0.0
0.07957446808510639    0.0
0.08138297872340426    0.0
0.08319148936170213    0.0
0.085    0.0
0.08680851063829788    0.0
0.08861702127659575    0.0
0.09042553191489362    0.0
0.0922340425531915    0.0
0.09404255319148937    0.0
0.09585106382978724    0.0
0.09765957446808511    0.0
0.09946808510638298    0.0
0.10127659574468086    0.0
0.10308510638297873    0.0
0.1048936170212766    0.0
0.10670212765957447    0.0
0.10851063829787234    0.0
0.11031914893617022    0.0
0.11212765957446809    0.0
0.11393617021276596    0.0
0.11574468085106383    0.0
0.1175531914893617    0.0
0.11936170212765958    0.0
0.12117021276595745    0.0
0.12297872340425532    0.0
0.1247872340425532    0.0
0.12659574468085108    0.0
0.12840425531914895    0.0
0.13021276595744682    0.0
0.1320212765957447    0.0
0.13382978723404257    0.0
0.13563829787234044    0.0
0.1374468085106383    0.0
0.13925531914893619    0.0
0.14106382978723406    0.0
0.14287234042553193    0.0
0.1446808510638298    0.0
0.14648936170212767    0.0
0.14829787234042555    0.0
0.15010638297872342    0.0
0.1519148936170213    0.0
0.15372340425531916    0.0
0.15553191489361703    0.0
0.1573404255319149    0.0
0.15914893617021278    0.0
0.16095744680851065    0.0
0.16276595744680852    0.0
0.1645744680851064    0.0
0.16638297872340427    0.0
0.16819148936170214    0.0
0.17    0.0
0.17180851063829788    0.0
0.17361702127659576    0.0
0.17542553191489363    0.0
0.1772340425531915    0.0
0.17904255319148937    0.0
0.18085106382978725    0.0
0.18265957446808512    0.0
0.184468085106383    0.0
0.18627659574468086    0.0
0.18808510638297873    0.0
0.1898936170212766    0.0
0.19170212765957448    0.0
0.19351063829787235    0.0
0.19531914893617022    9.107801713166562e-216
0.1971276595744681    6.874976211721854e-211
0.19893617021276597    8.711228379270905e-207
0.20074468085106384    4.446615687933053e-203
0.2025531914893617    1.224546730336841e-199
0.20436170212765958    2.1130485575549441e-196
0.20617021276595746    2.5034310291853405e-193
0.20797872340425533    2.166050432425228e-190
0.2097872340425532    1.4310236000899685e-187
0.21159574468085107    7.465880775941573e-185
0.21340425531914894    3.157915699818572e-182
0.21521276595744682    1.1060897264977567e-179
0.2170212765957447    3.264324033722829e-177
0.21882978723404256    8.235949106162558e-175
0.22063829787234043    1.7984529805548522e-172
0.2224468085106383    3.435123733952869e-170
0.22425531914893618    5.7920265808010835e-168
0.22606382978723405    8.690742667764822e-166
0.22787234042553192    1.168710964835697e-163
0.2296808510638298    1.4175110845637558e-161
0.23148936170212767    1.5594550462044297e-159
0.23329787234042554    1.564082246226001e-157
0.2351063829787234    1.4367786561643623e-155
0.23691489361702128    1.213906526744745e-153
0.23872340425531915    9.469107882006624e-152
0.24053191489361703    6.843622840067641e-150
0.2423404255319149    4.5974699170383936e-148
0.24414893617021277    2.8794004496977957e-146
0.24595744680851064    1.6859080977838773e-144
0.24776595744680852    9.251810438535547e-143
0.2495744680851064    4.769971260930379e-141
0.25138297872340426    2.3156170497270752e-139
0.25319148936170216    1.0606756367574126e-137
0.255    4.593136207716908e-136
0.2568085106382979    1.8838275100909242e-134
0.25861702127659575    7.33035450629414e-133
0.26042553191489365    2.710594725396389e-131
0.2622340425531915    9.53946600418773e-130
0.2640425531914894    3.1998606546297626e-128
0.26585106382978724    1.0244238520437529e-126
0.26765957446808514    3.134245400370536e-125
0.269468085106383    9.175408606825874e-124
0.2712765957446809    2.573147833351864e-122
0.2730851063829787    6.920445871246809e-121
0.2748936170212766    1.7868724365965254e-119
0.27670212765957447    4.4338588100945474e-118
0.27851063829787237    1.0583217193245022e-116
0.2803191489361702    2.43221019604869e-115
0.2821276595744681    5.386597771113072e-114
0.28393617021276596    1.1505993421837221e-112
0.28574468085106386    2.3723594995979156e-111
0.2875531914893617    4.725196469836825e-110
0.2893617021276596    9.0983947563335e-109
0.29117021276595745    1.694825184375844e-107
0.29297872340425535    3.0563130473081177e-106
0.2947872340425532    5.339119817987075e-105
0.2965957446808511    9.04098367921977e-104
0.29840425531914894    1.4849126934602912e-102
0.30021276595744684    2.366904245104737e-101
0.3020212765957447    3.663541362072152e-100
0.3038297872340426    5.509339253510423e-99
0.3056382978723404    8.053877095616339e-98
0.3074468085106383    1.1450875808476534e-96
0.30925531914893617    1.5842155785096468e-95
0.31106382978723407    2.1337238306863614e-94
0.3128723404255319    2.7990467301549036e-93
0.3146808510638298    3.57785927361272e-92
0.31648936170212766    4.4582504398749297e-91
0.31829787234042556    5.417697704437046e-90
0.3201063829787234    6.423171275475653e-89
0.3219148936170213    7.432562325763483e-88
0.32372340425531915    8.39743477483619e-87
0.32553191489361705    9.266878384337404e-86
0.3273404255319149    9.992035851300944e-85
0.3291489361702128    1.0530732358590795e-83
0.33095744680851064    1.0851586166222731e-82
0.33276595744680854    1.0937037393899442e-81
0.3345744680851064    1.0784889891464875e-80
0.3363829787234043    1.0408187443216156e-79
0.3381914893617021    9.833496035567524e-79
0.34    9.097890821826382e-78
0.34180851063829787    8.245109668789965e-77
0.34361702127659577    7.321410596593509e-76
0.3454255319148936    6.371653506316724e-75
0.3472340425531915    5.4360312237112765e-74
0.34904255319148936    4.5477280782698945e-73
0.35085106382978726    3.7316186032280086e-72
0.3526595744680851    3.0039651680135315e-71
0.354468085106383    2.3729543927134703e-70
0.35627659574468085    1.8398402415909227e-69
0.35808510638297875    1.400438071799562e-68
0.3598936170212766    1.04673124950716e-67
0.3617021276595745    7.683976232875023e-67
0.36351063829787233    5.541229677615138e-66
0.36531914893617023    3.926297196512125e-65
0.3671276595744681    2.7340250602985934e-64
0.368936170212766    1.8713174299311688e-63
0.3707446808510638    1.2592136444859982e-62
0.3725531914893617    8.331779155213105e-62
0.37436170212765957    5.4217556424656664e-61
0.37617021276595747    3.4704168544000274e-60
0.3779787234042553    2.1854291332920206e-59
0.3797872340425532    1.3541829020505741e-58
0.38159574468085106    8.257981107991822e-58
0.38340425531914896    4.956729442474748e-57
0.3852127659574468    2.928926874860342e-56
0.3870212765957447    1.7040388626035603e-55
0.38882978723404255    9.762752267421184e-55
0.39063829787234045    5.508705287515285e-54
0.3924468085106383    3.061769977117294e-53
0.3942553191489362    1.6764908866502156e-52
0.39606382978723403    9.044695554524297e-52
0.39787234042553193    4.808482145359722e-51
0.3996808510638298    2.519412318039919e-50
0.4014893617021277    1.3011348260110137e-49
0.4032978723404255    6.62415616123006e-49
0.4051063829787234    3.3248819099430017e-48
0.40691489361702127    1.6455470718106816e-47
0.40872340425531917    8.031241590387133e-47
0.410531914893617    3.865824351376269e-46
0.4123404255319149    1.8354233259072978e-45
0.41414893617021276    8.596301924571504e-45
0.41595744680851066    3.9720425458354523e-44
0.4177659574468085    1.8108707116339184e-43
0.4195744680851064    8.146589206608805e-43
0.42138297872340424    3.616775246834483e-42
0.42319148936170214    1.5847694920263737e-41
0.425    6.854095562125548e-41
0.4268085106382979    2.926262941765921e-40
0.42861702127659573    1.2333729868031938e-39
0.43042553191489363    5.132527289410547e-39
0.4322340425531915    2.1089235126646585e-38
0.4340425531914894    8.556954625040948e-38
0.4358510638297872    3.4287966465367155e-37
0.4376595744680851    1.3569465869600329e-36
0.43946808510638297    5.304151284507134e-36
0.44127659574468087    2.048018937260475e-35
0.4430851063829787    7.811760901779834e-35
0.4448936170212766    2.943689714076987e-34
0.44670212765957445    1.0959573724627457e-33
0.44851063829787235    4.031656318529353e-33
0.4503191489361702    1.4655156551283352e-32
0.4521276595744681    5.26432511262949e-32
0.45393617021276594    1.8688207649976533e-31
0.45574468085106384    6.556801043246736e-31
0.4575531914893617    2.2737449328156828e-30
0.4593617021276596    7.79367210643917e-30
0.46117021276595743    2.640691829676195e-29
0.46297872340425533    8.84488877786329e-29
0.46478723404255323    2.9287969054135916e-28
0.4665957446808511    9.588062117869876e-28
0.468404255319149    3.103408269868223e-27
0.4702127659574468    9.931951511915546e-27
0.4720212765957447    3.1429560469171374e-26
0.47382978723404257    9.834897268425432e-26
0.47563829787234047    3.0433243851912712e-25
0.4774468085106383    9.313051182232671e-25
0.4792553191489362    2.818505083274934e-24
0.48106382978723405    8.436180115927818e-24
0.48287234042553195    2.4974079511469303e-23
0.4846808510638298    7.312494236468156e-23
0.4864893617021277    2.117820246925228e-22
0.48829787234042554    6.067008684625706e-22
0.49010638297872344    1.719237530845655e-21
0.4919148936170213    4.819322768871269e-21
0.4937234042553192    1.3364030462250122e-20
0.49553191489361703    3.666080437668797e-20
0.49734042553191493    9.949258447539036e-20
0.4991489361702128    2.6712469900444136e-19
0.5009574468085106    7.095479084887419e-19
0.5027659574468085    1.864673466132439e-18
0.5045744680851064    4.848256530443104e-18
0.5063829787234043    1.247204773398318e-17
0.5081914893617021    3.174433522140771e-17
0.51    7.994240533437851e-17
0.5118085106382979    1.9919395696611838e-16
0.5136170212765958    4.910975940151412e-16
0.5154255319148936    1.1979980895979834e-15
0.5172340425531915    2.8916406364247645e-15
0.5190425531914894    6.906130944937032e-15
0.5208510638297873    1.63203405471125e-14
0.5226595744680851    3.8161756202626633e-14
0.524468085106383    8.829420369602723e-14
0.5262765957446809    2.0213423139733118e-13
0.5280851063829788    4.578778423993262e-13
0.5298936170212766    1.0262633889293635e-12
0.5317021276595745    2.275956390425086e-12
0.5335106382978724    4.99413673177534e-12
0.5353191489361703    1.0842834822753893e-11
0.5371276595744681    2.3291888628659694e-11
0.538936170212766    4.9503797209011427e-11
0.5407446808510639    1.0409639619993508e-10
0.5425531914893618    2.1656415430760787e-10
0.5443617021276596    4.4573868837368755e-10
0.5461702127659575    9.076218835110652e-10
0.5479787234042554    1.8282989803817724e-09
0.5497872340425533    3.6432802829411088e-09
0.551595744680851    7.181665914827866e-09
0.5534042553191489    1.4003216635702564e-08
0.5552127659574468    2.7007333086384e-08
0.5570212765957447    5.1518907197726414e-08
0.5588297872340425    9.719877683306656e-08
0.5606382978723404    1.8135964767387725e-07
0.5624468085106383    3.346423963831139e-07
0.5642553191489362    6.105968603451411e-07
0.566063829787234    1.1016214795378685e-06
0.5678723404255319    1.9650938484718047e-06
0.5696808510638298    3.4655640697991878e-06
0.5714893617021277    6.041832057610023e-06
0.5732978723404255    1.0411884265199979e-05
0.5751063829787234    1.7734348932998042e-05
0.5769148936170213    2.9852649439206658e-05
0.5787234042553192    4.9657600624993564e-05
0.580531914893617    8.161577707791155e-05
0.5823404255319149    0.00013252412785712562
0.5841489361702128    0.00021256486394062774
0.5859574468085107    0.00033674642385479194
0.5877659574468085    0.0005268227735292875
0.5895744680851064    0.0008137791736831473
0.5913829787234043    0.0012409507635382155
0.5931914893617022    0.001867792099928035
0.595    0.0027742314228562507
0.5968085106382979    0.0040654136649380754
0.5986170212765958    0.005876454807886447
0.6004255319148937    0.00837659729328404
0.6022340425531915    0.011771882859176333
0.6040425531914894    0.01630517210715217
0.6058510638297873    0.022252085888303602
0.6076595744680852    0.029911290768775523
0.609468085106383    0.0395875878694443
0.6112765957446809    0.05156659139281383
0.6130851063829788    0.06608049557199798
0.6148936170212767    0.0832655922170941
0.6167021276595744    0.10311381887326966
0.6185106382978723    0.12542259562065972
0.6203191489361702    0.14974932454175294
0.6221276595744681    0.1753788154958062
0.6239361702127659    0.20131307351353406
0.6257446808510638    0.22629277401872494
0.6275531914893617    0.24885783119980115
0.6293617021276596    0.26745037903957375
0.6311702127659574    0.28055722791875165
0.6329787234042553    0.2868809302546636
0.6347872340425532    0.2855200804973896
0.6365957446808511    0.27613205032504157
0.6384042553191489    0.25904705387881805
0.6402127659574468    0.2353032768239373
0.6420212765957447    0.20658027075112007
0.6438297872340426    0.17502225794909582
0.6456382978723404    0.14296311969070247
0.6474468085106383    0.1125875037674523
0.6492553191489362    0.08558291045720207
0.6510638297872341    0.06285019417429186
0.6528723404255319    0.044339516642856416
0.6546808510638298    0.029062338689664943
0.6564893617021277    0.015298021545052588
0.6582978723404256    0.0009709137804028191
0.6601063829787234    -0.01587051025162811
0.6619148936170213    -0.03657518069603265
0.6637234042553192    -0.061527247092791046
0.6655319148936171    -0.08999973433971774
0.6673404255319149    -0.12027803918173492
0.6691489361702128    -0.15004043522925548
0.6709574468085107    -0.17691091718641883
0.6727659574468086    -0.1990436209406542
0.6745744680851063    -0.2155770642241286
0.6763829787234042    -0.22682187270903553
0.6781914893617021    -0.23411549498251066
0.68    -0.23937472342037064
0.6818085106382978    -0.2444730683501824
0.6836170212765957    -0.25063312110861546
0.6854255319148936    -0.25802924395016325
0.6872340425531915    -0.26573576637406426
0.6890425531914893    -0.2720452747561326
0.6908510638297872    -0.27505535847667784
0.6926595744680851    -0.27332450291276833
0.694468085106383    -0.26636663316989473
0.6962765957446809    -0.2548054947657743
0.6980851063829787    -0.24013069290571581
0.6998936170212766    -0.22414493110272726
0.7017021276595745    -0.2083109679904851
0.7035106382978724    -0.19324859879297335
0.7053191489361702    -0.1785760409038169
0.7071276595744681    -0.16315472578167212
0.708936170212766    -0.14563406942431972
0.7107446808510639    -0.12506999894339693
0.7125531914893617    -0.10136101034317896
0.7143617021276596    -0.07532383557684577
0.7161702127659575    -0.048386160720631746
0.7179787234042554    -0.02203967298364433
0.7197872340425532    0.002700522527941219
0.7215957446808511    0.025591479406035882
0.723404255319149    0.047089597264864225
0.7252127659574469    0.0679566418960866
0.7270212765957447    0.08873834953384027
0.7288297872340426    0.1093628315913509
0.7306382978723405    0.12904161066478276
0.7324468085106384    0.1465063636735709
0.7342553191489362    0.1604538283226521
0.7360638297872341    0.16997938290370201
0.737872340425532    0.17480066398806626
0.7396808510638299    0.1751921111298984
0.7414893617021276    0.17170453535308433
0.7432978723404255    0.16484937186834348
0.7451063829787234    0.15493110059226317
0.7469148936170213    0.1421154605026428
0.7487234042553191    0.12668177411089387
0.750531914893617    0.10930317935051428
0.7523404255319149    0.091184798109297
0.7541489361702128    0.07396952527504733
0.7559574468085106    0.05944395614970699
0.7577659574468085    0.049171261798355695
0.7595744680851064    0.044193796756275536
0.7613829787234043    0.04488683071300284
0.7631914893617021    0.05095405676410311
0.765    0.061497053660921716
0.7668085106382979    0.07509844501309366
0.7686170212765958    0.08991615687825898
0.7704255319148936    0.10384086381402403
0.7722340425531915    0.11476922912820274
0.7740425531914894    0.12098118491143074
0.7758510638297873    0.12152072452943725
0.7776595744680851    0.11643164937619939
0.779468085106383    0.10673567873402658
0.7812765957446809    0.09414773374877962
0.7830851063829788    0.08063832484049645
0.7848936170212766    0.06800364871004046
0.7867021276595745    0.05756155155954397
0.7885106382978724    0.049993572137184444
0.7903191489361703    0.04527778538933763
0.7921276595744681    0.042663125867132834
0.793936170212766    0.040713783040551496
0.7957446808510639    0.03752465640983564
0.7975531914893618    0.03118703961737769
0.7993617021276596    0.02044327951462576
0.8011702127659575    0.005286450761930812
0.8029787234042554    -0.012825665596387249
0.8047872340425533    -0.03136041162669051
0.806595744680851    -0.04763077660403106
0.808404255319149    -0.05985992935507729
0.8102127659574468    -0.06787058014354123
0.8120212765957447    -0.07304138933370367
0.8138297872340425    -0.07755793427978007
0.8156382978723404    -0.08336933292352099
0.8174468085106383    -0.09140315844790643
0.8192553191489362    -0.1013997976130052
0.821063829787234    -0.11233164337622463
0.8228723404255319    -0.12303879553903162
0.8246808510638298    -0.13266015569635703
0.8264893617021277    -0.14068073669589748
0.8282978723404255    -0.14675032996334125
0.8301063829787234    -0.1505886805050049
0.8319148936170213    -0.15215366671304936
0.8337234042553192    -0.15193329819485235
0.835531914893617    -0.15100903749632155
0.8373404255319149    -0.1506410301916405
0.8391489361702128    -0.15150568022928623
0.8409574468085107    -0.1530833809954023
0.8427659574468085    -0.15372287130127582
0.8445744680851064    -0.1515048261486343
0.8463829787234043    -0.14544105974113702
0.8481914893617022    -0.1362150243098435
0.85    -0.12589144868696406
0.8518085106382979    -0.11669973543173442
0.8536170212765958    -0.1096647895836268
0.8554255319148937    -0.10401691051764084
0.8572340425531915    -0.09780168091287461
0.8590425531914894    -0.08927000399240467
0.8608510638297873    -0.07806728882310529
0.8626595744680852    -0.06538789252577859
0.864468085106383    -0.05302431126935375
0.8662765957446809    -0.042055444690003566
0.8680851063829788    -0.03216657859793384
0.8698936170212767    -0.02208351300780325
0.8717021276595744    -0.01072963336265529
0.8735106382978723    0.0018385010257672835
0.8753191489361702    0.014458806704990695
0.8771276595744681    0.02580271747181894
0.8789361702127659    0.03543103512020016
0.8807446808510638    0.04408510743562671
0.8825531914893617    0.05297373689105787
0.8843617021276596    0.0626591023524542
0.8861702127659574    0.0724873039945618
0.8879787234042553    0.08105743174442251
0.8897872340425532    0.08734641072504576
0.8915957446808511    0.0915405575070902
0.8934042553191489    0.09485646267064776
0.8952127659574468    0.09848314188520166
0.8970212765957447    0.10253269984807886
0.8988297872340426    0.10589958119446977
0.9006382978723404    0.10717088920529963
0.9024468085106383    0.10583472891653153
0.9042553191489362    0.10276530331109215
0.9060638297872341    0.09956406856468494
0.9078723404255319    0.09730322561507965
0.9096808510638298    0.09572455701334437
0.9114893617021277    0.09355355271525223
0.9132978723404256    0.08963220955155521
0.9151063829787234    0.08388322230036865
0.9169148936170213    0.07729442364788214
0.9187234042553192    0.07099506008056172
0.9205319148936171    0.06529726446562198
0.9223404255319149    0.0595785592988754
0.9241489361702128    0.05308310714346702
0.9259574468085107    0.045849624622638877
0.9277659574468086    0.03884004566545449
0.9295744680851065    0.03308937167227986
0.9313829787234043    0.028649246649861397
0.9331914893617022    0.024359738411906917
0.935    0.018766857615482607
0.936808510638298    0.01142760779910959
0.9386170212765957    0.0034068434208486768
0.9404255319148936    -0.0035690114501335207
0.9422340425531915    -0.008619225669579213
0.9440425531914894    -0.012522536879215722
0.9458510638297872    -0.017023950837290525
0.9476595744680851    -0.023160193327732136
0.949468085106383    -0.030082552053319507
0.9512765957446809    -0.035515950470153664
0.9530851063829787    -0.037583826610389205
0.9548936170212766    -0.036466965246482526
0.9567021276595745    -0.03440569720798666
0.9585106382978724    -0.033936223661717606
0.9603191489361702    -0.03580323310071081
0.9621276595744681    -0.03833650068142213
0.963936170212766    -0.03886592873000138
0.9657446808510639    -0.035999721501019745
0.9675531914893617    -0.030829224346607932
0.9693617021276596    -0.02603412502476469
0.9711702127659575    -0.023663287878105954
0.9729787234042554    -0.02349135688372967
0.9747872340425532    -0.02332499572678467
0.9765957446808511    -0.02093334130041962
0.978404255319149    -0.01590307849579896
0.9802127659574469    -0.00985408417602103
0.9820212765957447    -0.004930660910580252
0.9838297872340426    -0.0019691930590855127
0.9856382978723405    5.839108896043719e-05
0.9874468085106384    0.0029268640400980984
0.9892553191489362    0.007447277738135565
0.9910638297872341    0.012696952631988216
0.992872340425532    0.01681319654974333
0.9946808510638299    0.018583184162278
0.9964893617021277    0.01843123173859427
0.9982978723404256    0.018018713943803263
1.0001063829787233    0.018895273999941044
1.0019148936170212    0.021371175555974772
1.0037234042553191    0.024459412407214907
1.005531914893617    0.026769733616346915
1.007340425531915    0.027522947842633545
1.0091489361702128    0.02693276380565581
1.0109574468085107    0.025847319469038503
1.0127659574468086    0.025099611477148467
1.0145744680851063    0.025065513513866093
1.0163829787234042    0.025599206819842416
1.0181914893617021    0.0262208491600026
1.02    0.026391033882951158
1.021808510638298    0.025791410964013564
1.0236170212765958    0.024526913162697922
1.0254255319148937    0.023089715976634707
1.0272340425531916    0.021993521358240564
1.0290425531914893    0.02127680016274664
1.0308510638297872    0.020324448269546817
1.032659574468085    0.018307492065431287
1.034468085106383    0.014986485695516881
1.036276595744681    0.011157522790916467
1.0380851063829788    0.008190207548396899
1.0398936170212767    0.006901729424216586
1.0417021276595746    0.0067324078061846634
1.0435106382978723    0.006068358277620454
1.0453191489361702    0.0035679187045615946
1.047127659574468    -0.0006442844435260277
1.048936170212766    -0.005052888598946141
1.0507446808510639    -0.008123036709488201
1.0525531914893618    -0.00975113461153607
1.0543617021276597    -0.01141584500056202
1.0561702127659576    -0.014813192334153704
1.0579787234042553    -0.020205652023273523
1.0597872340425532    -0.026050538759860135
1.061595744680851    -0.030311133977073763
1.063404255319149    -0.032255044359172425
1.0652127659574468    -0.03304468703889846
1.0670212765957447    -0.034547283129214956
1.0688297872340426    -0.03749272912297921
1.0706382978723405    -0.04074886558116572
1.0724468085106382    -0.042420812814862485
1.0742553191489361    -0.041719174876274565
1.076063829787234    -0.039784718308184475
1.077872340425532    -0.038652225322576006
1.0796808510638298    -0.03933229687861191
1.0814893617021277    -0.04084919118525693
1.0832978723404256    -0.041160180939205954
1.0851063829787235    -0.03907955281310693
1.0869148936170212    -0.035378308045285425
1.088723404255319    -0.03203550214937333
1.090531914893617    -0.03038365158869393
1.092340425531915    -0.029913613470476608
1.0941489361702128    -0.02882855345922359
1.0959574468085107    -0.02575688213112335
1.0977659574468086    -0.020980577642593846
1.0995744680851065    -0.016079329780286693
1.1013829787234042    -0.012439547416440096
1.103191489361702    -0.010107917347920777
1.105    -0.008031302962710846
1.1068085106382979    -0.0053228517026170305
1.1086170212765958    -0.0022288130572464624
1.1104255319148937    0.00015442305377207175
1.1122340425531916    0.0010833771540564895
1.1140425531914895    0.0010595231774489036
1.1158510638297872    0.0015103741137359186
1.117659574468085    0.003551292263487246
1.119468085106383    0.006995349464433034
1.1212765957446809    0.010520902357530035
1.1230851063829788    0.012810750582231533
1.1248936170212767    0.01360677998443642
1.1267021276595746    0.013769252650423652
1.1285106382978725    0.01438914023600811
1.1303191489361701    0.015838803616292224
1.132127659574468    0.017606972417306035
1.133936170212766    0.018957396656888878
1.1357446808510638    0.019683622329360592
1.1375531914893617    0.020214942501810912
1.1393617021276596    0.021023728067569934
1.1411702127659575    0.02198854038092358
1.1429787234042554    0.022401896601175017
1.1447872340425531    0.021658320428323975
1.146595744680851    0.019959588498113558
1.148404255319149    0.018315076332789074
1.1502127659574468    0.01777111890671479
1.1520212765957447    0.018558118981839004
1.1538297872340426    0.019963191910470482
1.1556382978723405    0.021071477509154134
1.1574468085106384    0.021681054700170434
1.1592553191489363    0.022498786733724616
1.161063829787234    0.024398174597929943
1.162872340425532    0.027446892141128873
1.1646808510638298    0.030681023099964372
1.1664893617021277    0.03290450438471647
1.1682978723404256    0.033770727197664524
1.1701063829787235    0.034074118985946825
1.1719148936170214    0.03492081715233397
1.1737234042553193    0.03656779131269958
1.175531914893617    0.0380948520158511
1.1773404255319149    0.038277293756520364
1.1791489361702128    0.03681487271200991
1.1809574468085107    0.0346723813749034
1.1827659574468086    0.03314863922725686
1.1845744680851065    0.032579375452709516
1.1863829787234044    0.03198274907747373
1.1881914893617023    0.030030267597005916
1.19    0.02638929381856111
1.1918085106382978    0.022101617361309202
1.1936170212765957    0.018635709614780095
1.1954255319148936    0.01657998190225044
1.1972340425531915    0.015263440001367555
1.1990425531914894    0.013592152338167289
1.2008510638297873    0.011146069665316373
1.2026595744680852    0.008395784481473132
1.204468085106383    0.005923335385186164
1.2062765957446808    0.00362033288872775
1.2080851063829787    0.0008070484644877828
1.2098936170212766    -0.0028679269502291647
1.2117021276595745    -0.006801644112088768
1.2135106382978724    -0.009858506050041658
1.2153191489361703    -0.01144948660429837
1.2171276595744682    -0.012124717976698514
1.218936170212766    -0.013032376576551867
1.2207446808510638    -0.014800680171671701
1.2225531914893617    -0.016992665396925594
1.2243617021276596    -0.018637129981002372
1.2261702127659575    -0.019194460255205714
1.2279787234042554    -0.018930689921315358
1.2297872340425533    -0.01841565299957139
1.2315957446808512    -0.017837675527509554
1.2334042553191489    -0.016936941581733048
1.2352127659574468    -0.015546970865179248
1.2370212765957447    -0.01400393521150112
1.2388297872340426    -0.012893529257427632
1.2406382978723405    -0.012459863793927703
1.2424468085106384    -0.012432534516073658
1.2442553191489363    -0.012496888638220183
1.2460638297872342    -0.012792745641413767
1.2478723404255319    -0.013743559112023244
1.2496808510638298    -0.015353258687712788
1.2514893617021277    -0.01686511561486288
1.2532978723404256    -0.017367639430746613
1.2551063829787235    -0.016814147869167854
1.2569148936170214    -0.01629339338036614
1.2587234042553193    -0.017089240704389812
1.2605319148936172    -0.019414791120111918
1.2623404255319148    -0.022176199721135482
1.2641489361702127    -0.024087206210050695
1.2659574468085106    -0.024990029485339304
1.2677659574468085    -0.02597600124470995
1.2695744680851064    -0.028182959548094622
1.2713829787234043    -0.03158149031568594
1.2731914893617022    -0.03505132845324192
1.2750000000000001    -0.03760324501110757
1.2768085106382978    -0.03934834836141976
1.2786170212765957    -0.041160520663354516
1.2804255319148936    -0.04349889190247902
1.2822340425531915    -0.04579727025207529
1.2840425531914894    -0.04711790972446876
1.2858510638297873    -0.04726113639060564
1.2876595744680852    -0.04699330655401625
1.289468085106383    -0.04711910065922785
1.2912765957446808    -0.047513689620368615
1.2930851063829787    -0.0472876113936867
1.2948936170212766    -0.04589987334751797
1.2967021276595745    -0.043874562395963504
1.2985106382978724    -0.042218835460113915
1.3003191489361703    -0.041194486426673796
1.3021276595744682    -0.03991561988412502
1.303936170212766    -0.037311655610733144
1.3057446808510638    -0.033366952913989806
1.3075531914893617    -0.02916133455155051
1.3093617021276596    -0.025608971748301408
1.3111702127659575    -0.02235416737274489
1.3129787234042554    -0.018169944802415988
1.3147872340425533    -0.012479155029899602
1.3165957446808512    -0.006259515044069342
1.318404255319149    -0.0012243093196129236
1.3202127659574467    0.0018776668006124718
1.3220212765957446    0.0039629899705082745
1.3238297872340425    0.0065372260965634865
1.3256382978723404    0.010061623126058423
1.3274468085106383    0.013583697638879379
1.3292553191489362    0.015969949813288472
1.3310638297872341    0.017243374424024387
1.332872340425532    0.01846982124307427
1.3346808510638297    0.020394259986924224
1.3364893617021276    0.022508670981689283
1.3382978723404255    0.02368636083768225
1.3401063829787234    0.023606318811272366
1.3419148936170213    0.023210217710039924
1.3437234042553192    0.023579069356724828
1.3455319148936171    0.02453947665816925
1.347340425531915    0.02470201593248596
1.3491489361702127    0.0229804071514581
1.3509574468085106    0.019869933777304064
1.3527659574468085    0.016991196314797393
1.3545744680851064    0.015405605436109786
1.3563829787234043    0.014642114071690911
1.3581914893617022    0.013536000932800423
1.36    0.011839052767330414
1.361808510638298    0.010645535333414946
1.3636170212765957    0.01109259653186943
1.3654255319148936    0.012880453898796891
1.3672340425531915    0.014431751245168996
1.3690425531914894    0.014602735873893411
1.3708510638297873    0.013994102262850801
1.3726595744680852    0.014305057413310028
1.374468085106383    0.01641656087778775
1.376276595744681    0.019380615624290852
1.3780851063829787    0.021478076834001984
1.3798936170212766    0.02214217693675658
1.3817021276595745    0.0225598493936219
1.3835106382978724    0.024288750372748122
1.3853191489361703    0.027489138790501938
1.3871276595744682    0.030765478064659582
1.388936170212766    0.03273216761191708
1.390744680851064    0.033472363678994504
1.3925531914893619    0.03426911663019759
1.3943617021276595    0.03602507835890109
1.3961702127659574    0.03823837050950343
1.3979787234042553    0.039637765329271685
1.3997872340425532    0.039606571089106646
1.4015957446808511    0.038696501161011324
1.403404255319149    0.03774168082997466
1.405212765957447    0.036779224917494455
1.4070212765957448    0.03512037351760387
1.4088297872340425    0.03241080385075047
1.4106382978723404    0.029274423486283986
1.4124468085106383    0.02667843673405114
1.4142553191489362    0.024788508969774095
1.416063829787234    0.02276483978792406
1.417872340425532    0.019819040296788902
1.41968085106383    0.016279008939775873
1.4214893617021278    0.01333228915119887
1.4232978723404255    0.01167624605930543
1.4251063829787234    0.010642832976275246
1.4269148936170213    0.00886204902436253
1.4287234042553192    0.0057456729529146554
1.430531914893617    0.0021083033433184264
1.432340425531915    -0.0007637439101415783
1.4341489361702129    -0.002500185205451939
1.4359574468085108    -0.0039052975698419478
1.4377659574468085    -0.005851602949908609
1.4395744680851064    -0.008154496223406789
1.4413829787234043    -0.009745082697096867
1.4431914893617022    -0.009901667369948236
1.445    -0.009072818785749616
1.446808510638298    -0.008343163768493261
1.4486170212765959    -0.008196807702634866
1.4504255319148938    -0.00802419547644991
1.4522340425531914    -0.0069106731920882455
1.4540425531914893    -0.0047542770583547025
1.4558510638297872    -0.002427371145713738
1.4576595744680851    -0.0008474720342278625
1.459468085106383    -6.051053403110455e-05
1.461276595744681    0.0006538858982809856
1.4630851063829788    0.0018770495212861692
1.4648936170212767    0.003450529357256177
1.4667021276595744    0.004831738331071573
1.4685106382978723    0.005887432534663516
1.4703191489361702    0.007122913698376615
1.4721276595744681    0.009065339011386783
1.473936170212766    0.01153589170445668
1.475744680851064    0.013665478372036879
1.4775531914893618    0.014644406106551086
1.4793617021276597    0.014387451185090602
1.4811702127659574    0.013442755037951351
1.4829787234042553    0.012333962193272263
1.4847872340425532    0.011089759798668948
1.486595744680851    0.009405907925962544
1.488404255319149    0.007146961915782745
1.490212765957447    0.004580737638478169
1.4920212765957448    0.002120390628710442
1.4938297872340427    -9.263339371295585e-05
1.4956382978723404    -0.0023171303817154268
1.4974468085106383    -0.004968014499664329
1.4992553191489362    -0.008281489504697108
1.501063829787234    -0.012174418447650258
1.502872340425532    -0.016330677334860523
1.5046808510638299    -0.020375270746912005
1.5064893617021278    -0.024029456927826508
1.5082978723404257    -0.027220616181369027
1.5101063829787233    -0.030108840723277172
1.5119148936170212    -0.03296497703817898
1.5137234042553191    -0.035928663174485787
1.515531914893617    -0.038832133802842714
1.517340425531915    -0.041279967655379904
1.5191489361702128    -0.04294910145699424
1.5209574468085107    -0.04383352501589784
1.5227659574468086    -0.04418832720357248
1.5245744680851063    -0.04423040297896537
1.5263829787234042    -0.043911609287782497
1.5281914893617021    -0.043005322671820584
1.53    -0.04141093162058676
1.531808510638298    -0.03934538761704451
1.5336170212765958    -0.03721132148165582
1.5354255319148937    -0.03527564978560428
1.5372340425531916    -0.033490123083776205
1.5390425531914893    -0.0316284364541137
1.5408510638297872    -0.029576781390057323
1.542659574468085    -0.02745800003487458
1.544468085106383    -0.025458035914833983
1.546276595744681    -0.023552806996754626
1.5480851063829788    -0.021448785709960103
1.5498936170212767    -0.018822102902503517
1.5517021276595746    -0.015609043360218344
1.5535106382978723    -0.01202897678241181
1.5553191489361702    -0.008304765744715312
1.557127659574468    -0.004389248937465269
1.558936170212766    -2.193685320488626e-05
1.5607446808510639    0.0049198440037334715
1.5625531914893618    0.010164983301743532
1.5643617021276597    0.015210583344591775
1.5661702127659576    0.019769662690410767
1.5679787234042553    0.024021392689156883
1.5697872340425532    0.028357907214227703
1.571595744680851    0.032874671512852685
1.573404255319149    0.037170804141776106
1.5752127659574469    0.04071926507897851
1.5770212765957448    0.043439217243723044
1.5788297872340427    0.045851873418619835
1.5806382978723406    0.04862818920846958
1.5824468085106382    0.05197905879281131
1.5842553191489361    0.05548351086096408
1.586063829787234    0.058456357845222656
1.587872340425532    0.06041114615504216
1.5896808510638298    0.061187703645512195
1.5914893617021277    0.06079787055800556
1.5932978723404256    0.05935317576533505
1.5951063829787235    0.05719997622375658
1.5969148936170212    0.05496863118679304
1.5987234042553191    0.05326174487750027
1.600531914893617    0.05219494505769577
1.602340425531915    0.05132012013856828
1.6041489361702128    0.05011006728821554
1.6059574468085107    0.04851612825874281
1.6077659574468086    0.04695751716008349
1.6095744680851065    0.04572967357278075
1.6113829787234042    0.04452234176887965
1.613191489361702    0.04264848085251868
1.615    0.03975901203171274
1.616808510638298    0.03622676294072438
1.6186170212765958    0.0327521494423952
1.6204255319148937    0.029647963266416166
1.6222340425531916    0.02661713616256197
1.6240425531914895    0.02322405386762505
1.6258510638297874    0.01943832912401735
1.627659574468085    0.015601801354340299
1.629468085106383    0.011935677317807772
1.6312765957446809    0.008278512629624972
1.6330851063829788    0.004407013008808325
1.6348936170212767    0.000496147973888225
1.6367021276595746    -0.002936629405486727
1.6385106382978725    -0.005600720077689929
1.6403191489361704    -0.00782881921458441
1.642127659574468    -0.010293482444585684
1.643936170212766    -0.013365846651392545
1.6457446808510638    -0.016864814119252183
1.6475531914893617    -0.02043146099441743
1.6493617021276596    -0.02398291766956758
1.6511702127659575    -0.027661079638908972
1.6529787234042554    -0.031421004235261646
1.6547872340425533    -0.03491005096914511
1.656595744680851    -0.037875538948390075
1.658404255319149    -0.04055336829340507
1.6602127659574468    -0.04342568479924987
1.6620212765957447    -0.04655835961870704
1.6638297872340426    -0.0493796411094477
1.6656382978723405    -0.05130508438889418
1.6674468085106384    -0.052529076587406145
1.6692553191489363    -0.05397305099675355
1.671063829787234    -0.056331709725531615
1.672872340425532    -0.059289144187667286
1.6746808510638298    -0.06185751003801057
1.6764893617021277    -0.06348287728256066
1.6782978723404256    -0.06463043782026406
1.6801063829787235    -0.06616953696440606
1.6819148936170214    -0.06831620341612038
1.6837234042553193    -0.07040571249296623
1.685531914893617    -0.07173112618467573
1.6873404255319149    -0.07238099149473684
1.6891489361702128    -0.07304685974537611
1.6909574468085107    -0.07407712708333863
1.6927659574468086    -0.07498109599320721
1.6945744680851065    -0.07499004155824368
1.6963829787234044    -0.07394404337636179
1.6981914893617023    -0.07239277659309121
1.7    -0.07083125208633817
1.7018085106382979    -0.06909363602929941
1.7036170212765958    -0.06669074787189702
1.7054255319148937    -0.06362405118101316
1.7072340425531916    -0.060566589069253454
1.7090425531914895    -0.058103125540693606
1.7108510638297874    -0.05594404068241898
1.7126595744680853    -0.05310681816078716
1.714468085106383    -0.04888964447040943
1.7162765957446808    -0.0435160135379576
1.7180851063829787    -0.037770453041638855
1.7198936170212766    -0.03217045676117103
1.7217021276595745    -0.026678889721611518
1.7235106382978724    -0.021152483534586083
1.7253191489361703    -0.015774914630641457
1.7271276595744682    -0.010864779092022561
1.728936170212766    -0.00640420187994847
1.7307446808510638    -0.002049861149704381
1.7325531914893617    0.0023164611204076983
1.7343617021276596    0.006282146955567329
1.7361702127659575    0.009388005722688886
1.7379787234042554    0.01186414639495852
1.7397872340425533    0.014601733016953042
1.7415957446808512    0.018221805412886052
1.7434042553191489    0.022298364519666568
1.7452127659574468    0.025742163744173048
1.7470212765957447    0.027997607569604822
1.7488297872340426    0.029676433169828348
1.7506382978723405    0.0318592478509956
1.7524468085106384    0.03485525239974907
1.7542553191489363    0.03784406125873127
1.7560638297872342    0.039771485498769826
1.7578723404255319    0.04042034443639329
1.7596808510638298    0.04045737763466081
1.7614893617021277    0.040532116387552206
1.7632978723404256    0.04057359481939267
1.7651063829787235    0.040059135353434375
1.7669148936170214    0.038802119073360994
1.7687234042553193    0.03726792531594081
1.7705319148936172    0.036123576032723176
1.7723404255319148    0.03565080281339775
1.7741489361702127    0.03566524951473862
1.7759574468085106    0.03583979803302005
1.7777659574468085    0.03590267297075893
1.7795744680851064    0.035556698788189664
1.7813829787234043    0.034473382683197315
1.7831914893617022    0.03257574959837006
1.7850000000000001    0.030271981271207657
1.7868085106382978    0.02821429091557641
1.7886170212765957    0.02675100150964993
1.7904255319148936    0.02570703587275558
1.7922340425531915    0.024757832886172115
1.7940425531914894    0.02389087922445462
1.7958510638297873    0.023329420358608015
1.7976595744680852    0.023038920227610934
1.7994680851063831    0.02255663594208611
1.8012765957446808    0.021487356234756866
1.8030851063829787    0.020065083453221416
1.8048936170212766    0.018974689429205452
1.8067021276595745    0.01853361254258578
1.8085106382978724    0.0182215938516326
1.8103191489361703    0.017206877204201054
1.8121276595744682    0.015294015539708737
1.813936170212766    0.013152497349197562
1.8157446808510638    0.01154089768652309
1.8175531914893617    0.0104691294890513
1.8193617021276596    0.009290728177826679
1.8211702127659575    0.0075359968473773
1.8229787234042554    0.005408220273671041
1.8247872340425533    0.0033890576853164104
1.8265957446808512    0.0015993592982219843
1.828404255319149    -0.00016688998389853484
1.8302127659574468    -0.00181481209356981
1.8320212765957447    -0.002695545581225937
1.8338297872340426    -0.002233209598606005
1.8356382978723405    -0.0007059526204664058
1.8374468085106384    0.0008748669315907839
1.8392553191489363    0.0017533174234768828
1.8410638297872342    0.0021259840093306014
1.842872340425532    0.0027249174237272845
1.8446808510638297    0.003869412087388604
1.8464893617021276    0.005223933803367406
1.8482978723404255    0.006536342551361268
1.8501063829787234    0.00830767902370607
1.8519148936170213    0.011416219630696445
1.8537234042553192    0.016112925251178405
1.8555319148936171    0.02168561668752096
1.857340425531915    0.02726249034396811
1.859148936170213    0.032746142881361816
1.8609574468085106    0.03868530628178674
1.8627659574468085    0.04527591207474407
1.8645744680851064    0.0518358568929879
1.8663829787234043    0.057488817539571795
1.8681914893617022    0.06219112380324605
1.87    0.06673753776711072
1.871808510638298    0.07167016684617639
1.873617021276596    0.07644158723757488
1.8754255319148936    0.07989707069507684
1.8772340425531915    0.08149604930813609
1.8790425531914894    0.08179196889506116
1.8808510638297873    0.08165770982186096
1.8826595744680852    0.08129805496012948
1.884468085106383    0.08024803476546033
1.886276595744681    0.07820375801059085
1.8880851063829789    0.07549743843875975
1.8898936170212766    0.07262083995715907
1.8917021276595745    0.06952753892125829
1.8935106382978724    0.06569077130078585
1.8953191489361703    0.06078961966379168
1.8971276595744682    0.055024967089786575
1.898936170212766    0.048645506148108114
1.900744680851064    0.041454711020829496
1.9025531914893619    0.03314459999537679
1.9043617021276595    0.024080378664020935
1.9061702127659574    0.015340062711157447
1.9079787234042553    0.007661386394500789
1.9097872340425532    0.00045999059809096257
1.9115957446808511    -0.007790775583457041
1.913404255319149    -0.018115302600551053
1.915212765957447    -0.030153401162325386
1.9170212765957448    -0.04279056920699571
1.9188297872340425    -0.055389230607918685
1.9206382978723404    -0.06805558534104462
1.9224468085106383    -0.08076510599797536
1.9242553191489362    -0.09273905624168823
1.9260638297872341    -0.10309817176751264
1.927872340425532    -0.11198621799888818
1.92968085106383    -0.12054453249166612
1.9314893617021278    -0.12952817153515822
1.9332978723404255    -0.13820792681681227
1.9351063829787234    -0.14501050114357095
1.9369148936170213    -0.14922423270536883
1.9387234042553192    -0.15172289844729736
1.940531914893617    -0.1538412586972026
1.942340425531915    -0.1558105861517925
1.944148936170213    -0.15664438206080478
1.9459574468085108    -0.15547440013798497
1.9477659574468085    -0.15254664044353433
1.9495744680851064    -0.1486837059102638
1.9513829787234043    -0.14412914679620853
1.9531914893617022    -0.13846973871229457
1.955    -0.13176106839875446
1.956808510638298    -0.1252149067371729
1.9586170212765959    -0.12028681508976774
1.9604255319148938    -0.11715722965919215
1.9622340425531914    -0.11454732029044448
1.9640425531914893    -0.11119613157560274
1.9658510638297872    -0.1071955278430837
1.9676595744680851    -0.10354461945256452
1.969468085106383    -0.10058782886829301
1.971276595744681    -0.09744896281979676
1.9730851063829788    -0.09324670410707159
1.9748936170212767    -0.08848837456145431
1.9767021276595744    -0.08473523601007879
1.9785106382978723    -0.0828593548633682
1.9803191489361702    -0.08208040242351244
1.9821276595744681    -0.08101288250695113
1.983936170212766    -0.07937597644000682
1.985744680851064    -0.07816376717019191
1.9875531914893618    -0.07807051643866345
1.9893617021276597    -0.07823508045954233
1.9911702127659574    -0.07696721011003738
1.9929787234042553    -0.07356478694207325
1.9947872340425532    -0.0689287645269343
1.996595744680851    -0.06423102805610068
1.998404255319149    -0.059370794002274685
2.0002127659574467    -0.05317769273451187
2.0020212765957446    -0.04504716804615444
2.0038297872340425    -0.035887812411755204
2.0056382978723404    -0.027202707040282145
2.0074468085106383    -0.019515160663318626
2.009255319148936    -0.012088333964822229
2.011063829787234    -0.004128685402246875
2.012872340425532    0.00420520727169408
2.01468085106383    0.012245134018377637
2.016489361702128    0.01994917361778399
2.0182978723404257    0.02810166685637336
2.0201063829787236    0.03731257658728994
2.0219148936170215    0.04722694418239527
2.0237234042553194    0.057062981211766464
2.0255319148936173    0.06676249651680524
2.0273404255319147    0.0771636608360235
2.0291489361702126    0.08888654976038796
2.0309574468085105    0.10135315621052485
2.0327659574468084    0.11324306014527563
2.0345744680851063    0.12387051476932548
2.0363829787234042    0.1338271049921595
2.038191489361702    0.1441964990261041
2.04    0.1553845728142867
2.041808510638298    0.16688879724301453
2.043617021276596    0.1779677367417497
2.0454255319148937    0.18811334527961954
2.0472340425531916    0.19681714408164103
2.0490425531914895    0.20332910569016538
2.0508510638297874    0.207109810175849
2.0526595744680853    0.20847787904874693
2.0544680851063832    0.2083832873155118
2.0562765957446807    0.20730108966870225
2.0580851063829786    0.20456941581551868
2.0598936170212765    0.19914457707436778
2.0617021276595744    0.19096500086228474
2.0635106382978723    0.18121479422013909
2.06531914893617    0.17107921289812328
2.067127659574468    0.1605158696471759
2.068936170212766    0.1485975147661861
2.070744680851064    0.13498183476052122
2.072553191489362    0.12059219609673122
2.0743617021276597    0.10660760228635455
2.0761702127659576    0.0930923557384459
2.0779787234042555    0.07912688936946266
2.0797872340425534    0.06436932595118777
2.0815957446808513    0.05004516748088811
2.083404255319149    0.03797058529676198
2.085212765957447    0.02866491570360105
2.0870212765957445    0.02080574907289183
2.0888297872340424    0.012687446829010456
2.0906382978723403    0.003949002779956766
2.0924468085106382    -0.004389000153121307
2.094255319148936    -0.011400438815004597
2.096063829787234    -0.017304424935712177
2.097872340425532    -0.022899587848850027
2.09968085106383    -0.02832705978243125
2.1014893617021277    -0.03285519537942329
2.1032978723404256    -0.035906054768140544
2.1051063829787235    -0.03789709126507007
2.1069148936170214    -0.0397848128370535
2.1087234042553193    -0.04194648567356413
2.1105319148936172    -0.04387076384621898
2.112340425531915    -0.04501345911077126
2.114148936170213    -0.045657457155884845
2.1159574468085105    -0.04667627443971266
2.1177659574468084    -0.04856293496881328
2.1195744680851063    -0.05097660961120973
2.121382978723404    -0.05328108858554087
2.123191489361702    -0.05524542526640666
2.125    -0.0569852836659612
2.126808510638298    -0.05835618190079188
2.128617021276596    -0.058759260673063474
2.1304255319148937    -0.05770290623762307
2.1322340425531916    -0.055396686249404664
2.1340425531914895    -0.052611245531884995
2.1358510638297874    -0.05002594968914996
2.1376595744680853    -0.047908803778193065
2.139468085106383    -0.046405069097210455
2.141276595744681    -0.045813129142482756
2.143085106382979    -0.04629519408812259
2.1448936170212765    -0.04740340328559567
2.1467021276595744    -0.048236409060187266
2.1485106382978723    -0.04827417976855747
2.15031914893617    -0.04795718936917055
2.152127659574468    -0.048250562460706733
2.153936170212766    -0.049631117456145596
2.155744680851064    -0.0516373351420768
2.1575531914893618    -0.05342282842688981
2.1593617021276597    -0.054559691393470805
2.1611702127659576    -0.05516331081133133
2.1629787234042555    -0.05538847384004694
2.1647872340425534    -0.05511648810554383
2.1665957446808513    -0.05422699242191273
2.168404255319149    -0.05291442391407712
2.170212765957447    -0.05142639324217749
2.172021276595745    -0.04949612011610399
2.1738297872340424    -0.04632588505802712
2.1756382978723403    -0.041344276209726916
2.177446808510638    -0.034887848279538156
2.179255319148936    -0.02791878884692904
2.181063829787234    -0.021042612991675494
2.182872340425532    -0.013985010718572381
2.18468085106383    -0.006141226202371772
2.1864893617021277    0.0025116004624069896
2.1882978723404256    0.011265733913158011
2.1901063829787235    0.01941516462199126
2.1919148936170214    0.026870259793685704
2.1937234042553193    0.03387075822428949
2.195531914893617    0.04024736718964887
2.197340425531915    0.045299652577762875
2.199148936170213    0.048542392513480484
2.200957446808511    0.05038859309707272
2.2027659574468084    0.05183899780602004
2.2045744680851063    0.0534631861904455
2.206382978723404    0.05485440144250739
2.208191489361702    0.05518838722147702
2.21    0.0542054203075307
2.211808510638298    0.0524725187716219
2.2136170212765958    0.05068360899378051
2.2154255319148937    0.04886877033330811
2.2172340425531916    0.04639224009937623
2.2190425531914895    0.042630276526519045
2.2208510638297874    0.0375001770371232
2.2226595744680853    0.03134860485939543
2.224468085106383    0.024531381345292542
2.226276595744681    0.0172689386584935
2.228085106382979    0.00984565870643657
2.229893617021277    0.002720574497457242
2.2317021276595743    -0.0037193619999560277
2.233510638297872    -0.009493309082129035
2.23531914893617    -0.015013366025224236
2.237127659574468    -0.020700612272966244
2.238936170212766    -0.026640346400663182
2.240744680851064    -0.03260765514631089
2.2425531914893617    -0.03835078185497576
2.2443617021276596    -0.04377927409566468
2.2461702127659575    -0.04890675703015501
2.2479787234042554    -0.05371711264327046
2.2497872340425533    -0.05815623818110133
2.251595744680851    -0.06222597606047077
2.253404255319149    -0.06601232172260026
2.255212765957447    -0.06958551420868163
2.257021276595745    -0.07288291630566181
2.258829787234043    -0.07569384023157259
2.2606382978723403    -0.07773485128545422
2.262446808510638    -0.07873338528513386
2.264255319148936    -0.07849704695744901
2.266063829787234    -0.07700294681694529
2.267872340425532    -0.07448478082556383
2.2696808510638298    -0.07141022862660924
2.2714893617021277    -0.06828534392845832
2.2732978723404256    -0.0653894634806567
2.2751063829787235    -0.06264762268692341
2.2769148936170214    -0.05975037283418311
2.2787234042553193    -0.05641907835458297
2.280531914893617    -0.052601607669166356
2.282340425531915    -0.048472220052009504
2.284148936170213    -0.04429399712903048
2.285957446808511    -0.040295831954002104
2.2877659574468088    -0.03664635926072385
2.2895744680851062    -0.033473019044643684
2.291382978723404    -0.030829778692965187
2.293191489361702    -0.028609626807793262
2.295    -0.026516053564781407
2.296808510638298    -0.02419298150274348
2.2986170212765957    -0.021443959962214154
2.3004255319148936    -0.01832647726681929
2.3022340425531915    -0.014990046114198269
2.3040425531914894    -0.011406997193816406
2.3058510638297873    -0.007322058858102616
2.3076595744680852    -0.002560033200553464
2.309468085106383    0.0025895008941609955
2.311276595744681    0.007383583939868911
2.313085106382979    0.011176221958804872
2.314893617021277    0.014072175736181181
2.3167021276595747    0.017040867810886245
2.3185106382978726    0.02129607683025297
2.32031914893617    0.027437622423234363
2.322127659574468    0.0350777044055451
2.323936170212766    0.043206831059087805
2.325744680851064    0.050888489054251015
2.3275531914893617    0.057676311603145236
2.3293617021276596    0.06354539750072695
2.3311702127659575    0.06862429867455812
2.3329787234042554    0.07309197053566767
2.3347872340425533    0.07727789149957075
2.336595744680851    0.08171196378946381
2.338404255319149    0.08693353736511171
2.340212765957447    0.09316549482917623
2.342021276595745    0.10013599820385259
2.343829787234043    0.1072108439291025
2.3456382978723407    0.11372878461941589
2.3474468085106386    0.11927689277600191
2.349255319148936    0.12372704849185244
2.351063829787234    0.1270806297651466
2.352872340425532    0.1293266833234306
2.3546808510638297    0.13046357201621123
2.3564893617021276    0.13061675542655632
2.3582978723404255    0.130038266630354
2.3601063829787234    0.12889417913825063
2.3619148936170213    0.12704240931251637
2.3637234042553192    0.12411755878928293
2.365531914893617    0.11994641365323327
2.367340425531915    0.11487907722594892
2.369148936170213    0.10958466608231246
2.370957446808511    0.10440031905338476
2.3727659574468087    0.09889684957544276
2.3745744680851066    0.09221313950960769
2.3763829787234045    0.08391160126602737
2.378191489361702    0.07447616383096584
2.38    0.06489082423017162
2.381808510638298    0.05572370931895319
2.3836170212765957    0.04669409267533153
2.3854255319148936    0.037160422302726245
2.3872340425531915    0.0269408332519976
2.3890425531914894    0.016545731120454238
2.3908510638297873    0.006622036920057882
2.392659574468085    -0.0026998820597174938
2.394468085106383    -0.011836190659046564
2.396276595744681    -0.02122060758285752
2.398085106382979    -0.030880847781067047
2.399893617021277    -0.04052914570506594
2.4017021276595747    -0.04989986060274221
2.4035106382978726    -0.05886003262678051
2.4053191489361705    -0.06725664633606131
2.407127659574468    -0.07486255361962198
2.408936170212766    -0.08158474214345769
2.4107446808510637    -0.08762689246766985
2.4125531914893616    -0.09327187504921676
2.4143617021276595    -0.09846023310509246
2.4161702127659574    -0.10269955033297458
2.4179787234042553    -0.10551018115808929
2.4197872340425532    -0.1069620049117281
2.421595744680851    -0.10770538061399275
2.423404255319149    -0.10845775291362726
2.425212765957447    -0.10949923686477302
2.427021276595745    -0.11065640362214411
2.4288297872340427    -0.1116559483791864
2.4306382978723406    -0.11236312238281533
2.4324468085106385    -0.1126791937972449
2.4342553191489364    -0.11235408132856949
2.436063829787234    -0.11105891943090714
2.437872340425532    -0.10870421725751107
2.4396808510638297    -0.10567075195319624
2.4414893617021276    -0.10270250716847552
2.4432978723404255    -0.10053436293799563
2.4451063829787234    -0.09952100370279553
2.4469148936170213    -0.09948222148706894
2.448723404255319    -0.0998328618095921
2.450531914893617    -0.09993248169136888
2.452340425531915    -0.0994581686258678
2.454148936170213    -0.09853517254234286
2.455957446808511    -0.09751048233542599
2.4577659574468087    -0.09658632317834696
2.4595744680851066    -0.09569352306697244
2.4613829787234045    -0.09471393723019696
2.4631914893617024    -0.09372033451759425
2.465    -0.09285661431638469
2.4668085106382978    -0.09195519680455462
2.4686170212765957    -0.09040112739317314
2.4704255319148936    -0.08751906382775064
2.4722340425531915    -0.08311095694648453
2.4740425531914894    -0.07754073927591441
2.4758510638297873    -0.0712975748156263
2.477659574468085    -0.06460905192737855
2.479468085106383    -0.057568013349862196
2.481276595744681    -0.05049716959726225
2.483085106382979    -0.043901028768232805
2.4848936170212768    -0.03790803356905331
2.4867021276595747    -0.03189632539479251
2.4885106382978726    -0.024927229478289917
2.4903191489361705    -0.016655049926930468
2.4921276595744684    -0.00771692032311758
2.493936170212766    0.0008698073256028904
2.4957446808510637    0.008644902823172297
2.4975531914893616    0.015956877785499465
2.4993617021276595    0.0233456286766415
2.5011702127659574    0.03086062759795758
2.5029787234042553    0.03807604746067334
2.504787234042553    0.0446479290388637
2.506595744680851    0.05067065037287972
2.508404255319149    0.05648217639991956
2.510212765957447    0.062286146705774766
2.512021276595745    0.0680463140651612
2.5138297872340427    0.07359775362853949
2.5156382978723406    0.0786545767969451
2.5174468085106385    0.08273831053648723
2.5192553191489364    0.08537300541043794
2.5210638297872343    0.08656437999429553
2.5228723404255318    0.08700574571016009
2.5246808510638297    0.08756527451295182
2.5264893617021276    0.08846594965955915
2.5282978723404255    0.08908965535446234
2.5301063829787234    0.08870495930143008
2.5319148936170213    0.08730558943933445
2.533723404255319    0.08556958413883942
2.535531914893617    0.08401057340498905
2.537340425531915    0.08238703117141197
2.539148936170213    0.08008889709916728
2.5409574468085108    0.07696920351414577
2.5427659574468087    0.07354331580515608
2.5445744680851066    0.07033132921587693
2.5463829787234045    0.06723488270389624
2.5481914893617024    0.06375654069135853
2.5500000000000003    0.05972674048464413
2.551808510638298    0.055536530119474334
2.5536170212765956    0.051563720722864886
2.5554255319148935    0.04758658139580768
2.5572340425531914    0.043014687681327324
2.5590425531914893    0.03768235662768568
2.560851063829787    0.03218921544813817
2.562659574468085    0.027339444908984788
2.564468085106383    0.02337209443621928
2.566276595744681    0.019903683672288418
2.568085106382979    0.016565815834117315
2.5698936170212767    0.013474974957704264
2.5717021276595746    0.010986217832038452
2.5735106382978725    0.009157299441658807
2.5753191489361704    0.0076697317504839
2.5771276595744683    0.00626376687073066
2.578936170212766    0.0050473689461597165
2.580744680851064    0.004265365625990893
2.5825531914893616    0.0038847690545842344
2.5843617021276595    0.0035783647596920945
2.5861702127659574    0.003098853986087601
2.5879787234042553    0.0024970870006228866
2.589787234042553    0.0018990358632874158
2.591595744680851    0.00121133385532905
2.593404255319149    0.0002245047269190184
2.595212765957447    -0.0010133556412311984
2.5970212765957448    -0.002112925356578701
2.5988297872340427    -0.0027427870157319795
2.6006382978723406    -0.0030226669161976774
2.6024468085106385    -0.003370806547934592
2.6042553191489364    -0.0039439960131698246
2.6060638297872343    -0.004335492461295522
2.607872340425532    -0.0038975570819486556
2.60968085106383    -0.0023376080973652406
2.6114893617021275    8.478759953047671e-06
2.6132978723404254    0.0023920922672542684
2.6151063829787233    0.004054766586540129
2.6169148936170212    0.004531567056042368
2.618723404255319    0.0038277956953751075
2.620531914893617    0.00246468363811458
2.622340425531915    0.001242840074195472
2.624148936170213    0.0007064402738096863
2.6259574468085107    0.0007056034829229132
2.6277659574468086    0.0005440534857047473
2.6295744680851065    -0.00036050075032951335
2.6313829787234044    -0.00198848685214153
2.6331914893617023    -0.003919958875523237
2.6350000000000002    -0.005907416602859183
2.636808510638298    -0.00804991441773629
2.638617021276596    -0.010355696375021739
2.6404255319148935    -0.012342905102916439
2.6422340425531914    -0.013330363967031892
2.6440425531914893    -0.013159073483115806
2.645851063829787    -0.012453850526215305
2.647659574468085    -0.012057016522296586
2.649468085106383    -0.01229491738217456
2.651276595744681    -0.01292862626472058
2.653085106382979    -0.013739875182553896
2.6548936170212767    -0.014902803895689402
2.6567021276595746    -0.01664100897472264
2.6585106382978725    -0.018676817433878848
2.6603191489361704    -0.020285446543634345
2.6621276595744683    -0.020970294999721563
2.663936170212766    -0.020952884541905012
2.665744680851064    -0.020904434013671633
2.667553191489362    -0.021287222008971367
2.6693617021276594    -0.022069585605822478
2.6711702127659573    -0.02298398760018231
2.6729787234042552    -0.023812388363025648
2.674787234042553    -0.02433061620713861
2.676595744680851    -0.024194651484665756
2.678404255319149    -0.023172200029005725
2.680212765957447    -0.02151554556315833
2.6820212765957447    -0.019880642071121786
2.6838297872340426    -0.0187160334245159
2.6856382978723405    -0.017825799911783263
2.6874468085106384    -0.016704873735963945
2.6892553191489363    -0.015264312710888496
2.6910638297872342    -0.013994276099493348
2.692872340425532    -0.013297117852815992
2.69468085106383    -0.012832811853687787
2.696489361702128    -0.011775320063226274
2.6982978723404254    -0.009739284862366342
2.7001063829787233    -0.007254088499210172
2.701914893617021    -0.005196365767219333
2.703723404255319    -0.00386855311518787
2.705531914893617    -0.0028004580341079244
2.707340425531915    -0.0014012366070332415
2.709148936170213    0.0004248661186678509
2.7109574468085107    0.002390783366105793
2.7127659574468086    0.0043321984470094015
2.7145744680851065    0.006332851787629694
2.7163829787234044    0.008355405235971933
2.7181914893617023    0.010010323492830986
2.72    0.0108774154852821
2.721808510638298    0.010971389239156453
2.723617021276596    0.010711387258966965
2.725425531914894    0.010432648514222022
2.7272340425531914    0.01008405374685795
2.7290425531914893    0.009439639692576822
2.730851063829787    0.00841079311864723
2.732659574468085    0.006976452795780921
2.734468085106383    0.0049354481211959095
2.736276595744681    0.00205792302563555
2.7380851063829788    -0.0013759237901808915
2.7398936170212767    -0.004406672383856819
2.7417021276595746    -0.006077409343061851
2.7435106382978725    -0.0063469841108622265
2.7453191489361704    -0.00615005639867272
2.7471276595744683    -0.006447845851233967
2.748936170212766    -0.007338231011065853
2.750744680851064    -0.008219930400939834
2.752553191489362    -0.008684729283004823
2.75436170212766    -0.008946926298696287
2.7561702127659573    -0.009327726075381654
2.757978723404255    -0.009621965180848291
2.759787234042553    -0.009314285614645406
2.761595744680851    -0.008398023309036707
2.763404255319149    -0.007645300701454281
2.765212765957447    -0.007844126105398176
2.7670212765957447    -0.008894388940382286
2.7688297872340426    -0.009892817700456542
2.7706382978723405    -0.010094476180589142
2.7724468085106384    -0.009549260207809454
2.7742553191489363    -0.00869981508694696
2.776063829787234    -0.007607526459312935
2.777872340425532    -0.0058964513134962555
2.77968085106383    -0.0034500119110519
2.781489361702128    -0.0008377117377929818
2.783297872340426    0.0011707554355916846
2.7851063829787237    0.0023753625979979795
2.786914893617021    0.00316894362008827
2.788723404255319    0.003806392237647478
2.790531914893617    0.003954044751335142
2.792340425531915    0.0031709840137015017
2.7941489361702128    0.001670858101402703
2.7959574468085107    0.00026991943782118835
2.7977659574468086    -0.0005139745019194428
2.7995744680851065    -0.0010774444763294066
2.8013829787234044    -0.0022283976611816884
2.8031914893617023    -0.004148170660878033
2.805    -0.0061058220879779785
2.806808510638298    -0.007280526537365737
2.808617021276596    -0.007674625937495378
2.810425531914894    -0.008018748315222073
2.8122340425531918    -0.00883927783656456
2.8140425531914897    -0.00985268083081035
2.815851063829787    -0.01037940183876914
2.817659574468085    -0.010215170036888332
2.819468085106383    -0.009923824579375996
2.821276595744681    -0.010285533516374415
2.8230851063829787    -0.011588096227174109
2.8248936170212766    -0.013482316630277307
2.8267021276595745    -0.015392063118142986
2.8285106382978724    -0.0169582096447553
2.8303191489361703    -0.018173431488627836
2.832127659574468    -0.019277563267690215
2.833936170212766    -0.020583095507933788
2.835744680851064    -0.02226687321528399
2.837553191489362    -0.024174485837440363
2.83936170212766    -0.025823823231455607
2.8411702127659577    -0.02671295224341034
2.8429787234042556    -0.026698852397138123
2.844787234042553    -0.026061026183616304
2.846595744680851    -0.025183314133296178
2.848404255319149    -0.024218252917991102
2.8502127659574468    -0.023080266039803607
2.8520212765957447    -0.021673104039866498
2.8538297872340426    -0.019993569382169514
2.8556382978723405    -0.01800888995834872
2.8574468085106384    -0.015582369077348578
2.8592553191489363    -0.012656798964277065
2.861063829787234    -0.009483152459897216
2.862872340425532    -0.00652970207957965
2.86468085106383    -0.004092555077813349
2.866489361702128    -0.0020498625278998536
2.8682978723404258    -6.410755451482283e-05
2.8701063829787237    0.002010620332195588
2.8719148936170216    0.0040052190475929625
2.873723404255319    0.005714231938945648
2.875531914893617    0.0072037510951037985
2.877340425531915    0.008786194618347964
2.8791489361702127    0.010740692216653282
2.8809574468085106    0.013123756672132138
2.8827659574468085    0.015816679753500307
2.8845744680851064    0.01865333359183412
2.8863829787234043    0.021480791220466425
2.8881914893617022    0.02420618211156927
2.89    0.026885950022061966
2.891808510638298    0.02971763401817373
2.893617021276596    0.03279956433750332
2.895425531914894    0.03585414180733712
2.8972340425531917    0.0383087987578979
2.8990425531914896    0.03978702293618569
2.9008510638297875    0.04051472253790851
2.902659574468085    0.041137090887290506
2.904468085106383    0.04209363641957045
2.906276595744681    0.04323981966270339
2.9080851063829787    0.04412450984482859
2.9098936170212766    0.044557537035370506
2.9117021276595745    0.04480246472163449
2.9135106382978724    0.045251077343939294
2.9153191489361703    0.046053950882032374
2.917127659574468    0.04710532398879304
2.918936170212766    0.048216866287843343
2.920744680851064    0.049117882050534994
2.922553191489362    0.049339389831588254
2.92436170212766    0.04836881254373973
2.9261702127659577    0.046105475331771964
2.9279787234042556    0.04307258432189848
2.9297872340425535    0.03996945034396325
2.931595744680851    0.03697055421684857
2.933404255319149    0.03361397925376465
2.9352127659574467    0.029464847883219847
2.9370212765957446    0.024747058337250105
2.9388297872340425    0.020131654685900002
2.9406382978723404    0.015943007165829866
2.9424468085106383    0.0118196325104312
2.9442553191489362    0.007288336237535241
2.946063829787234    0.002501224212988864
2.947872340425532    -0.001850831263113625
2.94968085106383    -0.005354020714871224
2.951489361702128    -0.00834881900417727
2.9532978723404257    -0.011444529724900496
2.9551063829787236    -0.014729137018513052
2.9569148936170215    -0.0177335561838349
2.9587234042553194    -0.02018243328828787
2.960531914893617    -0.022490748777699823
2.962340425531915    -0.025303544027316893
2.9641489361702127    -0.028677481606083435
2.9659574468085106    -0.03200520837005495
2.9677659574468085    -0.03479481428148962
2.9695744680851064    -0.03726632835582888
2.9713829787234043    -0.039973143663147206
2.973191489361702    -0.04296962560571303
2.975    -0.0456507917956368
2.976808510638298    -0.04747139748439862
2.978617021276596    -0.04856289677782291
2.980425531914894    -0.04942168422124742
2.9822340425531917    -0.05011918531797997
2.9840425531914896    -0.050133836569849585
2.9858510638297875    -0.049041233403303866
2.9876595744680854    -0.04711046311429418
2.989468085106383    -0.044976157239977735
2.9912765957446807    -0.042825150264939174
2.9930851063829786    -0.04021168046748344
2.9948936170212765    -0.0367600418123651
2.9967021276595744    -0.032791602215908655
2.9985106382978723    -0.029003863443242142
3.0003191489361702    -0.025624027138242224
3.002127659574468    -0.022191558933212008
3.003936170212766    -0.018277327764094964
3.005744680851064    -0.014161193040463892
3.007553191489362    -0.010527169429497291
3.0093617021276597    -0.007571495631951343
3.0111702127659576    -0.004746493445026818
3.0129787234042555    -0.0015309934837481167
3.0147872340425534    0.0017835006533747405
3.0165957446808513    0.004378307950256968
3.0184042553191492    0.005955096195392888
3.0202127659574467    0.007196491906434562
3.0220212765957446    0.00900147692963952
3.0238297872340425    0.011416805046013247
3.0256382978723404    0.01357647688196835
3.0274468085106383    0.014690527063842392
3.029255319148936    0.014842598603926456
3.031063829787234    0.014678454213127821
3.032872340425532    0.014504065106834569
3.03468085106383    0.013985472923276756
3.036489361702128    0.012760428732688588
3.0382978723404257    0.011073854193529842
3.0401063829787236    0.00958930547413735
3.0419148936170215    0.008659004941247325
3.0437234042553194    0.008016756400503106
3.0455319148936173    0.007246309128814915
3.047340425531915    0.006360847012626307
3.0491489361702127    0.005748509165649524
3.0509574468085106    0.005619248982585236
3.0527659574468085    0.005714764796602609
3.0545744680851064    0.005636314461740677
3.0563829787234043    0.005326958631462358
3.058191489361702    0.005100680747795688
3.06    0.005243455017153585
3.061808510638298    0.005718801194692523
3.063617021276596    0.006273123022079167
3.0654255319148938    0.006685126597325668
3.0672340425531917    0.0068119188469266245
3.0690425531914896    0.006487811813034065
3.0708510638297875    0.00557356028835815
3.0726595744680854    0.004180923447372026
3.0744680851063833    0.0027464308332971095
3.076276595744681    0.001753958104685518
3.0780851063829786    0.0013656795837423425
3.0798936170212765    0.0013757006545263117
3.0817021276595744    0.0015178397120963558
3.0835106382978723    0.001737767306812959
3.08531914893617    0.0021231635617357096
3.087127659574468    0.0026375487109724116
3.088936170212766    0.0030266892084435467
3.090744680851064    0.003011157661298888
3.092553191489362    0.0025241649973784196
3.0943617021276597    0.0017444197862281053
3.0961702127659576    0.0009464257079506763
3.0979787234042555    0.00034984848275126696
3.0997872340425534    4.768411638923016e-05
3.1015957446808513    -3.26506629249488e-05
3.103404255319149    -0.00013472006355056554
3.105212765957447    -0.0005652303009455416
3.1070212765957446    -0.001488034516257337
3.1088297872340425    -0.0028034458543582793
3.1106382978723404    -0.00425790975707724
3.1124468085106383    -0.00567307397526229
3.114255319148936    -0.007039994367520968
3.116063829787234    -0.008405596958303157
3.117872340425532    -0.009748041820307769
3.11968085106383    -0.011022098816686952
3.1214893617021278    -0.012279893053926048
3.1232978723404257    -0.013639925779899927
3.1251063829787236    -0.015095961139682205
3.1269148936170215    -0.016423972971228235
3.1287234042553194    -0.017361662273264637
3.1305319148936173    -0.017883421950966216
3.132340425531915    -0.01824638058426036
3.134148936170213    -0.018751313474289943
3.1359574468085105    -0.019495217025814266
3.1377659574468084    -0.02035980416817641
3.1395744680851063    -0.021161095079336518
3.141382978723404    -0.021734527060798304
3.143191489361702    -0.02192143925522935
3.145    -0.021617577987270032
3.146808510638298    -0.02091725590302364
3.148617021276596    -0.02013482310813541
3.1504255319148937    -0.01954864993308864
3.1522340425531916    -0.0190898741025697
3.1540425531914895    -0.018370099895318907
3.1558510638297874    -0.01709008535512194
3.1576595744680853    -0.015391293202398206
3.159468085106383    -0.013742064604673164
3.161276595744681    -0.01249606798641192
3.163085106382979    -0.011636897895771842
3.1648936170212765    -0.010948527557913482
3.1667021276595744    -0.010304323621450756
3.1685106382978723    -0.009678122363587373
3.17031914893617    -0.00893748595081608
3.172127659574468    -0.007813199604441549
3.173936170212766    -0.006166442672571453
3.175744680851064    -0.00418917698022917
3.1775531914893618    -0.0022009661057979316
3.1793617021276597    -0.0002610879926788264
3.1811702127659576    0.0018707788826076148
3.1829787234042555    0.004314374109795985
3.1847872340425534    0.006719323396563206
3.1865957446808513    0.008495146163321508
3.188404255319149    0.009411082253364091
3.190212765957447    0.009858044280652508
3.192021276595745    0.010457677913694095
3.1938297872340424    0.011495147522644342
3.1956382978723403    0.01282131753990208
3.1974468085106382    0.014221908431481339
3.199255319148936    0.01567241643800873
3.201063829787234    0.01715189017350058
3.202872340425532    0.01838389972943112
3.20468085106383    0.019010327827624577
3.2064893617021277    0.019067297409267252
3.2082978723404256    0.01911210399515152
3.2101063829787235    0.019724087996071397
3.2119148936170214    0.020930147927776716
3.2137234042553193    0.022269395258346984
3.2155319148936172    0.02342691596490513
3.217340425531915    0.02462416547467833
3.219148936170213    0.0262448219357742
3.220957446808511    0.02816339456189439
3.2227659574468084    0.02966127323334106
3.2245744680851063    0.030100880232301872
3.226382978723404    0.02957405668996232
3.228191489361702    0.02875345812004698
3.23    0.028136987020000757
3.231808510638298    0.027579427153190613
3.233617021276596    0.026603192957629054
3.2354255319148937    0.025023754256295643
3.2372340425531916    0.0231129022298862
3.2390425531914895    0.021177647436995895
3.2408510638297874    0.019166057391499975
3.2426595744680853    0.01681566228735681
3.244468085106383    0.014128460227321782
3.246276595744681    0.011546472763943553
3.248085106382979    0.009587783007140846
3.249893617021277    0.008349557942828625
3.251702127659575    0.007408291587075219
3.2535106382978722    0.006179578976226469
3.25531914893617    0.004351882917237218
3.257127659574468    0.0020403352033413072
3.258936170212766    -0.000359555768121841
3.260744680851064    -0.002436466955943988
3.2625531914893617    -0.004003609179794528
3.2643617021276596    -0.005236768973980531
3.2661702127659575    -0.006614307740323445
3.2679787234042554    -0.008617497260968702
3.2697872340425533    -0.011362997585323753
3.2715957446808512    -0.014488725158260421
3.273404255319149    -0.017435409830164797
3.275212765957447    -0.019875924649690034
3.277021276595745    -0.021877953433748695
3.278829787234043    -0.02366438425942171
3.2806382978723407    -0.025260403977100054
3.282446808510638    -0.02640913837312881
3.284255319148936    -0.026814832816319724
3.286063829787234    -0.026424918652179073
3.287872340425532    -0.025467810308744877
3.28968085106383    -0.02425909213785403
3.2914893617021277    -0.023006019851068545
3.2932978723404256    -0.021770162057335805
3.2951063829787235    -0.020542404964493804
3.2969148936170214    -0.019303190602077948
3.2987234042553193    -0.01802956415214902
3.300531914893617    -0.01670412988239326
3.302340425531915    -0.015356045394706141
3.304148936170213    -0.014082485315811449
3.305957446808511    -0.012991164463572989
3.307765957446809    -0.012090647980018288
3.3095744680851067    -0.011231239576225696
3.311382978723404    -0.010171869373726956
3.313191489361702    -0.008738011017367563
3.315    -0.006947537688159061
3.316808510638298    -0.005000626158657552
3.3186170212765957    -0.003143855904909886
3.3204255319148936    -0.0015252556028229934
3.3222340425531915    -0.0001535346436510555
3.3240425531914894    0.001036601175615726
3.3258510638297873    0.0021106144118114107
3.3276595744680852    0.003125271225866964
3.329468085106383    0.004147746311530824
3.331276595744681    0.005222493807978555
3.333085106382979    0.006299117887501488
3.334893617021277    0.007234406629895656
3.3367021276595747    0.00791934941916787
3.3385106382978726    0.008404964166924617
3.34031914893617    0.008853983407499665
3.342127659574468    0.009342682309380387
3.343936170212766    0.009752449335971629
3.345744680851064    0.009913832496768742
3.3475531914893617    0.009842478966937403
3.3493617021276596    0.00974904061705845
3.3511702127659575    0.00977002605012552
3.3529787234042554    0.009755558421632574
3.3547872340425533    0.009434384688587105
3.356595744680851    0.008805466086357225
3.358404255319149    0.008257058871450056
3.360212765957447    0.008190019095463744
3.362021276595745    0.008544771061354109
3.363829787234043    0.008815570854936169
3.3656382978723407    0.008583279560709731
3.3674468085106386    0.007950152100630038
3.369255319148936    0.00734348661630751
3.371063829787234    0.006915904021508365
3.372872340425532    0.006282680372726918
3.3746808510638298    0.004943496602949755
3.3764893617021277    0.0028989324976937524
3.3782978723404256    0.0007211635680010593
3.3801063829787235    -0.0010137973250469929
3.3819148936170214    -0.002275591654141149
3.3837234042553193    -0.0035076679519095407
3.385531914893617    -0.005081648900437957
3.387340425531915    -0.006932662800952639
3.389148936170213    -0.008722178003709082
3.390957446808511    -0.010218273028406628
3.3927659574468088    -0.011412156882992512
3.3945744680851067    -0.01233230957248125
3.3963829787234046    -0.01291620849711883
3.398191489361702    -0.013142758853329495
3.4    -0.013201798245803587
3.401808510638298    -0.013403179972925006
3.4036170212765957    -0.013894604359864848
3.4054255319148936    -0.014533224054513311
3.4072340425531915    -0.015058413176853223
3.4090425531914894    -0.015329501560536217
3.4108510638297873    -0.015351148568832317
3.412659574468085    -0.015136292555886617
3.414468085106383    -0.014665170922142732
3.416276595744681    -0.01400015215800654
3.418085106382979    -0.013328349074910512
3.419893617021277    -0.012779403169307268
3.4217021276595747    -0.012218618849210303
3.4235106382978726    -0.011323451415457465
3.4253191489361705    -0.009907079941914157
3.427127659574468    -0.008101115004286785
3.428936170212766    -0.006157215082372047
3.4307446808510638    -0.004119490492720184
3.4325531914893617    -0.0018042906384681283
3.4343617021276596    0.0008730509499835988
3.4361702127659575    0.0036586070321258848
3.4379787234042554    0.006155829942575785
3.4397872340425533    0.008248339166500548
3.441595744680851    0.010230698671170041
3.443404255319149    0.012476020768566186
3.445212765957447    0.015033249175189283
3.447021276595745    0.01761096800924318
3.4488297872340428    0.019909436018134587
3.4506382978723407    0.02186225219163159
3.4524468085106386    0.02353541884116292
3.4542553191489365    0.02490599751385178
3.456063829787234    0.025855673894078668
3.457872340425532    0.02635052983426516
3.4596808510638297    0.026483805256749038
3.4614893617021276    0.02626376987679839
3.4632978723404255    0.025443435646341626
3.4651063829787234    0.023702638649673008
3.4669148936170213    0.021034766384805018
3.468723404255319    0.017861729029184245
3.470531914893617    0.01467970394721143
3.472340425531915    0.01161275790702004
3.474148936170213    0.008392130350258709
3.475957446808511    0.004782547368624693
3.4777659574468087    0.0009466677482599601
3.4795744680851066    -0.0026737768592577996
3.4813829787234045    -0.005795872301590763
3.4831914893617024    -0.00852907422650772
3.4850000000000003    -0.011162667591485702
3.4868085106382978    -0.013802845788220601
3.4886170212765957    -0.016290042755965465
3.4904255319148936    -0.018447124026276723
3.4922340425531915    -0.02032504375642139
3.4940425531914894    -0.022169529860409442
3.4958510638297873    -0.024186823114908964
3.497659574468085    -0.02637547123457055
3.499468085106383    -0.028547364107440885
3.501276595744681    -0.030449469861770145
3.503085106382979    -0.03187907097745514
3.5048936170212768    -0.03278016713711997
3.5067021276595747    -0.03330336250643581
3.5085106382978726    -0.033732090924067815
3.5103191489361705    -0.0342414783884826
3.5121276595744684    -0.03467643897742144
3.5139361702127663    -0.034614466549524506
3.5157446808510637    -0.03371471456009344
3.5175531914893616    -0.03200810103883149
3.5193617021276595    -0.02980767858537057
3.5211702127659574    -0.02734709419227467
3.5229787234042553    -0.024579154148863094
3.5247872340425532    -0.02136030146467973
3.526595744680851    -0.017751714809194005
3.528404255319149    -0.014022969169286005
3.530212765957447    -0.01035307635402858
3.532021276595745    -0.006651646774446136
3.5338297872340427    -0.0027800909419643804
3.5356382978723406    0.0011016380790282406
3.5374468085106385    0.004561383203903071
3.5392553191489364    0.007339029156869808
3.5410638297872343    0.009677636912566654
3.5428723404255322    0.012086105796316866
3.5446808510638297    0.01476546276783329
3.5464893617021276    0.01737251491185212
3.5482978723404255    0.01940425852895368
3.5501063829787234    0.02073433158349823
3.5519148936170213    0.02166780683330808
3.553723404255319    0.022505728582419726
3.555531914893617    0.023212639695850856
3.557340425531915    0.023589829106168657
3.559148936170213    0.023655911668408247
3.560957446808511    0.023672891791937697
3.5627659574468087    0.023772969533318075
3.5645744680851066    0.023718511220416065
3.5663829787234045    0.023161856864532808
3.5681914893617024    0.022079998785328583
3.5700000000000003    0.020796363477099067
3.571808510638298    0.019552476145676012
3.5736170212765956    0.01821636736603461
3.5754255319148935    0.016539189806480843
3.5772340425531914    0.014606077496606477
3.5790425531914893    0.012821814748701744
3.5808510638297872    0.011389660566407306
3.582659574468085    0.00997646467827416
3.584468085106383    0.008081702422611428
3.586276595744681    0.005708968384744448
3.588085106382979    0.003481358680945474
3.5898936170212767    0.0020005985519511724
3.5917021276595746    0.0012092987071195649
3.5935106382978725    0.0005276583492480234
3.5953191489361704    -0.00043085732899505536
3.5971276595744683    -0.0014583740032578312
3.5989361702127662    -0.0021035281358831085
3.600744680851064    -0.0022401889623466513
3.6025531914893616    -0.0021187047080129836
3.6043617021276595    -0.0019413698996593215
3.6061702127659574    -0.0016444265290876943
3.6079787234042553    -0.0011955757999022871
3.609787234042553    -0.0008979291589046403
3.611595744680851    -0.0011328463616722836
3.613404255319149    -0.00180103715503315
3.615212765957447    -0.0022626227841442497
