0.0    0.0
0.0018085106382978724    0.0
0.003617021276595745    0.0
0.005425531914893617    0.0
0.00723404255319149    0.0
0.009042553191489363    0.0
0.010851063829787235    0.0
0.012659574468085107    0.0
0.01446808510638298    0.0
0.016276595744680853    0.0
0.018085106382978725    0.0
0.019893617021276597    0.0
0.02170212765957447    0.0
0.023510638297872342    0.0
0.025319148936170214    0.0
0.027127659574468086    0.0
0.02893617021276596    0.0
0.03074468085106383    0.0
0.032553191489361706    0.0
0.03436170212765958    0.0
0.03617021276595745    0.0
0.03797872340425532    0.0
0.039787234042553195    0.0
0.04159574468085107    0.0
0.04340425531914894    0.0
0.04521276595744681    0.0
0.047021276595744683    0.0
0.048829787234042556    0.0
0.05063829787234043    0.0
0.0524468085106383    0.0
0.05425531914893617    0.0
0.056063829787234044    0.0
0.05787234042553192    0.0
0.05968085106382979    0.0
0.06148936170212766    0.0
0.06329787234042554    0.0
0.06510638297872341    0.0
0.06691489361702128    0.0
0.06872340425531916    0.0
0.07053191489361703    0.0
0.0723404255319149    0.0
0.07414893617021277    0.0
0.07595744680851065    0.0
0.07776595744680852    0.0
0.07957446808510639    0.0
0.08138297872340426    0.0
0.08319148936170213    0.0
0.085    0.0
0.08680851063829788    0.0
0.08861702127659575    0.0
0.09042553191489362    0.0
0.0922340425531915    0.0
0.09404255319148937    0.0
0.09585106382978724    0.0
0.09765957446808511    0.0
0.09946808510638298    0.0
0.10127659574468086    0.0
0.10308510638297873    0.0
0.1048936170212766    0.0
0.10670212765957447    0.0
0.10851063829787234    0.0
0.11031914893617022    0.0
0.11212765957446809    0.0
0.11393617021276596    0.0
0.11574468085106383    0.0
0.1175531914893617    0.0
0.11936170212765958    0.0
0.12117021276595745    0.0
0.12297872340425532    0.0
0.1247872340425532    0.0
0.12659574468085108    0.0
0.12840425531914895    0.0
0.13021276595744682    0.0
0.1320212765957447    0.0
0.13382978723404257    0.0
0.13563829787234044    0.0
0.1374468085106383    0.0
0.13925531914893619    0.0
0.14106382978723406    0.0
0.14287234042553193    0.0
0.1446808510638298    0.0
0.14648936170212767    0.0
0.14829787234042555    0.0
0.15010638297872342    0.0
0.1519148936170213    0.0
0.15372340425531916    0.0
0.15553191489361703    0.0
0.1573404255319149    0.0
0.15914893617021278    0.0
0.16095744680851065    0.0
0.16276595744680852    0.0
0.1645744680851064    0.0
0.16638297872340427    0.0
0.16819148936170214    0.0
0.17    0.0
0.17180851063829788    0.0
0.17361702127659576    0.0
0.17542553191489363    0.0
0.1772340425531915    0.0
0.17904255319148937    0.0
0.18085106382978725    0.0
0.18265957446808512    0.0
0.184468085106383    0.0
0.18627659574468086    0.0
0.18808510638297873    0.0
0.1898936170212766    0.0
0.19170212765957448    0.0
0.19351063829787235    0.0
0.19531914893617022    0.0
0.1971276595744681    0.0
0.19893617021276597    0.0
0.20074468085106384    0.0
0.2025531914893617    0.0
0.20436170212765958    0.0
0.20617021276595746    0.0
0.20797872340425533    0.0
0.2097872340425532    4.816189580633881e-228
0.21159574468085107    1.3903644139149489e-223
0.21340425531914894    1.2121800120831835e-219
0.21521276595744682    5.065953213365564e-216
0.2170212765957447    1.2431677859766203e-212
0.21882978723404256    2.0099202399366556e-209
0.22063829787234043    2.3063210557243847e-206
0.2224468085106383    1.97866826803091e-203
0.22425531914893618    1.3190671481235633e-200
0.22606382978723405    7.038455160509868e-198
0.22787234042553192    3.0776687989426933e-195
0.2296808510638298    1.1241030219850773e-192
0.23148936170212767    3.484290066481833e-190
0.23329787234042554    9.28849139252987e-188
0.2351063829787234    2.154019708195874e-185
0.23691489361702128    4.38837613271892e-183
0.23872340425531915    7.922054479761231e-181
0.24053191489361703    1.2768321709147012e-178
0.2423404255319149    1.8497028881777165e-176
0.24414893617021277    2.422925470862451e-174
0.24595744680851064    2.8852334625623896e-172
0.24776595744680852    3.1385647811011157e-170
0.2495744680851064    3.132576404097272e-168
0.25138297872340426    2.8802784514444313e-166
0.25319148936170216    2.4486308182622996e-164
0.255    1.9312209605286512e-162
0.2568085106382979    1.4174553236367076e-160
0.25861702127659575    9.70962685833626e-159
0.26042553191489365    6.223970549388776e-157
0.2622340425531915    3.7426482834729804e-155
0.2640425531914894    2.1161111942192194e-153
0.26585106382978724    1.127408699732264e-151
0.26765957446808514    5.671309757237038e-150
0.269468085106383    2.6987695694431997e-148
0.2712765957446809    1.2170280406545322e-146
0.2730851063829787    5.209720389626762e-145
0.2748936170212766    2.1202770510316263e-143
0.27670212765957447    8.216417350583875e-142
0.27851063829787237    3.035962371362852e-140
0.2803191489361702    1.0710613875594945e-138
0.2821276595744681    3.612323792365757e-137
0.28393617021276596    1.1661003633330919e-135
0.28574468085106386    3.60710783239321e-134
0.2875531914893617    1.0703588617512912e-132
0.2893617021276596    3.049985256782583e-131
0.29117021276595745    8.353998142267663e-130
0.29297872340425535    2.20155847904934e-128
0.2947872340425532    5.5872500879516875e-127
0.2965957446808511    1.3667021833029874e-125
0.29840425531914894    3.224909299613424e-124
0.30021276595744684    7.346389627810369e-123
0.3020212765957447    1.6168665758939047e-121
0.3038297872340426    3.440613342345017e-120
0.3056382978723404    7.083766126666953e-119
0.3074468085106383    1.4120582956481345e-117
0.30925531914893617    2.7269889011871666e-116
0.31106382978723407    5.105381127144581e-115
0.3128723404255319    9.27147350017052e-114
0.3146808510638298    1.6341707244878614e-112
0.31648936170212766    2.7971609851865105e-111
0.31829787234042556    4.6520421717435165e-110
0.3201063829787234    7.5214684636319535e-109
0.3219148936170213    1.1828057058879409e-107
0.32372340425531915    1.810037535611531e-106
0.32553191489361705    2.696682264803005e-105
0.3273404255319149    3.9132533510814525e-104
0.3291489361702128    5.533548750634533e-103
0.33095744680851064    7.628034092459499e-102
0.33276595744680854    1.0255204779459699e-100
0.3345744680851064    1.3451571948685736e-99
0.3363829787234043    1.7221365418384494e-98
0.3381914893617021    2.152740741212003e-97
0.34    2.6284781555518236e-96
0.34180851063829787    3.1358820899675763e-95
0.34361702127659577    3.6568531621391054e-94
0.3454255319148936    4.169588492048101e-93
0.3472340425531915    4.6500545194623526e-92
0.34904255319148936    5.073870746743244e-91
0.35085106382978726    5.418396381187006e-90
0.3526595744680851    5.664766384573069e-89
0.354468085106383    5.79961817223911e-88
0.35627659574468085    5.816287566656782e-87
0.35808510638297875    5.715326390237386e-86
0.3598936170212766    5.50429078677872e-85
0.3617021276595745    5.19685127821863e-84
0.36351063829787233    4.811364700120068e-83
0.36531914893617023    4.369110036261886e-82
0.3671276595744681    3.8924165549321517e-81
0.368936170212766    3.402902646691395e-80
0.3707446808510638    2.920003206399297e-79
0.3725531914893617    2.459902848217401e-78
0.37436170212765957    2.0349242528149762e-77
0.37617021276595747    1.6533573666960994e-76
0.3779787234042553    1.3196650215851342e-75
0.3797872340425532    1.0349688568603178e-74
0.38159574468085106    7.977071475920203e-74
0.38340425531914896    6.043608115880467e-73
0.3852127659574468    4.5016085807205863e-72
0.3870212765957447    3.2971437612901436e-71
0.38882978723404255    2.3751169395036167e-70
0.39063829787234045    1.6830053986345764e-69
0.3924468085106383    1.1733136104064298e-68
0.3942553191489362    8.04903443159526e-68
0.39606382978723403    5.434328382568498e-67
0.39787234042553193    3.6115208144386474e-66
0.3996808510638298    2.362896463113594e-65
0.4014893617021277    1.5222158735901774e-64
0.4032978723404255    9.657172016892577e-64
0.4051063829787234    6.034337564035875e-63
0.40691489361702127    3.7143044322480943e-62
0.40872340425531917    2.252447309158142e-61
0.410531914893617    1.3459244846341743e-60
0.4123404255319149    7.925634219949631e-60
0.41414893617021276    4.599935515902373e-59
0.41595744680851066    2.6316597001846582e-58
0.4177659574468085    1.4843033483557214e-57
0.4195744680851064    8.254372604337728e-57
0.42138297872340424    4.526539444180706e-56
0.42319148936170214    2.4480520454853965e-55
0.425    1.3058619069606153e-54
0.4268085106382979    6.871400122188628e-54
0.42861702127659573    3.5670785423901394e-53
0.43042553191489363    1.827033918462102e-52
0.4322340425531915    9.234068987448951e-52
0.4340425531914894    4.6057173076082505e-51
0.4358510638297872    2.2672699972069243e-50
0.4376595744680851    1.1016768282495451e-49
0.43946808510638297    5.28436126171723e-49
0.44127659574468087    2.502415982670203e-48
0.4430851063829787    1.170026677684672e-47
0.4448936170212766    5.401830525724908e-47
0.44670212765957445    2.4628270469847284e-46
0.44851063829787235    1.108951765922349e-45
0.4503191489361702    4.931901420348572e-45
0.4521276595744681    2.1665839295011833e-44
0.45393617021276594    9.402247522172057e-44
0.45574468085106384    4.0310458956144124e-43
0.4575531914893617    1.7075279493898054e-42
0.4593617021276596    7.146860272723973e-42
0.46117021276595743    2.9559208668178874e-41
0.46297872340425533    1.2081818071942473e-40
0.46478723404255323    4.880507539347112e-40
0.4665957446808511    1.948594311446826e-39
0.468404255319149    7.690090933877094e-39
0.4702127659574468    3.000021083673527e-38
0.4720212765957447    1.1569869135752118e-37
0.47382978723404257    4.41135250624665e-37
0.47563829787234047    1.6629587616041744e-36
0.4774468085106383    6.198465432298267e-36
0.4792553191489362    2.2845771781063464e-35
0.48106382978723405    8.326677983943689e-35
0.48287234042553195    3.0012813885470124e-34
0.4846808510638298    1.0698793100566086e-33
0.4864893617021277    3.7720679658828146e-33
0.48829787234042554    1.3154180604055692e-32
0.49010638297872344    4.5374306220046305e-32
0.4919148936170213    1.5482455986309254e-31
0.4937234042553192    5.226061837850131e-31
0.49553191489361703    1.7451576669581083e-30
0.49734042553191493    5.7655436214471e-30
0.4991489361702128    1.88456356106743e-29
0.5009574468085106    6.094879965297562e-29
0.5027659574468085    1.9503911219990083e-28
0.5045744680851064    6.175871408937437e-28
0.5063829787234043    1.9351382419041487e-27
0.5081914893617021    6.000392385444457e-27
0.51    1.8412694631275346e-26
0.5118085106382979    5.591659070677796e-26
0.5136170212765958    1.6806013029516215e-25
0.5154255319148936    4.99923881519479e-25
0.5172340425531915    1.4718793054089662e-24
0.5190425531914894    4.289266674881442e-24
0.5208510638297873    1.2372267182022602e-23
0.5226595744680851    3.5325086674307634e-23
0.524468085106383    9.983817844636495e-23
0.5262765957446809    2.7931916772912015e-22
0.5280851063829788    7.7358166245516865e-22
0.5298936170212766    2.1209138694438275e-21
0.5317021276595745    5.756531424090329e-21
0.5335106382978724    1.5467805039209065e-20
0.5353191489361703    4.114668712356933e-20
0.5371276595744681    1.0836456081372238e-19
0.538936170212766    2.82548597587843e-19
0.5407446808510639    7.293889798035945e-19
0.5425531914893618    1.864195648816404e-18
0.5443617021276596    4.7173220656238214e-18
0.5461702127659575    1.1818876655995854e-17
0.5479787234042554    2.93182324281695e-17
0.5497872340425533    7.200852768827566e-17
0.551595744680851    1.7511270836719596e-16
0.5534042553191489    4.216395714242207e-16
0.5552127659574468    1.0052098818807498e-15
0.5570212765957447    2.372820467069454e-15
0.5588297872340425    5.545824602743881e-15
0.5606382978723404    1.2833945202666404e-14
0.5624468085106383    2.940668037128034e-14
0.5642553191489362    6.671474551187321e-14
0.566063829787234    1.4985980921446375e-13
0.5678723404255319    3.3329803908559354e-13
0.5696808510638298    7.339399548079034e-13
0.5714893617021277    1.6001608208465577e-12
0.5732978723404255    3.4541116726183906e-12
0.5751063829787234    7.381968880866166e-12
0.5769148936170213    1.5619377144936935e-11
0.5787234042553192    3.271918961181935e-11
0.580531914893617    6.785461776249267e-11
0.5823404255319149    1.393105677584576e-10
0.5841489361702128    2.831426089448478e-10
0.5859574468085107    5.696794973865819e-10
0.5877659574468085    1.1346103240620936e-09
0.5895744680851064    2.2368615615069886e-09
0.5913829787234043    4.365077779569042e-09
0.5931914893617022    8.431180891455025e-09
0.595    1.6117961552876976e-08
0.5968085106382979    3.049562300802513e-08
0.5986170212765958    5.710177093448941e-08
0.6004255319148937    1.0580929534322863e-07
0.6022340425531915    1.9401539495917797e-07
0.6040425531914894    3.520148610156849e-07
0.6058510638297873    6.319326964987273e-07
0.6076595744680852    1.1223710123051685e-06
0.609468085106383    1.972089790334978e-06
0.6112765957446809    3.4277438529552754e-06
0.6130851063829788    5.893131264204121e-06
0.6148936170212767    1.0020797793964287e-05
0.6167021276595744    1.6851432485971635e-05
0.6185106382978723    2.8022508158801324e-05
0.6203191489361702    4.607521520155402e-05
0.6221276595744681    7.489787459176466e-05
0.6239361702127659    0.00012035433837170333
0.6257446808510638    0.00019115651440470234
0.6275531914893617    0.0003000494508305819
0.6293617021276596    0.0004653827321225302
0.6311702127659574    0.0007131393734850344
0.6329787234042553    0.0010794776802638458
0.6347872340425532    0.0016138061106180735
0.6365957446808511    0.0023823486702657746
0.6384042553191489    0.003472061579363676
0.6402127659574468    0.004994625535812526
0.6420212765957447    0.007090060798840216
0.6438297872340426    0.009929300902575006
0.6456382978723404    0.013714832420491055
0.6474468085106383    0.0186782944674087
0.6492553191489362    0.025073780581082394
0.6510638297872341    0.03316556128031115
0.6528723404255319    0.04320912341669272
0.6546808510638298    0.05542487929606347
0.6564893617021277    0.06996469629640026
0.6582978723404256    0.08687256074248806
0.6601063829787234    0.1060421788398169
0.6619148936170213    0.12717600427213382
0.6637234042553192    0.1497518321461081
0.6655319148936171    0.1730043714406671
0.6673404255319149    0.1959296819899463
0.6691489361702128    0.21731959597559258
0.6709574468085107    0.23583087094224953
0.6727659574468086    0.2500896704886954
0.6745744680851063    0.25882619397484946
0.6763829787234042    0.2610274611784265
0.6781914893617021    0.2560894542548598
0.68    0.24394448309875122
0.6818085106382978    0.22513742927375058
0.6836170212765957    0.20082696103028624
0.6854255319148936    0.1726958484119801
0.6872340425531915    0.1427680688788151
0.6890425531914893    0.11314803646989652
0.6908510638297872    0.08571610447843656
0.6926595744680851    0.06183039425230519
0.694468085106383    0.04209343262244716
0.6962765957446809    0.026239095779825444
0.6980851063829787    0.013178898193491419
0.6998936170212766    0.0012176737841562407
0.7017021276595745    -0.011588298313008755
0.7035106382978724    -0.026994861318970165
0.7053191489361702    -0.04614705786355702
0.7071276595744681    -0.06927043549696126
0.708936170212766    -0.09556144947021332
0.7107446808510639    -0.12332110198090952
0.7125531914893617    -0.150317448334989
0.7143617021276596    -0.174300052500371
0.7161702127659575    -0.19354040174968123
0.7179787234042554    -0.20725322970729704
0.7197872340425532    -0.21577472899240596
0.7215957446808511    -0.22043388863613927
0.723404255319149    -0.223139133249321
0.7252127659574469    -0.22579015544989472
0.7270212765957447    -0.22968634754914213
0.7288297872340426    -0.23511544258623845
0.7306382978723405    -0.24125940534135543
0.7324468085106384    -0.24645883829061888
0.7342553191489362    -0.2487601205245601
0.7360638297872341    -0.24656993019524076
0.737872340425532    -0.23919651904102585
0.7396808510638299    -0.22708705160667886
0.7414893617021276    -0.21167073494654876
0.7432978723404255    -0.19485667460018657
0.7451063829787234    -0.1783640014726659
0.7469148936170213    -0.16313010377683484
0.7487234042553191    -0.14902039786022103
0.750531914893617    -0.13495306933632722
0.7523404255319149    -0.11939308789046954
0.7541489361702128    -0.10102280842802941
0.7559574468085106    -0.07932214982819571
0.7577659574468085    -0.0548239348567007
0.7595744680851064    -0.028940764145218165
0.7613829787234043    -0.0034376273311054473
0.7631914893617021    0.020225003380785006
0.765    0.041395897464217644
0.7668085106382979    0.06036873237409613
0.7686170212765958    0.07809348117611961
0.7704255319148936    0.09559701439595678
0.7722340425531915    0.11337729081504774
0.7740425531914894    0.13104728806607238
0.7758510638297873    0.1473897567646061
0.7776595744680851    0.16079378766902105
0.779468085106383    0.16986797016286823
0.7812765957446809    0.1739468677181468
0.7830851063829788    0.17326584441261092
0.7848936170212766    0.16874574171267778
0.7867021276595745    0.16152114464221543
0.7885106382978724    0.15246764943953747
0.7903191489361703    0.14197315613309255
0.7921276595744681    0.13006148397295073
0.793936170212766    0.11678473781857168
0.7957446808510639    0.10265423578844979
0.7975531914893618    0.08885542777405486
0.7993617021276596    0.07710252377202417
0.8011702127659575    0.06917438931385958
0.8029787234042554    0.06633576633544708
0.8047872340425533    0.06890218437534273
0.806595744680851    0.07612838465790156
0.808404255319149    0.08643674032079543
0.8102127659574468    0.0978462641048631
0.8120212765957447    0.10839747605858024
0.8138297872340425    0.11642049635600155
0.8156382978723404    0.12062044627706067
0.8174468085106383    0.12007144752218687
0.8192553191489362    0.11424533220149216
0.821063829787234    0.10313670139732381
0.8228723404255319    0.08743046108356314
0.8246808510638298    0.06857296245010042
0.8264893617021277    0.048615433522770785
0.8282978723404255    0.02980101836907184
0.8301063829787234    0.014005617666004042
0.8319148936170213    0.0022351130112380248
0.8337234042553192    -0.005627103438956809
0.835531914893617    -0.010731636102462312
0.8373404255319149    -0.014880622492719296
0.8391489361702128    -0.019997371083691245
0.8409574468085107    -0.027614881516607372
0.8427659574468085    -0.03850515822917197
0.8445744680851064    -0.052507481046938045
0.8463829787234043    -0.06857129046119047
0.8481914893617022    -0.08501146902772304
0.85    -0.09995115679269877
0.8518085106382979    -0.1118723109135369
0.8536170212765958    -0.12011765760139519
0.8554255319148937    -0.12514325124251813
0.8572340425531915    -0.1283689974104809
0.8590425531914894    -0.13162845338942136
0.8608510638297873    -0.136416397875666
0.8626595744680852    -0.14326058528170188
0.864468085106383    -0.15151117156501814
0.8662765957446809    -0.15964552069420768
0.8680851063829788    -0.16592942939513133
0.8698936170212767    -0.16910622023713173
0.8717021276595744    -0.16880092146336434
0.8735106382978723    -0.1655092261920072
0.8753191489361702    -0.1602665858456847
0.8771276595744681    -0.1542197274541373
0.8789361702127659    -0.14829047444702287
0.8807446808510638    -0.1429891141922084
0.8825531914893617    -0.1383270140252265
0.8843617021276596    -0.1337819816486776
0.8861702127659574    -0.12835905685277194
0.8879787234042553    -0.12084776353799281
0.8897872340425532    -0.11030273844856439
0.8915957446808511    -0.09658533426809118
0.8934042553191489    -0.08064602457533268
0.8952127659574468    -0.06427047967238322
0.8970212765957447    -0.04929747065492815
0.8988297872340426    -0.036687699708753255
0.9006382978723404    -0.02600986398333073
0.9024468085106383    -0.015728738307757936
0.9042553191489362    -0.004194361858159992
0.9060638297872341    0.00925130979132835
0.9078723404255319    0.02376381210243919
0.9096808510638298    0.03744072081455111
0.9114893617021277    0.04845307521312795
0.9132978723404256    0.056124459522648086
0.9151063829787234    0.061248033878871046
0.9169148936170213    0.06545772225871715
0.9187234042553192    0.07012373532412189
0.9205319148936171    0.07555221860494105
0.9223404255319149    0.08100979468389363
0.9241489361702128    0.08546574030447512
0.9259574468085107    0.08842553573560516
0.9277659574468086    0.09021067440414512
0.9295744680851065    0.09152045747512227
0.9313829787234043    0.09269934067796459
0.9331914893617022    0.09335528756087003
0.935    0.09265790624580048
0.936808510638298    0.09005918637131449
0.9386170212765957    0.08581638771037942
0.9404255319148936    0.0808633121609375
0.9422340425531915    0.07613448032599113
0.9440425531914894    0.07192173616159495
0.9458510638297872    0.06782108589524632
0.9476595744680851    0.06331479740600846
0.949468085106383    0.058463844364977105
0.9512765957446809    0.054059649002492896
0.9530851063829787    0.05103501513452764
0.9548936170212766    0.04959373744016529
0.9567021276595745    0.04881472458595379
0.9585106382978724    0.04713569315198406
0.9603191489361702    0.043392271693038734
0.9621276595744681    0.03759578671453026
0.963936170212766    0.030817626999936162
0.9657446808510639    0.024281143612478788
0.9675531914893617    0.018430525691663383
0.9693617021276596    0.012767394183847258
0.9711702127659575    0.006580337479501229
0.9729787234042554    -9.8257679190558e-05
0.9747872340425532    -0.006197023514683269
0.9765957446808511    -0.010299131113906452
0.978404255319149    -0.011774324140274519
0.9802127659574469    -0.011374774070666673
0.9820212765957447    -0.01074348925348787
0.9838297872340426    -0.011210817880885222
0.9856382978723405    -0.012879426298391112
0.9874468085106384    -0.014757591140016369
0.9892553191489362    -0.015786718871251847
0.9910638297872341    -0.01582301590181453
0.992872340425532    -0.015684303299060558
0.9946808510638299    -0.01623294217200985
0.9964893617021277    -0.017368775723030853
0.9982978723404256    -0.017920480896263066
1.0001063829787233    -0.016613290462404076
1.0019148936170212    -0.013270004161548717
1.0037234042553191    -0.009115271992298373
1.005531914893617    -0.005812109773084256
1.007340425531915    -0.004020727447799244
1.0091489361702128    -0.0027772550814712397
1.0109574468085107    -0.00032986027318732776
1.0127659574468086    0.004224241587146417
1.0145744680851063    0.00993596206089884
1.0163829787234042    0.014590603340986661
1.0181914893617021    0.0164644191297679
1.02    0.01576249159701098
1.021808510638298    0.014461688503863222
1.0236170212765958    0.014641927037877398
1.0254255319148937    0.016721777178129452
1.0272340425531916    0.019131463787418816
1.0290425531914893    0.019722312144164863
1.0308510638297872    0.017694511528622076
1.032659574468085    0.014364370884693282
1.034468085106383    0.012104656867373328
1.036276595744681    0.01238738304080136
1.0380851063829788    0.014627485990025203
1.0398936170212767    0.016796131100146924
1.0417021276595746    0.0172079640318649
1.0435106382978723    0.01588444776752998
1.0453191489361702    0.014328397414227416
1.047127659574468    0.013990114953095763
1.048936170212766    0.014850078830817535
1.0507446808510639    0.015381770044829834
1.0525531914893618    0.01388478599715276
1.0543617021276597    0.009970556274004286
1.0561702127659576    0.0049073812566454746
1.0579787234042553    0.0005925169195696708
1.0597872340425532    -0.0018903519832741613
1.061595744680851    -0.0029053498785029394
1.063404255319149    -0.0036821971883672904
1.0652127659574468    -0.005183489550812373
1.0670212765957447    -0.007448128159558337
1.0688297872340426    -0.009854747024856024
1.0706382978723405    -0.011870743300463837
1.0724468085106382    -0.013514391666210417
1.0742553191489361    -0.015184028411632033
1.076063829787234    -0.01717469344390037
1.077872340425532    -0.01943040547247458
1.0796808510638298    -0.021719235827705703
1.0814893617021277    -0.0239324029622234
1.0832978723404256    -0.026129862935734407
1.0851063829787235    -0.028316747208051874
1.0869148936170212    -0.030279229913143312
1.088723404255319    -0.03172650176598979
1.090531914893617    -0.032583643295390305
1.092340425531915    -0.03305261778662827
1.0941489361702128    -0.033310804614969824
1.0959574468085107    -0.03318546488732882
1.0977659574468086    -0.032262399192286406
1.0995744680851065    -0.030437968039416174
1.1013829787234042    -0.02834542095430965
1.103191489361702    -0.027058101982179637
1.105    -0.02715355149169523
1.1068085106382979    -0.027981070222256398
1.1086170212765958    -0.027969522233847355
1.1104255319148937    -0.02589660769355971
1.1122340425531916    -0.0220359898970396
1.1140425531914895    -0.018049278404114064
1.1158510638297872    -0.01558490654433125
1.117659574468085    -0.01481112543547396
1.119468085106383    -0.0142843865560351
1.1212765957446809    -0.012356060267690316
1.1230851063829788    -0.008829314313664658
1.1248936170212767    -0.00525666592155225
1.1267021276595746    -0.003515956567854193
1.1285106382978725    -0.003976926188935089
1.1303191489361701    -0.005036852091874573
1.132127659574468    -0.0045398992255422385
1.133936170212766    -0.001771803328373167
1.1357446808510638    0.0018837351548298086
1.1375531914893617    0.004287658333827797
1.1393617021276596    0.004613192263532618
1.1411702127659575    0.00413509392641186
1.1429787234042554    0.004959456928930503
1.1447872340425531    0.00792259240560779
1.146595744680851    0.011718049119052047
1.148404255319149    0.014126445735660399
1.1502127659574468    0.014165055868299893
1.1520212765957447    0.013060454000587075
1.1538297872340426    0.01308571239551799
1.1556382978723405    0.015385127989042284
1.1574468085106384    0.01889354625196399
1.1592553191489363    0.02138266264457056
1.161063829787234    0.021597319096259837
1.162872340425532    0.02041218871142507
1.1646808510638298    0.019934254762104447
1.1664893617021277    0.021487592462706394
1.1682978723404256    0.02445772071780456
1.1701063829787235    0.027056118579273397
1.1719148936170214    0.028152908240976486
1.1737234042553193    0.02832839740398655
1.175531914893617    0.029157746423290797
1.1773404255319149    0.031540416131303
1.1791489361702128    0.03479689072886326
1.1809574468085107    0.037406384211742943
1.1827659574468086    0.03856599909764666
1.1845744680851065    0.03894545076537344
1.1863829787234044    0.03987829562101268
1.1881914893617023    0.041849084287406094
1.19    0.04384988303501358
1.1918085106382978    0.04428333303868179
1.1936170212765957    0.0425141190645649
1.1954255319148936    0.03951236240548686
1.1972340425531915    0.036938904713621004
1.1990425531914894    0.03556881899159883
1.2008510638297873    0.03459462345334348
1.2026595744680852    0.03247670016796267
1.204468085106383    0.028502057113650926
1.2062765957446808    0.02355034798433974
1.2080851063829787    0.01935801826781773
1.2098936170212766    0.017006549094917313
1.2117021276595745    0.016050254781894507
1.2135106382978724    0.01503225734249055
1.2153191489361703    0.012818451292596927
1.2171276595744682    0.009481202045645475
1.218936170212766    0.0059912956088246025
1.2207446808510638    0.0031431330400582772
1.2225531914893617    0.0008063364674953397
1.2243617021276596    -0.001816246557275043
1.2261702127659575    -0.0052637141489534495
1.2279787234042554    -0.00918340936512682
1.2297872340425533    -0.012606417284472442
1.2315957446808512    -0.014835613488736207
1.2334042553191489    -0.01606276227236534
1.2352127659574468    -0.01711698359294401
1.2370212765957447    -0.018600578598831137
1.2388297872340426    -0.020259245626478704
1.2406382978723405    -0.021203734985521458
1.2424468085106384    -0.02077848801513981
1.2442553191489363    -0.019246250898605197
1.2460638297872342    -0.017623901202483173
1.2478723404255319    -0.016810097533845575
1.2496808510638298    -0.0168264100379259
1.2514893617021277    -0.01689518720269141
1.2532978723404256    -0.016280462791615977
1.2551063829787235    -0.01507923006707225
1.2569148936170214    -0.014188804282881318
1.2587234042553193    -0.014472359229880685
1.2605319148936172    -0.015934779405224534
1.2623404255319148    -0.017723547975103216
1.2641489361702127    -0.018962213115806533
1.2659574468085106    -0.019593795493812256
1.2677659574468085    -0.020391814017721045
1.2695744680851064    -0.022126085913023712
1.2713829787234043    -0.024726902586168335
1.2731914893617022    -0.0273037876601594
1.2750000000000001    -0.029015221704985456
1.2768085106382978    -0.02991808722391726
1.2786170212765957    -0.0309369041806512
1.2804255319148936    -0.03297767722521419
1.2822340425531915    -0.03606700087023183
1.2840425531914894    -0.03935303749825092
1.2858510638297873    -0.04192280968635384
1.2876595744680852    -0.04359115550253713
1.289468085106383    -0.04490922962389414
1.2912765957446808    -0.04648113016262995
1.2930851063829787    -0.0483538029062668
1.2948936170212766    -0.050070436998584406
1.2967021276595745    -0.05120876245054422
1.2985106382978724    -0.051739429607463555
1.3003191489361703    -0.05184235146816121
1.3021276595744682    -0.051503826304007905
1.303936170212766    -0.050463128072752245
1.3057446808510638    -0.04860564446177516
1.3075531914893617    -0.04629242332983438
1.3093617021276596    -0.044127642456349245
1.3111702127659575    -0.04232344149158264
1.3129787234042554    -0.0403648945614737
1.3147872340425533    -0.03743001788758987
1.3165957446808512    -0.033200393996789104
1.318404255319149    -0.028218888206306136
1.3202127659574467    -0.023389867986770764
1.3220212765957446    -0.019130898378570536
1.3238297872340425    -0.015069426157736265
1.3256382978723404    -0.0105907306532772
1.3274468085106383    -0.005619693257807749
1.3292553191489362    -0.0007782149977892516
1.3310638297872341    0.0032347087956769802
1.332872340425532    0.006334649626738987
1.3346808510638297    0.009054200748500567
1.3364893617021276    0.011887334750162156
1.3382978723404255    0.014737829195933727
1.3401063829787234    0.01708323956722929
1.3419148936170213    0.018629858654742912
1.3437234042553192    0.019683906594499756
1.3455319148936171    0.020819993224844166
1.347340425531915    0.022253175659673795
1.3491489361702127    0.02364746272487886
1.3509574468085106    0.024555632769130954
1.3527659574468085    0.02493635094374235
1.3545744680851064    0.025125268215784348
1.3563829787234043    0.025318945275974655
1.3581914893617022    0.02523621869027695
1.36    0.024413782386937616
1.361808510638298    0.022812252262186056
1.3636170212765957    0.020997776568951423
1.3654255319148936    0.019639574960317145
1.3672340425531915    0.01888064204219729
1.3690425531914894    0.018317876662552753
1.3708510638297873    0.01762494027237542
1.3726595744680852    0.017077477609930176
1.374468085106383    0.017324431513073356
1.376276595744681    0.018627111362272193
1.3780851063829787    0.02044424921890741
1.3798936170212766    0.021886879069386807
1.3817021276595745    0.022581259896074866
1.3835106382978724    0.022994818314182604
1.3853191489361703    0.02387151472782239
1.3871276595744682    0.025419798227140432
1.388936170212766    0.027153909305893252
1.390744680851064    0.028518683927711938
1.3925531914893619    0.029532361114549384
1.3943617021276595    0.03069853891241304
1.3961702127659574    0.03232627999134972
1.3979787234042553    0.034096334025048254
1.3997872340425532    0.035400672382671076
1.4015957446808511    0.03604674954847958
1.403404255319149    0.03647878547817287
1.405212765957447    0.03724437425965684
1.4070212765957448    0.03832923814021579
1.4088297872340425    0.039127467994730235
1.4106382978723404    0.039050940842314454
1.4124468085106383    0.03804153368916962
1.4142553191489362    0.03641939044338959
1.416063829787234    0.034346501289649535
1.417872340425532    0.031648071918266844
1.41968085106383    0.02823722459833631
1.4214893617021278    0.024558833302386188
1.4232978723404255    0.021373359316481717
1.4251063829787234    0.019013209365704387
1.4269148936170213    0.016978567706198162
1.4287234042553192    0.01443910073445747
1.430531914893617    0.011152482743103254
1.432340425531915    0.007751887298682647
1.4341489361702129    0.00502475089909518
1.4359574468085108    0.002979695090671714
1.4377659574468085    0.0007930130417268312
1.4395744680851064    -0.00225994396118106
1.4413829787234043    -0.00593531444052146
1.4431914893617022    -0.009220801879030384
1.445    -0.01139299636979002
1.446808510638298    -0.012725915756622921
1.4486170212765959    -0.014045149324126361
1.4504255319148938    -0.015660063210077076
1.4522340425531914    -0.016920496146068643
1.4540425531914893    -0.016902500832196715
1.4558510638297872    -0.015411316826411808
1.4576595744680851    -0.013148306037558885
1.459468085106383    -0.010902151029696015
1.461276595744681    -0.00876417127122522
1.4630851063829788    -0.006277776707330962
1.4648936170212767    -0.0032557868819750348
1.4667021276595744    -0.0001887907739922443
1.4685106382978723    0.002288982647429343
1.4703191489361702    0.004195578959920453
1.4721276595744681    0.006212183457269332
1.473936170212766    0.008826548709243705
1.475744680851064    0.011645897762870477
1.4775531914893618    0.013777291371718497
1.4793617021276597    0.014883074583247051
1.4811702127659574    0.015633458253725443
1.4829787234042553    0.016931571930696897
1.4847872340425532    0.018763102362547423
1.486595744680851    0.020050751360462377
1.488404255319149    0.01976993457791056
1.490212765957447    0.018081475130444783
1.4920212765957448    0.01615137999817395
1.4938297872340427    0.014821806704658255
1.4956382978723404    0.013651235911961487
1.4974468085106383    0.011448089489537225
1.4992553191489362    0.007701931968350818
1.501063829787234    0.003264649688715638
1.502872340425532    -0.0005116985918054507
1.5046808510638299    -0.0031981650734140576
1.5064893617021278    -0.005657891256793267
1.5082978723404257    -0.008979119343687511
1.5101063829787233    -0.01323614815957305
1.5119148936170212    -0.017486636357385475
1.5137234042553191    -0.020928996372373915
1.515531914893617    -0.023804508581749567
1.517340425531915    -0.02699395445352342
1.5191489361702128    -0.030845491416639455
1.5209574468085107    -0.034671275375715536
1.5227659574468086    -0.037516403620387766
1.5245744680851063    -0.039265787880748644
1.5263829787234042    -0.04075562394786476
1.5281914893617021    -0.04275023040166535
1.53    -0.04498956149441722
1.531808510638298    -0.046417774243136055
1.5336170212765958    -0.04631280019295315
1.5354255319148937    -0.04501224820250969
1.5372340425531916    -0.04345110503769666
1.5390425531914893    -0.04212179775802275
1.5408510638297872    -0.040677100635899265
1.542659574468085    -0.038559177908631
1.544468085106383    -0.03581703987949605
1.546276595744681    -0.033120040916309774
1.5480851063829788    -0.030996988008202712
1.5498936170212767    -0.029246758670911942
1.5517021276595746    -0.027201661936551248
1.5535106382978723    -0.02447348832231922
1.5553191489361702    -0.021277599345139737
1.557127659574468    -0.01801091419987863
1.558936170212766    -0.014676717497357765
1.5607446808510639    -0.010873978361596537
1.5625531914893618    -0.0063115696456712
1.5643617021276597    -0.0011616375301417145
1.5661702127659576    0.004176874126966807
1.5679787234042553    0.009552316674286715
1.5697872340425532    0.015132638072161045
1.571595744680851    0.020993215655654825
1.573404255319149    0.026795909753252738
1.5752127659574469    0.03203081898317651
1.5770212765957448    0.03655060953643632
1.5788297872340427    0.04070566413171863
1.5806382978723406    0.044855091912839755
1.5824468085106382    0.04882434769306216
1.5842553191489361    0.051999875653533985
1.586063829787234    0.05400453412856788
1.587872340425532    0.05517353128634001
1.5896808510638298    0.05624278239335986
1.5914893617021277    0.057568763748700964
1.5932978723404256    0.0587517860177112
1.5951063829787235    0.059077308247477735
1.5969148936170212    0.05826269228496204
1.5987234042553191    0.05668263945915126
1.600531914893617    0.05488510777700734
1.602340425531915    0.05302164681027236
1.6041489361702128    0.05085664383320728
1.6059574468085107    0.04828723139216241
1.6077659574468086    0.04569653648254388
1.6095744680851065    0.043681720241582254
1.6113829787234042    0.042449361859987246
1.613191489361702    0.04156024914800128
1.615    0.04030739119555291
1.616808510638298    0.03831941352243736
1.6186170212765958    0.03577896171501115
1.6204255319148937    0.03310281216088135
1.6222340425531916    0.030484174041257132
1.6240425531914895    0.02775862305035994
1.6258510638297874    0.02464668971832782
1.627659574468085    0.021055885873726032
1.629468085106383    0.0171532248686758
1.6312765957446809    0.013212420824418723
1.6330851063829788    0.00943341073734474
1.6348936170212767    0.005876475781613755
1.6367021276595746    0.0025025624890476685
1.6385106382978725    -0.0007515851452049443
1.6403191489361704    -0.003909176017288243
1.642127659574468    -0.006926397072685248
1.643936170212766    -0.009729219878374128
1.6457446808510638    -0.012299979675485923
1.6475531914893617    -0.014731075918942939
1.6493617021276596    -0.017170600386524355
1.6511702127659575    -0.019702375350318935
1.6529787234042554    -0.022299428693419984
1.6547872340425533    -0.024919431172879043
1.656595744680851    -0.027629312367972114
1.658404255319149    -0.030579885384607354
1.6602127659574468    -0.03381358831973217
1.6620212765957447    -0.037107621339117804
1.6638297872340426    -0.04005969883059315
1.6656382978723405    -0.0423802413642076
1.6674468085106384    -0.044127472822815046
1.6692553191489363    -0.045667313562460975
1.671063829787234    -0.04740565086271322
1.672872340425532    -0.049535798113564046
1.6746808510638298    -0.05198376845786356
1.6764893617021277    -0.054528131941766804
1.6782978723404256    -0.05695209538492658
1.6801063829787235    -0.05912919273828463
1.6819148936170214    -0.06103511144861721
1.6837234042553193    -0.06270941863039095
1.685531914893617    -0.06418938773221228
1.6873404255319149    -0.06546289754824483
1.6891489361702128    -0.06649793014155361
1.6909574468085107    -0.06733020320740757
1.6927659574468086    -0.06808791382728269
1.6945744680851065    -0.06886551877656494
1.6963829787234044    -0.06954973274397411
1.6981914893617023    -0.0698263306212275
1.7    -0.06943941314593932
1.7018085106382979    -0.06845976921979027
1.7036170212765958    -0.06723673199894478
1.7054255319148937    -0.06603313875339151
1.7072340425531916    -0.06473737647261749
1.7090425531914895    -0.06300793821319836
1.7108510638297874    -0.060710524886506134
1.7126595744680853    -0.05812359216444404
1.714468085106383    -0.055621591305201654
1.7162765957446808    -0.05317410741084129
1.7180851063829787    -0.05027036211024051
1.7198936170212766    -0.04641429050300229
1.7217021276595745    -0.0416516564281772
1.7235106382978724    -0.03652117281297196
1.7253191489361703    -0.03149004506226635
1.7271276595744682    -0.026551740224926568
1.728936170212766    -0.02146555274221982
1.7307446808510638    -0.016322018049181715
1.7325531914893617    -0.011695466439152154
1.7343617021276596    -0.008132534446614048
1.7361702127659575    -0.005544464964024217
1.7379787234042554    -0.003219159128285135
1.7397872340425533    -0.0004563906156828429
1.7415957446808512    0.0028798496368550013
1.7434042553191489    0.006454659515774518
1.7452127659574468    0.009978643792266331
1.7470212765957447    0.013481433881372434
1.7488297872340426    0.017084238401248765
1.7506382978723405    0.02068902583358448
1.7524468085106384    0.024056482583687484
1.7542553191489363    0.027145581583997165
1.7560638297872342    0.030179753373115147
1.7578723404255319    0.0332692727629204
1.7596808510638298    0.036076179442504956
1.7614893617021277    0.038038307409057316
1.7632978723404256    0.03896277753482099
1.7651063829787235    0.039262927986874606
1.7669148936170214    0.03950203766513279
1.7687234042553193    0.039785300746247136
1.7705319148936172    0.039774774692374164
1.7723404255319148    0.03932865120965424
1.7741489361702127    0.03893534022616802
1.7759574468085106    0.03931689686636817
1.7777659574468085    0.04061820446781659
1.7795744680851064    0.04217053234000289
1.7813829787234043    0.04315049246637772
1.7831914893617022    0.043349681899616
1.7850000000000001    0.04313379289891869
1.7868085106382978    0.04271160059693476
1.7886170212765957    0.041737782575189085
1.7904255319148936    0.03984616528947616
1.7922340425531915    0.03744955530371235
1.7940425531914894    0.035674502924233666
1.7958510638297873    0.03531211956509676
1.7976595744680852    0.035952687226782916
1.7994680851063831    0.03638109722890306
1.8012765957446808    0.03585064348371777
1.8030851063829787    0.034775201116046255
1.8048936170212766    0.03404266901016494
1.8067021276595745    0.0337970373239647
1.8085106382978724    0.03316859364211173
1.8103191489361703    0.03127207645319644
1.8121276595744682    0.028255375049190963
1.813936170212766    0.025140334843215068
1.8157446808510638    0.022677852591313358
1.8175531914893617    0.020606968576630642
1.8193617021276596    0.018153721494325883
1.8211702127659575    0.015070529502020674
1.8229787234042554    0.011917580850024815
1.8247872340425533    0.009312355980697178
1.8265957446808512    0.00717299405869665
1.828404255319149    0.004925193866205655
1.8302127659574468    0.0023674116747236084
1.8320212765957447    5.871551653512889e-05
1.8338297872340426    -0.0012593502588031744
1.8356382978723405    -0.0014543184893982416
1.8374468085106384    -0.00102545619597783
1.8392553191489363    -0.0004069225301542511
1.8410638297872342    0.00048805798408099363
1.842872340425532    0.0019094339379139463
1.8446808510638297    0.003660643362293379
1.8464893617021276    0.005153305277102975
1.8482978723404255    0.006140974292911376
1.8501063829787234    0.007188837177215206
1.8519148936170213    0.009213473542163298
1.8537234042553192    0.012607732642582426
1.8555319148936171    0.017010717429674777
1.857340425531915    0.02195898876620627
1.859148936170213    0.027518243707016075
1.8609574468085106    0.03403312450695131
1.8627659574468085    0.04131870812817859
1.8645744680851064    0.04841098132707758
1.8663829787234043    0.054328231270258015
1.8681914893617022    0.058985086690090366
1.87    0.06313007022117545
1.871808510638298    0.06733930684290829
1.873617021276596    0.07126029462267147
1.8754255319148936    0.07399963844085869
1.8772340425531915    0.0751511773244729
1.8790425531914894    0.07520106410861496
1.8808510638297873    0.07484947393478095
1.8826595744680852    0.07412760308226274
1.884468085106383    0.07240228280160907
1.886276595744681    0.06923073928133858
1.8880851063829789    0.06499699835142042
1.8898936170212766    0.06057907312132646
1.8917021276595745    0.05648994175765601
1.8935106382978724    0.052496617554577144
1.8953191489361703    0.0480359136002876
1.8971276595744682    0.04278166748548817
1.898936170212766    0.03668823191775579
1.900744680851064    0.02965040570722144
1.9025531914893619    0.021421219790647324
1.9043617021276595    0.01197711072471553
1.9061702127659574    0.0018021064534401495
1.9079787234042553    -0.008400514806121827
1.9097872340425532    -0.018309562108618897
1.9115957446808511    -0.0282005469714546
1.913404255319149    -0.03854871956242989
1.915212765957447    -0.04955100888582019
1.9170212765957448    -0.061125502975381885
1.9188297872340425    -0.07323491736597176
1.9206382978723404    -0.08592586043768485
1.9224468085106383    -0.09892422678284943
1.9242553191489362    -0.11136888300191106
1.9260638297872341    -0.12223500928006467
1.927872340425532    -0.13113439384066464
1.92968085106383    -0.1385848053583835
1.9314893617021278    -0.1453622416379662
1.9332978723404255    -0.15162284237560256
1.9351063829787234    -0.15677902756538878
1.9369148936170213    -0.1602280465225173
1.9387234042553192    -0.1620250214314237
1.940531914893617    -0.16269622123917146
1.942340425531915    -0.1624639732867915
1.944148936170213    -0.16087371857273772
1.9459574468085108    -0.1573091323406078
1.9477659574468085    -0.15179674892047926
1.9495744680851064    -0.14515890946500956
1.9513829787234043    -0.1383493960030582
1.9531914893617022    -0.13173261398637878
1.955    -0.12506932063941548
1.956808510638298    -0.11813215266684873
1.9586170212765959    -0.11121814437272451
1.9604255319148938    -0.10503605747429409
1.9622340425531914    -0.100150461408786
1.9640425531914893    -0.09653956963109081
1.9658510638297872    -0.0935928617397509
1.9676595744680851    -0.09045546756670356
1.969468085106383    -0.0864573812700731
1.971276595744681    -0.08142752972929138
1.9730851063829788    -0.07576074235157876
1.9748936170212767    -0.07017268649305025
1.9767021276595744    -0.06527101206814478
1.9785106382978723    -0.06127700546208961
1.9803191489361702    -0.0581362430419774
1.9821276595744681    -0.05583877725511309
1.983936170212766    -0.05449607624633972
1.985744680851064    -0.05400461313874527
1.9875531914893618    -0.05369778376583258
1.9893617021276597    -0.052525131868244174
1.9911702127659574    -0.049734948426081046
1.9929787234042553    -0.04539882506953384
1.9947872340425532    -0.04020946297661135
1.996595744680851    -0.034761671390096976
1.998404255319149    -0.029087753824866586
2.0002127659574467    -0.0228912466731383
2.0020212765957446    -0.016106377739658874
2.0038297872340425    -0.009084125902628967
2.0056382978723404    -0.0022209787081498393
2.0074468085106383    0.004473895356583718
2.009255319148936    0.011354604968302031
2.011063829787234    0.018729443750406444
2.012872340425532    0.026566434830860707
2.01468085106383    0.03459722970331045
2.016489361702128    0.04260851035890908
2.0182978723404257    0.050576560950568915
2.0201063829787236    0.05859878695579986
2.0219148936170215    0.06681706585122474
2.0237234042553194    0.0754119608443026
2.0255319148936173    0.08454633712356119
2.0273404255319147    0.09421422700544471
2.0291489361702126    0.10417799875811243
2.0309574468085105    0.1141384982699448
2.0327659574468084    0.1239577848201602
2.0345744680851063    0.1336231470731645
2.0363829787234042    0.14298313400074777
2.038191489361702    0.1516719579907733
2.04    0.15945593728684906
2.041808510638298    0.166611856916598
2.043617021276596    0.17372426883407402
2.0454255319148937    0.18091748569281377
2.0472340425531916    0.18733298618937985
2.0490425531914895    0.19155954937295336
2.0508510638297874    0.19269270355421178
2.0526595744680853    0.19093882497489642
2.0544680851063832    0.18716516793661883
2.0562765957446807    0.18199284803090984
2.0580851063829786    0.1754804136535508
2.0598936170212765    0.1676093146415704
2.0617021276595744    0.15874870731866123
2.0635106382978723    0.1493798036846488
2.06531914893617    0.13944089086155073
2.067127659574468    0.12825622578378973
2.068936170212766    0.11529735489546575
2.070744680851064    0.10090981633719104
2.072553191489362    0.08611025839461325
2.0743617021276597    0.07170185233424067
2.0761702127659576    0.05779671973796219
2.0779787234042555    0.04426983291695967
2.0797872340425534    0.03144108878806322
2.0815957446808513    0.020016378489171434
2.083404255319149    0.010362056914317016
2.085212765957447    0.0021265282447017076
2.0870212765957445    -0.00523343753237728
2.0888297872340424    -0.011721782030177852
2.0906382978723403    -0.01690316695446025
2.0924468085106382    -0.020756778674999907
2.094255319148936    -0.024104547376498524
2.096063829787234    -0.02788804037928884
2.097872340425532    -0.032089157797503515
2.09968085106383    -0.03568662681461818
2.1014893617021277    -0.037823061522693005
2.1032978723404256    -0.038807477367274176
2.1051063829787235    -0.03971253375104393
2.1069148936170214    -0.04105665819704164
2.1087234042553193    -0.04221891112924964
2.1105319148936172    -0.04232181619828597
2.112340425531915    -0.041467140806486835
2.114148936170213    -0.040769176708702407
2.1159574468085105    -0.0411541038539283
2.1177659574468084    -0.04242807932400755
2.1195744680851063    -0.04371446137791289
2.121382978723404    -0.04458255519231501
2.123191489361702    -0.04535188305380093
2.125    -0.04621714663970332
2.126808510638298    -0.04645119114449035
2.128617021276596    -0.044889194026893064
2.1304255319148937    -0.041241611225120475
2.1322340425531916    -0.03666422050173461
2.1340425531914895    -0.03286222246185891
2.1358510638297874    -0.030731804243486885
2.1376595744680853    -0.02999341326712778
2.139468085106383    -0.029985128506846356
2.141276595744681    -0.03047189053956007
2.143085106382979    -0.031570752870539766
2.1448936170212765    -0.033175500027381115
2.1467021276595744    -0.03482543034617435
2.1485106382978723    -0.03618491670901052
2.15031914893617    -0.037396828181308704
2.152127659574468    -0.03879868108209499
2.153936170212766    -0.040432291725100884
2.155744680851064    -0.04204191732999279
2.1575531914893618    -0.04348635846378713
2.1593617021276597    -0.04485230311506178
2.1611702127659576    -0.046027173834506725
2.1629787234042555    -0.04640602692051273
2.1647872340425534    -0.045368838977717825
2.1665957446808513    -0.043078415571694915
2.168404255319149    -0.04050073530692149
2.170212765957447    -0.03838961265860812
2.172021276595745    -0.03634546681002112
2.1738297872340424    -0.0331247742066316
2.1756382978723403    -0.027910742541428696
2.177446808510638    -0.021072620487592265
2.179255319148936    -0.013586725932680364
2.181063829787234    -0.005964759173898625
2.182872340425532    0.0019275594304438834
2.18468085106383    0.010058377073412252
2.1864893617021277    0.017691579912680222
2.1882978723404256    0.023997185545301475
2.1901063829787235    0.029045181462472362
2.1919148936170214    0.03376908194009532
2.1937234042553193    0.03878519472487652
2.195531914893617    0.043524254927076934
2.197340425531915    0.04683822348475964
2.199148936170213    0.048371389039914565
2.200957446808511    0.04895542767873851
2.2027659574468084    0.04950142108478273
2.2045744680851063    0.04979458468825224
2.206382978723404    0.048739678373856725
2.208191489361702    0.0457457302262222
2.21    0.04147713126677672
2.211808510638298    0.03702800118988473
2.2136170212765958    0.032611189422496266
2.2154255319148937    0.02744717512980307
2.2172340425531916    0.02094580648706501
2.2190425531914895    0.013603008673336511
2.2208510638297874    0.0064587356238906685
2.2226595744680853    -0.00012134145941105311
2.224468085106383    -0.006713380387316432
2.226276595744681    -0.013825026028177664
2.228085106382979    -0.020987364538500003
2.229893617021277    -0.027180963896568704
2.2317021276595743    -0.03204906808023864
2.233510638297872    -0.03631697178912805
2.23531914893617    -0.04089667316663707
2.237127659574468    -0.045867802595348166
2.238936170212766    -0.050617844558853174
2.240744680851064    -0.054825581991775
2.2425531914893617    -0.05886405738537547
2.2443617021276596    -0.06306511223329567
2.2461702127659575    -0.06692544920597884
2.2479787234042554    -0.06949267068422604
2.2497872340425533    -0.07058758161579115
2.251595744680851    -0.07129617851672398
2.253404255319149    -0.07297082366867869
2.255212765957447    -0.07582452103072809
2.257021276595745    -0.07872386364188133
2.258829787234043    -0.0803363802860241
2.2606382978723403    -0.08023576741043081
2.262446808510638    -0.07882392310396097
2.264255319148936    -0.07650567193486821
2.266063829787234    -0.0733401722775191
2.267872340425532    -0.06948973038993408
2.2696808510638298    -0.06558109651276042
2.2714893617021277    -0.062262559066208756
2.2732978723404256    -0.05947093351837468
2.2751063829787235    -0.05643623512110808
2.2769148936170214    -0.05250564693825216
2.2787234042553193    -0.047771209753125835
2.280531914893617    -0.04276138137772639
2.282340425531915    -0.037724859674306124
2.284148936170213    -0.03253844734607533
2.285957446808511    -0.027315223745262796
2.2877659574468088    -0.022722040599717754
2.2895744680851062    -0.019369120970338584
2.291382978723404    -0.016975746531462846
2.293191489361702    -0.014482397126909748
2.295    -0.01113007338243048
2.296808510638298    -0.007231489587974687
2.2986170212765957    -0.003676411814418381
2.3004255319148936    -0.0008027650602629695
2.3022340425531915    0.0019341562558813584
2.3040425531914894    0.005115556250672896
2.3058510638297873    0.008496383735157794
2.3076595744680852    0.011292876135685763
2.309468085106383    0.013258082540174384
2.311276595744681    0.01513543420647088
2.313085106382979    0.017887401747723776
2.314893617021277    0.021683532859946952
2.3167021276595747    0.025915640451521657
2.3185106382978726    0.030144012975002805
2.32031914893617    0.03468448827561856
2.322127659574468    0.040073521678144465
2.323936170212766    0.0461566875974739
2.325744680851064    0.05203466825237197
2.3275531914893617    0.05696520708534699
2.3293617021276596    0.0610950418407936
2.3311702127659575    0.06516919895626988
2.3329787234042554    0.06969783178936276
2.3347872340425533    0.07466038719724422
2.336595744680851    0.07997223792782918
2.338404255319149    0.08587733189645669
2.340212765957447    0.09261284593650493
2.342021276595745    0.09980758338057436
2.343829787234043    0.10653612919677652
2.3456382978723407    0.11209618335708557
2.3474468085106386    0.1165733793610299
2.349255319148936    0.12048913096041458
2.351063829787234    0.12400124319668321
2.352872340425532    0.1266777123360462
2.3546808510638297    0.1280721765456761
2.3564893617021276    0.1282779499422511
2.3582978723404255    0.12772703376555888
2.3601063829787234    0.1265646069831276
2.3619148936170213    0.12449709337151388
2.3637234042553192    0.12132287898260313
2.365531914893617    0.11737668551319069
2.367340425531915    0.11320638104411893
2.369148936170213    0.1088481063170813
2.370957446808511    0.10365482867219283
2.3727659574468087    0.09695859966128009
2.3745744680851066    0.08879225613989003
2.3763829787234045    0.07983780760627915
2.378191489361702    0.07074531685558139
2.38    0.061677419844625186
2.381808510638298    0.05250900837254886
2.3836170212765957    0.043222099564298025
2.3854255319148936    0.03390191466879702
2.3872340425531915    0.024451393632009946
2.3890425531914894    0.014606654556580723
2.3908510638297873    0.004366659229459089
2.392659574468085    -0.005761146942620449
2.394468085106383    -0.015167845137367877
2.396276595744681    -0.023792608831233592
2.398085106382979    -0.032179616513232465
2.399893617021277    -0.04079810956615991
2.4017021276595747    -0.04943793823044132
2.4035106382978726    -0.0574388500612857
2.4053191489361705    -0.0644671164317528
2.407127659574468    -0.07085732097558138
2.408936170212766    -0.07709944062915687
2.4107446808510637    -0.08314509589782872
2.4125531914893616    -0.08841849006550968
2.4143617021276595    -0.09249540737898719
2.4161702127659574    -0.09557450311747821
2.4179787234042553    -0.09817881433553301
2.4197872340425532    -0.10053326841914802
2.421595744680851    -0.10243168860421849
2.423404255319149    -0.10369494372731795
2.425212765957447    -0.10452069297849793
2.427021276595745    -0.10520000371994427
2.4288297872340427    -0.1055676839804298
2.4306382978723406    -0.10496327270557547
2.4324468085106385    -0.10286542159380994
2.4342553191489364    -0.09951591685257348
2.436063829787234    -0.09583249195419703
2.437872340425532    -0.09270869745862005
2.4396808510638297    -0.0904250579524712
2.4414893617021276    -0.08867353415645939
2.4432978723404255    -0.08701728528331241
2.4451063829787234    -0.08528349090238051
2.4469148936170213    -0.08363025043292148
2.448723404255319    -0.08237582497391759
2.450531914893617    -0.08175561922666609
2.452340425531915    -0.08171177534263081
2.454148936170213    -0.08184906589817521
2.455957446808511    -0.08168421454550744
2.4577659574468087    -0.08106170901584829
2.4595744680851066    -0.08032059372883822
2.4613829787234045    -0.07994417764794871
2.4631914893617024    -0.08000063851336743
2.465    -0.08001137633586937
2.4668085106382978    -0.07944587847620631
2.4686170212765957    -0.0782761143221503
2.4704255319148936    -0.07690067220742465
2.4722340425531915    -0.07551202632848096
2.4740425531914894    -0.07371421161145598
2.4758510638297873    -0.07093261503701541
2.477659574468085    -0.06715903567147245
2.479468085106383    -0.06309454113778325
2.481276595744681    -0.05944827329512044
2.483085106382979    -0.056195158307866186
2.4848936170212768    -0.0526786646483617
2.4867021276595747    -0.048435300985704255
2.4885106382978726    -0.04375372430816914
2.4903191489361705    -0.03932022785540443
2.4921276595744684    -0.035402946224703136
2.493936170212766    -0.0315341114230495
2.4957446808510637    -0.02699852633313983
2.4975531914893616    -0.021497610305368495
2.4993617021276595    -0.015266412963976558
2.5011702127659574    -0.008665415464561885
2.5029787234042553    -0.001832593893637189
2.504787234042553    0.00527599192998492
2.506595744680851    0.012712923858698346
2.508404255319149    0.020561850033311794
2.510212765957447    0.029028351010696344
2.512021276595745    0.038246701685275136
2.5138297872340427    0.04785969425736783
2.5156382978723406    0.056912874286067866
2.5174468085106385    0.06439979004027657
2.5192553191489364    0.07003055642526396
2.5210638297872343    0.07441359095800312
2.5228723404255318    0.07839636024776286
2.5246808510638297    0.08221935236947595
2.5264893617021276    0.08534919368161578
2.5282978723404255    0.0871257908482711
2.5301063829787234    0.08751800093519935
2.5319148936170213    0.08723647053190689
2.533723404255319    0.08716086188815916
2.535531914893617    0.08767683249129993
2.537340425531915    0.08847989962471561
2.539148936170213    0.08888758738238023
2.5409574468085108    0.08830932244577602
2.5427659574468087    0.08653937581987997
2.5445744680851066    0.08376830142732411
2.5463829787234045    0.0803817198975458
2.5481914893617024    0.07668609142561084
2.5500000000000003    0.07273125773730066
2.551808510638298    0.06835792893701692
2.5536170212765956    0.06343426123629264
2.5554255319148935    0.058070921518298416
2.5572340425531914    0.05261883812262953
2.5590425531914893    0.047470976978991525
2.560851063829787    0.04287099827350632
2.562659574468085    0.038877540701834565
2.564468085106383    0.0354398696327186
2.566276595744681    0.03246324846410524
2.568085106382979    0.02984428129455987
2.5698936170212767    0.02754199863225562
2.5717021276595746    0.02566961953599111
2.5735106382978725    0.024473979107773672
2.5753191489361704    0.02413698997999074
2.5771276595744683    0.02455331667321886
2.578936170212766    0.02532333334253823
2.580744680851064    0.02599363583860244
2.5825531914893616    0.0263013793561546
2.5843617021276595    0.02617947163802111
2.5861702127659574    0.02557569645784344
2.5879787234042553    0.024370801072139438
2.589787234042553    0.022550255299743034
2.591595744680851    0.020435090079747288
2.593404255319149    0.018633569178046323
2.595212765957447    0.017637140131719874
2.5970212765957448    0.017385144821488424
2.5988297872340427    0.01722731944811791
2.6006382978723406    0.016388157509630255
2.6024468085106385    0.014582635185368668
2.6042553191489364    0.01227263810690652
2.6060638297872343    0.010338509800463164
2.607872340425532    0.00942777132401617
2.60968085106383    0.009514321471928145
2.6114893617021275    0.010013702168512262
2.6132978723404254    0.010305366524069402
2.6151063829787233    0.010156882508584184
2.6169148936170212    0.009675689348553087
2.618723404255319    0.008917084924617041
2.620531914893617    0.0076363925237727115
2.622340425531915    0.005490652299713976
2.624148936170213    0.0024569798318566163
2.6259574468085107    -0.0010470862338342144
2.6277659574468086    -0.0045324259152844685
2.6295744680851065    -0.007913003844654817
2.6313829787234044    -0.011552855119746318
2.6331914893617023    -0.015820051851935274
2.6350000000000002    -0.020628678546904623
2.636808510638298    -0.02544080865605442
2.638617021276596    -0.029672506142430437
2.6404255319148935    -0.03304398284965034
2.6422340425531914    -0.03557719142677256
2.6440425531914893    -0.03739592725692472
2.645851063829787    -0.03863595850147845
2.647659574468085    -0.039501010512207176
2.649468085106383    -0.0402528632687627
2.651276595744681    -0.041058636007377296
2.653085106382979    -0.04190320150171346
2.6548936170212767    -0.042741408159196005
2.6567021276595746    -0.04371235896600555
2.6585106382978725    -0.04507446828901889
2.6603191489361704    -0.04684713244170769
2.6621276595744683    -0.04857575492030299
2.663936170212766    -0.04956860685855253
2.665744680851064    -0.04940373544989154
2.667553191489362    -0.048155472460258246
2.6693617021276594    -0.04611772149551927
2.6711702127659573    -0.04341382847623076
2.6729787234042552    -0.039996419216549346
2.674787234042553    -0.03600187340309254
2.676595744680851    -0.03193273400751679
2.678404255319149    -0.028346447382061123
2.680212765957447    -0.025373588093666945
2.6820212765957447    -0.022637975502470438
2.6838297872340426    -0.0196807400278234
2.6856382978723405    -0.01640454150741251
2.6874468085106384    -0.013085116467867412
2.6892553191489363    -0.010057137452182154
2.6910638297872342    -0.0075163756617044435
2.692872340425532    -0.005594938508599934
2.69468085106383    -0.004427078030678568
2.696489361702128    -0.003975995779234598
2.6982978723404254    -0.0038491940409138073
2.7001063829787233    -0.0034885916195663393
2.701914893617021    -0.0026661709993865785
2.703723404255319    -0.0017198877821022248
2.705531914893617    -0.0011583146802426063
2.707340425531915    -0.0010110163239056206
2.709148936170213    -0.000687095528153424
2.7109574468085107    0.0004210174061946454
2.7127659574468086    0.002216130971729207
2.7145744680851065    0.0038570493008724073
2.7163829787234044    0.004458107643867071
2.7181914893617023    0.0037928125673543497
2.72    0.0023273683058795576
2.721808510638298    0.0006855595658736154
2.723617021276596    -0.0008070117519894291
2.725425531914894    -0.0021074163181032625
2.7272340425531914    -0.0032028492865364194
2.7290425531914893    -0.004049225071392123
2.730851063829787    -0.00473630777562388
2.732659574468085    -0.005539368456864802
2.734468085106383    -0.00667215537382463
2.736276595744681    -0.00800420309491889
2.7380851063829788    -0.009116853457523388
2.7398936170212767    -0.009673009084395886
2.7417021276595746    -0.00967476431574378
2.7435106382978725    -0.00930762699580636
2.7453191489361704    -0.008582388307280302
2.7471276595744683    -0.0072493034862737595
2.748936170212766    -0.005132180835783349
2.750744680851064    -0.0024952624225928494
2.752553191489362    3.4429324212015625e-05
2.75436170212766    0.001975753344395748
2.7561702127659573    0.0034031063437522965
2.757978723404255    0.004794762964940788
2.759787234042553    0.00646347747046277
2.761595744680851    0.008188430864319892
2.763404255319149    0.009466278001227036
2.765212765957447    0.010120166703425805
2.7670212765957447    0.010593380857038768
2.7688297872340426    0.011578620869423505
2.7706382978723405    0.013354474448126949
2.7724468085106384    0.01552557593469128
2.7742553191489363    0.017428119601767683
2.776063829787234    0.01874961598782019
2.777872340425532    0.01971331876178846
2.77968085106383    0.020696207762849472
2.781489361702128    0.021770317186916494
2.783297872340426    0.022672808189138534
2.7851063829787237    0.02314845982250014
2.786914893617021    0.023176036980277627
2.788723404255319    0.02279955789888679
2.790531914893617    0.02183609677370619
2.792340425531915    0.019908532549187716
2.7941489361702128    0.0168336419790037
2.7959574468085107    0.012924092913487797
2.7977659574468086    0.00883708914575693
2.7995744680851065    0.0051202386729611565
2.8013829787234044    0.0019176469161586813
2.8031914893617023    -0.0009444111509797012
2.805    -0.0037070679420079036
2.806808510638298    -0.006552390017491232
2.808617021276596    -0.009597088880004948
2.810425531914894    -0.012826602513016715
2.8122340425531918    -0.015979244449784682
2.8140425531914897    -0.01860952352861812
2.815851063829787    -0.020404942032507176
2.817659574468085    -0.02146330855200564
2.819468085106383    -0.022197098719481664
2.821276595744681    -0.022951153323932914
2.8230851063829787    -0.023771328552204058
2.8248936170212766    -0.024553354554676502
2.8267021276595745    -0.025293769394067498
2.8285106382978724    -0.026057544852843072
2.8303191489361703    -0.026732745470928656
2.832127659574468    -0.027011028168461678
2.833936170212766    -0.02673679978326941
2.835744680851064    -0.026170042776518226
2.837553191489362    -0.02568939200265476
2.83936170212766    -0.02518306325780856
2.8411702127659577    -0.02392124745250748
2.8429787234042556    -0.021240347137966954
2.844787234042553    -0.017346704193169495
2.846595744680851    -0.013261149201956455
2.848404255319149    -0.009859102736413692
2.8502127659574468    -0.007048506663684548
2.8520212765957447    -0.004014700915893819
2.8538297872340426    -0.00023040643118388444
2.8556382978723405    0.003943393254047537
2.8574468085106384    0.0077091131560951915
2.8592553191489363    0.010730408340410152
2.861063829787234    0.013426249276559755
2.862872340425532    0.01642659599446338
2.86468085106383    0.01992463553630971
2.866489361702128    0.02361633706090949
2.8682978723404258    0.02708478006059369
2.8701063829787237    0.030036538078330465
2.8719148936170216    0.0322241668230792
2.873723404255319    0.033434793780312416
2.875531914893617    0.03375515783243627
2.877340425531915    0.033732567942296926
2.8791489361702127    0.03400565644511745
2.8809574468085106    0.03467126194321275
2.8827659574468085    0.03514542765567144
2.8845744680851064    0.03478562351421044
2.8863829787234043    0.03360360808090131
2.8881914893617022    0.03223489520447373
2.89    0.03121280298389735
2.891808510638298    0.030425278625032873
2.893617021276596    0.02936107764659343
2.895425531914894    0.027754206312643026
2.8972340425531917    0.02580570137073305
2.8990425531914896    0.02380045949932104
2.9008510638297875    0.021731207781261086
2.902659574468085    0.01943848620347051
2.904468085106383    0.01699029376889169
2.906276595744681    0.014687739404015264
2.9080851063829787    0.012652563071781201
2.9098936170212766    0.010598915327610339
2.9117021276595745    0.008177347952619936
2.9135106382978724    0.005479074748227685
2.9153191489361703    0.0030178531593252553
2.917127659574468    0.0011697549419749636
2.918936170212766    -0.00023384624954719976
2.920744680851064    -0.0016648484808899605
2.922553191489362    -0.0033571653508865304
2.92436170212766    -0.005165503249352244
2.9261702127659577    -0.006934951529478723
2.9279787234042556    -0.008798324270648264
2.9297872340425535    -0.010969082915222167
2.931595744680851    -0.013351016432003638
2.933404255319149    -0.015566358912038412
2.9352127659574467    -0.01741261814524859
2.9370212765957446    -0.019128356903445574
2.9388297872340425    -0.021077499260743454
2.9406382978723404    -0.0232509587233762
2.9424468085106383    -0.02524264805541831
2.9442553191489362    -0.026718691410105702
2.946063829787234    -0.027740904301411053
2.947872340425532    -0.02853525372315159
2.94968085106383    -0.029085082488653803
2.951489361702128    -0.029164426192999936
2.9532978723404257    -0.02876761479777465
2.9551063829787236    -0.02826730699767451
2.9569148936170215    -0.02796299399042277
2.9587234042553194    -0.027563921254083842
2.960531914893617    -0.026360421569870708
2.962340425531915    -0.024004733315927965
2.9641489361702127    -0.020996014032446178
2.9659574468085106    -0.01825400431371267
2.9677659574468085    -0.016250040080119467
2.9695744680851064    -0.01467900341710212
2.9713829787234043    -0.012967325866108572
2.973191489361702    -0.01092397684336454
2.975    -0.00878752268050689
2.976808510638298    -0.006775112898713522
2.978617021276596    -0.0048269255471214394
2.980425531914894    -0.0028436741368377
2.9822340425531917    -0.0009729660216738836
2.9840425531914896    0.0005413371461564128
2.9858510638297875    0.0017574049148082345
2.9876595744680854    0.0030843283371620963
2.989468085106383    0.004835774383768785
2.9912765957446807    0.006836458344566008
2.9930851063829786    0.008602976958246885
2.9948936170212765    0.009888271527437565
2.9967021276595744    0.01091145737066314
2.9985106382978723    0.012006088681210432
3.0003191489361702    0.013158494678707276
3.002127659574468    0.014015379134222511
3.003936170212766    0.014316162837243058
3.005744680851064    0.014189673518237205
3.007553191489362    0.01398162048171672
3.0093617021276597    0.013884076612247118
3.0111702127659576    0.013820525277806766
3.0129787234042555    0.013637487407765778
3.0147872340425534    0.01327385828494008
3.0165957446808513    0.012708138430972295
3.0184042553191492    0.011857590399383966
3.0202127659574467    0.010657453969682316
3.0220212765957446    0.009233051540176838
3.0238297872340425    0.007886283427351844
3.0256382978723404    0.0068479788154811125
3.0274468085106383    0.006077122520923692
3.029255319148936    0.005348239052350514
3.031063829787234    0.004508443031502813
3.032872340425532    0.0035933745711981026
3.03468085106383    0.002708216585091022
3.036489361702128    0.0018863571158190826
3.0382978723404257    0.0011204745628948243
3.0401063829787236    0.00047838903274125206
3.0419148936170215    8.566968743077639e-05
3.0437234042553194    -4.334462124040126e-05
3.0455319148936173    -0.00010570745477001616
3.047340425531915    -0.00037867391579576143
3.0491489361702127    -0.0009736725437940299
3.0509574468085106    -0.0017323142278229957
3.0527659574468085    -0.002364039884771923
3.0545744680851064    -0.0026816395467718647
3.0563829787234043    -0.0027278459229480973
3.058191489361702    -0.00271323191417647
3.06    -0.0028329276077770486
3.061808510638298    -0.003097978125014234
3.063617021276596    -0.003316025342011793
3.0654255319148938    -0.00327486066395109
3.0672340425531917    -0.0030065041492278225
3.0690425531914896    -0.002868922569201605
3.0708510638297875    -0.0032924837176798835
3.0726595744680854    -0.004381776150130573
3.0744680851063833    -0.005778142355814893
3.076276595744681    -0.006961449792944732
3.0780851063829786    -0.007698682667851344
3.0798936170212765    -0.008181853011388645
3.0817021276595744    -0.008757789872072009
3.0835106382978723    -0.0096035222496178
3.08531914893617    -0.010690692197399787
3.087127659574468    -0.011964528235281295
3.088936170212766    -0.013419479560209143
3.090744680851064    -0.014990992400247554
3.092553191489362    -0.01651143096539473
3.0943617021276597    -0.017884766152207028
3.0961702127659576    -0.019248422668093075
3.0979787234042555    -0.020819447227715705
3.0997872340425534    -0.02254736873480523
3.1015957446808513    -0.02403530146892368
3.103404255319149    -0.024896995296441148
3.105212765957447    -0.02512596511601354
3.1070212765957446    -0.024997913234620542
3.1088297872340425    -0.024656645339042424
3.1106382978723404    -0.023996725733088205
3.1124468085106383    -0.023044036465503605
3.114255319148936    -0.022255025557293417
3.116063829787234    -0.022141667776882777
3.117872340425532    -0.022546975618605525
3.11968085106383    -0.022546720829533615
3.1214893617021278    -0.021318942967542942
3.1232978723404257    -0.019067527035842975
3.1251063829787236    -0.01685655730118551
3.1269148936170215    -0.015464869037535509
3.1287234042553194    -0.01460290176977316
3.1305319148936173    -0.013429219096994006
3.132340425531915    -0.011690704687977158
3.134148936170213    -0.01002816675771543
3.1359574468085105    -0.009072765590620976
3.1377659574468084    -0.008533116120930287
3.1395744680851063    -0.00749113469915905
3.141382978723404    -0.005547916801924714
3.143191489361702    -0.0033428796108609642
3.145    -0.0017754918016194268
3.146808510638298    -0.0009333649127127417
3.148617021276596    -8.323655155490395e-05
3.1504255319148937    0.0013255633515675408
3.1522340425531916    0.002988742595782411
3.1540425531914895    0.004245339603325014
3.1558510638297874    0.005008984999936116
3.1576595744680853    0.005862580184769877
3.159468085106383    0.007225768647884458
3.161276595744681    0.008757806238748469
3.163085106382979    0.009800741472425614
3.1648936170212765    0.010234112737182405
3.1667021276595744    0.010579562829697992
3.1685106382978723    0.011261661715030173
3.17031914893617    0.01209213011508867
3.172127659574468    0.012690405340261786
3.173936170212766    0.013199190648917038
3.175744680851064    0.014212392270594315
3.1775531914893618    0.015946449151519607
3.1793617021276597    0.01780791869301
3.1811702127659576    0.019035401637505205
3.1829787234042555    0.019616540540436666
3.1847872340425534    0.02023525101359647
3.1865957446808513    0.021272728371241837
3.188404255319149    0.02219458034475825
3.190212765957447    0.022201080156678276
3.192021276595745    0.021340089970301155
3.1938297872340424    0.020610179467364893
3.1956382978723403    0.020853952362464515
3.1974468085106382    0.021813042507259347
3.199255319148936    0.022516800562201966
3.201063829787234    0.022463937892688097
3.202872340425532    0.022077611783250597
3.20468085106383    0.0219277336825482
3.2064893617021277    0.021843189000655478
3.2082978723404256    0.021129457154555335
3.2101063829787235    0.019587723784032732
3.2119148936170214    0.01794974628581199
3.2137234042553193    0.01711679445143108
3.2155319148936172    0.017156989533582852
3.217340425531915    0.01730306142120393
3.219148936170213    0.01687769257954228
3.220957446808511    0.015932636701988735
3.2227659574468084    0.014877932583812203
3.2245744680851063    0.013747342544331565
3.226382978723404    0.012144599730950677
3.228191489361702    0.00989159274188919
3.23    0.0074176377599416525
3.231808510638298    0.0053112631277805866
3.233617021276596    0.003624271665828127
3.2354255319148937    0.0018600294411634227
3.2372340425531916    -0.00034328722227625064
3.2390425531914895    -0.0027363316483964583
3.2408510638297874    -0.004787114302746608
3.2426595744680853    -0.006348843851803948
3.244468085106383    -0.007804547032229943
3.246276595744681    -0.009556184539885666
3.248085106382979    -0.011547226802439563
3.249893617021277    -0.013366826462313974
3.251702127659575    -0.014687054856136417
3.2535106382978722    -0.015448866441988316
3.25531914893617    -0.015692307154059296
3.257127659574468    -0.015430852758334904
3.258936170212766    -0.014784540159626314
3.260744680851064    -0.014077439374304626
3.2625531914893617    -0.013602501072898888
3.2643617021276596    -0.013291566103412547
3.2661702127659575    -0.012778444941334528
3.2679787234042554    -0.011860617280178593
3.2697872340425533    -0.010785912439395487
3.2715957446808512    -0.009963842495263418
3.273404255319149    -0.009454464280180225
3.275212765957447    -0.008904292257055055
3.277021276595745    -0.008015888271267896
3.278829787234043    -0.006922761289335565
3.2806382978723407    -0.0059689980650700115
3.282446808510638    -0.005203639883765964
3.284255319148936    -0.004293903180603879
3.286063829787234    -0.0029927748746378493
3.287872340425532    -0.0015285443647614447
3.28968085106383    -0.00036459716397937254
3.2914893617021277    0.0003827556101293895
3.2932978723404256    0.0011018427358134048
3.2951063829787235    0.0021848224123179813
3.2969148936170214    0.0034895725442970326
3.2987234042553193    0.004446448732934479
3.300531914893617    0.004684051775292556
3.302340425531915    0.004414249724955263
3.304148936170213    0.004144741417621951
3.305957446808511    0.004118647972578706
3.307765957446809    0.004158776394875082
3.3095744680851067    0.004029792122858549
3.311382978723404    0.0037977834714006224
3.313191489361702    0.003739978751986799
3.315    0.0039604951708958076
3.316808510638298    0.004203800757219531
3.3186170212765957    0.004065360995165801
3.3204255319148936    0.0033259567387552372
3.3222340425531915    0.0020625115737602237
3.3240425531914894    0.0005073739797229939
3.3258510638297873    -0.0011206177860763628
3.3276595744680852    -0.002664682836185473
3.329468085106383    -0.004012180347670589
3.331276595744681    -0.005111553198969191
3.333085106382979    -0.006022401268604458
3.334893617021277    -0.006930409660664865
3.3367021276595747    -0.008091782788446404
3.3385106382978726    -0.009715762536542931
3.34031914893617    -0.011812598645695338
3.342127659574468    -0.01408387541416331
3.343936170212766    -0.01598606858179445
3.345744680851064    -0.01701838646756931
3.3475531914893617    -0.01706185967729817
3.3493617021276596    -0.016472188101367007
3.3511702127659575    -0.015819909435474202
3.3529787234042554    -0.015516294321831468
3.3547872340425533    -0.015657709968990706
3.356595744680851    -0.016142280663478864
3.358404255319149    -0.01681791884120963
3.360212765957447    -0.017486051191608856
3.362021276595745    -0.017883247623944915
3.363829787234043    -0.017831348547307745
3.3656382978723407    -0.017455114753553914
3.3674468085106386    -0.017142160939979466
3.369255319148936    -0.01716065031382126
3.371063829787234    -0.017311153478370818
3.372872340425532    -0.017044466892631185
3.3746808510638298    -0.015971040248834986
3.3764893617021277    -0.014214624817250408
3.3782978723404256    -0.012231075877208838
3.3801063829787235    -0.01033452397261984
3.3819148936170214    -0.008479664587450659
3.3837234042553193    -0.006481816867459425
3.385531914893617    -0.004318158393184914
3.387340425531915    -0.0021267670542354953
3.389148936170213    2.330973052866404e-05
3.390957446808511    0.0022283896881465162
3.3927659574468088    0.00459263789399026
3.3945744680851067    0.007080240111316473
3.3963829787234046    0.009609021510144164
3.398191489361702    0.012234981145110362
3.4    0.015117144352875743
3.401808510638298    0.018262243454439157
3.4036170212765957    0.02139216974984659
3.4054255319148936    0.024151887329848555
3.4072340425531915    0.026431905470320045
3.4090425531914894    0.028419493251158216
3.4108510638297873    0.030334447906685255
3.412659574468085    0.032185403068029195
3.414468085106383    0.03380658215904757
3.416276595744681    0.035048265074654014
3.418085106382979    0.03584412185649005
3.419893617021277    0.03613087695332663
3.4217021276595747    0.03583221381221416
3.4235106382978726    0.03498021381538162
3.4253191489361705    0.033767393300491666
3.427127659574468    0.0323669857117949
3.428936170212766    0.030706548006861373
3.4307446808510638    0.028515248380584668
3.4325531914893617    0.025634459204622977
3.4343617021276596    0.022211585180228102
3.4361702127659575    0.01852560656738665
3.4379787234042554    0.014681895443871253
3.4397872340425533    0.010595072690382252
3.441595744680851    0.006279920118373746
3.443404255319149    0.0020296390615135423
3.445212765957447    -0.0017994809833989586
3.447021276595745    -0.005132765788620589
3.4488297872340428    -0.008192873560402786
3.4506382978723407    -0.011170086749957429
3.4524468085106386    -0.01400167929873157
3.4542553191489365    -0.016550508553590193
3.456063829787234    -0.018896730745014675
3.457872340425532    -0.02128841238181506
3.4596808510638297    -0.02379568569896534
3.4614893617021276    -0.026177677326295563
3.4632978723404255    -0.028208228495149687
3.4651063829787234    -0.03004022628836217
3.4669148936170213    -0.032062983134710815
3.468723404255319    -0.03436589319351353
3.470531914893617    -0.036500281523001846
3.472340425531915    -0.03790169968717863
3.474148936170213    -0.03847643533012432
3.475957446808511    -0.03860904654060689
3.4777659574468087    -0.03858238961048524
3.4795744680851066    -0.03817160264949929
3.4813829787234045    -0.03694958040488111
3.4831914893617024    -0.03490041896214344
3.4850000000000003    -0.03252062709327873
3.4868085106382978    -0.0302544821573017
3.4886170212765957    -0.02798427987254236
3.4904255319148936    -0.025228872143860825
3.4922340425531915    -0.02179291026126845
3.4940425531914894    -0.018052435818619546
3.4958510638297873    -0.014560238938577497
3.497659574468085    -0.011512791644183229
3.499468085106383    -0.00872131888652235
3.501276595744681    -0.006013098701237266
3.503085106382979    -0.0034621254249203332
3.5048936170212768    -0.0011794372974769842
3.5067021276595747    0.0009517363913033614
3.5085106382978726    0.0031618543338710484
3.5103191489361705    0.0054529499241185
3.5121276595744684    0.0075357445568274865
3.5139361702127663    0.00916983173017686
3.5157446808510637    0.010457011349317882
3.5175531914893616    0.011687917646131054
3.5193617021276595    0.01294744563219715
3.5211702127659574    0.014003206391998136
3.5229787234042553    0.01460337264619177
3.5247872340425532    0.014763072552156337
3.526595744680851    0.014671889311425344
3.528404255319149    0.014399165152281103
3.530212765957447    0.01382829845094714
3.532021276595745    0.012883474122331637
3.5338297872340427    0.011685137021935688
3.5356382978723406    0.01040490877036332
3.5374468085106385    0.009066648010006988
3.5392553191489364    0.00763146852146664
3.5410638297872343    0.006255646126820755
3.5428723404255322    0.005288837150975197
3.5446808510638297    0.004909743239906764
3.5464893617021276    0.004853855271900772
3.5482978723404255    0.00465514327837987
3.5501063829787234    0.00416525095673758
3.5519148936170213    0.0037021542494646495
3.553723404255319    0.0036195053358493807
3.555531914893617    0.0038393144375691917
3.557340425531915    0.003952478863077973
3.559148936170213    0.003755543209420939
3.560957446808511    0.003521234387188218
3.5627659574468087    0.0036511390421672864
3.5645744680851066    0.004163841519537198
3.5663829787234045    0.004667422897624502
3.5681914893617024    0.004816006769142822
3.5700000000000003    0.004641684431865661
3.571808510638298    0.004377685568082374
3.5736170212765956    0.004092314554832759
3.5754255319148935    0.003662730297458978
3.5772340425531914    0.0030844530635627705
3.5790425531914893    0.0026194631242649306
3.5808510638297872    0.0025284931779141692
3.582659574468085    0.002753079278946936
3.584468085106383    0.003017229232977544
3.586276595744681    0.003240793932526155
3.588085106382979    0.003696371715889442
3.5898936170212767    0.004654622873902172
3.5917021276595746    0.005946327714940497
3.5935106382978725    0.00700565282265052
3.5953191489361704    0.007362722382779307
3.5971276595744683    0.00701264982665787
3.5989361702127662    0.006289659917800344
3.600744680851064    0.005502372406831128
3.6025531914893616    0.004797819758302848
3.6043617021276595    0.004302946244734526
3.6061702127659574    0.004191909559998925
3.6079787234042553    0.004503907476088486
3.609787234042553    0.004985838542336795
3.611595744680851    0.00526439977080026
3.613404255319149    0.005193117019165571
3.615212765957447    0.004930137522659438
