0.0    0.0
0.0018085106382978724    0.0
0.003617021276595745    0.0
0.005425531914893617    0.0
0.00723404255319149    0.0
0.009042553191489363    0.0
0.010851063829787235    0.0
0.012659574468085107    0.0
0.01446808510638298    0.0
0.016276595744680853    0.0
0.018085106382978725    0.0
0.019893617021276597    0.0
0.02170212765957447    0.0
0.023510638297872342    0.0
0.025319148936170214    0.0
0.027127659574468086    0.0
0.02893617021276596    0.0
0.03074468085106383    0.0
0.032553191489361706    0.0
0.03436170212765958    0.0
0.03617021276595745    0.0
0.03797872340425532    0.0
0.039787234042553195    0.0
0.04159574468085107    0.0
0.04340425531914894    0.0
0.04521276595744681    0.0
0.047021276595744683    0.0
0.048829787234042556    0.0
0.05063829787234043    0.0
0.0524468085106383    0.0
0.05425531914893617    0.0
0.056063829787234044    0.0
0.05787234042553192    0.0
0.05968085106382979    0.0
0.06148936170212766    0.0
0.06329787234042554    0.0
0.06510638297872341    0.0
0.06691489361702128    0.0
0.06872340425531916    0.0
0.07053191489361703    0.0
0.0723404255319149    0.0
0.07414893617021277    0.0
0.07595744680851065    0.0
0.07776595744680852    0.0
0.07957446808510639    0.0
0.08138297872340426    0.0
0.08319148936170213    0.0
0.085    0.0
0.08680851063829788    0.0
0.08861702127659575    0.0
0.09042553191489362    0.0
0.0922340425531915    0.0
0.09404255319148937    0.0
0.09585106382978724    0.0
0.09765957446808511    0.0
0.09946808510638298    0.0
0.10127659574468086    0.0
0.10308510638297873    0.0
0.1048936170212766    0.0
0.10670212765957447    0.0
0.10851063829787234    0.0
0.11031914893617022    0.0
0.11212765957446809    0.0
0.11393617021276596    0.0
0.11574468085106383    0.0
0.1175531914893617    0.0
0.11936170212765958    0.0
0.12117021276595745    0.0
0.12297872340425532    0.0
0.1247872340425532    0.0
0.12659574468085108    0.0
0.12840425531914895    0.0
0.13021276595744682    0.0
0.1320212765957447    0.0
0.13382978723404257    0.0
0.13563829787234044    0.0
0.1374468085106383    0.0
0.13925531914893619    0.0
0.14106382978723406    0.0
0.14287234042553193    0.0
0.1446808510638298    0.0
0.14648936170212767    0.0
0.14829787234042555    0.0
0.15010638297872342    0.0
0.1519148936170213    0.0
0.15372340425531916    0.0
0.15553191489361703    0.0
0.1573404255319149    0.0
0.15914893617021278    0.0
0.16095744680851065    0.0
0.16276595744680852    0.0
0.1645744680851064    0.0
0.16638297872340427    0.0
0.16819148936170214    0.0
0.17    0.0
0.17180851063829788    0.0
0.17361702127659576    0.0
0.17542553191489363    0.0
0.1772340425531915    0.0
0.17904255319148937    0.0
0.18085106382978725    0.0
0.18265957446808512    0.0
0.184468085106383    0.0
0.18627659574468086    0.0
0.18808510638297873    0.0
0.1898936170212766    0.0
0.19170212765957448    0.0
0.19351063829787235    0.0
0.19531914893617022    0.0
0.1971276595744681    0.0
0.19893617021276597    0.0
0.20074468085106384    0.0
0.2025531914893617    0.0
0.20436170212765958    0.0
0.20617021276595746    0.0
0.20797872340425533    0.0
0.2097872340425532    0.0
0.21159574468085107    0.0
0.21340425531914894    1.2581697314634794e-235
0.21521276595744682    1.1334658890792274e-230
0.2170212765957447    1.713033796959044e-226
0.21882978723404256    1.0423325265689263e-222
0.22063829787234043    3.419686312197926e-219
0.2224468085106383    7.025896955102181e-216
0.22425531914893618    9.905116698716736e-213
0.22606382978723405    1.0192425258220017e-209
0.22787234042553192    8.003816858640599e-207
0.2296808510638298    4.9605763878974054e-204
0.23148936170212767    2.4912350602535267e-201
0.23329787234042554    1.0354589698328305e-198
0.2351063829787234    3.624368497750713e-196
0.23691489361702128    1.0839777178664127e-193
0.23872340425531915    2.8044475723863697e-191
0.24053191489361703    6.34320730461968e-189
0.2423404255319149    1.2658868600773679e-186
0.24414893617021277    2.2469912284226438e-184
0.24595744680851064    3.5728666424702055e-182
0.24776595744680852    5.121405152541337e-180
0.2495744680851064    6.655473981716022e-178
0.25138297872340426    7.881381032716127e-176
0.25319148936170216    8.544074180053216e-174
0.255    8.515128669914972e-172
0.2568085106382979    7.83153480799407e-170
0.25861702127659575    6.67051459506944e-168
0.26042553191489365    5.2787826952332595e-166
0.2622340425531915    3.892846447211539e-164
0.2640425531914894    2.6826291337195823e-162
0.26585106382978724    1.731923542982379e-160
0.26765957446808514    1.0500481036526704e-158
0.269468085106383    5.9919787551914e-157
0.2712765957446809    3.224907814949765e-155
0.2730851063829787    1.6402072746903536e-153
0.2748936170212766    7.89789142949495e-152
0.27670212765957447    3.606649361105494e-150
0.27851063829787237    1.564527231186538e-148
0.2803191489361702    6.456768630385614e-147
0.2821276595744681    2.538810081407977e-145
0.28393617021276596    9.524112275196051e-144
0.28574468085106386    3.413213816918271e-142
0.2875531914893617    1.1699946446266363e-140
0.2893617021276596    3.840570384447006e-139
0.29117021276595745    1.2086051207901396e-137
0.29297872340425535    3.650163783110936e-136
0.2947872340425532    1.0590596782060994e-134
0.2965957446808511    2.95481030289099e-133
0.29840425531914894    7.934911484558387e-132
0.30021276595744684    2.0527808222044416e-130
0.3020212765957447    5.12034668858158e-129
0.3038297872340426    1.2324386138016144e-127
0.3056382978723404    2.8646972085561353e-126
0.3074468085106383    6.435234199161465e-125
0.30925531914893617    1.3980864794460333e-123
0.31106382978723407    2.9395947841380045e-122
0.3128723404255319    5.985671760929998e-121
0.3146808510638298    1.1811028808576576e-119
0.31648936170212766    2.2598473681715626e-118
0.31829787234042556    4.195120689010859e-117
0.3201063829787234    7.560177508591914e-116
0.3219148936170213    1.3233696336189026e-114
0.32372340425531915    2.2512468704650847e-113
0.32553191489361705    3.72375504813942e-112
0.3273404255319149    5.9919865842978864e-111
0.3291489361702128    9.384277860312083e-110
0.33095744680851064    1.4311096439035836e-108
0.33276595744680854    2.1260926851258413e-107
0.3345744680851064    3.078347941364792e-106
0.3363829787234043    4.345727586633186e-105
0.3381914893617021    5.984032538461384e-104
0.34    8.040517297328546e-103
0.34180851063829787    1.0546281871805596e-101
0.34361702127659577    1.350833622076364e-100
0.3454255319148936    1.6902402605866501e-99
0.3472340425531915    2.0667670532497692e-98
0.34904255319148936    2.4704675084921266e-97
0.35085106382978726    2.8877201139506645e-96
0.3526595744680851    3.301863683316993e-95
0.354468085106383    3.694257248396623e-94
0.35627659574468085    4.04567694682175e-93
0.35808510638297875    4.3379032048420746e-92
0.3598936170212766    4.55531226686857e-91
0.3617021276595745    4.6862753277948905e-90
0.36351063829787233    4.724189315330005e-89
0.36531914893617023    4.668012630208274e-88
0.3671276595744681    4.522248146752834e-87
0.368936170212766    4.296392088740073e-86
0.3707446808510638    4.0039376547857353e-85
0.3725531914893617    3.6610749597775896e-84
0.37436170212765957    3.285256543480583e-83
0.37617021276595747    2.8937981476746274e-82
0.3779787234042553    2.502660570039456e-81
0.3797872340425532    2.1255170034566126e-80
0.38159574468085106    1.773160304137143e-79
0.38340425531914896    1.4532551412369389e-78
0.3852127659574468    1.1703984055142817e-77
0.3870212765957447    9.264223595807909e-77
0.38882978723404255    7.208605423370528e-76
0.39063829787234045    5.514954361795157e-75
0.3924468085106383    4.149164704337886e-74
0.3942553191489362    3.0703318917754534e-73
0.39606382978723403    2.2350740150892445e-72
0.39787234042553193    1.6008651505993855e-71
0.3996808510638298    1.1283569096590476e-70
0.4014893617021277    7.827771814968241e-70
0.4032978723404255    5.345633573235393e-69
0.4051063829787234    3.5941606532968538e-68
0.40691489361702127    2.3795753940617683e-67
0.40872340425531917    1.5515654444830758e-66
0.410531914893617    9.96489943892621e-66
0.4123404255319149    6.304782448238151e-65
0.41414893617021276    3.930270891719822e-64
0.41595744680851066    2.414290826064081e-63
0.4177659574468085    1.4616037768859264e-62
0.4195744680851064    8.721671316784888e-62
0.42138297872340424    5.130451268549712e-61
0.42319148936170214    2.9754443710324664e-60
0.425    1.7015393464043402e-59
0.4268085106382979    9.595738472661337e-59
0.42861702127659573    5.3371856847814055e-58
0.43042553191489363    2.92815398601629e-57
0.4322340425531915    1.5847922624777146e-56
0.4340425531914894    8.462442368892692e-56
0.4358510638297872    4.458730051475811e-55
0.4376595744680851    2.318274475880666e-54
0.43946808510638297    1.1896026921726815e-53
0.44127659574468087    6.025133729176452e-53
0.4430851063829787    3.0123293531672706e-52
0.4448936170212766    1.4867970005750177e-51
0.44670212765957445    7.245292627763975e-51
0.44851063829787235    3.4862291612385395e-50
0.4503191489361702    1.6565004236360449e-49
0.4521276595744681    7.773235755655969e-49
0.45393617021276594    3.602674597511679e-48
0.45574468085106384    1.6492959493940504e-47
0.4575531914893617    7.458631914728128e-47
0.4593617021276596    3.3322892547744875e-46
0.46117021276595743    1.4709039107055248e-45
0.46297872340425533    6.415321511280425e-45
0.46478723404255323    2.7648957594819294e-44
0.4665957446808511    1.1776013590096046e-43
0.468404255319149    4.9568904683236946e-43
0.4702127659574468    2.0622600878988054e-42
0.4720212765957447    8.48069737431932e-42
0.47382978723404257    3.447497581866933e-41
0.47563829787234047    1.3854480741279315e-40
0.4774468085106383    5.504518984726638e-40
0.4792553191489362    2.162318452999515e-39
0.48106382978723405    8.398829994342257e-39
0.48287234042553195    3.225847694447262e-38
0.4846808510638298    1.2252404487144967e-37
0.4864893617021277    4.602322584066782e-37
0.48829787234042554    1.7097645906916564e-36
0.49010638297872344    6.282374129614532e-36
0.4919148936170213    2.2833032219229787e-35
0.4937234042553192    8.208791519520799e-35
0.49553191489361703    2.9194004081300684e-34
0.49734042553191493    1.0271391943307975e-33
0.4991489361702128    3.575262862589352e-33
0.5009574468085106    1.2312634316916872e-32
0.5027659574468085    4.1954548690513953e-32
0.5045744680851064    1.4145307563985085e-31
0.5063829787234043    4.719224807737006e-31
0.5081914893617021    1.5580198803976973e-30
0.51    5.090236703766284e-30
0.5118085106382979    1.6458251141265127e-29
0.5136170212765958    5.26656757084072e-29
0.5154255319148936    1.66796497898161e-28
0.5172340425531915    5.228510567045703e-28
0.5190425531914894    1.622246451912711e-27
0.5208510638297873    4.982174401058431e-27
0.5226595744680851    1.514604432926248e-26
0.524468085106383    4.557977388802718e-26
0.5262765957446809    1.357849640147339e-25
0.5280851063829788    4.0045266001838733e-25
0.5298936170212766    1.16918590404591e-24
0.5317021276595745    3.3795683321421056e-24
0.5335106382978724    9.671549037455607e-24
0.5353191489361703    2.740307788620785e-23
0.5371276595744681    7.687444452730878e-23
0.538936170212766    2.1352773494419655e-22
0.5407446808510639    5.8725408755226775e-22
0.5425531914893618    1.599213792782715e-21
0.5443617021276596    4.312255358672833e-21
0.5461702127659575    1.1514049419022701e-20
0.5479787234042554    3.0442832309348665e-20
0.5497872340425533    7.970443740965694e-20
0.551595744680851    2.066460029291663e-19
0.5534042553191489    5.305479160835206e-19
0.5552127659574468    1.348903198190866e-18
0.5570212765957447    3.396256086390522e-18
0.5588297872340425    8.468137120203333e-18
0.5606382978723404    2.090965614087121e-17
0.5624468085106383    5.113056795620098e-17
0.5642553191489362    1.2382023346384792e-16
0.566063829787234    2.969489840394487e-16
0.5678723404255319    7.052654649643288e-16
0.5696808510638298    1.6588405108365484e-15
0.5714893617021277    3.864007244138547e-15
0.5732978723404255    8.913574495091864e-15
0.5751063829787234    2.0363163075965973e-14
0.5769148936170213    4.606976209160348e-14
0.5787234042553192    1.0321941548268736e-13
0.580531914893617    2.290224709017772e-13
0.5823404255319149    5.032246465465195e-13
0.5841489361702128    1.0949842765902661e-12
0.5859574468085107    2.359447451319373e-12
0.5877659574468085    5.034573016992248e-12
0.5895744680851064    1.0637939312529978e-11
0.5913829787234043    2.225802666034561e-11
0.5931914893617022    4.6114866175244236e-11
0.595    9.460417951344105e-11
0.5968085106382979    1.9216918210581442e-10
0.5986170212765958    3.8649971793908214e-10
0.6004255319148937    7.696505437199701e-10
0.6022340425531915    1.517409506264416e-09
0.6040425531914894    2.9618399092802722e-09
0.6058510638297873    5.723391985639999e-09
0.6076595744680852    1.0948657751384863e-08
0.609468085106383    2.0733127591068864e-08
0.6112765957446809    3.8863780735197506e-08
0.6130851063829788    7.21074098650293e-08
0.6148936170212767    1.324177579388135e-07
0.6167021276595744    2.4066856538053096e-07
0.6185106382978723    4.3288546477057135e-07
0.6203191489361702    7.705114708710372e-07
0.6221276595744681    1.3570874927454689e-06
0.6239361702127659    2.3649799826527827e-06
0.6257446808510638    4.077595962282076e-06
0.6275531914893617    6.955079156189633e-06
0.6293617021276596    1.1734994917419158e-05
0.6311702127659574    1.9584208219778392e-05
0.6329787234042553    3.232422765874228e-05
0.6347872340425532    5.275981824906712e-05
0.6365957446808511    8.514956181677371e-05
0.6384042553191489    0.00013586680051384751
0.6402127659574468    0.00021430903076363612
0.6420212765957447    0.00033412155207793485
0.6438297872340426    0.0005148042525083337
0.6456382978723404    0.0007837648804358225
0.6474468085106383    0.0011788628105140427
0.6492553191489362    0.0017514478764564007
0.6510638297872341    0.002569832489552603
0.6528723404255319    0.0037230356835030154
0.6546808510638298    0.0053245008424390085
0.6564893617021277    0.007515315217297333
0.6582978723404256    0.010466257049064545
0.6601063829787234    0.014377784151439458
0.6619148936170213    0.01947688878054772
0.6637234042553192    0.02600962530858001
0.6655319148936171    0.034228131419580976
0.6673404255319149    0.04437118094301169
0.6691489361702128    0.05663779623356506
0.6709574468085107    0.07115426172461088
0.6727659574468086    0.08793603042399899
0.6745744680851063    0.10684745103233224
0.6763829787234042    0.12756382901806185
0.6781914893617021    0.14954183547538163
0.68    0.17200536269359984
0.6818085106382978    0.19395419842784684
0.6836170212765957    0.21420194877662913
0.6854255319148936    0.2314471639435523
0.6872340425531915    0.24437749198976372
0.6890425531914893    0.2518010981223462
0.6908510638297872    0.25279314110055473
0.6926595744680851    0.24683882431040371
0.694468085106383    0.2339498226442694
0.6962765957446809    0.2147292689991201
0.6980851063829787    0.19036334053871917
0.6998936170212766    0.16252561507504665
0.7017021276595745    0.13319358599933462
0.7035106382978724    0.10439355718616117
0.7053191489361702    0.077907767819855
0.7071276595744681    0.05499214618915388
0.708936170212766    0.03616031667491511
0.7107446808510639    0.02108579266584181
0.7125531914893617    0.008657908766132868
0.7143617021276596    -0.0028009540930957555
0.7161702127659575    -0.015184505858783465
0.7179787234042554    -0.03018069171993119
0.7197872340425532    -0.04886713138209538
0.7215957446808511    -0.07141980803557714
0.723404255319149    -0.09701516439280718
0.7252127659574469    -0.12396652378630423
0.7270212765957447    -0.1500798645238688
0.7288297872340426    -0.17315443192246371
0.7306382978723405    -0.1915069995862424
0.7324468085106384    -0.20438041188942552
0.7342553191489362    -0.2121169504019565
0.7360638297872341    -0.216034407438571
0.737872340425532    -0.21802492271277552
0.7396808510638299    -0.21998114043186412
0.7414893617021276    -0.2232144881705464
0.7432978723404255    -0.22804403279337382
0.7451063829787234    -0.23369170110546478
0.7469148936170213    -0.2385288512922349
0.7487234042553191    -0.24060610244916864
0.750531914893617    -0.23829975525009367
0.7523404255319149    -0.23085992822706553
0.7541489361702128    -0.21866933486737583
0.7559574468085106    -0.20311500947189426
0.7577659574468085    -0.186109748079823
0.7595744680851064    -0.1694288253844422
0.7613829787234043    -0.154101747685861
0.7631914893617021    -0.14008622026390233
0.765    -0.12635121047482062
0.7668085106382979    -0.11134177130839737
0.7686170212765958    -0.09364824790489687
0.7704255319148936    -0.0726173252073723
0.7722340425531915    -0.048660350053666854
0.7740425531914894    -0.02313329188594511
0.7758510638297873    0.0021623499220453438
0.7776595744680851    0.025649033402913718
0.779468085106383    0.046529645051042526
0.7812765957446809    0.06499319748265549
0.7830851063829788    0.08198250380674073
0.7848936170212766    0.09862878391838024
0.7867021276595745    0.1156071901965277
0.7885106382978724    0.1327043076317061
0.7903191489361703    0.1487938908347053
0.7921276595744681    0.16223124529565403
0.793936170212766    0.1714847548416406
0.7957446808510639    0.17571556747914524
0.7975531914893618    0.17504576068655886
0.7993617021276596    0.17040866006296523
0.8011702127659575    0.16307846258017356
0.8029787234042554    0.1541296509788156
0.8047872340425533    0.14410292106696093
0.806595744680851    0.13303960335814835
0.808404255319149    0.12084884882230029
0.8102127659574468    0.10779282399415016
0.8120212765957447    0.09480813278597144
0.8138297872340425    0.08346247177096744
0.8156382978723404    0.07553258631912402
0.8174468085106383    0.0723851054619783
0.8192553191489362    0.0744435335707073
0.821063829787234    0.08098086954268319
0.8228723404255319    0.09031474360626263
0.8246808510638298    0.10029048867599566
0.8264893617021277    0.10881974123195895
0.8282978723404255    0.11425577640143555
0.8301063829787234    0.11551333584916756
0.8319148936170213    0.11199826369048274
0.8337234042553192    0.10350520608163674
0.835531914893617    0.09021797898261241
0.8373404255319149    0.07282915009823518
0.8391489361702128    0.05266441351555892
0.8409574468085107    0.03164299456578448
0.8427659574468085    0.01196893780789516
0.8445744680851064    -0.00440352096718418
0.8463829787234043    -0.016341951774323512
0.8481914893617022    -0.023902523487617972
0.85    -0.028321271725853973
0.8518085106382979    -0.03161943717270112
0.8536170212765958    -0.03597334046163178
0.8554255319148937    -0.0430799524043986
0.8572340425531915    -0.05372098542248856
0.8590425531914894    -0.06762479089435519
0.8608510638297873    -0.083613139581971
0.8626595744680852    -0.09995149873199596
0.864468085106383    -0.11480497057420919
0.8662765957446809    -0.12670839535995088
0.8680851063829788    -0.13495646766615832
0.8698936170212767    -0.13980705148159267
0.8717021276595744    -0.14240115045950513
0.8735106382978723    -0.1443717894322757
0.8753191489361702    -0.14723842904693657
0.8771276595744681    -0.15180656007541388
0.8789361702127659    -0.15783200184587903
0.8807446808510638    -0.16411721226314502
0.8825531914893617    -0.16901139215044747
0.8843617021276596    -0.1710884003584237
0.8861702127659574    -0.16969078767270063
0.8879787234042553    -0.16510691876439482
0.8897872340425532    -0.15834360506565032
0.8915957446808511    -0.15065098507431968
0.8934042553191489    -0.14304010368969944
0.8952127659574468    -0.13597797630739383
0.8970212765957447    -0.1293142586168466
0.8988297872340426    -0.1223892765266133
0.9006382978723404    -0.11425255466894219
0.9024468085106383    -0.10395721153789006
0.9042553191489362    -0.09091086621777214
0.9060638297872341    -0.07520959541076727
0.9078723404255319    -0.057796321411420604
0.9096808510638298    -0.04027233910422347
0.9114893617021277    -0.024326759552267777
0.9132978723404256    -0.010992617606772295
0.9151063829787234    -0.0001293388211548209
0.9169148936170213    0.009505402966871872
0.9187234042553192    0.019537378683905315
0.9205319148936171    0.030968832038406363
0.9223404255319149    0.043484031605649925
0.9241489361702128    0.05553544271683901
0.9259574468085107    0.0652094075970692
0.9277659574468086    0.07135671125126627
0.9295744680851065    0.07427250779646194
0.9313829787234043    0.07548573030171529
0.9331914893617022    0.07680280657392002
0.935    0.07924468198617529
0.936808510638298    0.08256951827291209
0.9386170212765957    0.08564614605142506
0.9404255319148936    0.08734544306610467
0.9422340425531915    0.08728398154299577
0.9440425531914894    0.085921459565173
0.9458510638297872    0.0840357507990166
0.9476595744680851    0.08206480730749391
0.949468085106383    0.07985642934128276
0.9512765957446809    0.07698440857123515
0.9530851063829787    0.07330106400823211
0.9548936170212766    0.06920921593258941
0.9567021276595745    0.06540140833476996
0.9585106382978724    0.06229771738917242
0.9603191489361702    0.0596940538139709
0.9621276595744681    0.056958860204403744
0.963936170212766    0.053628419914761735
0.9657446808510639    0.04987323904223652
0.9675531914893617    0.04638598472746348
0.9693617021276596    0.043734297854008466
0.9711702127659575    0.04171644967458141
0.9729787234042554    0.039312289786003984
0.9747872340425532    0.03535410744109045
0.9765957446808511    0.029425276479694673
0.978404255319149    0.022258361585912143
0.9802127659574469    0.015279095393124886
0.9820212765957447    0.009639408519037461
0.9838297872340426    0.00551618406725512
0.9856382978723405    0.0022368096429133053
0.9874468085106384    -0.0009100811155335336
0.9892553191489362    -0.003914978949369374
0.9910638297872341    -0.006036194538495817
0.992872340425532    -0.006571866203297427
0.9946808510638299    -0.005728394625724649
0.9964893617021277    -0.00476016914372113
0.9982978723404256    -0.005155655601364096
1.0001063829787233    -0.007487368592434368
1.0019148936170212    -0.010889923418744911
1.0037234042553191    -0.013646949986944384
1.005531914893617    -0.014440866091151206
1.007340425531915    -0.013246103831816404
1.0091489361702128    -0.01114174908627486
1.0109574468085107    -0.009247479602944602
1.0127659574468086    -0.007742221249009326
1.0145744680851063    -0.0058346437331797275
1.0163829787234042    -0.0026854481466004974
1.0181914893617021    0.0015955756057686636
1.02    0.005839797993359037
1.021808510638298    0.008751611506315635
1.0236170212765958    0.010052087133679683
1.0254255319148937    0.010752751781299072
1.0272340425531916    0.012229770060725821
1.0290425531914893    0.014878108514028078
1.0308510638297872    0.017579215661415716
1.032659574468085    0.018552453960539027
1.034468085106383    0.016924417244593364
1.036276595744681    0.013644097099337244
1.0380851063829788    0.010872654145705603
1.0398936170212767    0.010293925634169154
1.0417021276595746    0.0117733245636822
1.0435106382978723    0.0135391984401558
1.0453191489361702    0.013752854263144002
1.047127659574468    0.012108479843526043
1.048936170212766    0.010059128791808241
1.0507446808510639    0.009465544798530515
1.0525531914893618    0.010860883878484287
1.0543617021276597    0.012873358965891347
1.0561702127659576    0.01332973730788706
1.0579787234042553    0.011076642503052701
1.0597872340425532    0.006926756068200601
1.061595744680851    0.0029210026464780263
1.063404255319149    0.0005870944315527903
1.0652127659574468    -0.000263489471187787
1.0670212765957447    -0.001178461666361195
1.0688297872340426    -0.0035344375754847203
1.0706382978723405    -0.007239634578585546
1.0724468085106382    -0.010811521946932749
1.0742553191489361    -0.012705516527482696
1.076063829787234    -0.012671354103700076
1.077872340425532    -0.01195079109665394
1.0796808510638298    -0.012210691806523403
1.0814893617021277    -0.014208078610604968
1.0832978723404256    -0.01733064243273847
1.0851063829787235    -0.020293435963101666
1.0869148936170212    -0.022254476748606374
1.088723404255319    -0.02335636781995136
1.090531914893617    -0.02434711582760781
1.092340425531915    -0.02578749305330324
1.0941489361702128    -0.027613713878015374
1.0959574468085107    -0.0293443649970878
1.0977659574468086    -0.030568825258567356
1.0995744680851065    -0.031184306977759667
1.1013829787234042    -0.031244562428412385
1.103191489361702    -0.030740868297143648
1.105    -0.029647743267751867
1.1068085106382979    -0.02816567953951528
1.1086170212765958    -0.026785199399829963
1.1104255319148937    -0.025968731755259544
1.1122340425531916    -0.025720323492027027
1.1140425531914895    -0.025530386663536894
1.1158510638297872    -0.024838608667843702
1.117659574468085    -0.02358157532035378
1.119468085106383    -0.022227573596266696
1.1212765957446809    -0.021200829403881342
1.1230851063829788    -0.020283662187348235
1.1248936170212767    -0.018703371697990842
1.1267021276595746    -0.015943848604557623
1.1285106382978725    -0.012500359501735794
1.1303191489361701    -0.009708577940184225
1.132127659574468    -0.008631348415195854
1.133936170212766    -0.008992590056439643
1.1357446808510638    -0.009254306040389407
1.1375531914893617    -0.007911335774481706
1.1393617021276596    -0.004858322882741548
1.1411702127659575    -0.001499804214394329
1.1429787234042554    0.0005846228785856303
1.1447872340425531    0.0011858742466334753
1.146595744680851    0.0017007182072792406
1.148404255319149    0.003755716391426985
1.1502127659574468    0.007516325676925815
1.1520212765957447    0.011368720269209615
1.1538297872340426    0.013381550225725597
1.1556382978723405    0.013194712228149164
1.1574468085106384    0.012480665400806834
1.1592553191489363    0.01344534231513552
1.161063829787234    0.016747346903163117
1.162872340425532    0.020840668449376813
1.1646808510638298    0.02341850540244534
1.1664893617021277    0.02360277221992977
1.1682978723404256    0.022771308199615994
1.1701063829787235    0.02321283031672261
1.1719148936170214    0.02590855110162931
1.1737234042553193    0.029597295265942035
1.175531914893617    0.03203229936914259
1.1773404255319149    0.03219586517815848
1.1791489361702128    0.03130436761659974
1.1809574468085107    0.031628336461536954
1.1827659574468086    0.03429325985928505
1.1845744680851065    0.03820829234032218
1.1863829787234044    0.04113937225780452
1.1881914893617023    0.04183687724531286
1.19    0.041128855860413774
1.1918085106382978    0.04095805419747203
1.1936170212765957    0.04237876316320993
1.1954255319148936    0.04450932056340258
1.1972340425531915    0.04542437698734397
1.1990425531914894    0.0440285874838415
1.2008510638297873    0.04103088658977143
1.2026595744680852    0.038112706079022896
1.204468085106383    0.036215880849573515
1.2062765957446808    0.03470787578668315
1.2080851063829787    0.03221910231375362
1.2098936170212766    0.028221993315931296
1.2117021276595745    0.02369869910340177
1.2135106382978724    0.02022172610528234
1.2153191489361703    0.018409596900914503
1.2171276595744682    0.01734006971098323
1.218936170212766    0.015503351377659284
1.2207446808510638    0.012307780766915685
1.2225531914893617    0.008610742811977098
1.2243617021276596    0.005760283934323256
1.2261702127659575    0.004145198208456935
1.2279787234042554    0.0027340110702981646
1.2297872340425533    7.445095125358566e-05
1.2315957446808512    -0.004238785930661109
1.2334042553191489    -0.009077866906059799
1.2352127659574468    -0.01275170847247613
1.2370212765957447    -0.014490282731850114
1.2388297872340426    -0.015033420380620286
1.2406382978723405    -0.015811023496984995
1.2424468085106384    -0.01754903335360517
1.2442553191489363    -0.019631309091868637
1.2460638297872342    -0.020767398682958127
1.2478723404255319    -0.020266428565361705
1.2496808510638298    -0.018696762839937986
1.2514893617021277    -0.01735775954253488
1.2532978723404256    -0.01712430350719741
1.2551063829787235    -0.017763283167521397
1.2569148936170214    -0.018310336692900532
1.2587234042553193    -0.018081207430390836
1.2605319148936172    -0.017341331519645183
1.2623404255319148    -0.017040013373501438
1.2641489361702127    -0.017915640365913983
1.2659574468085106    -0.019838116857996448
1.2677659574468085    -0.021984062533826537
1.2695744680851064    -0.023636254307509624
1.2713829787234043    -0.024828198746952614
1.2731914893617022    -0.026233301039637877
1.2750000000000001    -0.028432067455334477
1.2768085106382978    -0.03127935691339483
1.2786170212765957    -0.033987189519930565
1.2804255319148936    -0.035845932694986336
1.2822340425531915    -0.03688960599900664
1.2840425531914894    -0.03786111425980355
1.2858510638297873    -0.03950701744331899
1.2876595744680852    -0.04188134810013811
1.289468085106383    -0.0443282774655847
1.2912765957446808    -0.04614483047394572
1.2930851063829787    -0.04725222830357639
1.2948936170212766    -0.04820158508185821
1.2967021276595745    -0.04951954268255659
1.2985106382978724    -0.05107940271654255
1.3003191489361703    -0.05216322830609562
1.3021276595744682    -0.05216619557746759
1.303936170212766    -0.05121564998798377
1.3057446808510638    -0.05004704487300118
1.3075531914893617    -0.049243434737725016
1.3093617021276596    -0.048616599125403816
1.3111702127659575    -0.04737651352498482
1.3129787234042554    -0.04492446960634811
1.3147872340425533    -0.04145721065590031
1.3165957446808512    -0.037766661939108166
1.318404255319149    -0.03445594598244931
1.3202127659574467    -0.031386516487910694
1.3220212765957446    -0.02790475572976623
1.3238297872340425    -0.023570243281815006
1.3256382978723404    -0.018609598946584753
1.3274468085106383    -0.013661288454737186
1.3292553191489362    -0.009152794696007886
1.3310638297872341    -0.005005603922358307
1.332872340425532    -0.0009371814333342934
1.3346808510638297    0.003060448976915932
1.3364893617021276    0.0066514781026782484
1.3382978723404255    0.009560749242440625
1.3401063829787234    0.011937691100370617
1.3419148936170213    0.01421359490886622
1.3437234042553192    0.016601331791971506
1.3455319148936171    0.018836293030036116
1.347340425531915    0.02049365552366704
1.3491489361702127    0.021531079073709054
1.3509574468085106    0.022405596803516364
1.3527659574468085    0.023580926363711473
1.3545744680851064    0.02496164639109192
1.3563829787234043    0.025921808333248357
1.3581914893617022    0.025947563025313335
1.36    0.025201572985911767
1.361808510638298    0.024366440178291218
1.3636170212765957    0.023914729577678942
1.3654255319148936    0.02360864960115957
1.3672340425531915    0.022800187566084477
1.3690425531914894    0.021219336140558508
1.3708510638297873    0.019385563665744704
1.3726595744680852    0.018181346851926655
1.374468085106383    0.018042633133124382
1.376276595744681    0.018629893135943536
1.3780851063829787    0.01929767372353501
1.3798936170212766    0.019804946677872214
1.3817021276595745    0.02048370890118409
1.3835106382978724    0.021735074428667185
1.3853191489361703    0.02348371998041794
1.3871276595744682    0.025228302445670647
1.388936170212766    0.026601882204418045
1.390744680851064    0.027762840446777508
1.3925531914893619    0.029156373427915785
1.3943617021276595    0.030939765921415466
1.3961702127659574    0.03275679671982351
1.3979787234042553    0.03412500084910573
1.3997872340425532    0.03497421418234348
1.4015957446808511    0.03570362734137973
1.403404255319149    0.036699290220416333
1.405212765957447    0.037885248362208135
1.4070212765957448    0.038824957422362055
1.4088297872340425    0.03922600570827965
1.4106382978723404    0.039228541919354556
1.4124468085106383    0.0391347061685445
1.4142553191489362    0.03892047561918187
1.416063829787234    0.038137863588039375
1.417872340425532    0.03634749832969532
1.41968085106383    0.03358546452510251
1.4214893617021278    0.030327837362458435
1.4232978723404255    0.02701469279670843
1.4251063829787234    0.0237075627282341
1.4269148936170213    0.020265382950478757
1.4287234042553192    0.01677183186946342
1.430531914893617    0.0136320681359402
1.432340425531915    0.011169058659116278
1.4341489361702129    0.009190054754611838
1.4359574468085108    0.007075391283470577
1.4377659574468085    0.004346667250373228
1.4395744680851064    0.0011034213365817497
1.4413829787234043    -0.002141338671021968
1.4431914893617022    -0.005009854550115803
1.445    -0.007558485414235799
1.446808510638298    -0.0100285137927104
1.4486170212765959    -0.012414129443742792
1.4504255319148938    -0.01439639489087689
1.4522340425531914    -0.01569431029501365
1.4540425531914893    -0.016347472294125198
1.4558510638297872    -0.01654927836054683
1.4576595744680851    -0.016258540033428234
1.459468085106383    -0.015141949131911983
1.461276595744681    -0.012994587309015516
1.4630851063829788    -0.010138027342781363
1.4648936170212767    -0.00724541186299945
1.4667021276595744    -0.004717558222643631
1.4685106382978723    -0.0023302462707851758
1.4703191489361702    0.0003865552575075431
1.4721276595744681    0.0034482360439437414
1.473936170212766    0.006247263795073142
1.475744680851064    0.008189479192236844
1.4775531914893618    0.00943227385595926
1.4793617021276597    0.010820849199670263
1.4811702127659574    0.01300066251356691
1.4829787234042553    0.015663815179674252
1.4847872340425532    0.017799185983299305
1.486595744680851    0.018706687733862443
1.488404255319149    0.018663094022004584
1.490212765957447    0.018512091221018163
1.4920212765957448    0.018667089467042618
1.4938297872340427    0.018661420006634614
1.4956382978723404    0.01771796954666597
1.4974468085106383    0.015629860983959395
1.4992553191489362    0.01292886449026125
1.501063829787234    0.010207984958344699
1.502872340425532    0.007467308837556832
1.5046808510638299    0.004268764833784921
1.5064893617021278    0.0004509200132012496
1.5082978723404257    -0.0035419774585370386
1.5101063829787233    -0.007161205681692692
1.5119148936170212    -0.010456346543616272
1.5137234042553191    -0.014054108568492579
1.515531914893617    -0.018369216658379334
1.517340425531915    -0.02299329912448834
1.5191489361702128    -0.027056191374420512
1.5209574468085107    -0.030188414676706816
1.5227659574468086    -0.0329370835198361
1.5245744680851063    -0.03608966349063712
1.5263829787234042    -0.0396706913656977
1.5281914893617021    -0.042818079689664626
1.53    -0.044732900655514704
1.531808510638298    -0.045597230355505836
1.5336170212765958    -0.04633748596582818
1.5354255319148937    -0.04745464694702983
1.5372340425531916    -0.04828504885949807
1.5390425531914893    -0.04761697559849197
1.5408510638297872    -0.04503241668547163
1.542659574468085    -0.04147266996296255
1.544468085106383    -0.03837412915684875
1.546276595744681    -0.036321858606928686
1.5480851063829788    -0.03467978333049977
1.5498936170212767    -0.032510284909397266
1.5517021276595746    -0.029649582069080617
1.5535106382978723    -0.02672534179249577
1.5553191489361702    -0.024216430789060522
1.557127659574468    -0.021765753866402227
1.558936170212766    -0.018573379158548148
1.5607446808510639    -0.014344750776049027
1.5625531914893618    -0.009607746355180177
1.5643617021276597    -0.0050187611901077005
1.5661702127659576    -0.0005347962962925544
1.5679787234042553    0.00450790881743763
1.5697872340425532    0.010489343896138089
1.571595744680851    0.016885404609783397
1.573404255319149    0.02271950880217357
1.5752127659574469    0.027583651916536195
1.5770212765957448    0.032025094959783
1.5788297872340427    0.03683002906793454
1.5806382978723406    0.04203159374383001
1.5824468085106382    0.04678847796557512
1.5842553191489361    0.05025861271354413
1.586063829787234    0.05245081005886421
1.587872340425532    0.05410485295694676
1.5896808510638298    0.05580183930944294
1.5914893617021277    0.05736137014276537
1.5932978723404256    0.058172274946007387
1.5951063829787235    0.05798263679075314
1.5969148936170212    0.057188628638235366
1.5987234042553191    0.05632811947593815
1.600531914893617    0.05544110571987113
1.602340425531915    0.05406572490269158
1.6041489361702128    0.05183816215791905
1.6059574468085107    0.04896768407685286
1.6077659574468086    0.04606790294945199
1.6095744680851065    0.04360745278103969
1.6113829787234042    0.041622967256098715
1.613191489361702    0.03992129680331762
1.615    0.03838894567101254
1.616808510638298    0.03699135645186063
1.6186170212765958    0.035551095709286544
1.6204255319148937    0.03372145435887083
1.6222340425531916    0.03128504352974402
1.6240425531914895    0.02841144369370977
1.6258510638297874    0.02549355249803148
1.627659574468085    0.02270291079713959
1.629468085106383    0.01979430911544701
1.6312765957446809    0.016422071491829004
1.6330851063829788    0.01260909180016545
1.6348936170212767    0.008805606065518029
1.6367021276595746    0.005456102680613216
1.6385106382978725    0.002578596295001496
1.6403191489361704    -0.000163760196593385
1.642127659574468    -0.0030169094039743634
1.643936170212766    -0.005869382040807484
1.6457446808510638    -0.008467792762547763
1.6475531914893617    -0.010808736843055361
1.6493617021276596    -0.013193151267931337
1.6511702127659575    -0.015867357227001215
1.6529787234042554    -0.018703852053896325
1.6547872340425533    -0.021337213506215875
1.656595744680851    -0.02361563633659533
1.658404255319149    -0.025836984531683656
1.6602127659574468    -0.028480563082048764
1.6620212765957447    -0.03172361831101248
1.6638297872340426    -0.035262167500833365
1.6656382978723405    -0.03859559282437363
1.6674468085106384    -0.04143486507842523
1.6692553191489363    -0.04382374414237795
1.671063829787234    -0.04594105556843004
1.672872340425532    -0.04789046539834755
1.6746808510638298    -0.04971032706794245
1.6764893617021277    -0.05151052279720144
1.6782978723404256    -0.05349416021414629
1.6801063829787235    -0.05580089402171683
1.6819148936170214    -0.058350668630637946
1.6837234042553193    -0.060869675536576635
1.685531914893617    -0.06307230808859637
1.6873404255319149    -0.06482453620702838
1.6891489361702128    -0.06617370960293423
1.6909574468085107    -0.06727461711623595
1.6927659574468086    -0.06829136666504179
1.6945744680851065    -0.06930812286603347
1.6963829787234044    -0.07026255082057073
1.6981914893617023    -0.07095330894199589
1.7    -0.07116141771237405
1.7018085106382979    -0.07081472130065822
1.7036170212765958    -0.070040262709961
1.7054255319148937    -0.06903538727013733
1.7072340425531916    -0.06788149598146662
1.7090425531914895    -0.06649588313031629
1.7108510638297874    -0.06476277122785584
1.7126595744680853    -0.06268009818761583
1.714468085106383    -0.06035101490470307
1.7162765957446808    -0.05784233452934995
1.7180851063829787    -0.055081906375363504
1.7198936170212766    -0.051897943544018096
1.7217021276595745    -0.04812944532129855
1.7235106382978724    -0.04369099446555991
1.7253191489361703    -0.0385886859333672
1.7271276595744682    -0.032959370606173835
1.728936170212766    -0.02711856761815378
1.7307446808510638    -0.02149835957936371
1.7325531914893617    -0.016440977450785522
1.7343617021276596    -0.012020636136792062
1.7361702127659575    -0.008098893783224152
1.7379787234042554    -0.004563460161049873
1.7397872340425533    -0.001449975100675461
1.7415957446808512    0.0012377759800189592
1.7434042553191489    0.0037931865105901045
1.7452127659574468    0.006758050417531595
1.7470212765957447    0.010493434938908832
1.7488297872340426    0.014802483916464371
1.7506382978723405    0.019066384048666712
1.7524468085106384    0.022802688897548423
1.7542553191489363    0.026050862173407987
1.7560638297872342    0.029169221382308184
1.7578723404255319    0.032314481612497795
1.7596808510638298    0.0352415264374967
1.7614893617021277    0.03764131151158305
1.7632978723404256    0.03954323126054286
1.7651063829787235    0.04122812311644704
1.7669148936170214    0.0427555905115589
1.7687234042553193    0.04376654825223686
1.7705319148936172    0.04391823633358374
1.7723404255319148    0.04347148350502532
1.7741489361702127    0.04324782048198664
1.7759574468085106    0.04387295803854435
1.7777659574468085    0.04512374324359507
1.7795744680851064    0.046162778349225664
1.7813829787234043    0.046437334831333166
1.7831914893617022    0.04621876901082615
1.7850000000000001    0.046158248521764464
1.7868085106382978    0.046393548460815365
1.7886170212765957    0.04627841529032092
1.7904255319148936    0.045069916962994866
1.7922340425531915    0.042782224857043166
1.7940425531914894    0.04024021821438553
1.7958510638297873    0.03831702730065531
1.7976595744680852    0.037242449983695275
1.7994680851063831    0.03667216111781593
1.8012765957446808    0.03624699784088445
1.8030851063829787    0.03587581802557287
1.8048936170212766    0.03549057401112768
1.8067021276595745    0.03477787102775329
1.8085106382978724    0.03337182830650516
1.8103191489361703    0.03127553242738479
1.8121276595744682    0.028888583551455495
1.813936170212766    0.026524540475528095
1.8157446808510638    0.024029798295519954
1.8175531914893617    0.0210432268805052
1.8193617021276596    0.01759540467159581
1.8211702127659575    0.014240903259859244
1.8229787234042554    0.01147561702377161
1.8247872340425533    0.009145083110014992
1.8265957446808512    0.006639866371964807
1.828404255319149    0.0037052723669179118
1.8302127659574468    0.0008694856900817336
1.8320212765957447    -0.0010862511369637406
1.8338297872340426    -0.001995378116771417
1.8356382978723405    -0.0024273395658221345
1.8374468085106384    -0.0028852751017510517
1.8392553191489363    -0.003078476264876559
1.8410638297872342    -0.0022157737653577866
1.842872340425532    -5.972838227244481e-06
1.8446808510638297    0.002855720680407548
1.8464893617021276    0.00533854678756802
1.8482978723404255    0.0071126384981617516
1.8501063829787234    0.008775719327140288
1.8519148936170213    0.011096272889592411
1.8537234042553192    0.014276175215436351
1.8555319148936171    0.018093197643388105
1.857340425531915    0.022564133584695986
1.859148936170213    0.028094994733016035
1.8609574468085106    0.03483647294666484
1.8627659574468085    0.0421245986547277
1.8645744680851064    0.04887533026227851
1.8663829787234043    0.054569847816284184
1.8681914893617022    0.059618006530884435
1.87    0.06459833096462067
1.871808510638298    0.06930279449077248
1.873617021276596    0.07281780168424662
1.8754255319148936    0.07458589621641454
1.8772340425531915    0.0751110931732756
1.8790425531914894    0.07536015257244619
1.8808510638297873    0.0755462505586558
1.8826595744680852    0.07480957341367794
1.884468085106383    0.07223931221716798
1.886276595744681    0.0680126872648951
1.8880851063829789    0.06325609122967857
1.8898936170212766    0.05880332852100319
1.8917021276595745    0.054381310429788915
1.8935106382978724    0.04919073283320771
1.8953191489361703    0.043077736415155
1.8971276595744682    0.03675493009994765
1.898936170212766    0.030766683799683017
1.900744680851064    0.024538663627583134
1.9025531914893619    0.016804539147023956
1.9043617021276595    0.006992073545296303
1.9061702127659574    -0.004083990212541402
1.9079787234042553    -0.015071913798221372
1.9097872340425532    -0.025468908433612644
1.9115957446808511    -0.03592198258559769
1.913404255319149    -0.04718625462135666
1.915212765957447    -0.05910372039907663
1.9170212765957448    -0.07084636799991553
1.9188297872340425    -0.08202124607592132
1.9206382978723404    -0.09316078931158975
1.9224468085106383    -0.10494066011705719
1.9242553191489362    -0.11710004502080612
1.9260638297872341    -0.12842283317392428
1.927872340425532    -0.1378261462569635
1.92968085106383    -0.1452667475060908
1.9314893617021278    -0.15145390056503583
1.9332978723404255    -0.15682932999746224
1.9351063829787234    -0.1610809064191311
1.9369148936170213    -0.16366913252321502
1.9387234042553192    -0.1645583883647399
1.940531914893617    -0.16418758534930628
1.942340425531915    -0.16278847052019224
1.944148936170213    -0.1600129872860736
1.9459574468085108    -0.15538886954550307
1.9477659574468085    -0.14902422659487008
1.9495744680851064    -0.14166863259876838
1.9513829787234043    -0.13407397896337664
1.9531914893617022    -0.1264644136296409
1.955    -0.11872502016813011
1.956808510638298    -0.11097276399853617
1.9586170212765959    -0.10372547354566325
1.9604255319148938    -0.09746476672443971
1.9622340425531914    -0.09218284714799993
1.9640425531914893    -0.08748212640149569
1.9658510638297872    -0.08304947539340277
1.9676595744680851    -0.07887056286958113
1.969468085106383    -0.07495481092179301
1.971276595744681    -0.07102142032383565
1.9730851063829788    -0.06664226124516157
1.9748936170212767    -0.0617187767208596
1.9767021276595744    -0.05672225661573242
1.9785106382978723    -0.05241103295055696
1.9803191489361702    -0.04933887092645185
1.9821276595744681    -0.0476149924441569
1.983936170212766    -0.04697281970934053
1.985744680851064    -0.04687725467647383
1.9875531914893618    -0.0465668534171365
1.9893617021276597    -0.04523249479592599
1.9911702127659574    -0.04242212874887212
1.9929787234042553    -0.03833792432996834
1.9947872340425532    -0.033619266364524725
1.996595744680851    -0.028734619234425496
1.998404255319149    -0.023617693645608964
2.0002127659574467    -0.017955237271102126
2.0020212765957446    -0.011756830440529022
2.0038297872340425    -0.0054715921327879585
2.0056382978723404    0.000527800000193898
2.0074468085106383    0.006455988900681392
2.009255319148936    0.012945354202177363
2.011063829787234    0.020350124094224056
2.012872340425532    0.028351047202529407
2.01468085106383    0.03634388213079127
2.016489361702128    0.04414189467189016
2.0182978723404257    0.05214129410561468
2.0201063829787236    0.06076439690871483
2.0219148936170215    0.06988143791781493
2.0237234042553194    0.07892738491968312
2.0255319148936173    0.08757282078359144
2.0273404255319147    0.09614013162734181
2.0291489361702126    0.10527206850130044
2.0309574468085105    0.11523732833371705
2.0327659574468084    0.12563714737924062
2.0345744680851063    0.13576701662053572
2.0363829787234042    0.14516571673067089
2.038191489361702    0.15378463498060888
2.04    0.16173344202000847
2.041808510638298    0.16899586827488086
2.043617021276596    0.17539492028115708
2.0454255319148937    0.18070020325588762
2.0472340425531916    0.18465035612478817
2.0490425531914895    0.1868911042754883
2.0508510638297874    0.18701408995063676
2.0526595744680853    0.18475940169935248
2.0544680851063832    0.18021128540514528
2.0562765957446807    0.17379822217725496
2.0580851063829786    0.1661063695271021
2.0598936170212765    0.15765575245587213
2.0617021276595744    0.14873832640280246
2.0635106382978723    0.1393305623054438
2.06531914893617    0.12911722819372248
2.067127659574468    0.11769289079283318
2.068936170212766    0.1048818039083626
2.070744680851064    0.09093789667480948
2.072553191489362    0.07643294308749854
2.0743617021276597    0.06194415601417766
2.0761702127659576    0.04786703116572742
2.0779787234042555    0.034510043387364575
2.0797872340425534    0.022262467200199004
2.0815957446808513    0.01153687316768913
2.083404255319149    0.002506493456736099
2.085212765957447    -0.00503008030580497
2.0870212765957445    -0.011448167272973622
2.0888297872340424    -0.01696975794561222
2.0906382978723403    -0.021584776574588706
2.0924468085106382    -0.025281346745597153
2.094255319148936    -0.02825822401636856
2.096063829787234    -0.030837127104590977
2.097872340425532    -0.033197034855493524
2.09968085106383    -0.035271226260514474
2.1014893617021277    -0.03690538536261294
2.1032978723404256    -0.03803042271796066
2.1051063829787235    -0.03863613551778404
2.1069148936170214    -0.03866753928264348
2.1087234042553193    -0.038092494683174674
2.1105319148936172    -0.037104145644755476
2.112340425531915    -0.03614532256695205
2.114148936170213    -0.03562263250078715
2.1159574468085105    -0.0356105612108054
2.1177659574468084    -0.035909785195747765
2.1195744680851063    -0.036367181122083786
2.121382978723404    -0.03699150558833843
2.123191489361702    -0.03767014669360161
2.125    -0.0378964051715973
2.126808510638298    -0.03701001172027191
2.128617021276596    -0.03481611553582607
2.1304255319148937    -0.03187972149602117
2.1322340425531916    -0.02910093918615335
2.1340425531914895    -0.027041085042936577
2.1358510638297874    -0.02577228612698547
2.1376595744680853    -0.02532229744455624
2.139468085106383    -0.025983730424802107
2.141276595744681    -0.027956553251545523
2.143085106382979    -0.03078195734581183
2.1448936170212765    -0.03345980261941255
2.1467021276595744    -0.035323816681345606
2.1485106382978723    -0.03667404473621256
2.15031914893617    -0.03831471336756168
2.152127659574468    -0.040479754677363984
2.153936170212766    -0.0424775239956282
2.155744680851064    -0.04355519946963731
2.1575531914893618    -0.04391453096224724
2.1593617021276597    -0.04451781512284462
2.1611702127659576    -0.04580218391329847
2.1629787234042555    -0.04687428281882986
2.1647872340425534    -0.046289345667451874
2.1665957446808513    -0.04359749896859725
2.168404255319149    -0.03982887045578192
2.170212765957447    -0.036303888200793645
2.172021276595745    -0.033152427226294696
2.1738297872340424    -0.02925653290847066
2.1756382978723403    -0.02360256112820458
2.177446808510638    -0.016390101802076944
2.179255319148936    -0.008678927108494737
2.181063829787234    -0.0012116869744478505
2.182872340425532    0.006049155546877797
2.18468085106383    0.013235034526947555
2.1864893617021277    0.019858620692909987
2.1882978723404256    0.025159523664551348
2.1901063829787235    0.029077495485581542
2.1919148936170214    0.032494490750594726
2.1937234042553193    0.03629853867922141
2.195531914893617    0.04037155165014272
2.197340425531915    0.043743188032314376
2.199148936170213    0.04569164409553843
2.200957446808511    0.046408516122592905
2.2027659574468084    0.04646578990187496
2.2045744680851063    0.045878869958460966
2.206382978723404    0.044020480931753606
2.208191489361702    0.040461063810604214
2.21    0.03559112138851957
2.211808510638298    0.030209196424132154
2.2136170212765958    0.024642916834481256
2.2154255319148937    0.018555099813306795
2.2172340425531916    0.011637727654071693
2.2190425531914895    0.004224521643503589
2.2208510638297874    -0.0029875946834016873
2.2226595744680853    -0.009691904145737744
2.224468085106383    -0.01616281183206178
2.226276595744681    -0.02264082131682238
2.228085106382979    -0.028773841377272964
2.229893617021277    -0.03390467056209134
2.2317021276595743    -0.037864072312505916
2.233510638297872    -0.0412622742424112
2.23531914893617    -0.0449262058139993
2.237127659574468    -0.049191323963792256
2.238936170212766    -0.05383417650587303
2.240744680851064    -0.05852314749569288
2.2425531914893617    -0.06306724374938605
2.2443617021276596    -0.06721535266419906
2.2461702127659575    -0.07051883502817974
2.2479787234042554    -0.0726755700323187
2.2497872340425533    -0.07397070431123962
2.251595744680851    -0.07513426052995675
2.253404255319149    -0.07665918245144335
2.255212765957447    -0.07838079994124184
2.257021276595745    -0.07979919644638564
2.258829787234043    -0.08062067133643791
2.2606382978723403    -0.08072684756085527
2.262446808510638    -0.07969069670907333
2.264255319148936    -0.076770221253714
2.266063829787234    -0.07174598370740928
2.267872340425532    -0.06564877511187497
2.2696808510638298    -0.06020928429662148
2.2714893617021277    -0.056317153879199416
2.2732978723404256    -0.05316860571065575
2.2751063829787235    -0.04919237419163475
2.2769148936170214    -0.0437849434102542
2.2787234042553193    -0.037870677087872284
2.280531914893617    -0.032690974506739814
2.282340425531915    -0.02837016518656804
2.284148936170213    -0.02402732127859228
2.285957446808511    -0.019206923097237552
2.2877659574468088    -0.014713250558807685
2.2895744680851062    -0.011707959738534578
2.291382978723404    -0.010182355585101225
2.293191489361702    -0.008763200822918461
2.295    -0.006162321282834062
2.296808510638298    -0.0025290211943904996
2.2986170212765957    0.0009003558837765498
2.3004255319148936    0.00334839368367971
2.3022340425531915    0.0053251838303121635
2.3040425531914894    0.007833200181721312
2.3058510638297873    0.011080472651657092
2.3076595744680852    0.014318776228128363
2.309468085106383    0.016878686115997493
2.311276595744681    0.018995085985293994
2.313085106382979    0.02144381346057858
2.314893617021277    0.024610921158365114
2.3167021276595747    0.028232311571045
2.3185106382978726    0.03198977669776573
2.32031914893617    0.0359892176932014
2.322127659574468    0.04044324759406934
2.323936170212766    0.0451069738362854
2.325744680851064    0.049394862820715035
2.3275531914893617    0.05311467458555544
2.3293617021276596    0.05681584349307116
2.3311702127659575    0.061216617110491325
2.3329787234042554    0.06642784079544341
2.3347872340425533    0.07199041434175522
2.336595744680851    0.07764253781075268
2.338404255319149    0.08372635529517185
2.340212765957447    0.09062999565475914
2.342021276595745    0.09800555484911978
2.343829787234043    0.10486954268821934
2.3456382978723407    0.11054016593178763
2.3474468085106386    0.11522249140443232
2.349255319148936    0.11947436624949832
2.351063829787234    0.12324712214295468
2.352872340425532    0.1257627722238881
2.3546808510638297    0.12640095366087833
2.3564893617021276    0.1254559258119134
2.3582978723404255    0.12380799055512223
2.3601063829787234    0.12196522977937399
2.3619148936170213    0.11969641926307484
2.3637234042553192    0.11662414944573918
2.365531914893617    0.11287049288315248
2.367340425531915    0.10885548392156755
2.369148936170213    0.10457513303382807
2.370957446808511    0.09942843142778054
2.3727659574468087    0.092915981053248
2.3745744680851066    0.08533082255106209
2.3763829787234045    0.07754202825554043
2.378191489361702    0.07014809623171675
2.38    0.06305250211827865
2.381808510638298    0.05587341981914036
2.3836170212765957    0.04847392153858131
2.3854255319148936    0.040847165963745435
2.3872340425531915    0.032640568323057714
2.3890425531914894    0.02322335199114875
2.3908510638297873    0.012452004052009608
2.392659574468085    0.0011728594270272851
2.394468085106383    -0.009368018791885169
2.396276595744681    -0.018688264292265222
2.398085106382979    -0.02745607633660243
2.399893617021277    -0.03660365104643725
2.4017021276595747    -0.046197497399886246
2.4035106382978726    -0.055372658367520276
2.4053191489361705    -0.06331851638468361
2.407127659574468    -0.07006674356027964
2.408936170212766    -0.07619690937580739
2.4107446808510637    -0.08197744551912203
2.4125531914893616    -0.08707252932581844
2.4143617021276595    -0.09108387288075531
2.4161702127659574    -0.09410871866035767
2.4179787234042553    -0.09659878813151332
2.4197872340425532    -0.09882457439129974
2.421595744680851    -0.10072372140588196
2.423404255319149    -0.10225097981015144
2.425212765957447    -0.10357986481193326
2.427021276595745    -0.10476040750327709
2.4288297872340427    -0.10533199219809761
2.4306382978723406    -0.10458981977591772
2.4324468085106385    -0.10233868838264795
2.4342553191489364    -0.09921223673634652
2.436063829787234    -0.09609654109610982
2.437872340425532    -0.09333244044935099
2.4396808510638297    -0.0906634527577152
2.4414893617021276    -0.08791549783817568
2.4432978723404255    -0.08543317534750947
2.4451063829787234    -0.08365518109531511
2.4469148936170213    -0.08242220871630362
2.448723404255319    -0.08103351862655878
2.450531914893617    -0.07909351301678882
2.452340425531915    -0.07709392706438922
2.454148936170213    -0.07594361564416613
2.455957446808511    -0.07598289917030995
2.4577659574468087    -0.07668245831171608
2.4595744680851066    -0.07735500406677284
2.4613829787234045    -0.07793335273481336
2.4631914893617024    -0.07883946029900332
2.465    -0.08019032966457601
2.4668085106382978    -0.08143931951994385
2.4686170212765957    -0.08193758958729486
2.4704255319148936    -0.08166470951266475
2.4722340425531915    -0.08115503141835417
2.4740425531914894    -0.08070730009780228
2.4758510638297873    -0.07989895697266705
2.477659574468085    -0.0780265232419893
2.479468085106383    -0.07491194590613465
2.481276595744681    -0.0710840166301352
2.483085106382979    -0.06716662118222588
2.4848936170212768    -0.06327043137040758
2.4867021276595747    -0.05908258920064517
2.4885106382978726    -0.054412045279948945
2.4903191489361705    -0.0494338418901991
2.4921276595744684    -0.044376334009498725
2.493936170212766    -0.03915156643842288
2.4957446808510637    -0.03344269921017402
2.4975531914893616    -0.027105621508712284
2.4993617021276595    -0.020343458238539273
2.5011702127659574    -0.013453928979744866
2.5029787234042553    -0.006493646032910236
2.504787234042553    0.0007688179126682298
2.506595744680851    0.008657740885488596
2.508404255319149    0.01742207420413719
2.510212765957447    0.027150695099709826
2.512021276595745    0.03762866206904966
2.5138297872340427    0.048183204958095874
2.5156382978723406    0.05783107344138359
2.5174468085106385    0.06583394020834665
2.5192553191489364    0.07221954349151674
2.5210638297872343    0.0776752725634858
2.5228723404255318    0.08281660202610411
2.5246808510638297    0.08754495791365355
2.5264893617021276    0.09115994187587076
2.5282978723404255    0.09309001164367911
2.5301063829787234    0.09347787835743879
2.5319148936170213    0.09309233584188664
2.533723404255319    0.09277166830720782
2.535531914893617    0.09295727415457783
2.537340425531915    0.09358000402363212
2.539148936170213    0.09416415738721626
2.5409574468085108    0.09401238999470302
2.5427659574468087    0.0925207268873213
2.5445744680851066    0.08957853979759448
2.5463829787234045    0.08571365017599564
2.5481914893617024    0.08169953278718237
2.5500000000000003    0.07789232112248495
2.551808510638298    0.07397294282928135
2.5536170212765956    0.06941153734886382
2.5554255319148935    0.06416363420285096
2.5572340425531914    0.058820856522759035
2.5590425531914893    0.05406681064253163
2.560851063829787    0.05008732472344206
2.562659574468085    0.04658344361232432
2.564468085106383    0.043271244547375326
2.566276595744681    0.04020421130622387
2.568085106382979    0.03757327925534232
2.5698936170212767    0.03534368835549674
2.5717021276595746    0.03324906134209332
2.5735106382978725    0.03113276607136195
2.5753191489361704    0.029163499544497
2.5771276595744683    0.027654018366548183
2.578936170212766    0.026741644110577202
2.580744680851064    0.02630969720694741
2.5825531914893616    0.026138277210384794
2.5843617021276595    0.025987033908111745
2.5861702127659574    0.025534885253269086
2.5879787234042553    0.02443990740772333
2.589787234042553    0.02265249089473128
2.591595744680851    0.02064748984169785
2.593404255319149    0.019153254086259515
2.595212765957447    0.018510790847577632
2.5970212765957448    0.018329175974271215
2.5988297872340427    0.017857580190924656
2.6006382978723406    0.016687524030487948
2.6024468085106385    0.01502252280273958
2.6042553191489364    0.013293609868398074
2.6060638297872343    0.011676274349102077
2.607872340425532    0.010097120944304209
2.60968085106383    0.008607796617583239
2.6114893617021275    0.007514832452350729
2.6132978723404254    0.007024725256207943
2.6151063829787233    0.00686516221136497
2.6169148936170212    0.006413124622636757
2.618723404255319    0.005205583705360853
2.620531914893617    0.003218187317328697
2.622340425531915    0.0006268845739199965
2.624148936170213    -0.0025475297962722883
2.6259574468085107    -0.0064081853726879025
2.6277659574468086    -0.01085949038392359
2.6295744680851065    -0.01553360399145639
2.6313829787234044    -0.020152628046353073
2.6331914893617023    -0.02483865535775418
2.6350000000000002    -0.029858277825475073
2.636808510638298    -0.035027486310333485
2.638617021276596    -0.039547889942012256
2.6404255319148935    -0.042611948135377366
2.6422340425531914    -0.044174504234333466
2.6440425531914893    -0.0450155286076444
2.645851063829787    -0.04599422172854304
2.647659574468085    -0.04729777580357828
2.649468085106383    -0.04844848035488946
2.651276595744681    -0.048948047565107074
2.653085106382979    -0.04879512931148491
2.6548936170212767    -0.04840366339887598
2.6567021276595746    -0.048186022540196556
2.6585106382978725    -0.04831521505571048
2.6603191489361704    -0.04877245185701603
2.6621276595744683    -0.04939921465432103
2.663936170212766    -0.04982176001819113
2.665744680851064    -0.049476829989405675
2.667553191489362    -0.04792120565681266
2.6693617021276594    -0.04517374565071094
2.6711702127659573    -0.04166539371573436
2.6729787234042552    -0.037800745391832404
2.674787234042553    -0.033649978158421544
2.676595744680851    -0.02917028672522281
2.678404255319149    -0.02467433300216939
2.680212765957447    -0.020875994883021574
2.6820212765957447    -0.018309751467499705
2.6838297872340426    -0.01672983485074976
2.6856382978723405    -0.015243091655239613
2.6874468085106384    -0.01315731444124691
2.6892553191489363    -0.010691090686865329
2.6910638297872342    -0.008773200446289823
2.692872340425532    -0.008105338280772187
2.69468085106383    -0.0084362238728602
2.696489361702128    -0.008763893529647807
2.6982978723404254    -0.008227610823715627
2.7001063829787233    -0.006800466771168662
2.701914893617021    -0.005174859149628976
2.703723404255319    -0.004059178935253403
2.705531914893617    -0.0035982810207125515
2.707340425531915    -0.003381780537684778
2.709148936170213    -0.0028957872775896825
2.7109574468085107    -0.0019472796213931085
2.7127659574468086    -0.0007598492969416279
2.7145744680851065    0.0002094459780269453
2.7163829787234044    0.0005288877981676426
2.7181914893617023    2.3546447629792114e-06
2.72    -0.0012084155310389919
2.721808510638298    -0.0026164452404766375
2.723617021276596    -0.0036654469028887375
2.725425531914894    -0.004108522830111854
2.7272340425531914    -0.004202969503763115
2.7290425531914893    -0.004476712274764974
2.730851063829787    -0.005212881574045628
2.732659574468085    -0.006143535387008108
2.734468085106383    -0.006700394385555872
2.736276595744681    -0.006597288959634176
2.7380851063829788    -0.006118718789413294
2.7398936170212767    -0.005763677945677984
2.7417021276595746    -0.005606504373590317
2.7435106382978725    -0.0050943092542550875
2.7453191489361704    -0.0035521413924664968
2.7471276595744683    -0.0008808206638385684
2.748936170212766    0.0022961858641763156
2.750744680851064    0.005176376106598889
2.752553191489362    0.00740961309267359
2.75436170212766    0.009184276219904936
2.7561702127659573    0.010807758669876332
2.757978723404255    0.012360300616012003
2.759787234042553    0.013787072427906798
2.761595744680851    0.015170637671873214
2.763404255319149    0.016722268865563477
2.765212765957447    0.018478819404395396
2.7670212765957447    0.020151631109149654
2.7688297872340426    0.02140261792975377
2.7706382978723405    0.022238775181170862
2.7724468085106384    0.023011414779992464
2.7742553191489363    0.023984647355105883
2.776063829787234    0.024993391862132588
2.777872340425532    0.02561558955703998
2.77968085106383    0.025646001880865497
2.781489361702128    0.02529167842168706
2.783297872340426    0.024869533521880937
2.7851063829787237    0.024395820967734873
2.786914893617021    0.02354652452127153
2.788723404255319    0.021974430301889916
2.790531914893617    0.019568979532682166
2.792340425531915    0.016421608836858195
2.7941489361702128    0.012688585620083254
2.7959574468085107    0.008604631333787652
2.7977659574468086    0.0045579154622505565
2.7995744680851065    0.0009565482663862271
2.8013829787234044    -0.0020838172696705168
2.8031914893617023    -0.004846625387885149
2.805    -0.007693799257918638
2.806808510638298    -0.010639626342542001
2.808617021276596    -0.013331808557666195
2.810425531914894    -0.015467405292318204
2.8122340425531918    -0.017109464771618173
2.8140425531914897    -0.018497442569720874
2.815851063829787    -0.019634768615564093
2.817659574468085    -0.020271597356750947
2.819468085106383    -0.020380070638047924
2.821276595744681    -0.02048979498229551
2.8230851063829787    -0.021312999327574907
2.8248936170212766    -0.022959292195986154
2.8267021276595745    -0.02464569079532231
2.8285106382978724    -0.02532589041432985
2.8303191489361703    -0.024612541165941703
2.832127659574468    -0.02301064958388541
2.833936170212766    -0.02126005755791185
2.835744680851064    -0.0195674973390149
2.837553191489362    -0.01754672656437634
2.83936170212766    -0.014808955807275422
2.8411702127659577    -0.011452274854987909
2.8429787234042556    -0.007952273964218212
2.844787234042553    -0.0047120827409129346
2.846595744680851    -0.0018226242849257689
2.848404255319149    0.000826582925099345
2.8502127659574468    0.003389935839624689
2.8520212765957447    0.006065990786051528
2.8538297872340426    0.0090857088358614
2.8556382978723405    0.012506449948602278
2.8574468085106384    0.016017232219995417
2.8592553191489363    0.01912239330707244
2.861063829787234    0.021642389937709644
2.862872340425532    0.02395858192552032
2.86468085106383    0.02659095194368561
2.866489361702128    0.029475960935804596
2.8682978723404258    0.031779995149524315
2.8701063829787237    0.032579611025091035
2.8719148936170216    0.031764382573929356
2.873723404255319    0.030207050810522086
2.875531914893617    0.02900397391524876
2.877340425531915    0.02857201231724575
2.8791489361702127    0.02848739524006952
2.8809574468085106    0.028095849373181832
2.8827659574468085    0.02712710461203601
2.8845744680851064    0.02568902546485674
2.8863829787234043    0.023834059317822932
2.8881914893617022    0.02136673837741989
2.89    0.018167887130126778
2.891808510638298    0.014594848486829466
2.893617021276596    0.011378030171821311
2.895425531914894    0.009033541393977017
2.8972340425531917    0.007413022546993289
2.8990425531914896    0.005891147878605946
2.9008510638297875    0.003991750065950702
2.902659574468085    0.0017878111138078688
2.904468085106383    -0.0003048352997541857
2.906276595744681    -0.002043138882185968
2.9080851063829787    -0.0035922793597557346
2.9098936170212766    -0.0052719561283313555
2.9117021276595745    -0.0071670254286653485
2.9135106382978724    -0.009051473547650091
2.9153191489361703    -0.010654007624562723
2.917127659574468    -0.011907884152170397
2.918936170212766    -0.012921930842022396
2.920744680851064    -0.01379933166150245
2.922553191489362    -0.014586971370343234
2.92436170212766    -0.015385939761331088
2.9261702127659577    -0.016379229304092767
2.9279787234042556    -0.01764292633791053
2.9297872340425535    -0.01896276893828964
2.931595744680851    -0.019963939685698526
2.933404255319149    -0.0204949379832835
2.9352127659574467    -0.02083327444279444
2.9370212765957446    -0.021424254617497702
2.9388297872340425    -0.022406753331605793
2.9406382978723404    -0.02345527457014719
2.9424468085106383    -0.02410411637819347
2.9442553191489362    -0.024153427493575942
2.946063829787234    -0.023700846985281375
2.947872340425532    -0.02285763253150193
2.94968085106383    -0.021606269277387916
2.951489361702128    -0.02000347656677691
2.9532978723404257    -0.018379495683917335
2.9551063829787236    -0.01712023932041061
2.9569148936170215    -0.016191888735824382
2.9587234042553194    -0.015024959892464166
2.960531914893617    -0.013034981505201215
2.962340425531915    -0.01026663856413175
2.9641489361702127    -0.00741142226193103
2.9659574468085106    -0.005133933749037306
2.9677659574468085    -0.0034481156130704693
2.9695744680851064    -0.001819420707270726
2.9713829787234043    0.00018790050788849858
2.973191489361702    0.0024901127638926194
2.975    0.004697020380950298
2.976808510638298    0.00657457614858068
2.978617021276596    0.008166877132707702
2.980425531914894    0.009541708121477699
2.9822340425531917    0.010619946949456172
2.9840425531914896    0.01133479194429271
2.9858510638297875    0.011822413309572899
2.9876595744680854    0.012292310674124632
2.989468085106383    0.01273788467472367
2.9912765957446807    0.012949577723725413
2.9930851063829786    0.012887421518922599
2.9948936170212765    0.012899266181387193
2.9967021276595744    0.013390190816889566
2.9985106382978723    0.014285301227960283
3.0003191489361702    0.014993165918193632
3.002127659574468    0.015000236938719148
3.003936170212766    0.014407038868781849
3.005744680851064    0.01375068361660673
3.007553191489362    0.013351163848597563
3.0093617021276597    0.013016243163438856
3.0111702127659576    0.012443658254289607
3.0129787234042555    0.011721216872901619
3.0147872340425534    0.011203987933196692
3.0165957446808513    0.010918049968540067
3.0184042553191492    0.010331831670571227
3.0202127659574467    0.00889288439127258
3.0220212765957446    0.006710708037693407
3.0238297872340425    0.004526702200213249
3.0256382978723404    0.0029883209423702296
3.0274468085106383    0.002098704170225019
3.029255319148936    0.0014439206159090616
3.031063829787234    0.0007975622543918855
3.032872340425532    0.0002979872956513788
3.03468085106383    6.614784021109754e-05
3.036489361702128    -9.529428600831428e-05
3.0382978723404257    -0.0004645382323664086
3.0401063829787236    -0.000998338474651488
3.0419148936170215    -0.0014056293140706669
3.0437234042553194    -0.0016439916975710964
3.0455319148936173    -0.0021158600096822327
3.047340425531915    -0.003188501440824439
3.0491489361702127    -0.0046072286729538035
3.0509574468085106    -0.00561242237058068
3.0527659574468085    -0.0057115301561873125
3.0545744680851064    -0.005200320005018954
3.0563829787234043    -0.004817298850628983
3.058191489361702    -0.004986591237835857
3.06    -0.005560088262751561
3.061808510638298    -0.00624977766026563
3.063617021276596    -0.007053498087512704
3.0654255319148938    -0.008102870338256319
3.0672340425531917    -0.009255692424541528
3.0690425531914896    -0.010126661145097788
3.0708510638297875    -0.010579947805382855
3.0726595744680854    -0.010970142723542095
3.0744680851063833    -0.011707822969008371
3.076276595744681    -0.012687531877165472
3.0780851063829786    -0.013394324601999694
3.0798936170212765    -0.01363288880414775
3.0817021276595744    -0.01393804406311844
3.0835106382978723    -0.015063825685658618
3.08531914893617    -0.017130359768002076
3.087127659574468    -0.019481428870128027
3.088936170212766    -0.021415638864078386
3.090744680851064    -0.022852687956259658
3.092553191489362    -0.024130027766389797
3.0943617021276597    -0.025302427160273033
3.0961702127659576    -0.02595834975498608
3.0979787234042555    -0.02582087481315666
3.0997872340425534    -0.02528578824122179
3.1015957446808513    -0.025085204943430972
3.103404255319149    -0.025426524343415656
3.105212765957447    -0.025697670945318205
3.1070212765957446    -0.02514604321613549
3.1088297872340425    -0.02370882921477689
3.1106382978723404    -0.021994500355932457
3.1124468085106383    -0.020503127165459815
3.114255319148936    -0.01910169494893011
3.116063829787234    -0.017369147214314137
3.117872340425532    -0.015281078225764876
3.11968085106383    -0.013321369980785099
3.1214893617021278    -0.011919708749734997
3.1232978723404257    -0.010984860533525091
3.1251063829787236    -0.010106135066325173
3.1269148936170215    -0.00907785920778571
3.1287234042553194    -0.00802798983635649
3.1305319148936173    -0.0070497474992354935
3.132340425531915    -0.005934376022222432
3.134148936170213    -0.004421531149151933
3.1359574468085105    -0.002613433877918101
3.1377659574468084    -0.0009350196673797756
3.1395744680851063    0.0003632559127721037
3.141382978723404    0.0015176561480077302
3.143191489361702    0.002950012922439028
3.145    0.004721018861964113
3.146808510638298    0.0064259116261307404
3.148617021276596    0.0076491525559351375
3.1504255319148937    0.008393694449720396
3.1522340425531916    0.008973296326534319
3.1540425531914895    0.009567339453138868
3.1558510638297874    0.010039380871047377
3.1576595744680853    0.010223169976826364
3.159468085106383    0.010252599015264357
3.161276595744681    0.010479837901202601
3.163085106382979    0.01108986937447784
3.1648936170212765    0.01191435795192283
3.1667021276595744    0.012676983953452584
3.1685106382978723    0.0133507379059726
3.17031914893617    0.014184681351214964
3.172127659574468    0.015382165325467469
3.173936170212766    0.01682284478089969
3.175744680851064    0.018133916217628332
3.1775531914893618    0.018997626951491826
3.1793617021276597    0.019357290440397593
3.1811702127659576    0.019364826254078843
3.1829787234042555    0.019211402535394516
3.1847872340425534    0.01904373733230577
3.1865957446808513    0.01898918937464776
3.188404255319149    0.019163358568575574
3.190212765957447    0.01958624154503881
3.192021276595745    0.020089243216301532
3.1938297872340424    0.020354003431172087
3.1956382978723403    0.02011263463841277
3.1974468085106382    0.019366213846229233
3.199255319148936    0.01841713566077042
3.201063829787234    0.01764622674438951
3.202872340425532    0.017204124779141614
3.20468085106383    0.016901637501707582
3.2064893617021277    0.016419544211813034
3.2082978723404256    0.015636637006449343
3.2101063829787235    0.014733592174956865
3.2119148936170214    0.013960398429086689
3.2137234042553193    0.013328835725221064
3.2155319148936172    0.012577478296765296
3.217340425531915    0.011438586203723861
3.219148936170213    0.00989048237309095
3.220957446808511    0.00812617737492272
3.2227659574468084    0.006335060100131868
3.2245744680851063    0.004598682614508005
3.226382978723404    0.002989707260874267
3.228191489361702    0.0016486638115348201
3.23    0.0006480481635855332
3.231808510638298    -0.00020431817519167046
3.233617021276596    -0.0013121653767875744
3.2354255319148937    -0.0029601442732167037
3.2372340425531916    -0.005044854209159073
3.2390425531914895    -0.007159283798532288
3.2408510638297874    -0.00891101028544617
3.2426595744680853    -0.010118250760508648
3.244468085106383    -0.010753225571475074
3.246276595744681    -0.010837685068586126
3.248085106382979    -0.01046996874651766
3.249893617021277    -0.009866175617001358
3.251702127659575    -0.009229866182073033
3.2535106382978722    -0.008562399263745659
3.25531914893617    -0.007717600824908348
3.257127659574468    -0.006709890544054905
3.258936170212766    -0.005863061527826506
3.260744680851064    -0.005501022616032945
3.2625531914893617    -0.0055009924630012
3.2643617021276596    -0.0053262890575503305
3.2661702127659575    -0.004609285073932672
3.2679787234042554    -0.0035926466825450965
3.2697872340425533    -0.0028160641215117634
3.2715957446808512    -0.002382553981748847
3.273404255319149    -0.0017561241008864255
3.275212765957447    -0.00043295300513519937
3.277021276595745    0.0013183359891075874
3.278829787234043    0.0026341025425748008
3.2806382978723407    0.003018725747018004
3.282446808510638    0.002926591400752634
3.284255319148936    0.0032179053065779
3.286063829787234    0.004144374323345223
3.287872340425532    0.005115910872311832
3.28968085106383    0.0055021864828930026
3.2914893617021277    0.005409001756169046
3.2932978723404256    0.005438020080036408
3.2951063829787235    0.005785977723631208
3.2969148936170214    0.005893704497991764
3.2987234042553193    0.005111180931688681
3.300531914893617    0.003510272450332948
3.302340425531915    0.0018112821300006162
3.304148936170213    0.0005679357854447425
3.305957446808511    -0.0003208773327000081
3.307765957446809    -0.001231539826436146
3.3095744680851067    -0.0022178004551838956
3.311382978723404    -0.0030563005757197285
3.313191489361702    -0.0037938092686085056
3.315    -0.004891210442029581
3.316808510638298    -0.006635230338890269
3.3186170212765957    -0.008601863659397193
3.3204255319148936    -0.010008246937313977
3.3222340425531915    -0.010627776783978032
3.3240425531914894    -0.01112303195276579
3.3258510638297873    -0.01233023714819303
3.3276595744680852    -0.014354886963724575
3.329468085106383    -0.01656339510637868
3.331276595744681    -0.018389322338093615
3.333085106382979    -0.01987076493309077
3.334893617021277    -0.02129778168412405
3.3367021276595747    -0.02258609878264259
3.3385106382978726    -0.02330835721962242
3.34031914893617    -0.023325591306149397
3.342127659574468    -0.023085673350479508
3.343936170212766    -0.02311690756812812
3.345744680851064    -0.02338575859933241
3.3475531914893617    -0.023401662131658306
3.3493617021276596    -0.022929018036792537
3.3511702127659575    -0.022326070149437112
3.3529787234042554    -0.022044927675533864
3.3547872340425533    -0.021986813709146034
3.356595744680851    -0.02160262313124369
3.358404255319149    -0.02059137756728984
3.360212765957447    -0.01922649503223174
3.362021276595745    -0.017879574734833398
3.363829787234043    -0.016451744770060873
3.3656382978723407    -0.014549809908951744
3.3674468085106386    -0.012162381261840601
3.369255319148936    -0.009827433348993449
3.371063829787234    -0.007960413643514037
3.372872340425532    -0.0062319143047659675
3.3746808510638298    -0.003917780785641678
3.3764893617021277    -0.000852241403263931
3.3782978723404256    0.0022721754965458803
3.3801063829787235    0.004724281333370386
3.3819148936170214    0.006657835377734925
3.3837234042553193    0.008935018794314516
3.385531914893617    0.012056525370595678
3.387340425531915    0.015571266862477433
3.389148936170213    0.01870610840362397
3.390957446808511    0.02135502915660895
3.3927659574468088    0.024121537785002516
3.3945744680851067    0.027397795835929214
3.3963829787234046    0.030751260738292843
3.398191489361702    0.033455190835604
3.4    0.03544335885322655
3.401808510638298    0.03738987657638569
3.4036170212765957    0.03978394020766825
3.4054255319148936    0.04221059940135752
3.4072340425531915    0.043772272182672614
3.4090425531914894    0.0440815506529353
3.4108510638297873    0.04353922259284557
3.412659574468085    0.04260736943390449
3.414468085106383    0.041122723385022056
3.416276595744681    0.038584625896247615
3.418085106382979    0.03499018302568836
3.419893617021277    0.0310408927258312
3.4217021276595747    0.027405538723412004
3.4235106382978726    0.024005318248212344
3.4253191489361705    0.020258547422118356
3.427127659574468    0.015942064503572904
3.428936170212766    0.011525475717790896
3.4307446808510638    0.007566583390830373
3.4325531914893617    0.004009872316052978
3.4343617021276596    0.0003277238266243439
3.4361702127659575    -0.003708483630360143
3.4379787234042554    -0.0076758206294807434
3.4397872340425533    -0.01103333172896003
3.441595744680851    -0.01382203237349111
3.443404255319149    -0.016605113682494295
3.445212765957447    -0.01973908798949886
3.447021276595745    -0.02293471354701313
3.4488297872340428    -0.025658945407623944
3.4506382978723407    -0.027826206664474155
3.4524468085106386    -0.029883411748307796
3.4542553191489365    -0.03220970895635466
3.456063829787234    -0.03461964672661088
3.457872340425532    -0.03657537165835518
3.4596808510638297    -0.03779044684210602
3.4614893617021276    -0.038462897651435686
3.4632978723404255    -0.03891339153730603
3.4651063829787234    -0.039150470640988054
3.4669148936170213    -0.03889286140892397
3.468723404255319    -0.03794015330026169
3.470531914893617    -0.03638160860899794
3.472340425531915    -0.034428107540942436
3.474148936170213    -0.032159361241582425
3.475957446808511    -0.02952243632103227
3.4777659574468087    -0.026524573801565164
3.4795744680851066    -0.02331909683147166
3.4813829787234045    -0.02008356013273257
3.4831914893617024    -0.016892571901113013
3.4850000000000003    -0.013762788883183392
3.4868085106382978    -0.01077086397598049
3.4886170212765957    -0.008037496251714998
3.4904255319148936    -0.005580131411560555
3.4922340425531915    -0.003252199152550952
3.4940425531914894    -0.0008960375426004964
3.4958510638297873    0.001445240612110031
3.497659574468085    0.0035138516763629185
3.499468085106383    0.005066673872994866
3.501276595744681    0.00612238912375042
3.503085106382979    0.006977805916010075
3.5048936170212768    0.007975137476744488
3.5067021276595747    0.009231708262232876
3.5085106382978726    0.010560348708139669
3.5103191489361705    0.011628253871476247
3.5121276595744684    0.012200654223567156
3.5139361702127663    0.012260663826713251
3.5157446808510637    0.01192697939494352
3.5175531914893616    0.011287456937470734
3.5193617021276595    0.010335695030669226
3.5211702127659574    0.009059100913277704
3.5229787234042553    0.0075345491371980634
3.5247872340425532    0.005884830139278645
3.526595744680851    0.004156197624497381
3.528404255319149    0.0023186457959284
3.530212765957447    0.00043793045258675974
3.532021276595745    -0.0012064123949042578
3.5338297872340427    -0.0022801236401443215
3.5356382978723406    -0.002703026926530733
3.5374468085106385    -0.002723407173843153
3.5392553191489364    -0.002614016467606335
3.5410638297872343    -0.0023409644183114827
3.5428723404255322    -0.0016464531745350678
3.5446808510638297    -0.0004741901188006687
3.5464893617021276    0.0008188415877742681
3.5482978723404255    0.0017941578392713716
3.5501063829787234    0.002422027414418333
3.5519148936170213    0.003078842062427689
3.553723404255319    0.004006125413393564
3.555531914893617    0.0049206777716858325
3.557340425531915    0.005327330402051115
3.559148936170213    0.005178046842654255
3.560957446808511    0.005015782497985804
3.5627659574468087    0.005361662322176687
3.5645744680851066    0.006096034597119516
3.5663829787234045    0.00663584354862991
3.5681914893617024    0.006698393104960713
3.5700000000000003    0.006667614574202284
3.571808510638298    0.007086523610313796
3.5736170212765956    0.007951481937377276
3.5754255319148935    0.00875330954792308
3.5772340425531914    0.009209924679573302
3.5790425531914893    0.009682498822060633
3.5808510638297872    0.010660711071040756
3.582659574468085    0.011961769967256498
3.584468085106383    0.012738330706504094
3.586276595744681    0.012383043697743984
3.588085106382979    0.011235851297305002
3.5898936170212767    0.010201802805885434
3.5917021276595746    0.009741378428983975
3.5935106382978725    0.00946219630917777
3.5953191489361704    0.008745944309029804
3.5971276595744683    0.007543697293353167
3.5989361702127662    0.006342991787979186
3.600744680851064    0.00545121846431495
3.6025531914893616    0.004602562333713827
3.6043617021276595    0.0033772457627184206
3.6061702127659574    0.001797165706599619
3.6079787234042553    0.0002686448918025608
3.609787234042553    -0.0010096548254204124
3.611595744680851    -0.0023149850515023175
3.613404255319149    -0.003968580353539663
3.615212765957447    -0.005831608472513365
