0.0    0.0
0.0018085106382978724    0.0
0.003617021276595745    0.0
0.005425531914893617    0.0
0.00723404255319149    0.0
0.009042553191489363    0.0
0.010851063829787235    0.0
0.012659574468085107    0.0
0.01446808510638298    0.0
0.016276595744680853    0.0
0.018085106382978725    0.0
0.019893617021276597    0.0
0.02170212765957447    0.0
0.023510638297872342    0.0
0.025319148936170214    0.0
0.027127659574468086    0.0
0.02893617021276596    0.0
0.03074468085106383    0.0
0.032553191489361706    0.0
0.03436170212765958    0.0
0.03617021276595745    0.0
0.03797872340425532    0.0
0.039787234042553195    0.0
0.04159574468085107    0.0
0.04340425531914894    0.0
0.04521276595744681    0.0
0.047021276595744683    0.0
0.048829787234042556    0.0
0.05063829787234043    0.0
0.0524468085106383    0.0
0.05425531914893617    0.0
0.056063829787234044    0.0
0.05787234042553192    0.0
0.05968085106382979    0.0
0.06148936170212766    0.0
0.06329787234042554    0.0
0.06510638297872341    0.0
0.06691489361702128    0.0
0.06872340425531916    0.0
0.07053191489361703    0.0
0.0723404255319149    0.0
0.07414893617021277    0.0
0.07595744680851065    0.0
0.07776595744680852    0.0
0.07957446808510639    0.0
0.08138297872340426    0.0
0.08319148936170213    0.0
0.085    0.0
0.08680851063829788    0.0
0.08861702127659575    0.0
0.09042553191489362    0.0
0.0922340425531915    0.0
0.09404255319148937    0.0
0.09585106382978724    0.0
0.09765957446808511    0.0
0.09946808510638298    0.0
0.10127659574468086    0.0
0.10308510638297873    0.0
0.1048936170212766    0.0
0.10670212765957447    0.0
0.10851063829787234    0.0
0.11031914893617022    0.0
0.11212765957446809    0.0
0.11393617021276596    0.0
0.11574468085106383    0.0
0.1175531914893617    0.0
0.11936170212765958    0.0
0.12117021276595745    0.0
0.12297872340425532    0.0
0.1247872340425532    0.0
0.12659574468085108    0.0
0.12840425531914895    0.0
0.13021276595744682    0.0
0.1320212765957447    0.0
0.13382978723404257    0.0
0.13563829787234044    0.0
0.1374468085106383    0.0
0.13925531914893619    0.0
0.14106382978723406    0.0
0.14287234042553193    0.0
0.1446808510638298    0.0
0.14648936170212767    0.0
0.14829787234042555    0.0
0.15010638297872342    0.0
0.1519148936170213    0.0
0.15372340425531916    0.0
0.15553191489361703    0.0
0.1573404255319149    0.0
0.15914893617021278    0.0
0.16095744680851065    0.0
0.16276595744680852    0.0
0.1645744680851064    0.0
0.16638297872340427    0.0
0.16819148936170214    0.0
0.17    0.0
0.17180851063829788    0.0
0.17361702127659576    0.0
0.17542553191489363    0.0
0.1772340425531915    0.0
0.17904255319148937    0.0
0.18085106382978725    0.0
0.18265957446808512    0.0
0.184468085106383    0.0
0.18627659574468086    0.0
0.18808510638297873    0.0
0.1898936170212766    0.0
0.19170212765957448    0.0
0.19351063829787235    0.0
0.19531914893617022    0.0
0.1971276595744681    0.0
0.19893617021276597    0.0
0.20074468085106384    0.0
0.2025531914893617    0.0
0.20436170212765958    0.0
0.20617021276595746    0.0
0.20797872340425533    0.0
0.2097872340425532    0.0
0.21159574468085107    0.0
0.21340425531914894    0.0
0.21521276595744682    0.0
0.2170212765957447    0.0
0.21882978723404256    0.0
0.22063829787234043    0.0
0.2224468085106383    0.0
0.22425531914893618    0.0
0.22606382978723405    0.0
0.22787234042553192    7.24816959034952e-248
0.2296808510638298    2.4692709183512246e-243
0.23148936170212767    2.5391781816405142e-239
0.23329787234042554    1.2509687363196271e-235
0.2351063829787234    3.6170133539845366e-232
0.23691489361702128    6.886724409197473e-229
0.23872340425531915    9.301396124615889e-226
0.24053191489361703    9.388135811480671e-223
0.2423404255319149    7.359313030123595e-220
0.24414893617021277    4.615302696381215e-217
0.24595744680851064    2.3707628544857534e-214
0.24776595744680852    1.0167380711361363e-211
0.2495744680851064    3.6987055729808174e-209
0.25138297872340426    1.1566747670826018e-206
0.25319148936170216    3.1451898161159147e-204
0.255    7.50991410421169e-202
0.2568085106382979    1.588210383365786e-199
0.25861702127659575    2.997440309987714e-197
0.26042553191489365    5.082471328999575e-195
0.2622340425531915    7.78899141403594e-193
0.2640425531914894    1.084687273476004e-190
0.26585106382978724    1.3792834369524033e-188
0.26765957446808514    1.6085759092758839e-186
0.269468085106383    1.727478425701198e-184
0.2712765957446809    1.714599549498874e-182
0.2730851063829787    1.5781842740407153e-180
0.2748936170212766    1.3512904827613236e-178
0.27670212765957447    1.0794059979156863e-176
0.27851063829787237    8.065368488178198e-175
0.2803191489361702    5.6512384147763125e-173
0.2821276595744681    3.721745065569348e-171
0.28393617021276596    2.3087169150302838e-169
0.28574468085106386    1.3517410900492555e-167
0.2875531914893617    7.484081243984781e-166
0.2893617021276596    3.925360228689234e-164
0.29117021276595745    1.9536433678151367e-162
0.29297872340425535    9.24108781079079e-161
0.2947872340425532    4.1606599736483715e-159
0.2965957446808511    1.7855703178762495e-157
0.29840425531914894    7.313904839608123e-156
0.30021276595744684    2.863066530560237e-154
0.3020212765957447    1.0723780045424777e-152
0.3038297872340426    3.847667786424827e-151
0.3056382978723404    1.3239009531638262e-149
0.3074468085106383    4.372950090013625e-148
0.30925531914893617    1.3879913884314293e-146
0.31106382978723407    4.237454251407316e-145
0.3128723404255319    1.2454432413164805e-143
0.3146808510638298    3.5271280297389665e-142
0.31648936170212766    9.632935520225377e-141
0.31829787234042556    2.5391189544383843e-139
0.3201063829787234    6.464384123803597e-138
0.3219148936170213    1.5907812727314567e-136
0.32372340425531915    3.786517662101298e-135
0.32553191489361705    8.723904507027598e-134
0.3273404255319149    1.9467369126163242e-132
0.3291489361702128    4.210198433288141e-131
0.33095744680851064    8.829992086299686e-130
0.33276595744680854    1.7969440207294435e-128
0.3345744680851064    3.5503430511898198e-127
0.3363829787234043    6.814031657905237e-126
0.3381914893617021    1.2710552933388053e-124
0.34    2.3055359846980888e-123
0.34180851063829787    4.0685521138205587e-122
0.34361702127659577    6.98835135702343e-121
0.3454255319148936    1.1688967013927364e-119
0.3472340425531915    1.9047474465240399e-118
0.34904255319148936    3.0251420099107075e-117
0.35085106382978726    4.684709401049697e-116
0.3526595744680851    7.076588393734523e-115
0.354468085106383    1.0431341326982907e-113
0.35627659574468085    1.5010555963190535e-112
0.35808510638297875    2.1093778642069267e-111
0.3598936170212766    2.895802127727175e-110
0.3617021276595745    3.885006029702301e-109
0.36351063829787233    5.095302188847781e-108
0.36531914893617023    6.535015387798435e-107
0.3671276595744681    8.198996794521149e-106
0.368936170212766    1.0065780317251735e-104
0.3707446808510638    1.2095903998405734e-103
0.3725531914893617    1.4231849949591941e-102
0.37436170212765957    1.6399896568043023e-101
0.37617021276595747    1.851394198799003e-100
0.3779787234042553    2.0481080990025922e-99
0.3797872340425532    2.220844457318776e-98
0.38159574468085106    2.361059156345881e-97
0.38340425531914896    2.4616617872129105e-96
0.3852127659574468    2.5176148069639335e-95
0.3870212765957447    2.526350013102585e-94
0.38882978723404255    2.487954807755835e-93
0.39063829787234045    2.405110944638051e-92
0.3924468085106383    2.2828004054338583e-91
0.3942553191489362    2.127821516814494e-90
0.39606382978723403    1.9481790748251987e-89
0.39787234042553193    1.7524224372703149e-88
0.3996808510638298    1.5490046518182644e-87
0.4014893617021277    1.345725022479731e-86
0.4032978723404255    1.1492998677957916e-85
0.4051063829787234    9.650851538793217e-85
0.40691489361702127    7.969537839984569e-84
0.40872340425531917    6.4731257309701834e-83
0.410531914893617    5.17231287976041e-82
0.4123404255319149    4.066493828851089e-81
0.41414893617021276    3.1462493029769144e-80
0.41595744680851066    2.395936683980668e-79
0.4177659574468085    1.7961255257357358e-78
0.4195744680851064    1.3257011139893154e-77
0.42138297872340424    9.635386161016455e-77
0.42319148936170214    6.89719886057049e-76
0.425    4.863183477512687e-75
0.4268085106382979    3.3781245650851395e-74
0.42861702127659573    2.3120608555711257e-73
0.43042553191489363    1.5593789824755626e-72
0.4322340425531915    1.0365538681177068e-71
0.4340425531914894    6.7916862701575015e-71
0.4358510638297872    4.386978087064292e-70
0.4376595744680851    2.7938998727177887e-69
0.43946808510638297    1.754559185491411e-68
0.44127659574468087    1.0866513107775396e-67
0.4430851063829787    6.637881747804845e-67
0.4448936170212766    3.999788262941865e-66
0.44670212765957445    2.377731039148705e-65
0.44851063829787235    1.3946195134404833e-64
0.4503191489361702    8.071683189264224e-64
0.4521276595744681    4.610361285220379e-63
0.45393617021276594    2.599049103225993e-62
0.45574468085106384    1.4462652892767625e-61
0.4575531914893617    7.944741769824338e-61
0.4593617021276596    4.308771585583146e-60
0.46117021276595743    2.3073405026495724e-59
0.46297872340425533    1.2201023738350713e-58
0.46478723404255323    6.3715960817341486e-58
0.4665957446808511    3.286304493315512e-57
0.468404255319149    1.6742272214711046e-56
0.4702127659574468    8.425713710144227e-56
0.4720212765957447    4.189118200874747e-55
0.47382978723404257    2.057781815865802e-54
0.47563829787234047    9.987879287342914e-54
0.4774468085106383    4.790493326723969e-53
0.4792553191489362    2.2706763622322475e-52
0.48106382978723405    1.0637330432207179e-51
0.48287234042553195    4.925452888765364e-51
0.4846808510638298    2.254388887196309e-50
0.4864893617021277    1.020030218152295e-49
0.48829787234042554    4.5627905532061376e-49
0.49010638297872344    2.0179595361399563e-48
0.4919148936170213    8.824483880424243e-48
0.4937234042553192    3.8158476594948307e-47
0.49553191489361703    1.6317247969851042e-46
0.49734042553191493    6.900581729052861e-46
0.4991489361702128    2.8862607066493446e-45
0.5009574468085106    1.1940542617874878e-44
0.5027659574468085    4.886278921847271e-44
0.5045744680851064    1.977992367214229e-43
0.5063829787234043    7.921165254808453e-43
0.5081914893617021    3.138318702640843e-42
0.51    1.2301934223153857e-41
0.5118085106382979    4.771363406195997e-41
0.5136170212765958    1.8311679145105405e-40
0.5154255319148936    6.954305372814641e-40
0.5172340425531915    2.6136178514831726e-39
0.5190425531914894    9.721101929122974e-39
0.5208510638297873    3.5784572172861617e-38
0.5226595744680851    1.3037803911909574e-37
0.524468085106383    4.701779130039656e-37
0.5262765957446809    1.678377200032259e-36
0.5280851063829788    5.930706354303457e-36
0.5298936170212766    2.074589823435166e-35
0.5317021276595745    7.184326201171001e-35
0.5335106382978724    2.4631245305965734e-34
0.5353191489361703    8.36086702529041e-34
0.5371276595744681    2.8099495740859033e-33
0.538936170212766    9.350723052722445e-33
0.5407446808510639    3.0811161467913036e-32
0.5425531914893618    1.0053180036810785e-31
0.5443617021276596    3.248233432781115e-31
0.5461702127659575    1.0393332342318217e-30
0.5479787234042554    3.293375127304902e-30
0.5497872340425533    1.0335249145703847e-29
0.551595744680851    3.2122414955092294e-29
0.5534042553191489    9.888185571880849e-29
0.5552127659574468    3.014806719027311e-28
0.5570212765957447    9.104364150590022e-28
0.5588297872340425    2.7233248464811247e-27
0.5606382978723404    8.069022632749663e-27
0.5624468085106383    2.3682394978017002e-26
0.5642553191489362    6.885327813523751e-26
0.566063829787234    1.9830269806461708e-25
0.5678723404255319    5.657803700400388e-25
0.5696808510638298    1.5991610292256605e-24
0.5714893617021277    4.477864778237572e-24
0.5732978723404255    1.2422046614466465e-23
0.5751063829787234    3.414029325613772e-23
0.5769148936170213    9.296111441918353e-23
0.5787234042553192    2.507858345197267e-22
0.580531914893617    6.703158165865071e-22
0.5823404255319149    1.7751597568699055e-21
0.5841489361702128    4.657825405221296e-21
0.5859574468085107    1.2109398341293335e-20
0.5877659574468085    3.119326791302489e-20
0.5895744680851064    7.961648798367824e-20
0.5913829787234043    2.0135081691828123e-19
0.5931914893617022    5.045636292699339e-19
0.595    1.2528356248936844e-18
0.5968085106382979    3.0824128015805618e-18
0.5986170212765958    7.514645594141339e-18
0.6004255319148937    1.8153030620247824e-17
0.6022340425531915    4.3452435921881455e-17
0.6040425531914894    1.0306337387005574e-16
0.6058510638297873    2.422256749248314e-16
0.6076595744680852    5.64106870387234e-16
0.609468085106383    1.3017489690654579e-15
0.6112765957446809    2.9765720968188586e-15
0.6130851063829788    6.744146062100948e-15
0.6148936170212767    1.5141064664351082e-14
0.6167021276595744    3.368229079439894e-14
0.6185106382978723    7.424356765103166e-14
0.6203191489361702    1.621525002222914e-13
0.6221276595744681    3.509061707270169e-13
0.6239361702127659    7.524110291719987e-13
0.6257446808510638    1.5984889589354673e-12
0.6275531914893617    3.3647073160304438e-12
0.6293617021276596    7.017140673613881e-12
0.6311702127659574    1.4499052237758023e-11
0.6329787234042553    2.9680833311648726e-11
0.6347872340425532    6.019484274218131e-11
0.6365957446808511    1.2094224189075088e-10
0.6384042553191489    2.4072445336195105e-10
0.6402127659574468    4.746493280503965e-10
0.6420212765957447    9.270903064825929e-10
0.6438297872340426    1.7937121894520177e-09
0.6456382978723404    3.4375500166402096e-09
0.6474468085106383    6.5251988115604126e-09
0.6492553191489362    1.226785681045878e-08
0.6510638297872341    2.2843069263987374e-08
0.6528723404255319    4.212407310063687e-08
0.6546808510638298    7.692622633172853e-08
0.6564893617021277    1.3911159227834856e-07
0.6582978723404256    2.4909915038716014e-07
0.6601063829787234    4.4164659851728316e-07
0.6619148936170213    7.752527863498632e-07
0.6637234042553192    1.3472493191352973e-06
0.6655319148936171    2.3177009429456717e-06
0.6673404255319149    3.946738097228533e-06
0.6691489361702128    6.652048204456096e-06
0.6709574468085107    1.1096120896174616e-05
0.6727659574468086    1.8316645857920817e-05
0.6745744680851063    2.9918342421935252e-05
0.6763829787234042    4.835052101652395e-05
0.6781914893617021    7.730174537050052e-05
0.68    0.000122250723142833
0.6818085106382978    0.00019122023787901426
0.6836170212765957    0.00029578721184599327
0.6854255319148936    0.0004524047779756636
0.6872340425531915    0.0006840885710267388
0.6890425531914893    0.0010225054031129908
0.6908510638297872    0.001510473295485911
0.6926595744680851    0.0022048322335300008
0.694468085106383    0.0031795699663772297
0.6962765957446809    0.004528983079461996
0.6980851063829787    0.006370519938709268
0.6998936170212766    0.008846793723800523
0.7017021276595745    0.01212608311132394
0.7035106382978724    0.016400477679875763
0.7053191489361702    0.02188070869251174
0.7071276595744681    0.028786678777995185
0.708936170212766    0.03733281988733602
0.7107446808510639    0.04770772351280627
0.7125531914893617    0.060048047654012955
0.7143617021276596    0.07440753502044639
0.7161702127659575    0.09072305875436032
0.7179787234042554    0.10878086843206922
0.7197872340425532    0.1281874898484278
0.7215957446808511    0.14835080940695514
0.723404255319149    0.16847745507341108
0.7252127659574469    0.18759234691007384
0.7270212765957447    0.20458493423035498
0.7288297872340426    0.21828397284627057
0.7306382978723405    0.22755873145351632
0.7324468085106384    0.23143953903830874
0.7342553191489362    0.22924521699965408
0.7360638297872341    0.2207001275813266
0.737872340425532    0.20602049341667325
0.7396808510638299    0.18594952209403806
0.7414893617021276    0.16172468837046491
0.7432978723404255    0.13496870529694663
0.7451063829787234    0.10750780594085671
0.7469148936170213    0.08113545234258981
0.7487234042553191    0.05735394226283097
0.750531914893617    0.03713731930613197
0.7523404255319149    0.020763106855715537
0.7541489361702128    0.007755001753866741
0.7559574468085106    -0.0030372569676249163
0.7577659574468085    -0.013219728183894719
0.7595744680851064    -0.024526920348485484
0.7613829787234043    -0.038443307772001126
0.7631914893617021    -0.05585187901099782
0.765    -0.07679223336826947
0.7668085106382979    -0.1003951520590088
0.7686170212765958    -0.12502548622112286
0.7704255319148936    -0.1486166205032886
0.7722340425531915    -0.1691287109330772
0.7740425531914894    -0.18502320155490065
0.7758510638297873    -0.19563085554534604
0.7776595744680851    -0.20130780268051934
0.779468085106383    -0.20332357492625758
0.7812765957446809    -0.20349651412487385
0.7830851063829788    -0.20366656756528084
0.7848936170212766    -0.205150731244914
0.7867021276595745    -0.20834253104231493
0.7885106382978724    -0.2125841491838527
0.7903191489361703    -0.21636312193360774
0.7921276595744681    -0.2177853457605024
0.793936170212766    -0.21518341579238875
0.7957446808510639    -0.20766628985887114
0.7975531914893618    -0.19542505996104348
0.7993617021276596    -0.17968295060003303
0.8011702127659575    -0.1622953633400397
0.8029787234042554    -0.14512934977057046
0.8047872340425533    -0.1294367251610234
0.806595744680851    -0.11544665497731504
0.808404255319149    -0.1023319858213349
0.8102127659574468    -0.08856993565684759
0.8120212765957447    -0.07256910858909082
0.8138297872340425    -0.05332815192772594
0.8156382978723404    -0.030871604170701242
0.8174468085106383    -0.006288897036230742
0.8192553191489362    0.01864356725635408
0.821063829787234    0.042108829398028846
0.8228723404255319    0.06290197109712581
0.8246808510638298    0.08081807888511491
0.8264893617021277    0.09661050768984902
0.8282978723404255    0.11153442816265399
0.8301063829787234    0.12667016475349746
0.8319148936170213    0.1423209869194117
0.8337234042553192    0.1577531101494627
0.835531914893617    0.17139882099522946
0.8373404255319149    0.18143893907539216
0.8391489361702128    0.18650981924634924
0.8409574468085107    0.1862226646671163
0.8427659574468085    0.1812689341495139
0.8445744680851064    0.17307810378795974
0.8463829787234043    0.16320365283027627
0.8481914893617022    0.15273916328612663
0.85    0.14204567154246112
0.8518085106382979    0.1309112219707934
0.8536170212765958    0.11904113277778158
0.8554255319148937    0.10660377408884453
0.8572340425531915    0.09452136146142226
0.8590425531914894    0.08432000621290658
0.8608510638297873    0.07757795464240827
0.8626595744680852    0.07522217846226859
0.864468085106383    0.07701200557311924
0.8662765957446809    0.08146665409776346
0.8680851063829788    0.0862818984138187
0.8698936170212767    0.089048581366242
0.8717021276595744    0.08795240981754276
0.8735106382978723    0.0821672051267193
0.8753191489361702    0.07182947304216744
0.8771276595744681    0.057700603264241784
0.8789361702127659    0.04076283290413825
0.8807446808510638    0.02198234315116726
0.8825531914893617    0.002323113622931288
0.8843617021276596    -0.017095620716807043
0.8861702127659574    -0.034917434738497344
0.8879787234042553    -0.04972234744196624
0.8897872340425532    -0.060465815593406386
0.8915957446808511    -0.06699361068936088
0.8934042553191489    -0.07033962402959587
0.8952127659574468    -0.07257842689286861
0.8970212765957447    -0.0762121821062482
0.8988297872340426    -0.08331138565390697
0.9006382978723404    -0.09476789524660509
0.9024468085106383    -0.10997884202113187
0.9042553191489362    -0.12708314925551764
0.9060638297872341    -0.14362557731472683
0.9078723404255319    -0.15735474817514836
0.9096808510638298    -0.1668472506650617
0.9114893617021277    -0.17177462871138763
0.9132978723404256    -0.17280648562891573
0.9151063829787234    -0.17127184775469836
0.9169148936170213    -0.16873210873124436
0.9187234042553192    -0.1665733389331495
0.9205319148936171    -0.165667718717281
0.9223404255319149    -0.16613599996937936
0.9241489361702128    -0.16726595825175886
0.9259574468085107    -0.16765805126875974
0.9277659574468086    -0.1656265686622397
0.9295744680851065    -0.15977557587450095
0.9313829787234043    -0.1495493898733943
0.9331914893617022    -0.13551248035975486
0.935    -0.11919760749741617
0.936808510638298    -0.10255048322052485
0.9386170212765957    -0.087198388160764
0.9404255319148936    -0.07386620104210215
0.9422340425531915    -0.06219750413008712
0.9440425531914894    -0.05104438227875152
0.9458510638297872    -0.03907240543359229
0.9476595744680851    -0.025398904056900165
0.949468085106383    -0.009996620774961044
0.9512765957446809    0.006276264177558993
0.9530851063829787    0.021993992106263814
0.9548936170212766    0.03567891093929099
0.9567021276595745    0.04631562712628832
0.9585106382978724    0.053682651323084966
0.9603191489361702    0.05838460470539845
0.9621276595744681    0.06156375301511218
0.963936170212766    0.06438692400297083
0.9657446808510639    0.06751404256861862
0.9675531914893617    0.07080108652739525
0.9693617021276596    0.07341703815043862
0.9711702127659575    0.07435893862883516
0.9729787234042554    0.07311612004947243
0.9747872340425532    0.07010650419767134
0.9765957446808511    0.06659470833394981
0.978404255319149    0.06408877538038943
0.9802127659574469    0.06354056438893552
0.9820212765957447    0.06482841542546583
0.9838297872340426    0.06685473752679341
0.9856382978723405    0.0682153213453425
0.9874468085106384    0.06802900827696384
0.9892553191489362    0.06640713144792354
0.9910638297872341    0.06427728411377934
0.992872340425532    0.06270295437779477
0.9946808510638299    0.06216740895992501
0.9964893617021277    0.062291672615548965
0.9982978723404256    0.06213841427364765
1.0001063829787233    0.060849778066947274
1.0019148936170212    0.058166164417505925
1.0037234042553191    0.05450378807439507
1.005531914893617    0.05061033474542488
1.007340425531915    0.04710124945201609
1.0091489361702128    0.044201397055221525
1.0109574468085107    0.0417956059744041
1.0127659574468086    0.03963585444597971
1.0145744680851063    0.03747821306368142
1.0163829787234042    0.03506825293024533
1.0181914893617021    0.0320967454236917
1.02    0.02829777376923239
1.021808510638298    0.023699268239051087
1.0236170212765958    0.018816251440808084
1.0254255319148937    0.014532719356867771
1.0272340425531916    0.011638088059562669
1.0290425531914893    0.01030650702402991
1.0308510638297872    0.009939047472904
1.032659574468085    0.009565311495281552
1.034468085106383    0.008560368685994819
1.036276595744681    0.007133200541658124
1.0380851063829788    0.006168066690784225
1.0398936170212767    0.006496405541720889
1.0417021276595746    0.0081590984598807
1.0435106382978723    0.010272697504887143
1.0453191489361702    0.011653302176692481
1.047127659574468    0.011727092650325358
1.048936170212766    0.010985707937319664
1.0507446808510639    0.010581976295970491
1.0525531914893618    0.011358816822186174
1.0543617021276597    0.013091034160581886
1.0561702127659576    0.014574211341734002
1.0579787234042553    0.014513622073758184
1.0597872340425532    0.012506074732619776
1.061595744680851    0.009326751004093057
1.063404255319149    0.006309778040176413
1.0652127659574468    0.004361785956077294
1.0670212765957447    0.0034308967152189484
1.0688297872340426    0.002826349525352926
1.0706382978723405    0.002023071557390896
1.0724468085106382    0.001166989279648464
1.0742553191489361    0.0007991777756742226
1.076063829787234    0.001072532190969208
1.077872340425532    0.0012533841572062569
1.0796808510638298    8.54005764340394e-05
1.0814893617021277    -0.00319457309883353
1.0832978723404256    -0.008056600628836418
1.0851063829787235    -0.012864298197188966
1.0869148936170212    -0.016000181245590495
1.088723404255319    -0.017041113265052713
1.090531914893617    -0.016994438045871252
1.092340425531915    -0.01737796411366411
1.0941489361702128    -0.018923703140598075
1.0959574468085107    -0.021025122812871028
1.0977659574468086    -0.022404673527024382
1.0995744680851065    -0.022398186151808816
1.1013829787234042    -0.021691502419643398
1.103191489361702    -0.021818784249145226
1.105    -0.023838162142428565
1.1068085106382979    -0.027355300587429146
1.1086170212765958    -0.03078088595114989
1.1104255319148937    -0.032621067069954976
1.1122340425531916    -0.03267709653915621
1.1140425531914895    -0.032104910652755655
1.1158510638297872    -0.03229916331858734
1.117659574468085    -0.0336116740432891
1.119468085106383    -0.03504996295685099
1.1212765957446809    -0.03520750998034529
1.1230851063829788    -0.033567026530189406
1.1248936170212767    -0.03099781014415956
1.1267021276595746    -0.029018790468748244
1.1285106382978725    -0.028521903065666855
1.1303191489361701    -0.0291158628829681
1.132127659574468    -0.02964601204180118
1.133936170212766    -0.029350217918462637
1.1357446808510638    -0.02854569727533976
1.1375531914893617    -0.028218667920086454
1.1393617021276596    -0.028940669895150137
1.1411702127659575    -0.030166926554423747
1.1429787234042554    -0.030598784814290493
1.1447872340425531    -0.029281548372904642
1.146595744680851    -0.026419526743377456
1.148404255319149    -0.023161165869722042
1.1502127659574468    -0.02056546870495414
1.1520212765957447    -0.018698939609642258
1.1538297872340426    -0.01665617852203185
1.1556382978723405    -0.013429457673509473
1.1574468085106384    -0.008806249009236291
1.1592553191489363    -0.0035217765623541137
1.161063829787234    0.0013720522151607112
1.162872340425532    0.005276002565133187
1.1646808510638298    0.008293912912615962
1.1664893617021277    0.01089096944248854
1.1682978723404256    0.01342925757310684
1.1701063829787235    0.016031606354033136
1.1719148936170214    0.01875478780808534
1.1737234042553193    0.021701142335801612
1.175531914893617    0.024851424318334866
1.1773404255319149    0.027847283943776332
1.1791489361702128    0.03012571091022134
1.1809574468085107    0.03144585037319654
1.1827659574468086    0.032320114294781335
1.1845744680851065    0.033796456162370786
1.1863829787234044    0.03661985561999506
1.1881914893617023    0.04048956281963337
1.19    0.04417275880023512
1.1918085106382978    0.046479185658584665
1.1936170212765957    0.04723563049090258
1.1954255319148936    0.04732029905196536
1.1972340425531915    0.04769345480004217
1.1990425531914894    0.04837606180969259
1.2008510638297873    0.04844183679759047
1.2026595744680852    0.04710362879065261
1.204468085106383    0.044821677972931684
1.2062765957446808    0.043224876299481935
1.2080851063829787    0.04374938600753128
1.2098936170212766    0.04622148562523183
1.2117021276595745    0.048800798458309536
1.2135106382978724    0.04946805010444623
1.2153191489361703    0.04772791897854459
1.2171276595744682    0.04490834329959889
1.218936170212766    0.042739649567163765
1.2207446808510638    0.04157655386369748
1.2225531914893617    0.040024640570076514
1.2243617021276596    0.03639329525322668
1.2261702127659575    0.030581767743660948
1.2279787234042554    0.02450649575244409
1.2297872340425533    0.020544586600766218
1.2315957446808512    0.019409367876578258
1.2334042553191489    0.019484527339916978
1.2352127659574468    0.01828463908668819
1.2370212765957447    0.014676578097255671
1.2388297872340426    0.009771828671586765
1.2406382978723405    0.005699911076301769
1.2424468085106384    0.0035228267857789018
1.2442553191489363    0.0023351766324853085
1.2460638297872342    0.0003597398342044542
1.2478723404255319    -0.003151595466722964
1.2496808510638298    -0.007162862093341467
1.2514893617021277    -0.009977980659697664
1.2532978723404256    -0.01103920255424405
1.2551063829787235    -0.011516542556335769
1.2569148936170214    -0.013068988264056466
1.2587234042553193    -0.016062668710596174
1.2605319148936172    -0.019114884269001188
1.2623404255319148    -0.020483746745723688
1.2641489361702127    -0.019912677469404415
1.2659574468085106    -0.019029528529087583
1.2677659574468085    -0.01983716457143768
1.2695744680851064    -0.022772689285198246
1.2713829787234043    -0.026281796783411936
1.2731914893617022    -0.028357654383407045
1.2750000000000001    -0.028528068619835582
1.2768085106382978    -0.028320378301919066
1.2786170212765957    -0.029749527968872376
1.2804255319148936    -0.03333744399956592
1.2822340425531915    -0.0376180399343214
1.2840425531914894    -0.04058524312156559
1.2858510638297873    -0.041620816177743
1.2876595744680852    -0.04200863117033841
1.289468085106383    -0.04359022439641589
1.2912765957446808    -0.046952594991720296
1.2930851063829787    -0.05093282526904825
1.2948936170212766    -0.05384133744449835
1.2967021276595745    -0.05509230612385015
1.2985106382978724    -0.05560319916240763
1.3003191489361703    -0.056647397500569345
1.3021276595744682    -0.058416890368863085
1.303936170212766    -0.05978751930612027
1.3057446808510638    -0.05949794481324353
1.3075531914893617    -0.05750586114928704
1.3093617021276596    -0.05513223240354124
1.3111702127659575    -0.05385093914734947
1.3129787234042554    -0.053930782836157036
1.3147872340425533    -0.05424744325254081
1.3165957446808512    -0.05340020796764503
1.318404255319149    -0.051011067553591076
1.3202127659574467    -0.047975118959822045
1.3220212765957446    -0.04550372332462491
1.3238297872340425    -0.0439472989712457
1.3256382978723404    -0.04250934080177856
1.3274468085106383    -0.04003711867146469
1.3292553191489362    -0.036065115117551554
1.3310638297872341    -0.031144721383200895
1.332872340425532    -0.026254812606816377
1.3346808510638297    -0.02194336714704198
1.3364893617021276    -0.018002297616135393
1.3382978723404255    -0.01387995651466406
1.3401063829787234    -0.009336710244276732
1.3419148936170213    -0.0046989697510158215
1.3437234042553192    -0.000524813032848211
1.3455319148936171    0.002938363742706927
1.347340425531915    0.005971348780491645
1.3491489361702127    0.009088556443994979
1.3509574468085106    0.012524681673180141
1.3527659574468085    0.015978994314555024
1.3545744680851064    0.01884928251420264
1.3563829787234043    0.020753423864207504
1.3581914893617022    0.02188632313805177
1.36    0.022896175026047752
1.361808510638298    0.024369658515421146
1.3636170212765957    0.02635283911337613
1.3654255319148936    0.028313924544691782
1.3672340425531915    0.029579598644314156
1.3690425531914894    0.029864579117698277
1.3708510638297873    0.029435564709825765
1.3726595744680852    0.028791575212512535
1.374468085106383    0.02819438940126577
1.376276595744681    0.027511341665629067
1.3780851063829787    0.026503837973053328
1.3798936170212766    0.025232547660969433
1.3817021276595745    0.024129506786554573
1.3835106382978724    0.023642793754072883
1.3853191489361703    0.023823084170804323
1.3871276595744682    0.02429544473896937
1.388936170212766    0.024653295029730363
1.390744680851064    0.024858005470070894
1.3925531914893619    0.02522551242001507
1.3943617021276595    0.026039741710353607
1.3961702127659574    0.027243388915269465
1.3979787234042553    0.0285527574677307
1.3997872340425532    0.02983623044150325
1.4015957446808511    0.03127090265985904
1.403404255319149    0.03304701900914012
1.405212765957447    0.03495474454185669
1.4070212765957448    0.0363977594383011
1.4088297872340425    0.036935038834777105
1.4106382978723404    0.036812999959499375
1.4124468085106383    0.03685736068722419
1.4142553191489362    0.03772786170362356
1.416063829787234    0.03925199018059889
1.417872340425532    0.0405428987888247
1.41968085106383    0.04081964409624326
1.4214893617021278    0.0401003430578163
1.4232978723404255    0.039054323175596435
1.4251063829787234    0.03818815646009797
1.4269148936170213    0.037255751259770924
1.4287234042553192    0.03553794042335678
1.430531914893617    0.03268375539390655
1.432340425531915    0.029182306399001656
1.4341489361702129    0.02593197875532325
1.4359574468085108    0.023363218697717562
1.4377659574468085    0.02106362314763944
1.4395744680851064    0.018303413239241707
1.4413829787234043    0.014873658551370017
1.4431914893617022    0.01131949867881538
1.445    0.008335552085365662
1.446808510638298    0.006019206693466622
1.4486170212765959    0.0038134506179026955
1.4504255319148938    0.0011756453194635775
1.4522340425531914    -0.001809221955740723
1.4540425531914893    -0.004568152555392609
1.4558510638297872    -0.006749531797029839
1.4576595744680851    -0.008654485134701082
1.459468085106383    -0.010858107397006498
1.461276595744681    -0.013429190860629563
1.4630851063829788    -0.015648259861080434
1.4648936170212767    -0.01659354368681809
1.4667021276595744    -0.015998279418557415
1.4685106382978723    -0.014465364664477499
1.4703191489361702    -0.012817084930909658
1.4721276595744681    -0.011289423505623647
1.473936170212766    -0.009422660476291173
1.475744680851064    -0.006714723204338909
1.4775531914893618    -0.0032813986271549283
1.4793617021276597    0.0001898198399785402
1.4811702127659574    0.0030877506726716356
1.4829787234042553    0.005375504916634454
1.4847872340425532    0.0074183580002354695
1.486595744680851    0.009418289412656029
1.488404255319149    0.011155898279353762
1.490212765957447    0.012323956203557774
1.4920212765957448    0.01300222461594762
1.4938297872340427    0.01364774622220489
1.4956382978723404    0.014562169982368442
1.4974468085106383    0.015449714725272347
1.4992553191489362    0.015619183652571344
1.501063829787234    0.014662316096643835
1.502872340425532    0.012881057749081626
1.5046808510638299    0.010985424519234946
1.5064893617021278    0.009373044552697647
1.5082978723404257    0.007753891871300078
1.5101063829787233    0.005503748534790616
1.5119148936170212    0.002348066442160431
1.5137234042553191    -0.0013494986535071594
1.515531914893617    -0.004963355218606448
1.517340425531915    -0.008207381552315028
1.5191489361702128    -0.011327174115025226
1.5209574468085107    -0.014731521465505751
1.5227659574468086    -0.01850303237641946
1.5245744680851063    -0.022299974025619625
1.5263829787234042    -0.025699372292651526
1.5281914893617021    -0.028581086703917624
1.53    -0.031174415004800733
1.531808510638298    -0.03378466107519614
1.5336170212765958    -0.03651800223259386
1.5354255319148937    -0.039244292920146896
1.5372340425531916    -0.041745660201355554
1.5390425531914893    -0.04384545208880424
1.5408510638297872    -0.04541708454508497
1.542659574468085    -0.04634490725561404
1.544468085106383    -0.04653381911066554
1.546276595744681    -0.045955578897792275
1.5480851063829788    -0.044654160261268956
1.5498936170212767    -0.04269597581885238
1.5517021276595746    -0.04014064619942213
1.5535106382978723    -0.03709003521014496
1.5553191489361702    -0.03376379292064329
1.557127659574468    -0.03048853002048075
1.558936170212766    -0.02755707420402083
1.5607446808510639    -0.025042560601799435
1.5625531914893618    -0.022708907511681822
1.5643617021276597    -0.02009904718795514
1.5661702127659576    -0.016765677153915012
1.5679787234042553    -0.012516061070030015
1.5697872340425532    -0.007515569872648814
1.571595744680851    -0.00215798433050602
1.573404255319149    0.0032338355878844625
1.5752127659574469    0.008647694802877614
1.5770212765957448    0.0143251483808316
1.5788297872340427    0.02041112783784535
1.5806382978723406    0.026632582789828052
1.5824468085106382    0.03238081726372756
1.5842553191489361    0.0372059742382808
1.586063829787234    0.04125840600941211
1.587872340425532    0.04516420450021448
1.5896808510638298    0.049359823517140175
1.5914893617021277    0.05352886807989174
1.5932978723404256    0.05677776902457815
1.5951063829787235    0.05845640970505171
1.5969148936170212    0.05880510434649791
1.5987234042553191    0.05871892054167731
1.600531914893617    0.05883354137584272
1.602340425531915    0.058895989203217855
1.6041489361702128    0.05811675270361734
1.6059574468085107    0.05613739976604164
1.6077659574468086    0.053545273215829234
1.6095744680851065    0.05133917169706842
1.6113829787234042    0.0499126430280568
1.613191489361702    0.04868001755987851
1.615    0.04677150621092578
1.616808510638298    0.044030608465550874
1.6186170212765958    0.04120581917059746
1.6204255319148937    0.039135763800311835
1.6222340425531916    0.037856089390535586
1.6240425531914895    0.03662148878242433
1.6258510638297874    0.034771809166370585
1.627659574468085    0.03241281055499627
1.629468085106383    0.03013492651557434
1.6312765957446809    0.028146902445620445
1.6330851063829788    0.025894787785531975
1.6348936170212767    0.022655401076715716
1.6367021276595746    0.01842462928704723
1.6385106382978725    0.014045908597526899
1.6403191489361704    0.010391727569916943
1.642127659574468    0.007508595134210264
1.643936170212766    0.004680618298110676
1.6457446808510638    0.0013100758852989712
1.6475531914893617    -0.0024101546395342392
1.6493617021276596    -0.005783847513256595
1.6511702127659575    -0.008482033455604412
1.6529787234042554    -0.010962109751963166
1.6547872340425533    -0.013955881910683428
1.656595744680851    -0.017635243168730615
1.658404255319149    -0.02141497103430047
1.6602127659574468    -0.024595617847322906
1.6620212765957447    -0.027102516840988106
1.6638297872340426    -0.02952173872339934
1.6656382978723405    -0.032466293705601355
1.6674468085106384    -0.036016209554755936
1.6692553191489363    -0.039786271904533745
1.671063829787234    -0.04341035874340723
1.672872340425532    -0.04683245190015365
1.6746808510638298    -0.050156110276943465
1.6764893617021277    -0.053375109094917016
1.6782978723404256    -0.05636683813558505
1.6801063829787235    -0.05909002919033283
1.6819148936170214    -0.06163971839567301
1.6837234042553193    -0.06405956993471956
1.685531914893617    -0.06621387196904924
1.6873404255319149    -0.06797617568647757
1.6891489361702128    -0.06952076206141009
1.6909574468085107    -0.07126013143693583
1.6927659574468086    -0.07336762751890213
1.6945744680851065    -0.07541612376855611
1.6963829787234044    -0.07665719563050533
1.6981914893617023    -0.07675224675463971
1.7    -0.07616295719155583
1.7018085106382979    -0.07570093941767195
1.7036170212765958    -0.07567273734289212
1.7054255319148937    -0.07555905051042769
1.7072340425531916    -0.07460085467826491
1.7090425531914895    -0.07264196731991007
1.7108510638297874    -0.07028199941344726
1.7126595744680853    -0.0681849138712729
1.714468085106383    -0.06635226537861172
1.7162765957446808    -0.06418466607338186
1.7180851063829787    -0.061216364916072546
1.7198936170212766    -0.057631399830549365
1.7217021276595745    -0.053962087417139676
1.7235106382978724    -0.05036104280972187
1.7253191489361703    -0.046339957665869916
1.7271276595744682    -0.04130031902642692
1.728936170212766    -0.03523991222536392
1.7307446808510638    -0.028822117078945372
1.7325531914893617    -0.022750054326643877
1.7343617021276596    -0.01717865721107873
1.7361702127659575    -0.011805356970663709
1.7379787234042554    -0.006458910404460266
1.7397872340425533    -0.0014495425282258483
1.7415957446808512    0.0027226874914062344
1.7434042553191489    0.005929643494254986
1.7452127659574468    0.008587043127037605
1.7470212765957447    0.011266916171743788
1.7488297872340426    0.014219150395794099
1.7506382978723405    0.017315438767571814
1.7524468085106384    0.020395675042896085
1.7542553191489363    0.023558930571568458
1.7560638297872342    0.02707705625424093
1.7578723404255319    0.03107775135544036
1.7596808510638298    0.035366560364387775
1.7614893617021277    0.039537226745982854
1.7632978723404256    0.04320101834552309
1.7651063829787235    0.04612260533304373
1.7669148936170214    0.04823675542460146
1.7687234042553193    0.04962806568787147
1.7705319148936172    0.050480361657321185
1.7723404255319148    0.050947708260600785
1.7741489361702127    0.05101590826151292
1.7759574468085106    0.0505396827678643
1.7777659574468085    0.04950298692479306
1.7795744680851064    0.048245684814415976
1.7813829787234043    0.04732829488066985
1.7831914893617022    0.04706013582101588
1.7850000000000001    0.04714523757427966
1.7868085106382978    0.04686993197320041
1.7886170212765957    0.04571639176674505
1.7904255319148936    0.04380907936745626
1.7922340425531915    0.04174470742003508
1.7940425531914894    0.03999396715358379
1.7958510638297873    0.038498504535347464
1.7976595744680852    0.036847352656110194
1.7994680851063831    0.03479043301793522
1.8012765957446808    0.032528744176944416
1.8030851063829787    0.030517194325750452
1.8048936170212766    0.029040490748879676
1.8067021276595745    0.027998276754152195
1.8085106382978724    0.027047440860337862
1.8103191489361703    0.025887666352463264
1.8121276595744682    0.024415593329588134
1.813936170212766    0.02267796186573319
1.8157446808510638    0.020736200386134683
1.8175531914893617    0.018567350577897226
1.8193617021276596    0.01606144202193755
1.8211702127659575    0.013131160205016052
1.8229787234042554    0.009885775972346716
1.8247872340425533    0.006714873623105074
1.8265957446808512    0.0041200475212817885
1.828404255319149    0.0023527257729458
1.8302127659574468    0.001192952377842811
1.8320212765957447    0.00016618333700742964
1.8338297872340426    -0.0009417721172707261
1.8356382978723405    -0.0018022981737445157
1.8374468085106384    -0.0018479108367692142
1.8392553191489363    -0.0008692068100978178
1.8410638297872342    0.0007754911787935837
1.842872340425532    0.0026150277243274633
1.8446808510638297    0.0046653892895822
1.8464893617021276    0.007419418831467422
1.8482978723404255    0.011162528547766427
1.8501063829787234    0.01540691570006358
1.8519148936170213    0.019200456766472782
1.8537234042553192    0.022084833587451513
1.8555319148936171    0.024664454438155067
1.857340425531915    0.02810384108341171
1.859148936170213    0.03304822571489867
1.8609574468085106    0.039109129947950155
1.8627659574468085    0.04540716293755681
1.8645744680851064    0.05147214233105847
1.8663829787234043    0.05746043762574808
1.8681914893617022    0.06353182975790778
1.87    0.06924474596455346
1.871808510638298    0.07376009611490689
1.873617021276596    0.07661170913864598
1.8754255319148936    0.0780908936264931
1.8772340425531915    0.07876470983116571
1.8790425531914894    0.07870214030532927
1.8808510638297873    0.07732812575913567
1.8826595744680852    0.07406780638870694
1.884468085106383    0.06902682007871758
1.886276595744681    0.06296196687277045
1.8880851063829789    0.05664729600972533
1.8898936170212766    0.05036954377715702
1.8917021276595745    0.04400450904059726
1.8935106382978724    0.03740176401419114
1.8953191489361703    0.030560797596510023
1.8971276595744682    0.0235041643314053
1.898936170212766    0.016165731753804043
1.900744680851064    0.00847090524706556
1.9025531914893619    0.00039707839919177895
1.9043617021276595    -0.008187181974061162
1.9061702127659574    -0.01768444915357216
1.9079787234042553    -0.02854674180460278
1.9097872340425532    -0.04074402304184225
1.9115957446808511    -0.053529436594702016
1.913404255319149    -0.0659142830856217
1.915212765957447    -0.07744242451936223
1.9170212765957448    -0.08841020910323236
1.9188297872340425    -0.09926815731120367
1.9206382978723404    -0.10992058666087692
1.9224468085106383    -0.11978028932337739
1.9242553191489362    -0.12849448945803302
1.9260638297872341    -0.13638166601932586
1.927872340425532    -0.14394609791256838
1.92968085106383    -0.15101600008167168
1.9314893617021278    -0.15660437601869795
1.9332978723404255    -0.15976619850282062
1.9351063829787234    -0.16049978240771565
1.9369148936170213    -0.15964493393226784
1.9387234042553192    -0.15791597290308254
1.940531914893617    -0.15521906181797288
1.942340425531915    -0.15099780447126074
1.944148936170213    -0.14506931974882584
1.9459574468085108    -0.13788340484435221
1.9477659574468085    -0.1299874508241304
1.9495744680851064    -0.1215429623695192
1.9513829787234043    -0.11259827852240614
1.9531914893617022    -0.1036863966001049
1.955    -0.09576050980819084
1.956808510638298    -0.08933585702272903
1.9586170212765959    -0.0838843088733501
1.9604255319148938    -0.07838946203701683
1.9622340425531914    -0.072540294182661
1.9640425531914893    -0.06712104584924061
1.9658510638297872    -0.0630391784458979
1.9676595744680851    -0.060130931143278665
1.969468085106383    -0.05724584400459937
1.971276595744681    -0.05357187541751714
1.9730851063829788    -0.04958733385594155
1.9748936170212767    -0.04643694157556992
1.9767021276595744    -0.04449439588984705
1.9785106382978723    -0.04293676542570363
1.9803191489361702    -0.04090853474950816
1.9821276595744681    -0.038800350523671825
1.983936170212766    -0.03792358755562018
1.985744680851064    -0.03883574298005711
1.9875531914893618    -0.04034210236705163
1.9893617021276597    -0.040491259237238966
1.9911702127659574    -0.03847651343608688
1.9929787234042553    -0.035212735569158146
1.9947872340425532    -0.03194613654895474
1.996595744680851    -0.028651729440948542
1.998404255319149    -0.02420497588745371
2.0002127659574467    -0.018066855817952192
2.0020212765957446    -0.011285145783754578
2.0038297872340425    -0.005430882014453478
2.0056382978723404    -0.0006831270438325873
2.0074468085106383    0.00457361378770639
2.009255319148936    0.012039873562345649
2.011063829787234    0.021632886414440708
2.012872340425532    0.03163185584939858
2.01468085106383    0.0406225876541709
2.016489361702128    0.04893268190984497
2.0182978723404257    0.05794535175698326
2.0201063829787236    0.06824647109301904
2.0219148936170215    0.07886543342852304
2.0237234042553194    0.08843130146913972
2.0255319148936173    0.09675378581435076
2.0273404255319147    0.10495469497388002
2.0291489361702126    0.11412774986649929
2.0309574468085105    0.12420753642979165
2.0327659574468084    0.13427684610380858
2.0345744680851063    0.14369942950574927
2.0363829787234042    0.15259467022986717
2.038191489361702    0.16120563579393976
2.04    0.16915183306527481
2.041808510638298    0.1755685077797609
2.043617021276596    0.17987398345521938
2.0454255319148937    0.18212898820859263
2.0472340425531916    0.1826090793591854
2.0490425531914895    0.18129054142788997
2.0508510638297874    0.17796762153358736
2.0526595744680853    0.17273656415021105
2.0544680851063832    0.16603803073706425
2.0562765957446807    0.15812286128614
2.0580851063829786    0.14873178628185835
2.0598936170212765    0.13759179136411415
2.0617021276595744    0.12519091308718078
2.0635106382978723    0.11274577599306898
2.06531914893617    0.10117920950449352
2.067127659574468    0.09021153532481171
2.068936170212766    0.07866603166484881
2.070744680851064    0.06571254411860028
2.072553191489362    0.051700565010982164
2.0743617021276597    0.03777739575929083
2.0761702127659576    0.024922151709769136
2.0779787234042555    0.013546734065910698
2.0797872340425534    0.0038700240975663505
2.0815957446808513    -0.0037794225117525637
2.083404255319149    -0.009323041847463132
2.085212765957447    -0.013408575223441539
2.0870212765957445    -0.017094207757048036
2.0888297872340424    -0.020850561944790992
2.0906382978723403    -0.024056722218929294
2.0924468085106382    -0.025748625629357813
2.094255319148936    -0.025857434576129684
2.096063829787234    -0.02547214762247773
2.097872340425532    -0.025764231064102694
2.09968085106383    -0.026817981258344517
2.1014893617021277    -0.027714457966846816
2.1032978723404256    -0.02767687784428237
2.1051063829787235    -0.026835368057125185
2.1069148936170214    -0.025762013977538842
2.1087234042553193    -0.02455190471119513
2.1105319148936172    -0.022765746085629257
2.112340425531915    -0.020326119667960482
2.114148936170213    -0.01810675329414972
2.1159574468085105    -0.017281508941554093
2.1177659574468084    -0.01811502254502715
2.1195744680851063    -0.01967377193223524
2.121382978723404    -0.020835630498439325
2.123191489361702    -0.021361388806554443
2.125    -0.021746065125668942
2.126808510638298    -0.02216734895866427
2.128617021276596    -0.022029608820569
2.1304255319148937    -0.020811729359820466
2.1322340425531916    -0.01915523372514826
2.1340425531914895    -0.01867526300417823
2.1358510638297874    -0.020498714853097157
2.1376595744680853    -0.024157865025536053
2.139468085106383    -0.028133274401856853
2.141276595744681    -0.03141325497820318
2.143085106382979    -0.034275193052992724
2.1448936170212765    -0.03750123524859159
2.1467021276595744    -0.04113622549286471
2.1485106382978723    -0.04434717121718582
2.15031914893617    -0.046472376555792665
2.152127659574468    -0.04785664493835847
2.153936170212766    -0.049398890947830794
2.155744680851064    -0.05139627457493041
2.1575531914893618    -0.05313654052664243
2.1593617021276597    -0.05372310210062418
2.1611702127659576    -0.053090228128354865
2.1629787234042555    -0.05198285465296076
2.1647872340425534    -0.050986704429954156
2.1665957446808513    -0.04981132194578083
2.168404255319149    -0.04761812073368119
2.170212765957447    -0.04388070113546854
2.172021276595745    -0.03873145806993159
2.1738297872340424    -0.03254309051497862
2.1756382978723403    -0.025472083984184858
2.177446808510638    -0.017598263303080834
2.179255319148936    -0.009367347625764234
2.181063829787234    -0.0015893606703080553
2.182872340425532    0.005134876734427877
2.18468085106383    0.010860010454442064
2.1864893617021277    0.01601775816247752
2.1882978723404256    0.0207376778954762
2.1901063829787235    0.024628683549731762
2.1919148936170214    0.0273201605176381
2.1937234042553193    0.029097462187835713
2.195531914893617    0.030814554734374087
2.197340425531915    0.03311553856969578
2.199148936170213    0.035800319332148695
2.200957446808511    0.037978165930725866
2.2027659574468084    0.038760548841500986
2.2045744680851063    0.037745604991173354
2.206382978723404    0.034952124150845754
2.208191489361702    0.030547848593054844
2.21    0.02481505769069821
2.211808510638298    0.01829122319978803
2.2136170212765958    0.011679028831794194
2.2154255319148937    0.005423531467252149
2.2172340425531916    -0.0006145153129336724
2.2190425531914895    -0.006944078964550309
2.2208510638297874    -0.013826175182227595
2.2226595744680853    -0.020882249360166298
2.224468085106383    -0.027352915339324435
2.226276595744681    -0.032751380646406356
2.228085106382979    -0.037264251183885155
2.229893617021277    -0.041551717627402354
2.2317021276595743    -0.04620870689084955
2.233510638297872    -0.05140405718964565
2.23531914893617    -0.05692211897921058
2.237127659574468    -0.062400724244619385
2.238936170212766    -0.06746279566530554
2.240744680851064    -0.07169329069431156
2.2425531914893617    -0.07465119156992324
2.2443617021276596    -0.07604947121088344
2.2461702127659575    -0.0759871676481065
2.2479787234042554    -0.07499002325889155
2.2497872340425533    -0.07376216276962959
2.251595744680851    -0.0728143086869782
2.253404255319149    -0.07224077598632907
2.255212765957447    -0.07176997669198999
2.257021276595745    -0.07097628715299543
2.258829787234043    -0.06945607957521664
2.2606382978723403    -0.06689781149210743
2.262446808510638    -0.06313670003586776
2.264255319148936    -0.058270808276702515
2.266063829787234    -0.0527445471001573
2.267872340425532    -0.04721756559435024
2.2696808510638298    -0.04220402268275994
2.2714893617021277    -0.03774452690468724
2.2732978723404256    -0.03342526703395078
2.2751063829787235    -0.028763507870639644
2.2769148936170214    -0.023622865756315073
2.2787234042553193    -0.018301878068360464
2.280531914893617    -0.013284000596070933
2.282340425531915    -0.008949999212032662
2.284148936170213    -0.005487932143701935
2.285957446808511    -0.002925041221611281
2.2877659574468088    -0.001085827890778446
2.2895744680851062    0.0004932670374409976
2.291382978723404    0.0024398808680797966
2.293191489361702    0.005129642672670315
2.295    0.00831448876838645
2.296808510638298    0.011242659033174743
2.2986170212765957    0.0132684180451932
2.3004255319148936    0.014399212872113796
2.3022340425531915    0.015242539992395734
2.3040425531914894    0.016431569248467393
2.3058510638297873    0.01813698016972299
2.3076595744680852    0.020111870496529884
2.309468085106383    0.02208976124876768
2.311276595744681    0.024024500540294494
2.313085106382979    0.025974675279341407
2.314893617021277    0.027922677023102437
2.3167021276595747    0.0298349778561112
2.3185106382978726    0.03184286911473637
2.32031914893617    0.03418704594910213
2.322127659574468    0.03688934353129143
2.323936170212766    0.039569559935732065
2.325744680851064    0.041757640389519984
2.3275531914893617    0.043465863406705774
2.3293617021276596    0.045394814780956624
2.3311702127659575    0.04847662533768814
2.3329787234042554    0.05316092978883111
2.3347872340425533    0.05911508605860519
2.336595744680851    0.06555854764017159
2.338404255319149    0.0718349402977367
2.340212765957447    0.0777140877253978
2.342021276595745    0.0833108880386091
2.343829787234043    0.08885755174805389
2.3456382978723407    0.09452845075233339
2.3474468085106386    0.10031776515024686
2.349255319148936    0.10595811967320289
2.351063829787234    0.11098980435261839
2.352872340425532    0.11503352611640945
2.3546808510638297    0.11806341423924498
2.3564893617021276    0.12038412377199524
2.3582978723404255    0.12230118758662308
2.3601063829787234    0.12382476716403405
2.3619148936170213    0.12470234028749451
2.3637234042553192    0.12467396453251188
2.365531914893617    0.12360905801054729
2.367340425531915    0.12141727995277841
2.369148936170213    0.11797724914700962
2.370957446808511    0.11327909921535088
2.3727659574468087    0.10759634602694375
2.3745744680851066    0.10137081044789677
2.3763829787234045    0.0948666195989649
2.378191489361702    0.08802343134725928
2.38    0.08072330554551367
2.381808510638298    0.07309500941047962
2.3836170212765957    0.06534724563386045
2.3854255319148936    0.0572519294164128
2.3872340425531915    0.04801111379532305
2.3890425531914894    0.036918684941315213
2.3908510638297873    0.02421809580433757
2.392659574468085    0.011128007831054845
2.394468085106383    -0.0011497074409868597
2.396276595744681    -0.012420704998313081
2.398085106382979    -0.023398138714765503
2.399893617021277    -0.034664349942251725
2.4017021276595747    -0.045928578947824934
2.4035106382978726    -0.05640455804020184
2.4053191489361705    -0.06573907784506788
2.407127659574468    -0.074291717180586
2.408936170212766    -0.08246690336408222
2.4107446808510637    -0.0900427278245843
2.4125531914893616    -0.09641478221961527
2.4143617021276595    -0.10143384716992668
2.4161702127659574    -0.10570691558549264
2.4179787234042553    -0.109922853346576
2.4197872340425532    -0.1140444034135342
2.421595744680851    -0.11738385417669775
2.423404255319149    -0.11941909345267229
2.425212765957447    -0.12025473763266403
2.427021276595745    -0.12016035307750245
2.4288297872340427    -0.11891535649742643
2.4306382978723406    -0.11599368473240043
2.4324468085106385    -0.11147288804735744
2.4342553191489364    -0.10646123235581287
2.436063829787234    -0.10231224944544004
2.437872340425532    -0.09941683897360426
2.4396808510638297    -0.0969844321683726
2.4414893617021276    -0.09409121933839412
2.4432978723404255    -0.09076438759418293
2.4451063829787234    -0.08786413997481074
2.4469148936170213    -0.08600730656974226
2.448723404255319    -0.08488470744299809
2.450531914893617    -0.08373267090410924
2.452340425531915    -0.0822707022680437
2.454148936170213    -0.08095083928862246
2.455957446808511    -0.08034720183400301
2.4577659574468087    -0.08056481566147622
2.4595744680851066    -0.08134544609492761
2.4613829787234045    -0.08252288965091276
2.4631914893617024    -0.08408765020599518
2.465    -0.0858233523473716
2.4668085106382978    -0.08718643378566943
2.4686170212765957    -0.08776676323924798
2.4704255319148936    -0.0877604388021625
2.4722340425531915    -0.087730649783828
2.4740425531914894    -0.08783344808243501
2.4758510638297873    -0.08745513643598746
2.477659574468085    -0.08576508706346142
2.479468085106383    -0.0825537749146864
2.481276595744681    -0.07836708239391366
2.483085106382979    -0.07383043317914892
2.4848936170212768    -0.0690300145302497
2.4867021276595747    -0.06365083441240868
2.4885106382978726    -0.05755751987648408
2.4903191489361705    -0.05100905662723952
2.4921276595744684    -0.044306871796864516
2.493936170212766    -0.037465875948525434
2.4957446808510637    -0.03037890415532893
2.4975531914893616    -0.023156766296899597
2.4993617021276595    -0.016045705445688327
2.5011702127659574    -0.008969506627456544
2.5029787234042553    -0.0013745218498238242
2.504787234042553    0.007283927255619748
2.506595744680851    0.01696479229722401
2.508404255319149    0.0271110870150352
2.510212765957447    0.037266400480164774
2.512021276595745    0.04740459823667034
2.5138297872340427    0.05754951435824135
2.5156382978723406    0.06728377574296235
2.5174468085106385    0.07594463623075715
2.5192553191489364    0.08333441271786488
2.5210638297872343    0.08994739662792559
2.5228723404255318    0.09625818560016322
2.5246808510638297    0.10191192526590928
2.5264893617021276    0.10595286215288349
2.5282978723404255    0.10798347388718754
2.5301063829787234    0.10888555482173828
2.5319148936170213    0.11013583316802764
2.533723404255319    0.11241021945246757
2.535531914893617    0.11503592720835398
2.537340425531915    0.11682951206175249
2.539148936170213    0.11724180250616256
2.5409574468085108    0.11652375255785935
2.5427659574468087    0.1149788922217719
2.5445744680851066    0.11245334036350332
2.5463829787234045    0.10868331807219106
2.5481914893617024    0.10383354934937594
2.5500000000000003    0.09833368429299491
2.551808510638298    0.09222673282343413
2.5536170212765956    0.08506827748556228
2.5554255319148935    0.07671639051859167
2.5572340425531914    0.0680296602000175
2.5590425531914893    0.06040915093414462
2.560851063829787    0.05453857130938414
2.562659574468085    0.04978620868640882
2.564468085106383    0.04501298936870375
2.566276595744681    0.03982404403933751
2.568085106382979    0.03478179086580921
2.5698936170212767    0.030443189342031968
2.5717021276595746    0.026560333732251147
2.5735106382978725    0.022496509565784528
2.5753191489361704    0.01826678771594728
2.5771276595744683    0.01477428683717541
2.578936170212766    0.012862527711288537
2.580744680851064    0.012351714488689436
2.5825531914893616    0.012258532530170431
2.5843617021276595    0.011900278020330623
2.5861702127659574    0.011508793625509876
2.5879787234042553    0.011673136877353538
2.589787234042553    0.012424169440129168
2.591595744680851    0.013134202644375332
2.593404255319149    0.013259711758307018
2.595212765957447    0.012882786368475757
2.5970212765957448    0.01237752928501749
2.5988297872340427    0.011742573412481843
2.6006382978723406    0.010542782090707092
2.6024468085106385    0.00851705028990003
2.6042553191489364    0.0059960468439629235
2.6060638297872343    0.003558033362436229
2.607872340425532    0.0013923906851352873
2.60968085106383    -0.0007921162703034424
2.6114893617021275    -0.0032435224515157722
2.6132978723404254    -0.0057756176805073755
2.6151063829787233    -0.008030590313631326
2.6169148936170212    -0.01000028820724513
2.618723404255319    -0.012073377146930776
2.620531914893617    -0.014546562410659478
2.622340425531915    -0.01726925692947833
2.624148936170213    -0.019894143514310708
2.6259574468085107    -0.02238367376512542
2.6277659574468086    -0.025100099444721496
2.6295744680851065    -0.028381430536605988
2.6313829787234044    -0.03215895304084655
2.6331914893617023    -0.03604527400402879
2.6350000000000002    -0.03967127425974776
2.636808510638298    -0.04280841870982306
2.638617021276596    -0.045252191026701735
2.6404255319148935    -0.046841826793556335
2.6422340425531914    -0.047729689622738686
2.6440425531914893    -0.04848999912259788
2.645851063829787    -0.049713878675175835
2.647659574468085    -0.051409870915334305
2.649468085106383    -0.0529159079106607
2.651276595744681    -0.053522145852710146
2.653085106382979    -0.05317531466749385
2.6548936170212767    -0.05252469702776158
2.6567021276595746    -0.05231797329648449
2.6585106382978725    -0.052826404907809224
2.6603191489361704    -0.053800425945211464
2.6621276595744683    -0.054781040571957984
2.663936170212766    -0.05532298790250746
2.665744680851064    -0.05503742182124069
2.667553191489362    -0.053680910091355866
2.6693617021276594    -0.051322901122608594
2.6711702127659573    -0.048308968455112566
2.6729787234042552    -0.04491753995461409
2.674787234042553    -0.041106527152637226
2.676595744680851    -0.036772136909372796
2.678404255319149    -0.03228268928813212
2.680212765957447    -0.02854092459128836
2.6820212765957447    -0.026280547492579062
2.6838297872340426    -0.025287664209826102
2.6856382978723405    -0.02449187579721765
2.6874468085106384    -0.02294185056040165
2.6892553191489363    -0.020632667960155705
2.6910638297872342    -0.018293061891912356
2.692872340425532    -0.016437558761738615
2.69468085106383    -0.01479845971146429
2.696489361702128    -0.012728550496988907
2.6982978723404254    -0.010012380991797867
2.7001063829787233    -0.007143217143517452
2.701914893617021    -0.00485075748722413
2.703723404255319    -0.0034875056019847694
2.705531914893617    -0.0028565154889735366
2.707340425531915    -0.0024519014064183714
2.709148936170213    -0.001772150359886199
2.7109574468085107    -0.0005754852953759621
2.7127659574468086    0.0009029587006675179
2.7145744680851065    0.001967040651065485
2.7163829787234044    0.001973096797259229
2.7181914893617023    0.001078523654507816
2.72    0.00039891439675231915
2.721808510638298    0.0011216220120658915
2.723617021276596    0.0033170879354865266
2.725425531914894    0.005782554712873558
2.7272340425531914    0.007264507248676416
2.7290425531914893    0.007798452239140066
2.730851063829787    0.008637486403457042
2.732659574468085    0.010806391430991252
2.734468085106383    0.01392560237736221
2.736276595744681    0.01663471187490786
2.7380851063829788    0.018054869048018615
2.7398936170212767    0.01856182987932099
2.7417021276595746    0.01908823962649939
2.7435106382978725    0.01998248156205298
2.7453191489361704    0.02085078210348888
2.7471276595744683    0.02140389294485649
2.748936170212766    0.02202848354970247
2.750744680851064    0.023276258086637577
2.752553191489362    0.024992160430764455
2.75436170212766    0.026312173872585703
2.7561702127659573    0.026596855242320517
2.757978723404255    0.026117304220376582
2.759787234042553    0.025639931675358014
2.761595744680851    0.025493963650465554
2.763404255319149    0.025326437229085005
2.765212765957447    0.0247718760029326
2.7670212765957447    0.024051342242886225
2.7688297872340426    0.023686825459519462
2.7706382978723405    0.02377134650952298
2.7724468085106384    0.023824841153487732
2.7742553191489363    0.023412100703499677
2.776063829787234    0.02263019302761814
2.777872340425532    0.021790190173832196
2.77968085106383    0.02080363172235058
2.781489361702128    0.01924299604673439
2.783297872340426    0.01708030981767295
2.7851063829787237    0.015042194194374376
2.786914893617021    0.013907144245592223
2.788723404255319    0.013504596767510195
2.790531914893617    0.01273132913116216
2.792340425531915    0.010714980104788399
2.7941489361702128    0.0077801162516005565
2.7959574468085107    0.005044787210051216
2.7977659574468086    0.0031484580647263855
2.7995744680851065    0.0016758837963586877
2.8013829787234044    -6.527958433539139e-05
2.8031914893617023    -0.0019709858727436445
2.805    -0.003164910390483517
2.806808510638298    -0.003073315528985444
2.808617021276596    -0.0021636345946392938
2.810425531914894    -0.0014179909873587014
2.8122340425531918    -0.0012271894791896823
2.8140425531914897    -0.0010760974760358304
2.815851063829787    -0.00033015425756183735
2.817659574468085    0.0009438951992301431
2.819468085106383    0.0021343173371148024
2.821276595744681    0.0029136931412366814
2.8230851063829787    0.003617635592292023
2.8248936170212766    0.004725603958555755
2.8267021276595745    0.006187927579613576
2.8285106382978724    0.007483110981637922
2.8303191489361703    0.008279874266693986
2.832127659574468    0.00881103316341041
2.833936170212766    0.009515060383744715
2.835744680851064    0.010485513871783599
2.837553191489362    0.01145690303036095
2.83936170212766    0.01225899987197477
2.8411702127659577    0.013026976429269893
2.8429787234042556    0.013840844658336876
2.844787234042553    0.014330766109465744
2.846595744680851    0.013915058664574834
2.848404255319149    0.012508573009813052
2.8502127659574468    0.010824382093063651
2.8520212765957447    0.009767598717568333
2.8538297872340426    0.009490889982376086
2.8556382978723405    0.009155045644770838
2.8574468085106384    0.007716354292688868
2.8592553191489363    0.004954715920224688
2.861063829787234    0.0017004414575896628
2.862872340425532    -0.0009385435548882741
2.86468085106383    -0.0025493344699258915
2.866489361702128    -0.0036591218679931704
2.8682978723404258    -0.005106701803836005
2.8701063829787237    -0.0072281769406744144
2.8719148936170216    -0.009638051400691612
2.873723404255319    -0.011743309333679676
2.875531914893617    -0.013420108793757634
2.877340425531915    -0.01516394582771871
2.8791489361702127    -0.01756581036920194
2.8809574468085106    -0.02064094703342493
2.8827659574468085    -0.023698226305895694
2.8845744680851064    -0.025914519677299366
2.8863829787234043    -0.027065566402471153
2.8881914893617022    -0.027683837182653832
2.89    -0.028480192195971234
2.891808510638298    -0.029616270352376614
2.893617021276596    -0.030563297916878916
2.895425531914894    -0.030670158789589258
2.8972340425531917    -0.029843136023393745
2.8990425531914896    -0.0286632044367661
2.9008510638297875    -0.027867756006079276
2.902659574468085    -0.02773194971054274
2.904468085106383    -0.02790539197934576
2.906276595744681    -0.027774303951474934
2.9080851063829787    -0.026973254482402495
2.9098936170212766    -0.025630154934985334
2.9117021276595745    -0.02420156699665709
2.9135106382978724    -0.023057747881061595
2.9153191489361703    -0.022139437906867454
2.917127659574468    -0.020975649099662944
2.918936170212766    -0.019095923977542263
2.920744680851064    -0.0165042621490673
2.922553191489362    -0.013742328316824686
2.92436170212766    -0.0114157852760647
2.9261702127659577    -0.009633962512929181
2.9279787234042556    -0.00796988397892277
2.9297872340425535    -0.00600042705146623
2.931595744680851    -0.00380292563340643
2.933404255319149    -0.0018096770230583885
2.9352127659574467    -0.0002002617205764173
2.9370212765957446    0.001388810170528935
2.9388297872340425    0.0034294385443223558
2.9406382978723404    0.005864162173366494
2.9424468085106383    0.008092389223610604
2.9442553191489362    0.009645823161799648
2.946063829787234    0.01072805767600617
2.947872340425532    0.011937063186170733
2.94968085106383    0.013521972614058596
2.951489361702128    0.015122974876885218
2.9532978723404257    0.016310414833761198
2.9551063829787236    0.017187434267658893
2.9569148936170215    0.018238124404799095
2.9587234042553194    0.019617778390148218
2.960531914893617    0.02085284946416645
2.962340425531915    0.02139711143656332
2.9641489361702127    0.02134241022695797
2.9659574468085106    0.02133990129160095
2.9677659574468085    0.021807666066360063
2.9695744680851064    0.02244761331470282
2.9713829787234043    0.022695166400656473
2.973191489361702    0.022488373656614085
2.975    0.022318642149870133
2.976808510638298    0.022501536542039204
2.978617021276596    0.022683965902507586
2.980425531914894    0.02230824146369433
2.9822340425531917    0.02143737920112437
2.9840425531914896    0.020779633658553124
2.9858510638297875    0.0207648770161107
2.9876595744680854    0.020835209114709135
2.989468085106383    0.01995123105968501
2.9912765957446807    0.017794811854065586
2.9930851063829786    0.015200623645475326
2.9948936170212765    0.013244207021773296
2.9967021276595744    0.01207144894107624
2.9985106382978723    0.01087850949468638
3.0003191489361702    0.009019855574024627
3.002127659574468    0.006839289554554883
3.003936170212766    0.005212978926267776
3.005744680851064    0.004426685147807322
3.007553191489362    0.0038045376527311124
3.0093617021276597    0.002510335960415777
3.0111702127659576    0.0004825018387339258
3.0129787234042555    -0.001621212083610339
3.0147872340425534    -0.003290884432540431
3.0165957446808513    -0.004697374333260257
3.0184042553191492    -0.006287531205762876
3.0202127659574467    -0.008075395865760277
3.0220212765957446    -0.009571901043639352
3.0238297872340425    -0.010376035657052503
3.0256382978723404    -0.010602869429945044
3.0274468085106383    -0.010637619927821253
3.029255319148936    -0.010653720596104076
3.031063829787234    -0.010590418028897942
3.032872340425532    -0.01055224424289475
3.03468085106383    -0.010946853610845115
3.036489361702128    -0.012044506635294114
3.0382978723404257    -0.013515083982121647
3.0401063829787236    -0.014641311123827843
3.0419148936170215    -0.015060240246189691
3.0437234042553194    -0.015150822770343438
3.0455319148936173    -0.015567402182742376
3.047340425531915    -0.016469963756388595
3.0491489361702127    -0.017382430780458778
3.0509574468085106    -0.017826418391750837
3.0527659574468085    -0.01792211658141596
3.0545744680851064    -0.01821968314408875
3.0563829787234043    -0.019005427231209952
3.058191489361702    -0.01996474185721138
3.06    -0.020600596409094875
3.061808510638298    -0.020852288935708355
3.063617021276596    -0.02113813838223068
3.0654255319148938    -0.02179477933420141
3.0672340425531917    -0.022632779832242454
3.0690425531914896    -0.023157057767392672
3.0708510638297875    -0.023168507927243592
3.0726595744680854    -0.02301296622374089
3.0744680851063833    -0.02319042723080806
3.076276595744681    -0.02379357173305869
3.0780851063829786    -0.024407372557922913
3.0798936170212765    -0.024538281579126353
3.0817021276595744    -0.024062610807198966
3.0835106382978723    -0.023233059779791468
3.08531914893617    -0.022319380038017783
3.087127659574468    -0.021327705674951146
3.088936170212766    -0.020075679505042833
3.090744680851064    -0.01847111201453993
3.092553191489362    -0.016654371965224096
3.0943617021276597    -0.014870305229644463
3.0961702127659576    -0.013243469628024016
3.0979787234042555    -0.011702841177149304
3.0997872340425534    -0.010110472022002843
3.1015957446808513    -0.008435079438947553
3.103404255319149    -0.0067905702392421045
3.105212765957447    -0.005316912341257061
3.1070212765957446    -0.004035908964523521
3.1088297872340425    -0.0028213810924973817
3.1106382978723404    -0.0014990274061752419
3.1124468085106383    2.6434498962595292e-05
3.114255319148936    0.0017199622970701847
3.116063829787234    0.00345062452331973
3.117872340425532    0.0050516907969823084
3.11968085106383    0.006369524075580629
3.1214893617021278    0.00732219300052961
3.1232978723404257    0.0079769898106009
3.1251063829787236    0.008577306816538378
3.1269148936170215    0.0094291829630665
3.1287234042553194    0.010678264968579286
3.1305319148936173    0.012162624074529237
3.132340425531915    0.01351414841777903
3.134148936170213    0.014457910728832027
3.1359574468085105    0.015039783598468026
3.1377659574468084    0.015552826969862786
3.1395744680851063    0.01622356825479255
3.141382978723404    0.016965785914751584
3.143191489361702    0.01744629835422893
3.145    0.017395334376201492
3.146808510638298    0.016856760422258726
3.148617021276596    0.01614638444487835
3.1504255319148937    0.015577278291526109
3.1522340425531916    0.015219948047595015
3.1540425531914895    0.014904638082798738
3.1558510638297874    0.014432779616736294
3.1576595744680853    0.013784229500877591
3.159468085106383    0.013134733306416211
3.161276595744681    0.012681497482033479
3.163085106382979    0.01244282827819981
3.1648936170212765    0.012214797584683534
3.1667021276595744    0.011728825603253949
3.1685106382978723    0.010877288918686803
3.17031914893617    0.009810468401751198
3.172127659574468    0.008818573316476341
3.173936170212766    0.008104621571045505
3.175744680851064    0.0076502483959146085
3.1775531914893618    0.007281434735433866
3.1793617021276597    0.006846219420707242
3.1811702127659576    0.006317806284784781
3.1829787234042555    0.005732585931672852
3.1847872340425534    0.005057230289005345
3.1865957446808513    0.004153394602624375
3.188404255319149    0.0028952837411257877
3.190212765957447    0.0013205899278124402
3.192021276595745    -0.0003494317320635119
3.1938297872340424    -0.0018498368901752888
3.1956382978723403    -0.0030312877613929163
3.1974468085106382    -0.0038800270449580263
3.199255319148936    -0.004398415361884997
3.201063829787234    -0.004510329665815761
3.202872340425532    -0.004134187584591465
3.20468085106383    -0.0033627157274410974
3.2064893617021277    -0.002524456865170609
3.2082978723404256    -0.0019892371075458607
3.2101063829787235    -0.0018627371589231894
3.2119148936170214    -0.0018858799722950032
3.2137234042553193    -0.0016809166834367132
3.2155319148936172    -0.0011141526817106348
3.217340425531915    -0.0003905440321159228
3.219148936170213    0.00022566554618862238
3.220957446808511    0.0007416129096273563
3.2227659574468084    0.0014216226014077428
3.2245744680851063    0.0024365803561818963
3.226382978723404    0.0036078370841335656
3.228191489361702    0.004588379234345458
3.23    0.005291654104995295
3.231808510638298    0.0060398481661196966
3.233617021276596    0.007208578882986831
3.2354255319148937    0.00876332913604994
3.2372340425531916    0.010256754961214103
3.2390425531914895    0.011329638586011133
3.2408510638297874    0.01213929574834442
3.2426595744680853    0.013189754223035826
3.244468085106383    0.014730734279050492
3.246276595744681    0.016411490048693134
3.248085106382979    0.01759620679997377
3.249893617021277    0.017997733486095603
3.251702127659575    0.017945123806107577
3.2535106382978722    0.018036404815451657
3.25531914893617    0.018590996556774653
3.257127659574468    0.019450268114998767
3.258936170212766    0.02021681821187024
3.260744680851064    0.020583560389228206
3.2625531914893617    0.02044811319976375
3.2643617021276596    0.019840734259941276
3.2661702127659575    0.018841601538148935
3.2679787234042554    0.01753152797736953
3.2697872340425533    0.015920554912442604
3.2715957446808512    0.013902111585372141
3.273404255319149    0.01135705451913576
3.275212765957447    0.008358213480282355
3.277021276595745    0.005210430138240841
3.278829787234043    0.0021866192451790462
3.2806382978723407    -0.0007734803997443925
3.282446808510638    -0.0039895782049601345
3.284255319148936    -0.00759415093313201
3.286063829787234    -0.011231434416066353
3.287872340425532    -0.014332663515799579
3.28968085106383    -0.01671355123231458
3.2914893617021277    -0.018788814372731198
3.2932978723404256    -0.021109179700404736
3.2951063829787235    -0.023751376291702705
3.2969148936170214    -0.026296684200033258
3.2987234042553193    -0.02841624320849875
3.300531914893617    -0.030318487030038994
3.302340425531915    -0.03248205761114832
3.304148936170213    -0.03500570204215518
3.305957446808511    -0.03740389148147513
3.307765957446809    -0.03911804519068107
3.3095744680851067    -0.04010554985261426
3.311382978723404    -0.04077674267871309
3.313191489361702    -0.041391955883291184
3.315    -0.0417180416829291
3.316808510638298    -0.04138821388083479
3.3186170212765957    -0.04047696298326996
3.3204255319148936    -0.03951023613472884
3.3222340425531915    -0.03886437847817861
3.3240425531914894    -0.03831413005172232
3.3258510638297873    -0.03731732225908452
3.3276595744680852    -0.0356857150913817
3.329468085106383    -0.03379460427503646
3.331276595744681    -0.03206985604624926
3.333085106382979    -0.030410657733237347
3.334893617021277    -0.028286119025979932
3.3367021276595747    -0.025388066918807843
3.3385106382978726    -0.022022116196576548
3.34031914893617    -0.01875232037919012
3.342127659574468    -0.015743977960464214
3.343936170212766    -0.012604579918778107
3.345744680851064    -0.008886755625099545
3.3475531914893617    -0.004614899418757465
3.3493617021276596    -0.00021827009381422853
3.3511702127659575    0.003981750976755865
3.3529787234042554    0.008063169729974637
3.3547872340425533    0.012251514601485476
3.356595744680851    0.016515814227356873
3.358404255319149    0.020564293643225817
3.360212765957447    0.024232571458458467
3.362021276595745    0.02773140558070121
3.363829787234043    0.03140331274214988
3.3656382978723407    0.03527485257585249
3.3674468085106386    0.03896105288971182
3.369255319148936    0.04204474244929408
3.371063829787234    0.044471529645169365
3.372872340425532    0.046493516651938495
3.3746808510638298    0.04825192171887618
3.3764893617021277    0.049512348182467934
3.3782978723404256    0.049855881988412766
3.3801063829787235    0.049078220387890927
3.3819148936170214    0.04733873303685219
3.3837234042553193    0.04494769060070874
3.385531914893617    0.04210793729102242
3.387340425531915    0.038909871536066266
3.389148936170213    0.035493890220824685
3.390957446808511    0.032079518166336383
3.3927659574468088    0.028788975218189315
3.3945744680851067    0.025527381449110584
3.3963829787234046    0.022141092798323235
3.398191489361702    0.018692581799597305
3.4    0.015484266464031178
3.401808510638298    0.012749243818982962
3.4036170212765957    0.010364451426746774
3.4054255319148936    0.007951057299104433
3.4072340425531915    0.005256731202196083
3.4090425531914894    0.002353705448403005
3.4108510638297873    -0.0005804435088051817
3.412659574468085    -0.0035841640538422518
3.414468085106383    -0.0068769374971289895
3.416276595744681    -0.010490459012228056
3.418085106382979    -0.014076827570380257
3.419893617021277    -0.0172203106025115
3.4217021276595747    -0.01990645978760818
3.4235106382978726    -0.02252039895065229
3.4253191489361705    -0.02529533500689663
3.427127659574468    -0.027866440194933235
3.428936170212766    -0.029534763258885537
3.4307446808510638    -0.029991786294005243
3.4325531914893617    -0.02964422661321056
3.4343617021276596    -0.029125888575390835
3.4361702127659575    -0.02858066650306114
3.4379787234042554    -0.02759496796984167
3.4397872340425533    -0.02584491484968368
3.441595744680851    -0.023616196151183905
3.443404255319149    -0.021519929945257858
3.445212765957447    -0.019772257711183933
3.447021276595745    -0.017984778926591158
3.4488297872340428    -0.015759869085307514
3.4506382978723407    -0.013328564803688148
3.4524468085106386    -0.011385324828781664
3.4542553191489365    -0.010293979305930047
3.456063829787234    -0.009653235479850732
3.457872340425532    -0.008761357653883965
3.4596808510638297    -0.00738608650340921
3.4614893617021276    -0.005891379844639244
3.4632978723404255    -0.004635571446231022
3.4651063829787234    -0.0034865841412139754
3.4669148936170213    -0.0020878400260219794
3.468723404255319    -0.00047247921155005703
3.470531914893617    0.0008378741970409118
3.472340425531915    0.0013993812530053247
3.474148936170213    0.0013227888613334593
3.475957446808511    0.0010372679527923076
3.4777659574468087    0.0006916413819262144
3.4795744680851066    2.3044848033820743e-05
3.4813829787234045    -0.0011456362626913986
3.4831914893617024    -0.0025103778299449394
3.4850000000000003    -0.003597706529938795
3.4868085106382978    -0.004396769605009062
3.4886170212765957    -0.005429027566589995
3.4904255319148936    -0.007089256519857295
3.4922340425531915    -0.009084407266454854
3.4940425531914894    -0.01071564338007791
3.4958510638297873    -0.011664421694591896
3.497659574468085    -0.012285826935497353
3.499468085106383    -0.013061292876177404
3.501276595744681    -0.013956416694238413
3.503085106382979    -0.01451379842938878
3.5048936170212768    -0.014493916227530806
3.5067021276595747    -0.014148066348364522
3.5085106382978726    -0.013751043445356048
3.5103191489361705    -0.013079550747856473
3.5121276595744684    -0.011626451645138262
3.5139361702127663    -0.009322803899233404
3.5157446808510637    -0.00678550743079042
3.5175531914893616    -0.00468469693697722
3.5193617021276595    -0.003002442087407395
3.5211702127659574    -0.0011511977660020834
3.5229787234042553    0.0011722758575650558
3.5247872340425532    0.003489786751070237
3.526595744680851    0.005055657731535131
3.528404255319149    0.0057465455518312305
3.530212765957447    0.006219930229734575
3.532021276595745    0.007173845213713869
3.5338297872340427    0.00865324387682819
3.5356382978723406    0.010213108765061858
3.5374468085106385    0.011607500496053582
3.5392553191489364    0.013051656705246715
3.5410638297872343    0.01476787094893753
3.5428723404255322    0.01652017811054505
3.5446808510638297    0.017827930544315973
3.5464893617021276    0.018586945336167116
3.5482978723404255    0.019244975833855746
3.5501063829787234    0.020256404589265267
3.5519148936170213    0.021493348599356046
3.553723404255319    0.022352534780447554
3.555531914893617    0.02240749345863273
3.557340425531915    0.02179107616982548
3.559148936170213    0.020886934724859432
3.560957446808511    0.01979344508565225
3.5627659574468087    0.01824924496360305
3.5645744680851066    0.016054679427562432
3.5663829787234045    0.013399461202906339
3.5681914893617024    0.010692652932158087
3.5700000000000003    0.008156324433483995
3.571808510638298    0.005693627930012858
3.5736170212765956    0.0031240374992363706
3.5754255319148935    0.00042263876433147347
3.5772340425531914    -0.0023134475419752188
3.5790425531914893    -0.005032436710047395
3.5808510638297872    -0.007750152490942932
3.582659574468085    -0.01041943475234872
3.584468085106383    -0.012873991160295289
3.586276595744681    -0.014943463789716702
3.588085106382979    -0.01657538595208734
3.5898936170212767    -0.01780517017264201
3.5917021276595746    -0.01865273720420631
3.5935106382978725    -0.01911617722800495
3.5953191489361704    -0.01924894523084707
3.5971276595744683    -0.01915286535752068
3.5989361702127662    -0.01885231233915952
3.600744680851064    -0.018236597659034123
3.6025531914893616    -0.01720521516495251
3.6043617021276595    -0.015860767461573656
3.6061702127659574    -0.014483974023144983
3.6079787234042553    -0.013288065229545391
3.609787234042553    -0.01224572320262925
3.611595744680851    -0.011196495492393474
3.613404255319149    -0.010080850726380677
3.615212765957447    -0.008999394256675827
