0.0    0.0
0.0018085106382978724    0.0
0.003617021276595745    0.0
0.005425531914893617    0.0
0.00723404255319149    0.0
0.009042553191489363    0.0
0.010851063829787235    0.0
0.012659574468085107    0.0
0.01446808510638298    0.0
0.016276595744680853    0.0
0.018085106382978725    0.0
0.019893617021276597    0.0
0.02170212765957447    0.0
0.023510638297872342    0.0
0.025319148936170214    0.0
0.027127659574468086    0.0
0.02893617021276596    0.0
0.03074468085106383    0.0
0.032553191489361706    0.0
0.03436170212765958    0.0
0.03617021276595745    0.0
0.03797872340425532    0.0
0.039787234042553195    0.0
0.04159574468085107    0.0
0.04340425531914894    0.0
0.04521276595744681    0.0
0.047021276595744683    0.0
0.048829787234042556    0.0
0.05063829787234043    0.0
0.0524468085106383    0.0
0.05425531914893617    0.0
0.056063829787234044    0.0
0.05787234042553192    0.0
0.05968085106382979    0.0
0.06148936170212766    0.0
0.06329787234042554    0.0
0.06510638297872341    0.0
0.06691489361702128    0.0
0.06872340425531916    0.0
0.07053191489361703    0.0
0.0723404255319149    0.0
0.07414893617021277    0.0
0.07595744680851065    0.0
0.07776595744680852    0.0
0.07957446808510639    0.0
0.08138297872340426    0.0
0.08319148936170213    0.0
0.085    0.0
0.08680851063829788    0.0
0.08861702127659575    0.0
0.09042553191489362    0.0
0.0922340425531915    0.0
0.09404255319148937    0.0
0.09585106382978724    0.0
0.09765957446808511    0.0
0.09946808510638298    0.0
0.10127659574468086    0.0
0.10308510638297873    0.0
0.1048936170212766    0.0
0.10670212765957447    0.0
0.10851063829787234    0.0
0.11031914893617022    0.0
0.11212765957446809    0.0
0.11393617021276596    0.0
0.11574468085106383    0.0
0.1175531914893617    0.0
0.11936170212765958    0.0
0.12117021276595745    0.0
0.12297872340425532    0.0
0.1247872340425532    0.0
0.12659574468085108    0.0
0.12840425531914895    0.0
0.13021276595744682    0.0
0.1320212765957447    0.0
0.13382978723404257    0.0
0.13563829787234044    0.0
0.1374468085106383    0.0
0.13925531914893619    0.0
0.14106382978723406    0.0
0.14287234042553193    0.0
0.1446808510638298    0.0
0.14648936170212767    0.0
0.14829787234042555    0.0
0.15010638297872342    0.0
0.1519148936170213    0.0
0.15372340425531916    0.0
0.15553191489361703    0.0
0.1573404255319149    0.0
0.15914893617021278    0.0
0.16095744680851065    0.0
0.16276595744680852    0.0
0.1645744680851064    0.0
0.16638297872340427    0.0
0.16819148936170214    0.0
0.17    0.0
0.17180851063829788    0.0
0.17361702127659576    0.0
0.17542553191489363    0.0
0.1772340425531915    0.0
0.17904255319148937    0.0
0.18085106382978725    0.0
0.18265957446808512    0.0
0.184468085106383    0.0
0.18627659574468086    0.0
0.18808510638297873    0.0
0.1898936170212766    0.0
0.19170212765957448    0.0
0.19351063829787235    0.0
0.19531914893617022    0.0
0.1971276595744681    0.0
0.19893617021276597    0.0
0.20074468085106384    0.0
0.2025531914893617    0.0
0.20436170212765958    0.0
0.20617021276595746    0.0
0.20797872340425533    0.0
0.2097872340425532    0.0
0.21159574468085107    0.0
0.21340425531914894    0.0
0.21521276595744682    0.0
0.2170212765957447    0.0
0.21882978723404256    0.0
0.22063829787234043    0.0
0.2224468085106383    0.0
0.22425531914893618    0.0
0.22606382978723405    0.0
0.22787234042553192    0.0
0.2296808510638298    0.0
0.23148936170212767    1.7440909864284235e-255
0.23329787234042554    1.8484403599266498e-250
0.2351063829787234    3.28479743326245e-246
0.23691489361702128    2.3489604141431932e-242
0.23872340425531915    9.052446226155126e-239
0.24053191489361703    2.1836231927116403e-235
0.2423404255319149    3.612602095020915e-232
0.24414893617021277    4.360270529958773e-229
0.24595744680851064    4.014223319287504e-226
0.24776595744680852    2.9154156065838273e-223
0.2495744680851064    1.7149235420113405e-220
0.25138297872340426    8.344969324558359e-218
0.25319148936170216    3.4181281355708207e-215
0.255    1.1957629425338934e-212
0.2568085106382979    3.616992747975132e-210
0.25861702127659575    9.560791384308859e-208
0.26042553191489365    2.2288235833559704e-205
0.2622340425531915    4.6194626507464246e-203
0.2640425531914894    8.572978615944565e-201
0.26585106382978724    1.4336615119769728e-198
0.26765957446808514    2.172695508051523e-196
0.269468085106383    2.999207490024346e-194
0.2712765957446809    3.788589221773227e-192
0.2730851063829787    4.397826808947117e-190
0.2748936170212766    4.7092995401234274e-188
0.27670212765957447    4.6683290116430696e-186
0.27851063829787237    4.2979441186563947e-184
0.2803191489361702    3.6859827239192407e-182
0.2821276595744681    2.9528532643646683e-180
0.28393617021276596    2.2153547958629254e-178
0.28574468085106386    1.5602608346213643e-176
0.2875531914893617    1.0338886112439377e-174
0.2893617021276596    6.4592222807787944e-173
0.29117021276595745    3.8121236353356544e-171
0.29297872340425535    2.1292786587941608e-169
0.2947872340425532    1.1275298059867562e-167
0.2965957446808511    5.669719146792521e-166
0.29840425531914894    2.7114485092261883e-164
0.30021276595744684    1.2350351728727215e-162
0.3020212765957447    5.36529603049337e-161
0.3038297872340426    2.2259308659209264e-159
0.3056382978723404    8.83022527593172e-158
0.3074468085106383    3.3534042836943534e-156
0.30925531914893617    1.220509686370179e-154
0.31106382978723407    4.261886580218013e-153
0.3128723404255319    1.4292578947712983e-151
0.3146808510638298    4.6077622195603194e-150
0.31648936170212766    1.4293686142384875e-148
0.31829787234042556    4.2703118712118814e-147
0.3201063829787234    1.2297196925434026e-145
0.3219148936170213    3.4161617397720063e-144
0.32372340425531915    9.16213223769333e-143
0.32553191489361705    2.374143345117216e-141
0.3273404255319149    5.948166449727194e-140
0.3291489361702128    1.4418712561616392e-138
0.33095744680851064    3.383973712289874e-137
0.33276595744680854    7.694203814877152e-136
0.3345744680851064    1.6959202237440505e-134
0.3363829787234043    3.625861996117068e-133
0.3381914893617021    7.523693709952052e-132
0.34    1.5160238731836844e-130
0.34180851063829787    2.9680339368756335e-129
0.34361702127659577    5.648647266772773e-128
0.3454255319148936    1.0455629249887926e-126
0.3472340425531915    1.8831989573530872e-125
0.34904255319148936    3.3020671207652318e-124
0.35085106382978726    5.639181629138784e-123
0.3526595744680851    9.383770382432764e-122
0.354468085106383    1.522139409689427e-120
0.35627659574468085    2.4078323236513158e-119
0.35808510638297875    3.7159199470415716e-118
0.3598936170212766    5.596842714635763e-117
0.3617021276595745    8.230379505269943e-116
0.36351063829787233    1.182102707517418e-114
0.36531914893617023    1.6588348927931453e-113
0.3671276595744681    2.2751672297909864e-112
0.368936170212766    3.050921911606696e-111
0.3707446808510638    4.0012695512822114e-110
0.3725531914893617    5.133941594285446e-109
0.37436170212765957    6.44650225283667e-108
0.37617021276595747    7.924056351593459e-107
0.3779787234042553    9.537791104412125e-106
0.3797872340425532    1.1244708073508157e-104
0.38159574468085106    1.2988792155112637e-103
0.38340425531914896    1.4703696409240708e-102
0.3852127659574468    1.6316817180331807e-101
0.3870212765957447    1.7754425577178686e-100
0.38882978723404255    1.8947345465016814e-99
0.39063829787234045    1.983655785166758e-98
0.3924468085106383    2.0378089637781642e-97
0.3942553191489362    2.0546618229462043e-96
0.39606382978723403    2.033738208330562e-95
0.39787234042553193    1.976620495643246e-94
0.3996808510638298    1.8867682328235058e-93
0.4014893617021277    1.769180310561819e-92
0.4032978723404255    1.6299453993318618e-91
0.4051063829787234    1.4757354381938985e-90
0.40691489361702127    1.313298725754016e-89
0.40872340425531917    1.1490032140212732e-88
0.410531914893617    9.884687135296733e-88
0.4123404255319149    8.36311392742543e-87
0.41414893617021276    6.960078988597351e-86
0.41595744680851066    5.698720364739079e-85
0.4177659574468085    4.591259445588415e-84
0.4195744680851064    3.640410018083637e-83
0.42138297872340424    2.8412133102084333e-82
0.42319148936170214    2.1830416493213724e-81
0.425    1.651554560800027e-80
0.4268085106382979    1.230447788438218e-79
0.42861702127659573    9.028966598226952e-79
0.43042553191489363    6.5265152769984395e-78
0.4322340425531915    4.647888068579206e-77
0.4340425531914894    3.261536093813243e-76
0.4358510638297872    2.2554900669504533e-75
0.4376595744680851    1.5373423666515563e-74
0.43946808510638297    1.0329249490964437e-73
0.44127659574468087    6.842137750998411e-73
0.4430851063829787    4.4688417435724727e-72
0.4448936170212766    2.878275647381233e-71
0.44670212765957445    1.8283405244116288e-70
0.44851063829787235    1.1455685235579328e-69
0.4503191489361702    7.080685463820364e-69
0.4521276595744681    4.317871651957175e-68
0.45393617021276594    2.5980847806193535e-67
0.45574468085106384    1.5426737162893106e-66
0.4575531914893617    9.04022170889442e-66
0.4593617021276596    5.228949821242207e-65
0.46117021276595743    2.985557999151532e-64
0.46297872340425533    1.6828932693959692e-63
0.46478723404255323    9.365935804424298e-63
0.4665957446808511    5.146974329457593e-62
0.468404255319149    2.7931927661971056e-61
0.4702127659574468    1.4970591179326894e-60
0.4720212765957447    7.925130017465078e-60
0.47382978723404257    4.144219410904798e-59
0.47563829787234047    2.1408523991189322e-58
0.4774468085106383    1.0926381321001167e-57
0.4792553191489362    5.50996572200269e-57
0.48106382978723405    2.7456231158175082e-56
0.48287234042553195    1.352036126412628e-55
0.4846808510638298    6.580004643463645e-55
0.4864893617021277    3.1651124593164996e-54
0.48829787234042554    1.5049115810883649e-53
0.49010638297872344    7.073346309703075e-53
0.4919148936170213    3.286726200711448e-52
0.4937234042553192    1.5099367162364142e-51
0.49553191489361703    6.858701629107864e-51
0.49734042553191493    3.080659862381543e-50
0.4991489361702128    1.3683411957737904e-49
0.5009574468085106    6.010677409989132e-49
0.5027659574468085    2.6113181363029922e-48
0.5045744680851064    1.1221009062375773e-47
0.5063829787234043    4.769443029660874e-47
0.5081914893617021    2.0053692751123955e-46
0.51    8.34139643769553e-46
0.5118085106382979    3.4326310540718096e-45
0.5136170212765958    1.3976073420167946e-44
0.5154255319148936    5.63038519593534e-44
0.5172340425531915    2.2444535782948017e-43
0.5190425531914894    8.853743356541378e-43
0.5208510638297873    3.456294284896657e-42
0.5226595744680851    1.3353195038438826e-41
0.524468085106383    5.105909300164751e-41
0.5262765957446809    1.932398430137848e-40
0.5280851063829788    7.2389856188012645e-40
0.5298936170212766    2.6843400086791818e-39
0.5317021276595745    9.853646129297489e-39
0.5335106382978724    3.580769974869811e-38
0.5353191489361703    1.288237259054305e-37
0.5371276595744681    4.58854250152728e-37
0.538936170212766    1.6181999676299893e-36
0.5407446808510639    5.650498468684202e-36
0.5425531914893618    1.9536945325805405e-35
0.5443617021276596    6.688975993327453e-35
0.5461702127659575    2.267843137800043e-34
0.5479787234042554    7.6143648354798024e-34
0.5497872340425533    2.5318508662469033e-33
0.551595744680851    8.337625482388467e-33
0.5534042553191489    2.7193311993918533e-32
0.5552127659574468    8.784408207253481e-32
0.5570212765957447    2.810660574938052e-31
0.5588297872340425    8.907671249344295e-31
0.5606382978723404    2.796364827052184e-30
0.5624468085106383    8.695827799489055e-30
0.5642553191489362    2.6787282051464086e-29
0.566063829787234    8.17447279076266e-29
0.5678723404255319    2.4712494974255245e-28
0.5696808510638298    7.401353132783535e-28
0.5714893617021277    2.1961140632799148e-27
0.5732978723404255    6.455933309380504e-27
0.5751063829787234    1.8803309136135334e-26
0.5769148936170213    5.426139711167739e-26
0.5787234042553192    1.5514543841832456e-25
0.580531914893617    4.395293837054307e-25
0.5823404255319149    1.2338057247166792e-24
0.5841489361702128    3.4318184097914926e-24
0.5859574468085107    9.458641045189834e-24
0.5877659574468085    2.5832591307637073e-23
0.5895744680851064    6.99116296028004e-23
0.5913829787234043    1.8749086773978272e-22
0.5931914893617022    4.98272188226464e-22
0.595    1.3122457476728956e-21
0.5968085106382979    3.4247701733601146e-21
0.5986170212765958    8.857694921347606e-21
0.6004255319148937    2.270324237017962e-20
0.6022340425531915    5.766832574412987e-20
0.6040425531914894    1.4516871979782745e-19
0.6058510638297873    3.621583445577681e-19
0.6076595744680852    8.95399249216257e-19
0.609468085106383    2.1939680539518126e-18
0.6112765957446809    5.327718905631754e-18
0.6130851063829788    1.282186901561809e-17
0.6148936170212767    3.058169152593046e-17
0.6167021276595744    7.228903158172934e-17
0.6185106382978723    1.6934958425315112e-16
0.6203191489361702    3.9318437658317956e-16
0.6221276595744681    9.047066671979302e-16
0.6239361702127659    2.063085537263243e-15
0.6257446808510638    4.662539351062651e-15
0.6275531914893617    1.0442896474790085e-14
0.6293617021276596    2.3179784343167863e-14
0.6311702127659574    5.098987343984441e-14
0.6329787234042553    1.1115785384069611e-13
0.6347872340425532    2.401446780285322e-13
0.6365957446808511    5.141343731255664e-13
0.6384042553191489    1.0907990957114652e-12
0.6402127659574468    2.29334956265395e-12
0.6420212765957447    4.777990618494605e-12
0.6438297872340426    9.864187733368525e-12
0.6456382978723404    2.0179437517719666e-11
0.6474468085106383    4.090518648034547e-11
0.6492553191489362    8.215961110996081e-11
0.6510638297872341    1.6350735308094288e-10
0.6528723404255319    3.2240552371267287e-10
0.6546808510638298    6.298547013919606e-10
0.6564893617021277    1.2190920073079664e-09
0.6582978723404256    2.337627455148279e-09
0.6601063829787234    4.440586020480398e-09
0.6619148936170213    8.356296355076975e-09
0.6637234042553192    1.5576762392621282e-08
0.6655319148936171    2.876142810361071e-08
0.6673404255319149    5.26008089547675e-08
0.6691489361702128    9.527976150046629e-08
0.6709574468085107    1.709272597135639e-07
0.6727659574468086    3.036680923473097e-07
0.6745744680851063    5.342411928513137e-07
0.6763829787234042    9.306739949178421e-07
0.6781914893617021    1.6052760005917439e-06
0.68    2.741333761507827e-06
0.6818085106382978    4.634473801069349e-06
0.6836170212765957    7.755851739078953e-06
0.6854255319148936    1.2847280707187078e-05
0.6872340425531915    2.1062280677528206e-05
0.6890425531914893    3.41719243764234e-05
0.6908510638297872    5.486029383428441e-05
0.6926595744680851    8.714119041162234e-05
0.694468085106383    0.00013693502516561815
0.6962765957446809    0.00021285170304440092
0.6980851063829787    0.0003272303783794005
0.6998936170212766    0.0004974880491405789
0.7017021276595745    0.0007478230806937383
0.7035106382978724    0.0011113030512612074
0.7053191489361702    0.0016323342229858752
0.7071276595744681    0.002369457595623039
0.708936170212766    0.003398339495015444
0.7107446808510639    0.004814720261173421
0.7125531914893617    0.006736953446472649
0.7143617021276596    0.009307616019464627
0.7161702127659575    0.012693511005993545
0.7179787234042554    0.017083240968495825
0.7197872340425532    0.022681437561668828
0.7215957446808511    0.029698732977540464
0.723404255319149    0.03833670406676338
0.7252127659574469    0.04876736004902337
0.7270212765957447    0.06110732022365941
0.7288297872340426    0.07538765435592196
0.7306382978723405    0.0915214094151722
0.7324468085106384    0.10927203848343689
0.7342553191489362    0.12822712831924193
0.7360638297872341    0.1477827682320944
0.737872340425532    0.16714433557202968
0.7396808510638299    0.18534909202681193
0.7414893617021276    0.20131452539351496
0.7432978723404255    0.21391367984889242
0.7451063829787234    0.22207483495555524
0.7469148936170213    0.22489812988532193
0.7487234042553191    0.22177670575829067
0.750531914893617    0.2125055708769163
0.7523404255319149    0.1973587934220707
0.7541489361702128    0.177115917176967
0.7559574468085106    0.15302254851033753
0.7577659574468085    0.12667819257401958
0.7595744680851064    0.09985610946568299
0.7613829787234043    0.07427371317058559
0.7631914893617021    0.0513453951710279
0.765    0.03195952714093696
0.7668085106382979    0.01632463188915728
0.7686170212765958    0.003923892764941896
0.7704255319148936    -0.006398533372770186
0.7722340425531915    -0.016220097767550977
0.7740425531914894    -0.027220714440846686
0.7758510638297873    -0.040818391676231164
0.7776595744680851    -0.05783461098434488
0.779468085106383    -0.07826780342999202
0.7812765957446809    -0.10123777987669587
0.7830851063829788    -0.12513017379680497
0.7848936170212766    -0.14792361702029233
0.7867021276595745    -0.16763393134300736
0.7885106382978724    -0.1827721245029808
0.7903191489361703    -0.1926987048990313
0.7921276595744681    -0.1977734005740429
0.793936170212766    -0.19924649472235534
0.7957446808510639    -0.19890605597571026
0.7975531914893618    -0.1985667362026956
0.7993617021276596    -0.19953915858967836
0.8011702127659575    -0.20223539608650176
0.8029787234042554    -0.20603599254331767
0.8047872340425533    -0.20947162986667356
0.806595744680851    -0.2106767200130507
0.808404255319149    -0.20798206094486843
0.8102127659574468    -0.20046009546876287
0.8120212765957447    -0.18824116466928503
0.8138297872340425    -0.17248638586357024
0.8156382978723404    -0.155014572248602
0.8174468085106383    -0.13770110620033166
0.8192553191489362    -0.12185311402186372
0.821063829787234    -0.10778321558801918
0.8228723404255319    -0.09474146120149746
0.8246808510638298    -0.08123925873261842
0.8264893617021277    -0.06565347379055567
0.8282978723404255    -0.04688829707211306
0.8301063829787234    -0.024842540236042293
0.8319148936170213    -0.0004978344605739982
0.8337234042553192    0.024412345776661643
0.835531914893617    0.04802589703613086
0.8373404255319149    0.06901837352872318
0.8391489361702128    0.08703906102953986
0.8409574468085107    0.10273293215807243
0.8427659574468085    0.11733525620174994
0.8445744680851064    0.13200821861726558
0.8463829787234043    0.14720460239418642
0.8481914893617022    0.16233859198765616
0.85    0.17591514120608198
0.8518085106382979    0.1860697038537587
0.8536170212765958    0.19128701622288846
0.8554255319148937    0.1909851629935841
0.8572340425531915    0.1857105392060865
0.8590425531914894    0.1768669750091697
0.8608510638297873    0.1661176641420496
0.8626595744680852    0.15474991159682916
0.864468085106383    0.1433055631210738
0.8662765957446809    0.13164481966533814
0.8680851063829788    0.11939127189268134
0.8698936170212767    0.10650919044543078
0.8717021276595744    0.09369033271671301
0.8735106382978723    0.08231785166898781
0.8753191489361702    0.07398806762723387
0.8771276595744681    0.06980124792998443
0.8789361702127659    0.06976232151766676
0.8807446808510638    0.07259250200185915
0.8825531914893617    0.07606030738118799
0.8843617021276596    0.07769229334218544
0.8861702127659574    0.07554705274030876
0.8879787234042553    0.06872091693881557
0.8897872340425532    0.05740483718959655
0.8915957446808511    0.042544760993896244
0.8934042553191489    0.02534500487169733
0.8952127659574468    0.0068957266676660245
0.8970212765957447    -0.011914595168394692
0.8988297872340426    -0.030245880012783756
0.9006382978723404    -0.04712077947452838
0.9024468085106383    -0.061437140826757115
0.9042553191489362    -0.07227311459814426
0.9060638297872341    -0.07936616902130986
0.9078723404255319    -0.0834884755717365
0.9096808510638298    -0.08644147354616827
0.9114893617021277    -0.09056532980655796
0.9132978723404256    -0.09791499071176221
0.9151063829787234    -0.10945064946693531
0.9169148936170213    -0.12461288211262181
0.9187234042553192    -0.14148353736116412
0.9205319148936171    -0.15746176241048546
0.9223404255319149    -0.1701546581055112
0.9241489361702128    -0.1781103590189866
0.9259574468085107    -0.18113165570022263
0.9277659574468086    -0.1801243071283146
0.9295744680851065    -0.17663136315136888
0.9313829787234043    -0.1722871239985501
0.9331914893617022    -0.1683770938926548
0.935    -0.1655769629260693
0.936808510638298    -0.16385313018778155
0.9386170212765957    -0.16248972303247397
0.9404255319148936    -0.1602434856021269
0.9422340425531915    -0.15565311456207873
0.9440425531914894    -0.14748995710202747
0.9458510638297872    -0.13523911176569423
0.9476595744680851    -0.1194130401137937
0.949468085106383    -0.10150703675189743
0.9512765957446809    -0.08353915383096891
0.9530851063829787    -0.06732242556035992
0.9548936170212766    -0.053779398980274895
0.9567021276595745    -0.042622873762424324
0.9585106382978724    -0.03256770514187142
0.9603191489361702    -0.021984029987047397
0.9621276595744681    -0.009688470355543245
0.963936170212766    0.0044895870308944595
0.9657446808510639    0.01960940669402337
0.9675531914893617    0.03400369087195251
0.9693617021276596    0.04594945965558707
0.9711702127659575    0.05432661488441924
0.9729787234042554    0.059003408976571414
0.9747872340425532    0.06082270263897821
0.9765957446808511    0.061223458380741794
0.978404255319149    0.06165956963615879
0.9802127659574469    0.06304284777379605
0.9820212765957447    0.06542867581074933
0.9838297872340426    0.06807948660146772
0.9856382978723405    0.06989406988598355
0.9874468085106384    0.07002186554406166
0.9892553191489362    0.06836759527651955
0.9910638297872341    0.06571207837001407
0.992872340425532    0.0633535315326871
0.9946808510638299    0.062437052632620796
0.9964893617021277    0.0633392536435445
0.9982978723404256    0.06547178236371064
1.0001063829787233    0.06763574168166032
1.0019148936170212    0.06872466625410446
1.0037234042553191    0.06834849892584775
1.005531914893617    0.06699305161890957
1.007340425531915    0.06562526089260377
1.0091489361702128    0.06501416812068954
1.0109574468085107    0.06521813500552771
1.0127659574468086    0.06556544624659884
1.0145744680851063    0.06511460745650523
1.0163829787234042    0.06326197672102805
1.0181914893617021    0.06008838120570002
1.02    0.05624441931378876
1.021808510638298    0.05250209491342239
1.0236170212765958    0.04930678133006282
1.0254255319148937    0.046612914390811236
1.0272340425531916    0.044045789413003245
1.0290425531914893    0.04120351870697436
1.0308510638297872    0.037867560869249056
1.032659574468085    0.03403073048738242
1.034468085106383    0.029827333678828685
1.036276595744681    0.025498606360062376
1.0380851063829788    0.021420561583631384
1.0398936170212767    0.018088210449967765
1.0417021276595746    0.01594665810552874
1.0435106382978723    0.01511382129378254
1.0453191489361702    0.015209171757443563
1.047127659574468    0.015499256719794349
1.048936170212766    0.015344737699830933
1.0507446808510639    0.014651549275754218
1.0525531914893618    0.01394957881046189
1.0543617021276597    0.01396621216979052
1.0561702127659576    0.014972269368856053
1.0579787234042553    0.016417854275474236
1.0597872340425532    0.017206528648364347
1.061595744680851    0.016465022996226812
1.063404255319149    0.01423288131868064
1.0652127659574468    0.011499057598709693
1.0670212765957447    0.00949556655840525
1.0688297872340426    0.008760712934534651
1.0706382978723405    0.008710264501029737
1.0724468085106382    0.008086320522281844
1.0742553191489361    0.00595854655128303
1.076063829787234    0.002490888298631762
1.077872340425532    -0.0011466516453774115
1.0796808510638298    -0.003661730595297636
1.0814893617021277    -0.004616260440331366
1.0832978723404256    -0.004722079378258507
1.0851063829787235    -0.005247252079362602
1.0869148936170212    -0.007053159261770194
1.088723404255319    -0.010058560522582733
1.090531914893617    -0.013521156621414282
1.092340425531915    -0.016801617331923202
1.0941489361702128    -0.0198715998398546
1.0959574468085107    -0.02310284306125053
1.0977659574468086    -0.026576903399000658
1.0995744680851065    -0.029638985825590297
1.1013829787234042    -0.031223857592167746
1.103191489361702    -0.030760349036520467
1.105    -0.028864498562924473
1.1068085106382979    -0.027130231640806378
1.1086170212765958    -0.027078909623326583
1.1104255319148937    -0.02908731605120802
1.1122340425531916    -0.032186629453209575
1.1140425531914895    -0.03490893263147635
1.1158510638297872    -0.036459744243295164
1.117659574468085    -0.03721216610170097
1.119468085106383    -0.0381214821049745
1.1212765957446809    -0.03962731097703527
1.1230851063829788    -0.04107693934685755
1.1248936170212767    -0.041233650354071436
1.1267021276595746    -0.03943485523083701
1.1285106382978725    -0.03633872183296334
1.1303191489361701    -0.03353100174465172
1.132127659574468    -0.032280057296190115
1.133936170212766    -0.03251771408192368
1.1357446808510638    -0.03295815924058053
1.1375531914893617    -0.03227106136343791
1.1393617021276596    -0.030282239499576036
1.1411702127659575    -0.028138520343632775
1.1429787234042554    -0.02728774356643849
1.1447872340425531    -0.028175513608398033
1.146595744680851    -0.029805326842567467
1.148404255319149    -0.03053296622167584
1.1502127659574468    -0.02937536045229812
1.1520212765957447    -0.02668928843843145
1.1538297872340426    -0.023678964688004504
1.1556382978723405    -0.021248850436294445
1.1574468085106384    -0.019260634661978873
1.1592553191489363    -0.016814433986222073
1.161063829787234    -0.013201841160143342
1.162872340425532    -0.00859174338549138
1.1646808510638298    -0.0038301379438926524
1.1664893617021277    0.00038577199107905566
1.1682978723404256    0.004118934006337419
1.1701063829787235    0.008004929159433235
1.1719148936170214    0.012489420225089646
1.1737234042553193    0.017271088998270526
1.175531914893617    0.02150422979528222
1.1773404255319149    0.024553173295648253
1.1791489361702128    0.026555463745003657
1.1809574468085107    0.02825930316095341
1.1827659574468086    0.03032410886800497
1.1845744680851065    0.03278211817603085
1.1863829787234044    0.03516020455783258
1.1881914893617023    0.03708042969518514
1.19    0.03869485882827504
1.1918085106382978    0.04052095177029796
1.1936170212765957    0.04288523287077182
1.1954255319148936    0.04557806657173009
1.1972340425531915    0.04806841765015616
1.1990425531914894    0.050011842194552826
1.2008510638297873    0.05147636658740432
1.2026595744680852    0.052645784768987534
1.204468085106383    0.05337432817475383
1.2062765957446808    0.05317474341011374
1.2080851063829787    0.05175774667639666
1.2098936170212766    0.04957788875318315
1.2117021276595745    0.047718872494331925
1.2135106382978724    0.04707757621097674
1.2153191489361703    0.04757607224086984
1.2171276595744682    0.04821293017070372
1.218936170212766    0.04798486808052035
1.2207446808510638    0.04680697729033174
1.2225531914893617    0.045484301402111356
1.2243617021276596    0.04470485428153668
1.2261702127659575    0.04406267502009522
1.2279787234042554    0.042194386124984794
1.2297872340425533    0.03804893232063677
1.2315957446808512    0.032109629961149765
1.2334042553191489    0.026288577507149052
1.2352127659574468    0.022424507062384004
1.2370212765957447    0.02071332467430237
1.2388297872340426    0.019579372893159877
1.2406382978723405    0.01718190461760334
1.2424468085106384    0.013163215107532503
1.2442553191489363    0.008952971463586073
1.2460638297872342    0.006305364487512434
1.2478723404255319    0.005480694977407422
1.2496808510638298    0.00487796949422111
1.2514893617021277    0.0025358361301759495
1.2532978723404256    -0.0019313237782538537
1.2551063829787235    -0.006875906318097518
1.2569148936170214    -0.010140358353128428
1.2587234042553193    -0.011112142722344637
1.2605319148936172    -0.011299941020339693
1.2623404255319148    -0.012841074122808126
1.2641489361702127    -0.016382333770258342
1.2659574468085106    -0.020414219869082893
1.2677659574468085    -0.022729611164727492
1.2695744680851064    -0.022594734363239423
1.2713829787234043    -0.021517331279106627
1.2731914893617022    -0.021871052874109738
1.2750000000000001    -0.024726150585500296
1.2768085106382978    -0.028978933322302593
1.2786170212765957    -0.03255321282764531
1.2804255319148936    -0.034406853048722194
1.2822340425531915    -0.03535149655187381
1.2840425531914894    -0.03696881841922063
1.2858510638297873    -0.039848671904434585
1.2876595744680852    -0.043006212413885
1.289468085106383    -0.04504739068599874
1.2912765957446808    -0.04580409088601688
1.2930851063829787    -0.0466670995942739
1.2948936170212766    -0.04920976095441332
1.2967021276595745    -0.05349889670770769
1.2985106382978724    -0.0578590378532689
1.3003191489361703    -0.06039418887381853
1.3021276595744682    -0.060768816320201854
1.303936170212766    -0.06045669791690801
1.3057446808510638    -0.06119546114563808
1.3075531914893617    -0.06318978671331417
1.3093617021276596    -0.0648598308147642
1.3111702127659575    -0.06438240328304416
1.3129787234042554    -0.061489537523178026
1.3147872340425533    -0.05775755628887949
1.3165957446808512    -0.055141046777341635
1.318404255319149    -0.05422640616624967
1.3202127659574467    -0.05388877565368562
1.3220212765957446    -0.05258360098150289
1.3238297872340425    -0.049897558395711666
1.3256382978723404    -0.04682081717652321
1.3274468085106383    -0.044570272950316514
1.3292553191489362    -0.043247570359308235
1.3310638297872341    -0.0417005166462916
1.332872340425532    -0.03866515993367946
1.3346808510638297    -0.03397349287627345
1.3364893617021276    -0.028618742734103184
1.3382978723404255    -0.02369485527810069
1.3401063829787234    -0.01936195547201646
1.3419148936170213    -0.01488999997284085
1.3437234042553192    -0.009665489685466152
1.3455319148936171    -0.004052286352565049
1.347340425531915    0.0008183573524496329
1.3491489361702127    0.0041264069736234935
1.3509574468085106    0.006213520393000459
1.3527659574468085    0.008337096167511588
1.3545744680851064    0.011545541234657694
1.3563829787234043    0.01573928359728522
1.3581914893617022    0.01978294616117618
1.36    0.02253195284353946
1.361808510638298    0.02381608869348078
1.3636170212765957    0.02452238276341183
1.3654255319148936    0.02577202366799565
1.3672340425531915    0.02796353619593442
1.3690425531914894    0.030489769021351615
1.3708510638297873    0.032289422918473656
1.3726595744680852    0.032696764809377915
1.374468085106383    0.031885524467206605
1.376276595744681    0.030620716224587133
1.3780851063829787    0.029614245447799538
1.3798936170212766    0.029046502754954413
1.3817021276595745    0.028606013351039662
1.3835106382978724    0.027936903850011775
1.3853191489361703    0.027057259527097068
1.3871276595744682    0.026370562078232886
1.388936170212766    0.026273426460680017
1.390744680851064    0.026739651745044363
1.3925531914893619    0.02729809793492107
1.3943617021276595    0.027464134890232
1.3961702127659574    0.027238176426729585
1.3979787234042553    0.027176759579354268
1.3997872340425532    0.027916012881287422
1.4015957446808511    0.02956143725032704
1.403404255319149    0.03152910454402511
1.405212765957447    0.03302355800008378
1.4070212765957448    0.033724434287998144
1.4088297872340425    0.034033549963523584
1.4106382978723404    0.03465035400822367
1.4124468085106383    0.03589751874515377
1.4142553191489362    0.03745165858123859
1.416063829787234    0.03870840355101309
1.417872340425532    0.03936925729652183
1.41968085106383    0.03964563394751162
1.4214893617021278    0.03991593421021764
1.4232978723404255    0.040252764805001985
1.4251063829787234    0.04033384054074767
1.4269148936170213    0.03978643820105373
1.4287234042553192    0.03853565859307385
1.430531914893617    0.03677042999940346
1.432340425531915    0.034629845444326325
1.4341489361702129    0.03205027026160621
1.4359574468085108    0.028990630997071554
1.4377659574468085    0.02573828012982051
1.4395744680851064    0.022833095888158045
1.4413829787234043    0.020579470559656046
1.4431914893617022    0.0186633143249487
1.445    0.016376212284246752
1.446808510638298    0.013309301025707421
1.4486170212765959    0.009806733335766357
1.4504255319148938    0.0066526331847042534
1.4522340425531914    0.004274178143063221
1.4540425531914893    0.0023032451278449844
1.4558510638297872    -9.450691016565406e-06
1.4576595744680851    -0.0029569728213627963
1.459468085106383    -0.006031603667408143
1.461276595744681    -0.008466739417633751
1.4630851063829788    -0.010071033336406816
1.4648936170212767    -0.011406264075892496
1.4667021276595744    -0.013070243902635087
1.4685106382978723    -0.014862368200635107
1.4703191489361702    -0.015793606401047357
1.4721276595744681    -0.015008350755981656
1.473936170212766    -0.012670824776645145
1.475744680851064    -0.009861453324155382
1.4775531914893618    -0.007568060883435694
1.4793617021276597    -0.0058228067729085495
1.4811702127659574    -0.003871634212710246
1.4829787234042553    -0.001146696864491377
1.4847872340425532    0.0020339118136898883
1.486595744680851    0.004775217320718066
1.488404255319149    0.006534000056957367
1.490212765957447    0.007623029482997516
1.4920212765957448    0.008767426743560076
1.4938297872340427    0.01026527386912739
1.4956382978723404    0.011712732541933439
1.4974468085106383    0.012558394784236232
1.4992553191489362    0.012780296115664485
1.501063829787234    0.01285861242738634
1.502872340425532    0.013076431031784522
1.5046808510638299    0.01300850903449281
1.5064893617021278    0.011873185649521719
1.5082978723404257    0.009416424154681025
1.5101063829787233    0.006326733582214184
1.5119148936170212    0.0036452348336943052
1.5137234042553191    0.0017464732521259452
1.515531914893617    -2.2979988997589565e-05
1.517340425531915    -0.002645352849671644
1.5191489361702128    -0.006409739059507041
1.5209574468085107    -0.010645140360732634
1.5227659574468086    -0.014454008127563202
1.5245744680851063    -0.017612813618411043
1.5263829787234042    -0.0206652711297518
1.5281914893617021    -0.024160720636601497
1.53    -0.02793558625814676
1.531808510638298    -0.03125662197462507
1.5336170212765958    -0.03365605919077626
1.5354255319148937    -0.03550750148752349
1.5372340425531916    -0.037677302541709035
1.5390425531914893    -0.040603521822322935
1.5408510638297872    -0.04377675151631161
1.542659574468085    -0.046162213326691626
1.544468085106383    -0.04711228985087422
1.546276595744681    -0.046844382321882275
1.5480851063829788    -0.04606486865536881
1.5498936170212767    -0.04520881433343964
1.5517021276595746    -0.044088450349895225
1.5535106382978723    -0.042229298261650214
1.5553191489361702    -0.039446295902941186
1.557127659574468    -0.036045117233001536
1.558936170212766    -0.032517909434722866
1.5607446808510639    -0.029137531254066554
1.5625531914893618    -0.025872851089602432
1.5643617021276597    -0.022615270924735753
1.5661702127659576    -0.019364849833464176
1.5679787234042553    -0.01613889843828848
1.5697872340425532    -0.012748237857675346
1.571595744680851    -0.00876811358366407
1.573404255319149    -0.0038133435646707323
1.5752127659574469    0.0021252377630306372
1.5770212765957448    0.008617920420255176
1.5788297872340427    0.015082766618014366
1.5806382978723406    0.021168431339784403
1.5824468085106382    0.026906547105690917
1.5842553191489361    0.03253444913268915
1.586063829787234    0.038177358700586674
1.587872340425532    0.043670116130967405
1.5896808510638298    0.048646170394933845
1.5914893617021277    0.05278882098738726
1.5932978723404256    0.05602378026517186
1.5951063829787235    0.05850573117587745
1.5969148936170212    0.06043326655911876
1.5987234042553191    0.06186296337610895
1.600531914893617    0.06267792914614931
1.602340425531915    0.06272031649445964
1.6041489361702128    0.06195473876227876
1.6059574468085107    0.060520051099428845
1.6077659574468086    0.058649953299663424
1.6095744680851065    0.05656307296497749
1.6113829787234042    0.05441552577389824
1.613191489361702    0.05230272048347977
1.615    0.050241442637805
1.616808510638298    0.04813551029970112
1.6186170212765958    0.0458200089105056
1.6204255319148937    0.0432269746980688
1.6222340425531916    0.04053811669282792
1.6240425531914895    0.03811481349355324
1.6258510638297874    0.03618582945406529
1.627659574468085    0.03457063565651597
1.629468085106383    0.032761155459707175
1.6312765957446809    0.03034522425361648
1.6330851063829788    0.027359613606521678
1.6348936170212767    0.024181702510072928
1.6367021276595746    0.021055107355147137
1.6385106382978725    0.0177814376336098
1.6403191489361704    0.013964442369073668
1.642127659574468    0.0095653205321003
1.643936170212766    0.0051187988694874915
1.6457446808510638    0.0012898927003376932
1.6475531914893617    -0.0017931101962580403
1.6493617021276596    -0.0046765785438235945
1.6511702127659575    -0.007984976175349654
1.6529787234042554    -0.011726347019652588
1.6547872340425533    -0.015296555242566815
1.656595744680851    -0.018210654274904266
1.658404255319149    -0.020733134390089537
1.6602127659574468    -0.02364401384613908
1.6620212765957447    -0.027353164241816885
1.6638297872340426    -0.03136807387064051
1.6656382978723405    -0.034779961141407544
1.6674468085106384    -0.03728546286093538
1.6692553191489363    -0.03960067104695087
1.671063829787234    -0.04274856445301776
1.672872340425532    -0.04695407451282627
1.6746808510638298    -0.05135337600884262
1.6764893617021277    -0.054853662683900094
1.6782978723404256    -0.05722105551920586
1.6801063829787235    -0.05923402135159778
1.6819148936170214    -0.061779642423739754
1.6837234042553193    -0.06491274790080481
1.685531914893617    -0.067875459744027
1.6873404255319149    -0.06996352230807718
1.6891489361702128    -0.07121903862566017
1.6909574468085107    -0.07222467709907554
1.6927659574468086    -0.07335275506843367
1.6945744680851065    -0.07439827536897695
1.6963829787234044    -0.07497358305032895
1.6981914893617023    -0.0750913144746726
1.7    -0.07516876146318466
1.7018085106382979    -0.0754472038228477
1.7036170212765958    -0.07557345869981599
1.7054255319148937    -0.07491099682218907
1.7072340425531916    -0.07325796083229233
1.7090425531914895    -0.07113194195176112
1.7108510638297874    -0.06926302697398537
1.7126595744680853    -0.06784582577537143
1.714468085106383    -0.0663698307585493
1.7162765957446808    -0.06418173620378884
1.7180851063829787    -0.06112981017174618
1.7198936170212766    -0.05761130179622406
1.7217021276595745    -0.05405810682833548
1.7235106382978724    -0.05048393469968519
1.7253191489361703    -0.046541932844540515
1.7271276595744682    -0.041911564879934235
1.728936170212766    -0.03653386476942616
1.7307446808510638    -0.030527726457352092
1.7325531914893617    -0.024050943913859063
1.7343617021276596    -0.017351124354932274
1.7361702127659575    -0.0108741837251531
1.7379787234042554    -0.005137228010623506
1.7397872340425533    -0.0003845945124796154
1.7415957446808512    0.003589152424931526
1.7434042553191489    0.007183246963294572
1.7452127659574468    0.010549181411842115
1.7470212765957447    0.013477078455401253
1.7488297872340426    0.015761583268409284
1.7506382978723405    0.01761530517924198
1.7524468085106384    0.01961408544099768
1.7542553191489363    0.0222064401344882
1.7560638297872342    0.025346119496116128
1.7578723404255319    0.02866320120542666
1.7596808510638298    0.03194088690479333
1.7614893617021277    0.03530356237157998
1.7632978723404256    0.03889267258282495
1.7651063829787235    0.04245500666076967
1.7669148936170214    0.045392108922695636
1.7687234042553193    0.04726115252270526
1.7705319148936172    0.04815891557710331
1.7723404255319148    0.04854630801526617
1.7741489361702127    0.0487288143412954
1.7759574468085106    0.04860041637252587
1.7777659574468085    0.047920639304884945
1.7795744680851064    0.0467519597351704
1.7813829787234043    0.045515521439231425
1.7831914893617022    0.04460618336454015
1.7850000000000001    0.044032197385087686
1.7868085106382978    0.04348306361739423
1.7886170212765957    0.04269674931765206
1.7904255319148936    0.041669193745264975
1.7922340425531915    0.04050239034667912
1.7940425531914894    0.03915979830526125
1.7958510638297873    0.03748358318406598
1.7976595744680852    0.035449024174221154
1.7994680851063831    0.0333039258781234
1.8012765957446808    0.03138862162572576
1.8030851063829787    0.029847312965187882
1.8048936170212766    0.028576069484013714
1.8067021276595745    0.02743827893557979
1.8085106382978724    0.026435093173402667
1.8103191489361703    0.025596838203122446
1.8121276595744682    0.024753235642964798
1.813936170212766    0.023525140245886172
1.8157446808510638    0.021608519057860306
1.8175531914893617    0.019040553652400885
1.8193617021276596    0.016141707680959134
1.8211702127659575    0.013215117775439808
1.8229787234042554    0.010362419554598771
1.8247872340425533    0.00759696333547594
1.8265957446808512    0.0050455839826533296
1.828404255319149    0.002937617031292831
1.8302127659574468    0.0013930568506214372
1.8320212765957447    0.0003128422781655696
1.8338297872340426    -0.00045184682705640643
1.8356382978723405    -0.0008544999040884924
1.8374468085106384    -0.000659162191173323
1.8392553191489363    0.00029058863672489215
1.8410638297872342    0.0018794117027592211
1.842872340425532    0.00386408251872252
1.8446808510638297    0.006182753566789791
1.8464893617021276    0.009027535447543086
1.8482978723404255    0.012559045166180356
1.8501063829787234    0.016596597168085148
1.8519148936170213    0.02067392605390287
1.8537234042553192    0.024425812822944197
1.8555319148936171    0.027884614618846122
1.857340425531915    0.03138590158188349
1.859148936170213    0.03524362726048263
1.8609574468085106    0.039580723775890204
1.8627659574468085    0.044436600366584984
1.8645744680851064    0.04989153663308415
1.8663829787234043    0.055949279444972265
1.8681914893617022    0.06228639792878555
1.87    0.06821550577959806
1.871808510638298    0.07299764649636045
1.873617021276596    0.07623697926086803
1.8754255319148936    0.07799260735896066
1.8772340425531915    0.07854857675859417
1.8790425531914894    0.07810655822108692
1.8808510638297873    0.0766542475617571
1.8826595744680852    0.07401973773376602
1.884468085106383    0.06999371254028311
1.886276595744681    0.06447710866940642
1.8880851063829789    0.0576560115064355
1.8898936170212766    0.05008239133537287
1.8917021276595745    0.04247244911451682
1.8935106382978724    0.03526943373938107
1.8953191489361703    0.02835792801072065
1.8971276595744682    0.021274281502843745
1.898936170212766    0.013736288014860779
1.900744680851064    0.005890243052384961
1.9025531914893619    -0.0020527154438621507
1.9043617021276595    -0.01036389179465448
1.9061702127659574    -0.01977969212746957
1.9079787234042553    -0.030788340818711644
1.9097872340425532    -0.042987377007287546
1.9115957446808511    -0.055326098086636695
1.913404255319149    -0.06705773005101967
1.915212765957447    -0.07833142561316306
1.9170212765957448    -0.08970311381619187
1.9188297872340425    -0.10112725328744734
1.9206382978723404    -0.11168226777627452
1.9224468085106383    -0.12045969151476815
1.9242553191489362    -0.12761394212114346
1.9260638297872341    -0.13426683174683607
1.927872340425532    -0.14125032081262534
1.92968085106383    -0.1480743871853764
1.9314893617021278    -0.15332006248022956
1.9332978723404255    -0.15603557949047586
1.9351063829787234    -0.15655634306245203
1.9369148936170213    -0.1558627840565468
1.9387234042553192    -0.15431366035280475
1.940531914893617    -0.15128677910821364
1.942340425531915    -0.14611244669917955
1.944148936170213    -0.13911075765212155
1.9459574468085108    -0.1314493156222733
1.9477659574468085    -0.12400338393809884
1.9495744680851064    -0.11661147536626812
1.9513829787234043    -0.10861122690645683
1.9531914893617022    -0.09997286109665462
1.955    -0.0916468843397702
1.956808510638298    -0.0847220921730358
1.9586170212765959    -0.07940394113360003
1.9604255319148938    -0.07496611654458776
1.9622340425531914    -0.0706199314613524
1.9640425531914893    -0.0662286439403735
1.9658510638297872    -0.062146647498240226
1.9676595744680851    -0.05859955098841299
1.969468085106383    -0.05546441089043953
1.971276595744681    -0.052611573214406
1.9730851063829788    -0.05017987718865452
1.9748936170212767    -0.04833746089009071
1.9767021276595744    -0.046902167737833886
1.9785106382978723    -0.045455598485188375
1.9803191489361702    -0.04388827443197818
1.9821276595744681    -0.042628312969654455
1.983936170212766    -0.042137690157771746
1.985744680851064    -0.04223644657522922
1.9875531914893618    -0.042125463946815836
1.9893617021276597    -0.041132660483329433
1.9911702127659574    -0.03926526346943672
1.9929787234042553    -0.03687575306837827
1.9947872340425532    -0.03390856089030321
1.996595744680851    -0.029784291712529623
1.998404255319149    -0.024168588464155975
2.0002127659574467    -0.01765889382485547
2.0020212765957446    -0.011403226225883481
2.0038297872340425    -0.00595745088425851
2.0056382978723404    -0.0006918665770326536
2.0074468085106383    0.0055352861114136035
2.009255319148936    0.013221355580398633
2.011063829787234    0.021910344209744675
2.012872340425532    0.030975250903090012
2.01468085106383    0.040399000573600644
2.016489361702128    0.050559358425318376
2.0182978723404257    0.06138571523432304
2.0201063829787236    0.07209117734630593
2.0219148936170215    0.08190944321141566
2.0237234042553194    0.09091458753241105
2.0255319148936173    0.09986314116340325
2.0273404255319147    0.10926291481357334
2.0291489361702126    0.11887103198627255
2.0309574468085105    0.12822372521642098
2.0327659574468084    0.13739387982463622
2.0345744680851063    0.14685281105251866
2.0363829787234042    0.1565505812952542
2.038191489361702    0.1654831792923049
2.04    0.17247381981102236
2.041808510638298    0.17727915488178667
2.043617021276596    0.18058219786258342
2.0454255319148937    0.1828022483904135
2.0472340425531916    0.18324614932897823
2.0490425531914895    0.18080615321100788
2.0508510638297874    0.17543525914308114
2.0526595744680853    0.16849580286882335
2.0544680851063832    0.16136541523810874
2.0562765957446807    0.15390691592876163
2.0580851063829786    0.14473686255442483
2.0598936170212765    0.13309175811597782
2.0617021276595744    0.12006177896792172
2.0635106382978723    0.10762439682213018
2.06531914893617    0.0965619511659124
2.067127659574468    0.08574694577122574
2.068936170212766    0.07365020992413654
2.070744680851064    0.06023552201633228
2.072553191489362    0.046972130619749114
2.0743617021276597    0.03506141230667818
2.0761702127659576    0.024184045314769177
2.0779787234042555    0.013362514727313951
2.0797872340425534    0.0027956926732427244
2.0815957446808513    -0.005785829118980104
2.083404255319149    -0.010887849930235779
2.085212765957447    -0.013089042872757469
2.0870212765957445    -0.014675067176452214
2.0888297872340424    -0.017384767195679607
2.0906382978723403    -0.020823710116138226
2.0924468085106382    -0.023282560368841396
2.094255319148936    -0.023861959559529633
2.096063829787234    -0.023398040888100748
2.097872340425532    -0.02329468305149298
2.09968085106383    -0.023885734182482063
2.1014893617021277    -0.024304792092248985
2.1032978723404256    -0.023794793837685436
2.1051063829787235    -0.022646509373146835
2.1069148936170214    -0.02163407027031198
2.1087234042553193    -0.020863518998806556
2.1105319148936172    -0.019662545794887097
2.112340425531915    -0.017674851790734497
2.114148936170213    -0.015677763050045784
2.1159574468085105    -0.014968898456590472
2.1177659574468084    -0.016005391008328877
2.1195744680851063    -0.017934110952923892
2.121382978723404    -0.019528596652728245
2.123191489361702    -0.020336541590897508
2.125    -0.02071365004983106
2.126808510638298    -0.020937560192420556
2.128617021276596    -0.020728912461833438
2.1304255319148937    -0.019830204996764616
2.1322340425531916    -0.018790970460305912
2.1340425531914895    -0.018794530472269023
2.1358510638297874    -0.02062200524606771
2.1376595744680853    -0.023991605727763602
2.139468085106383    -0.028039687449965756
2.141276595744681    -0.03227233948541461
2.143085106382979    -0.036797186457641726
2.1448936170212765    -0.04167216012776859
2.1467021276595744    -0.046374243373014046
2.1485106382978723    -0.05016367326843721
2.15031914893617    -0.05285712308730944
2.152127659574468    -0.0549488079918254
2.153936170212766    -0.05689561335676857
2.155744680851064    -0.058514252423841034
2.1575531914893618    -0.05929150128682151
2.1593617021276597    -0.05917295604185405
2.1611702127659576    -0.058731234542811095
2.1629787234042555    -0.05842846052574523
2.1647872340425534    -0.05791198987615723
2.1665957446808513    -0.05628284930071879
2.168404255319149    -0.05302912988248441
2.170212765957447    -0.04845640566496662
2.172021276595745    -0.04311260047450104
2.1738297872340424    -0.03702456790537173
2.1756382978723403    -0.029796002206417913
2.177446808510638    -0.021447718788116188
2.179255319148936    -0.012853107427618096
2.181063829787234    -0.00510709792762391
2.182872340425532    0.0014459439679064072
2.18468085106383    0.007324162045329548
2.1864893617021277    0.013035612322203901
2.1882978723404256    0.018344000594473827
2.1901063829787235    0.022599534707418847
2.1919148936170214    0.025677251902636238
2.1937234042553193    0.028283618487848102
2.195531914893617    0.031212362109729903
2.197340425531915    0.034472822068336684
2.199148936170213    0.03734290120438356
2.200957446808511    0.03918135202309374
2.2027659574468084    0.039888789462689214
2.2045744680851063    0.039464963328860375
2.206382978723404    0.03740322748793193
2.208191489361702    0.03294372537180451
2.21    0.026057340856228142
2.211808510638298    0.01794101725225932
2.2136170212765958    0.010243446331886983
2.2154255319148937    0.0037372396135946905
2.2172340425531916    -0.002138276783821026
2.2190425531914895    -0.008411097709686705
2.2208510638297874    -0.015406335534211998
2.2226595744680853    -0.022511856807994914
2.224468085106383    -0.02893174985893873
2.226276595744681    -0.03441051980613248
2.228085106382979    -0.03918678116027316
2.229893617021277    -0.0435120341961876
2.2317021276595743    -0.047493521489020585
2.233510638297872    -0.051358093956263146
2.23531914893617    -0.055532365082827995
2.237127659574468    -0.06020407194156924
2.238936170212766    -0.06486944279969914
2.240744680851064    -0.06855876494002505
2.2425531914893617    -0.0706292813596639
2.2443617021276596    -0.0712612057131353
2.2461702127659575    -0.07111775998982112
2.2479787234042554    -0.0706479479298604
2.2497872340425533    -0.06990052354784299
2.251595744680851    -0.06897004210323532
2.253404255319149    -0.06830803746604222
2.255212765957447    -0.06830525575634333
2.257021276595745    -0.06858794962813294
2.258829787234043    -0.06799863077243462
2.2606382978723403    -0.06548735065736211
2.262446808510638    -0.0610081752187778
2.264255319148936    -0.055435225971491
2.266063829787234    -0.04963318594391335
2.267872340425532    -0.04377653936603067
2.2696808510638298    -0.03763762664954043
2.2714893617021277    -0.03134310996766816
2.2732978723404256    -0.025556775028196692
2.2751063829787235    -0.020831231562599473
2.2769148936170214    -0.016963211347030917
2.2787234042553193    -0.013207514417128353
2.280531914893617    -0.009139620346481896
2.282340425531915    -0.005145018187897681
2.284148936170213    -0.001955245217551001
2.285957446808511    0.00021389729253379645
2.2877659574468088    0.0019234756381602222
2.2895744680851062    0.003918677326901297
2.291382978723404    0.006413127974053762
2.293191489361702    0.009034182840364526
2.295    0.011360732576379127
2.296808510638298    0.013327201514982501
2.2986170212765957    0.015065880671718178
2.3004255319148936    0.016541464601973747
2.3022340425531915    0.01756701701459485
2.3040425531914894    0.01821204627151269
2.3058510638297873    0.019011251038888462
2.3076595744680852    0.02056559532296775
2.309468085106383    0.022894295702074477
2.311276595744681    0.025289829119709964
2.313085106382979    0.026924136958451562
2.314893617021277    0.027612101691609478
2.3167021276595747    0.02793737558157333
2.3185106382978726    0.028628154631732752
2.32031914893617    0.029867090407521675
2.322127659574468    0.031249020823147303
2.323936170212766    0.032366646262234816
2.325744680851064    0.033351329921584225
2.3275531914893617    0.034821828786296735
2.3293617021276596    0.037385770514602054
2.3311702127659575    0.041278158396445705
2.3329787234042554    0.04644926239242195
2.3347872340425533    0.05282823418567116
2.336595744680851    0.060323036829584856
2.338404255319149    0.06855199147246165
2.340212765957447    0.07675769282595109
2.342021276595745    0.0842093230574305
2.343829787234043    0.09077688378789465
2.3456382978723407    0.0970213970818442
2.3474468085106386    0.10357988519803558
2.349255319148936    0.11041032161815291
2.351063829787234    0.11669311130188877
2.352872340425532    0.121529886243341
2.3546808510638297    0.12472612565795756
2.3564893617021276    0.12685269076767136
2.3582978723404255    0.12857123076459515
2.3601063829787234    0.12998915057069738
2.3619148936170213    0.13070331402100543
2.3637234042553192    0.13035762720804422
2.365531914893617    0.12897969750779764
2.367340425531915    0.12672036344536258
2.369148936170213    0.12341905285365357
2.370957446808511    0.11865350143997705
2.3727659574468087    0.11230786232484585
2.3745744680851066    0.10498331358920454
2.3763829787234045    0.09767363935722115
2.378191489361702    0.09094927138300565
2.38    0.0844719554619483
2.381808510638298    0.07731982374730573
2.3836170212765957    0.06874781321674492
2.3854255319148936    0.05861975992916474
2.3872340425531915    0.04720979570672361
2.3890425531914894    0.03477550325866595
2.3908510638297873    0.021445398731804205
2.392659574468085    0.007473203739779569
2.394468085106383    -0.006553746999472225
2.396276595744681    -0.019879668387319298
2.398085106382979    -0.031993124450567276
2.399893617021277    -0.0428981475603593
2.4017021276595747    -0.05302060939480745
2.4035106382978726    -0.06285780626096325
2.4053191489361705    -0.07263185881141491
2.407127659574468    -0.08213999795009032
2.408936170212766    -0.0908655738174423
2.4107446808510637    -0.09829567029430279
2.4125531914893616    -0.1042622944040701
2.4143617021276595    -0.10905714831334336
2.4161702127659574    -0.11320879919869688
2.4179787234042553    -0.11710374653681281
2.4197872340425532    -0.12077509466115662
2.421595744680851    -0.12397979566454974
2.423404255319149    -0.12637044836260242
2.425212765957447    -0.1275488610696801
2.427021276595745    -0.12708406042391723
2.4288297872340427    -0.12473290650062496
2.4306382978723406    -0.12080913656470299
2.4324468085106385    -0.11625852202108283
2.4342553191489364    -0.11213565462304989
2.436063829787234    -0.10884422660679077
2.437872340425532    -0.10591300049873795
2.4396808510638297    -0.10260517008599876
2.4414893617021276    -0.09873783666466737
2.4432978723404255    -0.09482061163493341
2.4451063829787234    -0.09140486258412503
2.4469148936170213    -0.08846444608053292
2.448723404255319    -0.08555752148508569
2.450531914893617    -0.08251900251204533
2.452340425531915    -0.07976423027921942
2.454148936170213    -0.07780979953982145
2.455957446808511    -0.07666358653010802
2.4577659574468087    -0.07592449347652913
2.4595744680851066    -0.07547931055226328
2.4613829787234045    -0.07582623556376494
2.4631914893617024    -0.07747051046412734
2.465    -0.08006519461568845
2.4668085106382978    -0.08242389965479532
2.4686170212765957    -0.08353967535120291
2.4704255319148936    -0.08348514428602613
2.4722340425531915    -0.08313721523095277
2.4740425531914894    -0.0830386603072385
2.4758510638297873    -0.08271705588274736
2.477659574468085    -0.08120149940526736
2.479468085106383    -0.07804927392701344
2.481276595744681    -0.07367458070586436
2.483085106382979    -0.06872435295698537
2.4848936170212768    -0.06339769600594361
2.4867021276595747    -0.0575288057414428
2.4885106382978726    -0.051166075668691885
2.4903191489361705    -0.04476059402968796
2.4921276595744684    -0.038689422516766506
2.493936170212766    -0.032787334563438075
2.4957446808510637    -0.026553188269651362
2.4975531914893616    -0.01977191647912257
2.4993617021276595    -0.012719670823155324
2.5011702127659574    -0.00566990777328363
2.5029787234042553    0.001650395202570808
2.504787234042553    0.00992785517407463
2.506595744680851    0.019586395059456738
2.508404255319149    0.030359193444288647
2.510212765957447    0.04153845446908371
2.512021276595745    0.05249819306217648
2.5138297872340427    0.06288214366771316
2.5156382978723406    0.072439912973604
2.5174468085106385    0.08096520159468959
2.5192553191489364    0.08848977365175065
2.5210638297872343    0.09533582373705274
2.5228723404255318    0.10172940549126996
2.5246808510638297    0.10736351242867609
2.5264893617021276    0.11156639901955451
2.5282978723404255    0.11405494762359306
2.5301063829787234    0.11543132562921948
2.5319148936170213    0.11674509005886885
2.533723404255319    0.11850878717330793
2.535531914893617    0.12023066087959863
2.537340425531915    0.12095083665955123
2.539148936170213    0.12013655900265005
2.5409574468085108    0.11798085680025899
2.5427659574468087    0.11495540496415749
2.5445744680851066    0.11130009961796472
2.5463829787234045    0.1069913578139843
2.5481914893617024    0.1019784303715758
2.5500000000000003    0.09621493897849326
2.551808510638298    0.08952160359502237
2.5536170212765956    0.0817234357144841
2.5554255319148935    0.07311101955177407
2.5572340425531914    0.06462480922865277
2.5590425531914893    0.05729789010090364
2.560851063829787    0.05141071840040777
2.562659574468085    0.0463162534200741
2.564468085106383    0.04119241113594607
2.566276595744681    0.035863050170610936
2.568085106382979    0.03074031245278909
2.5698936170212767    0.026055860927986244
2.5717021276595746    0.02145510147000567
2.5735106382978725    0.016533532556693174
2.5753191489361704    0.011618131417102148
2.5771276595744683    0.007708617412914023
2.578936170212766    0.005533428094504564
2.580744680851064    0.004820089685326864
2.5825531914893616    0.004649424847080743
2.5843617021276595    0.004444788895295464
2.5861702127659574    0.004415500392749044
2.5879787234042553    0.005017130080491957
2.589787234042553    0.006204416235225083
2.591595744680851    0.0073999417657206225
2.593404255319149    0.008103351937435938
2.595212765957447    0.008296673532644986
2.5970212765957448    0.008206238692727295
2.5988297872340427    0.007884134835432937
2.6006382978723406    0.0072107451663365255
2.6024468085106385    0.006198160052702005
2.6042553191489364    0.005010361607685712
2.6060638297872343    0.00359868551240408
2.607872340425532    0.0015476826907705951
2.60968085106383    -0.001456112436110521
2.6114893617021275    -0.005023558011135879
2.6132978723404254    -0.008176157803338979
2.6151063829787233    -0.010208703195054899
2.6169148936170212    -0.01134944943661493
2.618723404255319    -0.012435263013677558
2.620531914893617    -0.014003301817086523
2.622340425531915    -0.015894756009366698
2.624148936170213    -0.017771605701000094
2.6259574468085107    -0.019777599217680922
2.6277659574468086    -0.022452674385852023
2.6295744680851065    -0.0260505553133751
2.6313829787234044    -0.030192282821235185
2.6331914893617023    -0.034286722360954626
2.6350000000000002    -0.038096949143120444
2.636808510638298    -0.041687948838141704
2.638617021276596    -0.04492808479278255
2.6404255319148935    -0.04739100742722251
2.6422340425531914    -0.048931098223420934
2.6440425531914893    -0.0501560109398602
2.645851063829787    -0.051995199061861265
2.647659574468085    -0.054708972735331034
2.649468085106383    -0.057509245058961635
2.651276595744681    -0.05931542084133822
2.653085106382979    -0.05981184381337364
2.6548936170212767    -0.059628815277440995
2.6567021276595746    -0.05955825283381542
2.6585106382978725    -0.059818572500042
2.6603191489361704    -0.06013498956104613
2.6621276595744683    -0.060260081319178364
2.663936170212766    -0.06010306502955249
2.665744680851064    -0.05939196545880145
2.667553191489362    -0.05758012536264039
2.6693617021276594    -0.054356112262998225
2.6711702127659573    -0.05013487441189273
2.6729787234042552    -0.045770683047335996
2.674787234042553    -0.04174942480317833
2.676595744680851    -0.03790278632535873
2.678404255319149    -0.034050175515199836
2.680212765957447    -0.030672378481628078
2.6820212765957447    -0.0285552127741572
2.6838297872340426    -0.027691506727959142
2.6856382978723405    -0.02687568749754192
2.6874468085106384    -0.024739250701694596
2.6892553191489363    -0.021169453445927737
2.6910638297872342    -0.017418371971530205
2.692872340425532    -0.01468101209842261
2.69468085106383    -0.01276728771991991
2.696489361702128    -0.010420990396817494
2.6982978723404254    -0.006894066034144747
2.7001063829787233    -0.002922646850471328
2.701914893617021    -9.156007836528049e-06
2.703723404255319    0.001100957555426132
2.705531914893617    0.001044818056753834
2.707340425531915    0.0010480970751646538
2.709148936170213    0.0017727793996065858
2.7109574468085107    0.0030042479020966177
2.7127659574468086    0.0041931208978930315
2.7145744680851065    0.005009739566488608
2.7163829787234044    0.005430598333808617
2.7181914893617023    0.005636510342812176
2.72    0.006032611784558756
2.721808510638298    0.007167455542629822
2.723617021276596    0.009274113326185947
2.725425531914894    0.011808606111661468
2.7272340425531914    0.013708480915367877
2.7290425531914893    0.014379442858276085
2.730851063829787    0.014403376103420983
2.732659574468085    0.01505295186075178
2.734468085106383    0.017002716986273512
2.736276595744681    0.019619222650402935
2.7380851063829788    0.021615780385548792
2.7398936170212767    0.022324593436705068
2.7417021276595746    0.022197207586724773
2.7435106382978725    0.022119947410559653
2.7453191489361704    0.02247763230817094
2.7471276595744683    0.023011750001205398
2.748936170212766    0.023415228375972905
2.750744680851064    0.023762494555923306
2.752553191489362    0.0242700968406401
2.75436170212766    0.02484455541390976
2.7561702127659573    0.02510466480998076
2.757978723404255    0.024858970243476778
2.759787234042553    0.02439801481522535
2.761595744680851    0.024224985844135422
2.763404255319149    0.024568806718068426
2.765212765957447    0.025237987628815902
2.7670212765957447    0.025889101221817677
2.7688297872340426    0.026317587205483686
2.7706382978723405    0.026492355792220593
2.7724468085106384    0.02645311037900033
2.7742553191489363    0.026272250178293034
2.776063829787234    0.026036695252035464
2.777872340425532    0.0257217639317474
2.77968085106383    0.02507759910228449
2.781489361702128    0.023788847478118356
2.783297872340426    0.02185648677173258
2.7851063829787237    0.0197558790658847
2.786914893617021    0.01807013365798126
2.788723404255319    0.01692179876051125
2.790531914893617    0.015846544942596828
2.792340425531915    0.014288925804188852
2.7941489361702128    0.012178935130021204
2.7959574468085107    0.009967777348695046
2.7977659574468086    0.008159117429136015
2.7995744680851065    0.006929704533123835
2.8013829787234044    0.0062171754914597845
2.8031914893617023    0.006013634979473341
2.805    0.00639912489428374
2.806808510638298    0.007290322065265777
2.808617021276596    0.00830698729939584
2.810425531914894    0.008993354256523717
2.8122340425531918    0.009147609767003104
2.8140425531914897    0.008891260201244054
2.815851063829787    0.008473487334030083
2.817659574468085    0.008102200393146217
2.819468085106383    0.00793784301860265
2.821276595744681    0.008092094053038661
2.8230851063829787    0.008524054007086106
2.8248936170212766    0.009010223113653536
2.8267021276595745    0.009354767129480145
2.8285106382978724    0.009626398458742903
2.8303191489361703    0.010042577321429082
2.832127659574468    0.010554089940323426
2.833936170212766    0.010694646143760936
2.835744680851064    0.010046204081346585
2.837553191489362    0.00884621082641537
2.83936170212766    0.007903267648885864
2.8411702127659577    0.007731217734097767
2.8429787234042556    0.007846599379640997
2.844787234042553    0.007138684433097836
2.846595744680851    0.005004405538643427
2.848404255319149    0.0019853377128710575
2.8502127659574468    -0.0008194935284023667
2.8520212765957447    -0.0028668370361220603
2.8538297872340426    -0.004539202377476709
2.8556382978723405    -0.006463083973506952
2.8574468085106384    -0.008716948099683822
2.8592553191489363    -0.010863327234615448
2.861063829787234    -0.012599890195178706
2.862872340425532    -0.014098394189227589
2.86468085106383    -0.015666619184803346
2.866489361702128    -0.01733289598389965
2.8682978723404258    -0.018965680055755198
2.8701063829787237    -0.020667556881391762
2.8719148936170216    -0.022748383415130573
2.873723404255319    -0.025241030541470533
2.875531914893617    -0.02769896845814382
2.877340425531915    -0.029696052125332585
2.8791489361702127    -0.03139589971637109
2.8809574468085106    -0.033304774759132114
2.8827659574468085    -0.03539801883539463
2.8845744680851064    -0.036821751093821256
2.8863829787234043    -0.036796698183754445
2.8881914893617022    -0.035738635807021565
2.89    -0.035080564924058144
2.891808510638298    -0.03575043563004189
2.893617021276596    -0.0370204273359985
2.895425531914894    -0.03719808717787064
2.8972340425531917    -0.03548835217189955
2.8990425531914896    -0.032889722021887086
2.9008510638297875    -0.031063260014976862
2.902659574468085    -0.03048693752164805
2.904468085106383    -0.030012217573590065
2.906276595744681    -0.028234362592190414
2.9080851063829787    -0.02499495139381238
2.9098936170212766    -0.021351652968236948
2.9117021276595745    -0.018288720530004472
2.9135106382978724    -0.01582514161403259
2.9153191489361703    -0.013430026883527957
2.917127659574468    -0.010946354925483744
2.918936170212766    -0.008760714667273278
2.920744680851064    -0.007135324387653089
2.922553191489362    -0.005728125378920229
2.92436170212766    -0.003951929100678847
2.9261702127659577    -0.0016322825575866744
2.9279787234042556    0.0009192826467455918
2.9297872340425535    0.003424623752470027
2.931595744680851    0.005964979440409152
2.933404255319149    0.008691810447198713
2.9352127659574467    0.011424692323957347
2.9370212765957446    0.013780618483451995
2.9388297872340425    0.01566580004469629
2.9406382978723404    0.01739220472092521
2.9424468085106383    0.019198165070482977
2.9442553191489362    0.0208337257363906
2.946063829787234    0.02184314135075919
2.947872340425532    0.022220862295733765
2.94968085106383    0.022542101197781675
2.951489361702128    0.023316148077013522
2.9532978723404257    0.024358081574937143
2.9551063829787236    0.02500858112832899
2.9569148936170215    0.02495966944396496
2.9587234042553194    0.02465564180527617
2.960531914893617    0.024772072679156015
2.962340425531915    0.025441477742056254
2.9641489361702127    0.026184894222391793
2.9659574468085106    0.026577634242895463
2.9677659574468085    0.026759825198676992
2.9695744680851064    0.027164074983138213
2.9713829787234043    0.02786957039210823
2.973191489361702    0.028431205417511186
2.975    0.02835906668120327
2.976808510638298    0.027590439405884577
2.978617021276596    0.026386538018673883
2.980425531914894    0.024893226955958636
2.9822340425531917    0.0230022754581869
2.9840425531914896    0.02065021136117117
2.9858510638297875    0.018054258650078286
2.9876595744680854    0.015506395479440487
2.989468085106383    0.01302322049889617
2.9912765957446807    0.01039563842934817
2.9930851063829786    0.007625219847115342
2.9948936170212765    0.005142029070083105
2.9967021276595744    0.0034249962846507626
2.9985106382978723    0.0024378558440583944
3.0003191489361702    0.001598590575424056
3.002127659574468    0.0003703004169450853
3.003936170212766    -0.0012217662149138424
3.005744680851064    -0.0027654971185576975
3.007553191489362    -0.004085908225394926
3.0093617021276597    -0.0055098384729968235
3.0111702127659576    -0.0074142713485874055
3.0129787234042555    -0.009612604753858917
3.0147872340425534    -0.01137374503607955
3.0165957446808513    -0.012131191057991101
3.0184042553191492    -0.012104808609587198
3.0202127659574467    -0.012119832776517112
3.0220212765957446    -0.012796248805859781
3.0238297872340425    -0.013977411322528829
3.0256382978723404    -0.014995217478487241
3.0274468085106383    -0.015455203924845274
3.029255319148936    -0.01568070702192676
3.031063829787234    -0.01634960927642392
3.032872340425532    -0.017734019205734558
3.03468085106383    -0.019366078339476754
3.036489361702128    -0.02047974550812426
3.0382978723404257    -0.02074380492683025
3.0401063829787236    -0.02050404464221873
3.0419148936170215    -0.020308423607668602
3.0437234042553194    -0.020286697112642825
3.0455319148936173    -0.020105245395712984
3.047340425531915    -0.01953523814920908
3.0491489361702127    -0.01892654516809618
3.0509574468085106    -0.01895511127653878
3.0527659574468085    -0.019867556905332706
3.0545744680851064    -0.021097279429821036
3.0563829787234043    -0.021762085016122618
3.058191489361702    -0.021543628794162488
3.06    -0.02097362774116135
3.061808510638298    -0.02080745445311459
3.063617021276596    -0.0212054027738836
3.0654255319148938    -0.02163671551062296
3.0672340425531917    -0.021549162242708073
3.0690425531914896    -0.02097120352325353
3.0708510638297875    -0.02037452358540067
3.0726595744680854    -0.020062825263130503
3.0744680851063833    -0.019874385000292878
3.076276595744681    -0.019490526637946107
3.0780851063829786    -0.01884775193618151
3.0798936170212765    -0.018102071263261202
3.0817021276595744    -0.01728480914208704
3.0835106382978723    -0.01622359122100543
3.08531914893617    -0.01487855278024093
3.087127659574468    -0.013579523212024092
3.088936170212766    -0.012720579187567162
3.090744680851064    -0.012231490765609126
3.092553191489362    -0.011550041736331666
3.0943617021276597    -0.010234908644386819
3.0961702127659576    -0.008497459502115369
3.0979787234042555    -0.006954943232943716
3.0997872340425534    -0.0058635206784386495
3.1015957446808513    -0.004774393948123529
3.103404255319149    -0.003061343488043232
3.105212765957447    -0.0006900273578117656
3.1070212765957446    0.0017014404794518307
3.1088297872340425    0.003490825082365227
3.1106382978723404    0.004691909620655561
3.1124468085106383    0.005815643805051361
3.114255319148936    0.007237265776805982
3.116063829787234    0.00885977844476008
3.117872340425532    0.010370543594032519
3.11968085106383    0.011627528308066242
3.1214893617021278    0.012681245151916322
3.1232978723404257    0.013553342064354651
3.1251063829787236    0.014212805556675335
3.1269148936170215    0.014790303041030512
3.1287234042553194    0.015609036094634555
3.1305319148936173    0.016831749158980683
3.132340425531915    0.018144868455387535
3.134148936170213    0.018985799489863724
3.1359574468085105    0.019138842634664192
3.1377659574468084    0.018968288801636125
3.1395744680851063    0.018945716145420052
3.141382978723404    0.019031871224087622
3.143191489361702    0.018705552813336072
3.145    0.017633202460683943
3.146808510638298    0.01614720964702234
3.148617021276596    0.014925902603063194
3.1504255319148937    0.014266580634230322
3.1522340425531916    0.013831619893000555
3.1540425531914895    0.0131193292818455
3.1558510638297874    0.012014623580916508
3.1576595744680853    0.010765368808311582
3.159468085106383    0.009547772225345058
3.161276595744681    0.008288414800268755
3.163085106382979    0.00695360209064691
3.1648936170212765    0.005796796354295199
3.1667021276595744    0.005110340766493625
3.1685106382978723    0.004780570913565799
3.17031914893617    0.004309529092897545
3.172127659574468    0.003373515155677376
3.173936170212766    0.0022194974003021404
3.175744680851064    0.0013426657623544008
3.1775531914893618    0.00081979852883643
3.1793617021276597    0.0001643458785225431
3.1811702127659576    -0.0010760944756137954
3.1829787234042555    -0.00272761878660517
3.1847872340425534    -0.004163061627690428
3.1865957446808513    -0.0050171798745517245
3.188404255319149    -0.005525397235600391
3.190212765957447    -0.0060762519927383876
3.192021276595745    -0.006608111527533437
3.1938297872340424    -0.006672951749375142
3.1956382978723403    -0.006078965170956527
3.1974468085106382    -0.005226344445912662
3.199255319148936    -0.004643091450970558
3.201063829787234    -0.004305654550803043
3.202872340425532    -0.003657856975997329
3.20468085106383    -0.002352994345424986
3.2064893617021277    -0.0007786849640973948
3.2082978723404256    0.00034338993679636665
3.2101063829787235    0.0008234246693243783
3.2119148936170214    0.0012579656620487069
3.2137234042553193    0.002330658700565829
3.2155319148936172    0.003993504350538198
3.217340425531915    0.005513047980944253
3.219148936170213    0.006314357491551825
3.220957446808511    0.006612338392515777
3.2227659574468084    0.007119237374830594
3.2245744680851063    0.008236888204190392
3.226382978723404    0.00969896599137057
3.228191489361702    0.01100986585865079
3.23    0.012068785302595537
3.231808510638298    0.013229639010781509
3.233617021276596    0.014799367481459172
3.2354255319148937    0.016632071473779708
3.2372340425531916    0.01828211761841865
3.2390425531914895    0.01947683573131062
3.2408510638297874    0.020342644897766667
3.2426595744680853    0.02118032470787061
3.244468085106383    0.02210724622200043
3.246276595744681    0.022957365172308085
3.248085106382979    0.023475469673751005
3.249893617021277    0.023545756361478883
3.251702127659575    0.023242537772468284
3.2535106382978722    0.02271348205450352
3.25531914893617    0.022025056585521993
3.257127659574468    0.021078383364286885
3.258936170212766    0.019656587792228862
3.260744680851064    0.017607133422344892
3.2625531914893617    0.01503997690522943
3.2643617021276596    0.012326453897870168
3.2661702127659575    0.009810640455365342
3.2679787234042554    0.0074651519326832845
3.2697872340425533    0.004878082460780985
3.2715957446808512    0.00166799311076806
3.273404255319149    -0.002064954544146844
3.275212765957447    -0.0057521436098893096
3.277021276595745    -0.008858398591143044
3.278829787234043    -0.011345243579589253
3.2806382978723407    -0.013603614070209217
3.282446808510638    -0.01597538650436035
3.284255319148936    -0.018446026186716317
3.286063829787234    -0.020841268819000707
3.287872340425532    -0.023212121262381816
3.28968085106383    -0.025862666395764778
3.2914893617021277    -0.028956607221254534
3.2932978723404256    -0.032212612279349115
3.2951063829787235    -0.03511487485883222
3.2969148936170214    -0.0374125093273447
3.2987234042553193    -0.03929559090928235
3.300531914893617    -0.041032256815692406
3.302340425531915    -0.0425405031020572
3.304148936170213    -0.043459600693376135
3.305957446808511    -0.04363812370580822
3.307765957446809    -0.043390743681052446
3.3095744680851067    -0.04314382131218135
3.311382978723404    -0.042882842617314385
3.313191489361702    -0.042119880105945445
3.315    -0.04048388343383304
3.316808510638298    -0.03823956199171813
3.3186170212765957    -0.03607608601473773
3.3204255319148936    -0.03437607434791398
3.3222340425531915    -0.03282285409010165
3.3240425531914894    -0.03081489425798982
3.3258510638297873    -0.028186890099759526
3.3276595744680852    -0.02537112679013396
3.329468085106383    -0.02282084641380816
3.331276595744681    -0.020415377837416974
3.333085106382979    -0.017578348421415008
3.334893617021277    -0.013964153788096248
3.3367021276595747    -0.009882378089740608
3.3385106382978726    -0.0059560522833081095
3.34031914893617    -0.002425019196448462
3.342127659574468    0.0010979045050847043
3.343936170212766    0.005167668687673713
3.345744680851064    0.009893856931737279
3.3475531914893617    0.014832881947714214
3.3493617021276596    0.019421534110729527
3.3511702127659575    0.023425187955365502
3.3529787234042554    0.026975674187153666
3.3547872340425533    0.030292146036792325
3.356595744680851    0.03345379044105257
3.358404255319149    0.03639861931439908
3.360212765957447    0.039023850582285274
3.362021276595745    0.04123236146824004
3.363829787234043    0.042930744832739884
3.3656382978723407    0.04404555519150559
3.3674468085106386    0.04453895160319195
3.369255319148936    0.044376177906989556
3.371063829787234    0.043495609500210544
3.372872340425532    0.041869892508909615
3.3746808510638298    0.03960860525317163
3.3764893617021277    0.03693678404490405
3.3782978723404256    0.03402071856332879
3.3801063829787235    0.030859111908141265
3.3819148936170214    0.027430855182477266
3.3837234042553193    0.023941394718150495
3.385531914893617    0.020797517490492856
3.387340425531915    0.018238817813609712
3.389148936170213    0.016049308378539302
3.390957446808511    0.013776662002950996
3.3927659574468088    0.01127678517652013
3.3945744680851067    0.008915026656358953
3.3963829787234046    0.007096584111769406
3.398191489361702    0.005642882077185864
3.4    0.003814783475189905
3.401808510638298    0.0010543301189152622
3.4036170212765957    -0.0023865576395397763
3.4054255319148936    -0.005690333870666498
3.4072340425531915    -0.008327840265292794
3.4090425531914894    -0.010527684597488582
3.4108510638297873    -0.012846421606839659
3.412659574468085    -0.015421050567679919
3.414468085106383    -0.017823841041775226
3.416276595744681    -0.019622199724916422
3.418085106382979    -0.020855286618320108
3.419893617021277    -0.02181941662601126
3.4217021276595747    -0.0225223346692813
3.4235106382978726    -0.022606977123728587
3.4253191489361705    -0.02187239206696898
3.427127659574468    -0.020659456863964396
3.428936170212766    -0.01951260526694457
3.4307446808510638    -0.01851263157893646
3.4325531914893617    -0.017173893734776822
3.4343617021276596    -0.015099126904881747
3.4361702127659575    -0.012578347223734625
3.4379787234042554    -0.010348704609924094
3.4397872340425533    -0.008799513317148823
3.441595744680851    -0.007627448790105608
3.443404255319149    -0.006364235316805
3.445212765957447    -0.005062390294718163
3.447021276595745    -0.004223815845199253
3.4488297872340428    -0.004061619129433801
3.4506382978723407    -0.004080002417473484
3.4524468085106386    -0.0035605021828986182
3.4542553191489365    -0.0023665384749171157
3.456063829787234    -0.0010576295330293026
3.457872340425532    -0.00018752961431344004
3.4596808510638297    0.00030488199704725087
3.4614893617021276    0.0008539653157615635
3.4632978723404255    0.0015350010940425249
3.4651063829787234    0.0018226050986567058
3.4669148936170213    0.0011599271997072965
3.468723404255319    -0.0003931019708311983
3.470531914893617    -0.0022403636731623913
3.472340425531915    -0.003911414172943609
3.474148936170213    -0.005447284516192778
3.475957446808511    -0.007087229131057374
3.4777659574468087    -0.008778031275938566
3.4795744680851066    -0.010212421204224505
3.4813829787234045    -0.011321428832817983
3.4831914893617024    -0.012489064973666836
3.4850000000000003    -0.014122369828023961
3.4868085106382978    -0.016098011820343636
3.4886170212765957    -0.017813524942067102
3.4904255319148936    -0.018806017285818655
3.4922340425531915    -0.019171143371517416
3.4940425531914894    -0.019280818009804593
3.4958510638297873    -0.019204565255539402
3.497659574468085    -0.0185987521374587
3.499468085106383    -0.017188988952173655
3.501276595744681    -0.015192557557285623
3.503085106382979    -0.01312566821250586
3.5048936170212768    -0.0112579824366681
3.5067021276595747    -0.009423678061283705
3.5085106382978726    -0.007403060353031718
3.5103191489361705    -0.005331676678555712
3.5121276595744684    -0.0035789102147641746
3.5139361702127663    -0.0022645485178261725
3.5157446808510637    -0.0010702218805698905
3.5175531914893616    0.00039249743238865993
3.5193617021276595    0.0021386843621921526
3.5211702127659574    0.003872407054626764
3.5229787234042553    0.005460760168933085
3.5247872340425532    0.0071716618595399195
3.526595744680851    0.009331631054919258
3.528404255319149    0.01182941756591521
3.530212765957447    0.014120157497335603
3.532021276595745    0.015766732560672854
3.5338297872340427    0.016879797777393
3.5356382978723406    0.017944005311182495
3.5374468085106385    0.019270920456823055
3.5392553191489364    0.020736819573804514
3.5410638297872343    0.02204545135748584
3.5428723404255322    0.02308495306170967
3.5446808510638297    0.023898547058684008
3.5464893617021276    0.024380559398830298
3.5482978723404255    0.024211398836751954
3.5501063829787234    0.023201712914006543
3.5519148936170213    0.021597205325540908
3.553723404255319    0.019870850256421012
3.555531914893617    0.018185889435425096
3.557340425531915    0.016197126133597355
3.559148936170213    0.013485823897812915
3.560957446808511    0.01012117212980632
3.5627659574468087    0.006644114282595214
3.5645744680851066    0.003477341670177424
3.5663829787234045    0.0005016236773633803
3.5681914893617024    -0.002657109785348456
3.5700000000000003    -0.005997812664918098
3.571808510638298    -0.009003356632987795
3.5736170212765956    -0.011207998469850773
3.5754255319148935    -0.012762445441926368
3.5772340425531914    -0.014249055241802373
3.5790425531914893    -0.01594826913481631
3.5808510638297872    -0.017488999599947954
3.582659574468085    -0.0183548604707521
3.584468085106383    -0.01861139365908909
3.586276595744681    -0.018891675318750235
3.588085106382979    -0.01960220864588452
3.5898936170212767    -0.020340673318702488
3.5917021276595746    -0.02030849549105271
3.5935106382978725    -0.019261790854684702
3.5953191489361704    -0.017831286374536234
3.5971276595744683    -0.016794880315916822
3.5989361702127662    -0.016188869754222842
3.600744680851064    -0.015348719825105179
3.6025531914893616    -0.013802129979347044
3.6043617021276595    -0.011871363873222483
3.6061702127659574    -0.010232939457172935
3.6079787234042553    -0.009024558279822598
3.609787234042553    -0.007658797794577746
3.611595744680851    -0.005578794974344159
3.613404255319149    -0.0029792398948169825
3.615212765957447    -0.0005806457789211549
