0.0    0.0
0.0018085106382978724    0.0
0.003617021276595745    0.0
0.005425531914893617    0.0
0.00723404255319149    0.0
0.009042553191489363    0.0
0.010851063829787235    0.0
0.012659574468085107    0.0
0.01446808510638298    0.0
0.016276595744680853    0.0
0.018085106382978725    0.0
0.019893617021276597    0.0
0.02170212765957447    0.0
0.023510638297872342    0.0
0.025319148936170214    0.0
0.027127659574468086    0.0
0.02893617021276596    0.0
0.03074468085106383    0.0
0.032553191489361706    0.0
0.03436170212765958    0.0
0.03617021276595745    0.0
0.03797872340425532    0.0
0.039787234042553195    0.0
0.04159574468085107    0.0
0.04340425531914894    0.0
0.04521276595744681    0.0
0.047021276595744683    0.0
0.048829787234042556    0.0
0.05063829787234043    0.0
0.0524468085106383    0.0
0.05425531914893617    0.0
0.056063829787234044    0.0
0.05787234042553192    0.0
0.05968085106382979    0.0
0.06148936170212766    0.0
0.06329787234042554    0.0
0.06510638297872341    0.0
0.06691489361702128    0.0
0.06872340425531916    0.0
0.07053191489361703    0.0
0.0723404255319149    0.0
0.07414893617021277    0.0
0.07595744680851065    0.0
0.07776595744680852    0.0
0.07957446808510639    0.0
0.08138297872340426    0.0
0.08319148936170213    0.0
0.085    0.0
0.08680851063829788    0.0
0.08861702127659575    0.0
0.09042553191489362    0.0
0.0922340425531915    0.0
0.09404255319148937    0.0
0.09585106382978724    0.0
0.09765957446808511    0.0
0.09946808510638298    0.0
0.10127659574468086    0.0
0.10308510638297873    0.0
0.1048936170212766    0.0
0.10670212765957447    0.0
0.10851063829787234    0.0
0.11031914893617022    0.0
0.11212765957446809    0.0
0.11393617021276596    0.0
0.11574468085106383    0.0
0.1175531914893617    0.0
0.11936170212765958    0.0
0.12117021276595745    0.0
0.12297872340425532    0.0
0.1247872340425532    0.0
0.12659574468085108    0.0
0.12840425531914895    0.0
0.13021276595744682    0.0
0.1320212765957447    0.0
0.13382978723404257    0.0
0.13563829787234044    0.0
0.1374468085106383    0.0
0.13925531914893619    0.0
0.14106382978723406    0.0
0.14287234042553193    0.0
0.1446808510638298    0.0
0.14648936170212767    0.0
0.14829787234042555    0.0
0.15010638297872342    0.0
0.1519148936170213    0.0
0.15372340425531916    0.0
0.15553191489361703    0.0
0.1573404255319149    0.0
0.15914893617021278    0.0
0.16095744680851065    0.0
0.16276595744680852    0.0
0.1645744680851064    0.0
0.16638297872340427    0.0
0.16819148936170214    0.0
0.17    0.0
0.17180851063829788    0.0
0.17361702127659576    0.0
0.17542553191489363    0.0
0.1772340425531915    0.0
0.17904255319148937    0.0
0.18085106382978725    0.0
0.18265957446808512    0.0
0.184468085106383    0.0
0.18627659574468086    0.0
0.18808510638297873    0.0
0.1898936170212766    0.0
0.19170212765957448    0.0
0.19351063829787235    0.0
0.19531914893617022    0.0
0.1971276595744681    0.0
0.19893617021276597    0.0
0.20074468085106384    0.0
0.2025531914893617    0.0
0.20436170212765958    0.0
0.20617021276595746    0.0
0.20797872340425533    0.0
0.2097872340425532    0.0
0.21159574468085107    0.0
0.21340425531914894    0.0
0.21521276595744682    0.0
0.2170212765957447    0.0
0.21882978723404256    0.0
0.22063829787234043    0.0
0.2224468085106383    0.0
0.22425531914893618    0.0
0.22606382978723405    0.0
0.22787234042553192    0.0
0.2296808510638298    0.0
0.23148936170212767    0.0
0.23329787234042554    0.0
0.2351063829787234    0.0
0.23691489361702128    0.0
0.23872340425531915    0.0
0.24053191489361703    2.0557287415446108e-265
0.2423404255319149    2.3520465750244576e-260
0.24414893617021277    4.511226452818627e-256
0.24595744680851064    3.481048609851388e-252
0.24776595744680852    1.4472798628849322e-248
0.2495744680851064    3.765488099598229e-245
0.25138297872340426    6.717792321875639e-242
0.25319148936170216    8.74157303318971e-239
0.255    8.674715337531082e-236
0.2568085106382979    6.7895430107371885e-233
0.25861702127659575    4.303095552790535e-230
0.26042553191489365    2.255630121949243e-227
0.2622340425531915    9.950619141501851e-225
0.2640425531914894    3.748332743666285e-222
0.26585106382978724    1.2206342811465472e-219
0.26765957446808514    3.472891160205236e-217
0.269468085106383    8.712602129359294e-215
0.2712765957446809    1.9429197842161933e-212
0.2730851063829787    3.878855919195228e-210
0.2748936170212766    6.9766221965992474e-208
0.27670212765957447    1.1369547611660964e-205
0.27851063829787237    1.6873940876188943e-203
0.2803191489361702    2.291258325714832e-201
0.2821276595744681    2.858530888986787e-199
0.28393617021276596    3.289212128482696e-197
0.28574468085106386    3.503089669172213e-195
0.2875531914893617    3.46440832604879e-193
0.2893617021276596    3.1909885313509904e-191
0.29117021276595745    2.745006771972138e-189
0.29297872340425535    2.2110636802354155e-187
0.2947872340425532    1.6716263323140756e-185
0.2965957446808511    1.188853208758917e-183
0.29840425531914894    7.970332987706615e-182
0.30021276595744684    5.047020201781492e-180
0.3020212765957447    3.024149656589996e-178
0.3038297872340426    1.7176441847891144e-176
0.3056382978723404    9.26261448826223e-175
0.3074468085106383    4.749780499463331e-173
0.30925531914893617    2.319453607680613e-171
0.31106382978723407    1.0801126891788264e-169
0.3128723404255319    4.802768670061498e-168
0.3146808510638298    2.0417039650503248e-166
0.31648936170212766    8.307780883686769e-165
0.31829787234042556    3.239338841171628e-163
0.3201063829787234    1.211634749822327e-161
0.3219148936170213    4.351856081949305e-160
0.32372340425531915    1.502409191539933e-158
0.32553191489361705    4.990195507241563e-157
0.3273404255319149    1.5960617829529989e-155
0.3291489361702128    4.919890009069357e-154
0.33095744680851064    1.4628168635261917e-152
0.33276595744680854    4.198500348205135e-151
0.3345744680851064    1.1641132695309268e-149
0.3363829787234043    3.1203791178836237e-148
0.3381914893617021    8.09156788123684e-147
0.34    2.0312428126622483e-145
0.34180851063829787    4.939405010913068e-144
0.34361702127659577    1.1642348562297147e-142
0.3454255319148936    2.661457389390317e-141
0.3472340425531915    5.904212330001888e-140
0.34904255319148936    1.2717734631921996e-138
0.35085106382978726    2.6613156100882196e-137
0.3526595744680851    5.4131169785023846e-136
0.354468085106383    1.0707322874645518e-134
0.35627659574468085    2.0606665226360987e-133
0.35808510638297875    3.860396396759836e-132
0.3598936170212766    7.04289111935678e-131
0.3617021276595745    1.251861337977631e-129
0.36351063829787233    2.1688674257750504e-128
0.36531914893617023    3.6640464786113796e-127
0.3671276595744681    6.03829540968797e-126
0.368936170212766    9.710960171324992e-125
0.3707446808510638    1.5246440413981566e-123
0.3725531914893617    2.3377199272351654e-122
0.37436170212765957    3.5017803825238234e-121
0.37617021276595747    5.12634727553286e-120
0.3779787234042553    7.336617816618458e-119
0.3797872340425532    1.0268205079438627e-117
0.38159574468085106    1.4058599261630256e-116
0.38340425531914896    1.8835311991215357e-115
0.3852127659574468    2.470117427054106e-114
0.3870212765957447    3.171784648345017e-113
0.38882978723404255    3.9889175009316473e-112
0.39063829787234045    4.914648055217209e-111
0.3924468085106383    5.933807251024504e-110
0.3942553191489362    7.022515971912354e-109
0.39606382978723403    8.148582819224532e-108
0.39787234042553193    9.272790614110713e-107
0.3996808510638298    1.0351043346215418e-105
0.4014893617021277    1.1337225668048194e-104
0.4032978723404255    1.2186517601057373e-103
0.4051063829787234    1.2858827203653547e-102
0.40691489361702127    1.332196877374371e-101
0.40872340425531917    1.3554231561655816e-100
0.410531914893617    1.3546052616679473e-99
0.4123404255319149    1.3300616877299001e-98
0.41414893617021276    1.2833340479287257e-97
0.41595744680851066    1.217032841040633e-96
0.4177659574468085    1.1346014431425963e-95
0.4195744680851064    1.0400273159196866e-94
0.42138297872340424    9.37533181279478e-94
0.42319148936170214    8.312800828082276e-93
0.425    7.251094322254969e-92
0.4268085106382979    6.223434824788717e-91
0.42861702127659573    5.256546280630888e-90
0.43042553191489363    4.3700496138376235e-89
0.4322340425531915    3.576498258647583e-88
0.4340425531914894    2.8819351671380416e-87
0.4358510638297872    2.2868214340799148e-86
0.4376595744680851    1.78717910501164e-85
0.43946808510638297    1.3758029338803087e-84
0.44127659574468087    1.0434218750117373e-83
0.4430851063829787    7.797244044842543e-83
0.4448936170212766    5.74196410187578e-82
0.44670212765957445    4.1675173786290464e-81
0.44851063829787235    2.981605749721353e-80
0.4503191489361702    2.1029839205094967e-79
0.4521276595744681    1.4624821524610458e-78
0.45393617021276594    1.0029260910883797e-77
0.45574468085106384    6.783046293674048e-77
0.4575531914893617    4.5249193290900904e-76
0.4593617021276596    2.9776852751456657e-75
0.46117021276595743    1.9332112752698972e-74
0.46297872340425533    1.2384033594520792e-73
0.46478723404255323    7.82845294156217e-73
0.4665957446808511    4.883920690860295e-72
0.468404255319149    3.0073709047288367e-71
0.4702127659574468    1.8280039320538756e-70
0.4720212765957447    1.0969431848981661e-69
0.47382978723404257    6.4990862953219e-69
0.47563829787234047    3.80211355562701e-68
0.4774468085106383    2.1965703084438404e-67
0.4792553191489362    1.2532976238086298e-66
0.48106382978723405    7.063069208419573e-66
0.48287234042553195    3.931906092502081e-65
0.4846808510638298    2.1623340365731595e-64
0.4864893617021277    1.1748737877291246e-63
0.48829787234042554    6.307344010430339e-63
0.49010638297872344    3.3460011406387883e-62
0.4919148936170213    1.7541495274659984e-61
0.4937234042553192    9.088749187153714e-61
0.49553191489361703    4.654509996607732e-60
0.49734042553191493    2.3561930180524366e-59
0.4991489361702128    1.1790952258536117e-58
0.5009574468085106    5.8333960023633055e-58
0.5027659574468085    2.8533919393766587e-57
0.5045744680851064    1.3800696892476225e-56
0.5063829787234043    6.600424301453484e-56
0.5081914893617021    3.1217993926692294e-55
0.51    1.460262414761368e-54
0.5118085106382979    6.755842505355758e-54
0.5136170212765958    3.091577820422029e-53
0.5154255319148936    1.3994639817706174e-52
0.5172340425531915    6.2668951487524586e-52
0.5190425531914894    2.7763873097329535e-51
0.5208510638297873    1.216947469888108e-50
0.5226595744680851    5.277819137551098e-50
0.524468085106383    2.2649274415850693e-49
0.5262765957446809    9.618269387966404e-49
0.5280851063829788    4.0421058240932876e-48
0.5298936170212766    1.6811686728643983e-47
0.5317021276595745    6.920413714222795e-47
0.5335106382978724    2.8196409817494614e-46
0.5353191489361703    1.1371556746456656e-45
0.5371276595744681    4.539764203822918e-45
0.538936170212766    1.7941402810215353e-44
0.5407446808510639    7.019581898292057e-44
0.5425531914893618    2.7190639659826224e-43
0.5443617021276596    1.04280255069479e-42
0.5461702127659575    3.959861074464817e-42
0.5479787234042554    1.4889267075272906e-41
0.5497872340425533    5.543730115877849e-41
0.551595744680851    2.0440226203392237e-40
0.5534042553191489    7.463512001870888e-40
0.5552127659574468    2.6989407398712503e-39
0.5570212765957447    9.66616696461686e-39
0.5588297872340425    3.4288139704884263e-38
0.5606382978723404    1.2047022018771174e-37
0.5624468085106383    4.1925544092685345e-37
0.5642553191489362    1.4452987185117399e-36
0.566063829787234    4.935517935486422e-36
0.5678723404255319    1.6696289855707027e-35
0.5696808510638298    5.595448199301431e-35
0.5714893617021277    1.8577728307753219e-34
0.5732978723404255    6.110938947998087e-34
0.5751063829787234    1.991568763072034e-33
0.5769148936170213    6.430855225218663e-33
0.5787234042553192    2.0575097306585542e-32
0.580531914893617    6.522710543074848e-32
0.5823404255319149    2.0489921588221125e-31
0.5841489361702128    6.378095836002358e-31
0.5859574468085107    1.9673994545846145e-30
0.5877659574468085    6.0139063168462986e-30
0.5895744680851064    1.821775496612743e-29
0.5913829787234043    5.469130137978814e-29
0.5931914893617022    1.6271875622925362e-28
0.595    4.7980340165201215e-28
0.5968085106382979    1.4021852845058779e-27
0.5986170212765958    4.06137907192381e-27
0.6004255319148937    1.1659421055357645e-26
0.6022340425531915    3.317605307204771e-26
0.6040425531914894    9.356755598131152e-26
0.6058510638297873    2.6156937233187233e-25
0.6076595744680852    7.247986223109355e-25
0.609468085106383    1.9907840346020352e-24
0.6112765957446809    5.4201879105723435e-24
0.6130851063829788    1.462832659171111e-23
0.6148936170212767    3.9135545417204813e-23
0.6167021276595744    1.0378880652431745e-22
0.6185106382978723    2.728585646370224e-22
0.6203191489361702    7.111116270067871e-22
0.6221276595744681    1.8371975851807375e-21
0.6239361702127659    4.705396576279484e-21
0.6257446808510638    1.194710994171946e-20
0.6275531914893617    3.007179319934342e-20
0.6293617021276596    7.503930351161358e-20
0.6311702127659574    1.8563249975522985e-19
0.6329787234042553    4.552577071360442e-19
0.6347872340425532    1.1068800793266237e-18
0.6365957446808511    2.667996567690489e-18
0.6384042553191489    6.375472957984328e-18
0.6402127659574468    1.5103672515428128e-17
0.6420212765957447    3.547282929701453e-17
0.6438297872340426    8.259463720733404e-17
0.6456382978723404    1.9065569464271852e-16
0.6474468085106383    4.363030957469819e-16
0.6492553191489362    9.898412766894603e-16
0.6510638297872341    2.226277206184863e-15
0.6528723404255319    4.963939422034712e-15
0.6546808510638298    1.0972456394023422e-14
0.6564893617021277    2.4044041413281624e-14
0.6582978723404256    5.223153346207238e-14
0.6601063829787234    1.1247984382274176e-13
0.6619148936170213    2.401195776004899e-13
0.6637234042553192    5.081419863531636e-13
0.6655319148936171    1.065958533764824e-12
0.6673404255319149    2.2165916101654387e-12
0.6691489361702128    4.568913722897351e-12
0.6709574468085107    9.334975582243941e-12
0.6727659574468086    1.890500141917227e-11
0.6745744680851063    3.7948371185908673e-11
0.6763829787234042    7.550075453578572e-11
0.6781914893617021    1.4888097359568998e-10
0.68    2.909672203234181e-10
0.6818085106382978    5.635756554595199e-10
0.6836170212765957    1.081805336611378e-09
0.6854255319148936    2.057876247684715e-09
0.6872340425531915    3.879235626129933e-09
0.6890425531914893    7.246233859732051e-09
0.6908510638297872    1.3412176506096989e-08
0.6926595744680851    2.4597288433102158e-08
0.694468085106383    4.4694638673057126e-08
0.6962765957446809    8.046032619117582e-08
0.6980851063829787    1.434970454497595e-07
0.6998936170212766    2.535211742951583e-07
0.7017021276595745    4.436796344182891e-07
0.7035106382978724    7.690969585024334e-07
0.7053191489361702    1.3204434663813571e-06
0.7071276595744681    2.2451985004298863e-06
0.708936170212766    3.7805344719375078e-06
0.7107446808510639    6.303483407805494e-06
0.7125531914893617    1.040639715064007e-05
0.7143617021276596    1.7008806152615698e-05
0.7161702127659575    2.7520728447757773e-05
0.7179787234042554    4.4077327148233665e-05
0.7197872340425532    6.987048901413753e-05
0.7215957446808511    0.00010960912406868981
0.723404255319149    0.0001701461859077957
0.7252127659574469    0.00026131557231330734
0.7270212765957447    0.00039702461237156584
0.7288297872340426    0.0005966455313933529
0.7306382978723405    0.0008867391299872356
0.7324468085106384    0.0013031222659594744
0.7342553191489362    0.001893253499068646
0.7360638297872341    0.0027188544246225087
0.737872340425532    0.0038586046544540394
0.7396808510638299    0.005410645081066997
0.7414893617021276    0.0074944996367467005
0.7432978723404255    0.010251888377340665
0.7451063829787234    0.013845769813105325
0.7469148936170213    0.018456842062997948
0.7487234042553191    0.024276683696051814
0.750531914893617    0.031496766677131235
0.7523404255319149    0.04029276992170368
0.7541489361702128    0.050804003471031464
0.7559574468085106    0.06310834745566685
0.7577659574468085    0.07719391741355527
0.7595744680851064    0.09292964798995415
0.7613829787234043    0.11003804708210857
0.7631914893617021    0.12807435826019764
0.765    0.14641706968605966
0.7668085106382979    0.16427487214382397
0.7686170212765958    0.18071454266116277
0.7704255319148936    0.19471260867074963
0.7722340425531915    0.20523094259911717
0.7740425531914894    0.21131274699882985
0.7758510638297873    0.212191058862149
0.7776595744680851    0.2073975394555534
0.779468085106383    0.19685577077942734
0.7812765957446809    0.18094153503140203
0.7830851063829788    0.1604935523576067
0.7848936170212766    0.13676256203947385
0.7867021276595745    0.11129458727891064
0.7885106382978724    0.08575510544070777
0.7903191489361703    0.06171317465427306
0.7921276595744681    0.040416078512002365
0.793936170212766    0.022592996279641453
0.7957446808510639    0.008327892474441195
0.7975531914893618    -0.0029646982196015878
0.7993617021276596    -0.012442514631545862
0.8011702127659575    -0.021620912662639543
0.8029787234042554    -0.03207036896334625
0.8047872340425533    -0.045079553567710304
0.806595744680851    -0.061352836083975085
0.808404255319149    -0.08081273359531348
0.8102127659574468    -0.10256255392121717
0.8120212765957447    -0.12503312502147623
0.8138297872340425    -0.14629536913020424
0.8156382978723404    -0.1644769581101712
0.8174468085106383    -0.17818794963243884
0.8192553191489362    -0.18684797978702639
0.821063829787234    -0.19082297584679436
0.8228723404255319    -0.19132218379007565
0.8246808510638298    -0.19006809026044597
0.8264893617021277    -0.18881696288392757
0.8282978723404255    -0.18885716766483213
0.8301063829787234    -0.19062908452977084
0.8319148936170213    -0.19358512923487814
0.8337234042553192    -0.19634405710027075
0.835531914893617    -0.19710642461511757
0.8373404255319149    -0.1942135731763901
0.8391489361702128    -0.18667888808704736
0.8409574468085107    -0.1745184745720838
0.8427659574468085    -0.15876450578225426
0.8445744680851064    -0.14114458184201695
0.8463829787234043    -0.12352365170458779
0.8481914893617022    -0.10729250657237077
0.85    -0.09291495388813095
0.8518085106382979    -0.07979935765908941
0.8536170212765958    -0.06655040076033711
0.8554255319148937    -0.05151978413792707
0.8572340425531915    -0.03345996495055535
0.8590425531914894    -0.012038491995044177
0.8608510638297873    0.011985184064872529
0.8626595744680852    0.03699468824720242
0.864468085106383    0.061078475899543225
0.8662765957446809    0.08270059437762083
0.8680851063829788    0.10121215007314653
0.8698936170212767    0.11699253448608903
0.8717021276595744    0.1311569171270333
0.8735106382978723    0.1449468557189414
0.8753191489361702    0.15905901733662464
0.8771276595744681    0.17320132635210772
0.8789361702127659    0.18607632553726888
0.8807446808510638    0.19581161118056667
0.8825531914893617    0.2006625256243586
0.8843617021276596    0.1996892448393915
0.8861702127659574    0.19311728277559592
0.8879787234042553    0.18222878739405252
0.8897872340425532    0.16884248630335502
0.8915957446808511    0.1546269586540655
0.8934042553191489    0.1405663296357979
0.8952127659574468    0.12682082379641602
0.8970212765957447    0.1130296557125168
0.8988297872340426    0.09888239759859868
0.9006382978723404    0.08464593046694324
0.9024468085106383    0.07134954784535008
0.9042553191489362    0.060498415416539164
0.9060638297872341    0.05342614691666482
0.9078723404255319    0.05059126346793498
0.9096808510638298    0.05116936001491827
0.9114893617021277    0.053164009255841124
0.9132978723404256    0.0540151445048937
0.9151063829787234    0.051445339145518756
0.9169148936170213    0.044173124224051785
0.9187234042553192    0.03219533819660371
0.9205319148936171    0.016558910919583072
0.9223404255319149    -0.0012089396559145822
0.9241489361702128    -0.019695494790962564
0.9259574468085107    -0.0379345915589963
0.9277659574468086    -0.05537139675423494
0.9295744680851065    -0.07158428144319334
0.9313829787234043    -0.08602880026482818
0.9331914893617022    -0.09803828273261644
0.935    -0.1071317326289257
0.936808510638298    -0.11345309225110126
0.9386170212765957    -0.1180368835516711
0.9404255319148936    -0.12265133147782462
0.9422340425531915    -0.12919124493835302
0.9440425531914894    -0.13885850783620082
0.9458510638297872    -0.15152381235943366
0.9476595744680851    -0.16561112308742773
0.949468085106383    -0.17860393140073424
0.9512765957446809    -0.187966395407036
0.9530851063829787    -0.19206803454041851
0.9548936170212766    -0.19070696539813467
0.9567021276595745    -0.18503508385503312
0.9585106382978724    -0.1769798131430285
0.9603191489361702    -0.1684727887408711
0.9621276595744681    -0.16083127672779365
0.963936170212766    -0.1544985471583297
0.9657446808510639    -0.14913809414157556
0.9675531914893617    -0.14392362008601242
0.9693617021276596    -0.13784642362644942
0.9711702127659575    -0.1299520599183546
0.9729787234042554    -0.11952600549791167
0.9747872340425532    -0.10628230295939634
0.9765957446808511    -0.09054760416032628
0.978404255319149    -0.07333767804444716
0.9802127659574469    -0.05619236503345881
0.9820212765957447    -0.04072483858921326
0.9838297872340426    -0.028016363629559435
0.9856382978723405    -0.018135570240677655
0.9874468085106384    -0.01006534041702866
0.9892553191489362    -0.0021456292181437388
0.9910638297872341    0.007131599112725101
0.992872340425532    0.018352485803062424
0.9946808510638299    0.030833002635469342
0.9964893617021277    0.042888098974329006
0.9982978723404256    0.05259775703929544
1.0001063829787233    0.05869260426856357
1.0019148936170212    0.06112553529768597
1.0037234042553191    0.061065262398910844
1.005531914893617    0.06034224030353268
1.007340425531915    0.06063608147357594
1.0091489361702128    0.06278992284556913
1.0109574468085107    0.06654347003631998
1.0127659574468086    0.07076310351573904
1.0145744680851063    0.07402883506614676
1.0163829787234042    0.07530667064310782
1.0181914893617021    0.07442577929039616
1.02    0.07217436115305124
1.021808510638298    0.06998134498574295
1.0236170212765958    0.06931292524683684
1.0254255319148937    0.07103360694597889
1.0272340425531916    0.07501294474728394
1.0290425531914893    0.08017092719969669
1.0308510638297872    0.0849619884570688
1.032659574468085    0.08807735192296566
1.034468085106383    0.08901456765070827
1.036276595744681    0.08821307279101066
1.0380851063829788    0.08668217879841868
1.0398936170212767    0.0853358728669159
1.0417021276595746    0.0844248146439235
1.0435106382978723    0.0834014835902286
1.0453191489361702    0.08129189953689216
1.047127659574468    0.07733692990950287
1.048936170212766    0.07150574457829349
1.0507446808510639    0.06457574717140414
1.0525531914893618    0.05775246721884572
1.0543617021276597    0.05208197597619561
1.0561702127659576    0.048008116751372815
1.0579787234042553    0.045298727314802514
1.0597872340425532    0.043316608034425136
1.061595744680851    0.041418307432049856
1.063404255319149    0.039241257400831314
1.0652127659574468    0.03676723181783362
1.0670212765957447    0.034207841793467975
1.0688297872340426    0.03183243837310462
1.0706382978723405    0.029828600106624477
1.0724468085106382    0.02821739373119706
1.0742553191489361    0.026817023147718964
1.076063829787234    0.02527025552048732
1.077872340425532    0.02316562973091723
1.0796808510638298    0.020235625078723812
1.0814893617021277    0.01652767530708798
1.0832978723404256    0.01240709026263373
1.0851063829787235    0.008337630950568418
1.0869148936170212    0.004560396098597302
1.088723404255319    0.0009138694600007609
1.090531914893617    -0.0030257214814782313
1.092340425531915    -0.0075455197275860406
1.0941489361702128    -0.012441283484327846
1.0959574468085107    -0.017032673525027173
1.0977659574468086    -0.020614689432226642
1.0995744680851065    -0.023044064423223584
1.1013829787234042    -0.02498685661044911
1.103191489361702    -0.02755735160150606
1.105    -0.03154169471926535
1.1068085106382979    -0.03676592680007931
1.1086170212765958    -0.04211781564927536
1.1104255319148937    -0.04626081879125471
1.1122340425531916    -0.04853540252234996
1.1140425531914895    -0.04936818886348632
1.1158510638297872    -0.04987123594984687
1.117659574468085    -0.050945854547202934
1.119468085106383    -0.052601871570172695
1.1212765957446809    -0.05403029096644947
1.1230851063829788    -0.05435253798455686
1.1248936170212767    -0.05341407999176673
1.1267021276595746    -0.05195847008323892
1.1285106382978725    -0.05104176044142965
1.1303191489361701    -0.051187781095282645
1.132127659574468    -0.05199747137430846
1.133936170212766    -0.0525272836495614
1.1357446808510638    -0.052086092869368966
1.1375531914893617    -0.05074618182151329
1.1393617021276596    -0.049132431300676446
1.1411702127659575    -0.047708673355655276
1.1429787234042554    -0.04623865220780207
1.1447872340425531    -0.043945803633162236
1.146595744680851    -0.04025902375476485
1.148404255319149    -0.035478904016299204
1.1502127659574468    -0.030736180362799834
1.1520212765957447    -0.02722498099658347
1.1538297872340426    -0.025340816331980112
1.1556382978723405    -0.02445361711540984
1.1574468085106384    -0.023498257721845238
1.1592553191489363    -0.02185261288631108
1.161063829787234    -0.01973621765946868
1.162872340425532    -0.017815939572346826
1.1646808510638298    -0.016434907041708857
1.1664893617021277    -0.015215780285220172
1.1682978723404256    -0.013417440412807277
1.1701063829787235    -0.010690091239166269
1.1719148936170214    -0.0074702695086423625
1.1737234042553193    -0.004581290832532626
1.175531914893617    -0.0023722713743749464
1.1773404255319149    -0.0002195274611160843
1.1791489361702128    0.003062614208274338
1.1809574468085107    0.008182581663922647
1.1827659574468086    0.014611808510239986
1.1845744680851065    0.02083336942397262
1.1863829787234044    0.02546079759180664
1.1881914893617023    0.02829728237271205
1.19    0.030416865405888248
1.1918085106382978    0.03318262394409977
1.1936170212765957    0.037044040442717814
1.1954255319148936    0.04114943903576334
1.1972340425531915    0.044093430432796725
1.1990425531914894    0.04513277215971486
1.2008510638297873    0.044822316531143054
1.2026595744680852    0.04456544530519708
1.204468085106383    0.04552676572611642
1.2062765957446808    0.04785817502534132
1.2080851063829787    0.05082619246744222
1.2098936170212766    0.053585635980761624
1.2117021276595745    0.0558189666855119
1.2135106382978724    0.05770183308638956
1.2153191489361703    0.059368464727181026
1.2171276595744682    0.06051818342261315
1.218936170212766    0.060595438041605325
1.2207446808510638    0.059345681283285885
1.2225531914893617    0.057154332760633454
1.2243617021276596    0.05480538500159048
1.2261702127659575    0.05289324701917466
1.2279787234042554    0.05146343854523302
1.2297872340425533    0.05019970116058522
1.2315957446808512    0.04889891275424758
1.2334042553191489    0.047690323579164175
1.2352127659574468    0.04676102046113969
1.2370212765957447    0.04591733541577967
1.2388297872340426    0.044526805674523516
1.2406382978723405    0.04199543909289525
1.2424468085106384    0.03833614773784868
1.2442553191489363    0.03422284896456015
1.2460638297872342    0.030413979473987336
1.2478723404255319    0.027091216877352012
1.2496808510638298    0.023792528250524844
1.2514893617021277    0.020035408633698196
1.2532978723404256    0.0159921775440695
1.2551063829787235    0.012468060765006186
1.2569148936170214    0.010118135438282282
1.2587234042553193    0.00866159198390459
1.2605319148936172    0.006948501078920819
1.2623404255319148    0.0039331483467460425
1.2641489361702127    -0.0003343068486665935
1.2659574468085106    -0.004699321600485536
1.2677659574468085    -0.007972451471718055
1.2695744680851064    -0.010092063031485462
1.2713829787234043    -0.012231434654979365
1.2731914893617022    -0.01568301637146491
1.2750000000000001    -0.020560468745278303
1.2768085106382978    -0.025590622266799312
1.2786170212765957    -0.029242141318521334
1.2804255319148936    -0.031128019171976766
1.2822340425531915    -0.03232478378851201
1.2840425531914894    -0.03429876309390708
1.2858510638297873    -0.03750445984215731
1.2876595744680852    -0.04104693216576876
1.289468085106383    -0.043726970029165764
1.2912765957446808    -0.04537657111908427
1.2930851063829787    -0.04707923607954532
1.2948936170212766    -0.05000686394317198
1.2967021276595745    -0.05406112673264029
1.2985106382978724    -0.057779085527490205
1.3003191489361703    -0.0597133755569953
1.3021276595744682    -0.05995284150507688
1.303936170212766    -0.06020122539059427
1.3057446808510638    -0.062209121437912164
1.3075531914893617    -0.06602801325068403
1.3093617021276596    -0.06982570036927324
1.3111702127659575    -0.07152527462746511
1.3129787234042554    -0.07072361791761442
1.3147872340425533    -0.06901770502276541
1.3165957446808512    -0.06839541440691912
1.318404255319149    -0.06925293860487897
1.3202127659574467    -0.06998845779430368
1.3220212765957446    -0.0685792365622086
1.3238297872340425    -0.06459045447709064
1.3256382978723404    -0.05963781769698703
1.3274468085106383    -0.05586389739576714
1.3292553191489362    -0.05395692033244848
1.3310638297872341    -0.05267133624133795
1.332872340425532    -0.05027702856287411
1.3346808510638297    -0.046419401832232074
1.3364893617021276    -0.04247884697508515
1.3382978723404255    -0.04006616743718733
1.3401063829787234    -0.039204315236841286
1.3419148936170213    -0.038081884630767046
1.3437234042553192    -0.034679706238624666
1.3455319148936171    -0.028674780421479487
1.347340425531915    -0.021735861031603784
1.3491489361702127    -0.015930382936206952
1.3509574468085106    -0.011836437408941091
1.3527659574468085    -0.008212802076918446
1.3545744680851064    -0.003487912216610692
1.3563829787234043    0.0024875976271286782
1.3581914893617022    0.008197822015087852
1.36    0.011940456973305615
1.361808510638298    0.013510263630470639
1.3636170212765957    0.014406578828250357
1.3654255319148936    0.016401645112527646
1.3672340425531915    0.019930242786087536
1.3690425531914894    0.023866794917872768
1.3708510638297873    0.026803720305823724
1.3726595744680852    0.028457462666673337
1.374468085106383    0.029795255175099893
1.376276595744681    0.03185310693273597
1.3780851063829787    0.03454271100235861
1.3798936170212766    0.03668586357852927
1.3817021276595745    0.03720234747733427
1.3835106382978724    0.03620406914684025
1.3853191489361703    0.03489324633877119
1.3871276595744682    0.034409957326537004
1.388936170212766    0.0348102923143438
1.390744680851064    0.03515767897365269
1.3925531914893619    0.03455529755448249
1.3943617021276595    0.03304926913978543
1.3961702127659574    0.031554559285764484
1.3979787234042553    0.03097870279452774
1.3997872340425532    0.03146066985676684
1.4015957446808511    0.032409382950681694
1.403404255319149    0.03316529278520052
1.405212765957447    0.03354736934696698
1.4070212765957448    0.03379895360626615
1.4088297872340425    0.034138321304154236
1.4106382978723404    0.03448509495235976
1.4124468085106383    0.03464228125394712
1.4142553191489362    0.03466156072688117
1.416063829787234    0.03492807156657928
1.417872340425532    0.0358392827378245
1.41968085106383    0.037408944502020015
1.4214893617021278    0.03920472784489792
1.4232978723404255    0.04067544741929865
1.4251063829787234    0.041540399562982215
1.4269148936170213    0.04188734614156945
1.4287234042553192    0.04194017398754913
1.430531914893617    0.04176307465017715
1.432340425531915    0.04117954003423082
1.4341489361702129    0.03994474232322206
1.4359574468085108    0.03798363873843496
1.4377659574468085    0.03548473379026069
1.4395744680851064    0.032787596640203594
1.4413829787234043    0.030164184085890368
1.4431914893617022    0.02765914321789991
1.445    0.02510934086709983
1.446808510638298    0.02234114368613125
1.4486170212765959    0.019400270097410827
1.4504255319148938    0.01660115382724986
1.4522340425531914    0.01429200090219393
1.4540425531914893    0.012491266710438768
1.4558510638297872    0.010742213946164973
1.4576595744680851    0.008411346104056722
1.459468085106383    0.005248902910769
1.461276595744681    0.0017035463717933342
1.4630851063829788    -0.0013752867641914043
1.4648936170212767    -0.003449448023329264
1.4667021276595744    -0.004762598434956634
1.4685106382978723    -0.006076630747466029
1.4703191489361702    -0.007883814091283609
1.4721276595744681    -0.009862007662032792
1.473936170212766    -0.011142109158884379
1.475744680851064    -0.011146865816453789
1.4775531914893618    -0.0101562670877271
1.4793617021276597    -0.009013088474641988
1.4811702127659574    -0.008268488909164567
1.4829787234042553    -0.007657542649409144
1.4847872340425532    -0.006447424532836839
1.486595744680851    -0.004272320501396816
1.488404255319149    -0.0015562573543628014
1.490212765957447    0.0009116232355348957
1.4920212765957448    0.0027513351036990976
1.4938297872340427    0.004247023030839905
1.4956382978723404    0.005821422212627619
1.4974468085106383    0.007373275037872434
1.4992553191489362    0.008291091186794816
1.501063829787234    0.008175473429027635
1.502872340425532    0.007442596708832839
1.5046808510638299    0.007043197949327833
1.5064893617021278    0.0074982955782818255
1.5082978723404257    0.008265800018535911
1.5101063829787233    0.00817237448371645
1.5119148936170212    0.006526183795789045
1.5137234042553191    0.0037759227720691006
1.515531914893617    0.0010379655001950651
1.517340425531915    -0.000999171628833827
1.5191489361702128    -0.002650310367710582
1.5209574468085107    -0.004745259636033394
1.5227659574468086    -0.007686581361686963
1.5245744680851063    -0.011097885855064361
1.5263829787234042    -0.01437495279936652
1.5281914893617021    -0.017417880728821382
1.53    -0.02066547166468921
1.531808510638298    -0.02442295747712841
1.5336170212765958    -0.028334045906854108
1.5354255319148937    -0.03168234084977261
1.5372340425531916    -0.034204886905145594
1.5390425531914893    -0.036445002425417115
1.5408510638297872    -0.03916281477512037
1.542659574468085    -0.042422849573677625
1.544468085106383    -0.045406883987953305
1.546276595744681    -0.047215295451753396
1.5480851063829788    -0.047784590869139366
1.5498936170212767    -0.04787439600090538
1.5517021276595746    -0.0481100226542435
1.5535106382978723    -0.048159883563032045
1.5553191489361702    -0.047018405636962225
1.557127659574468    -0.0441320159063417
1.558936170212766    -0.040121825553671935
1.5607446808510639    -0.036256569004040555
1.5625531914893618    -0.0332039279916888
1.5643617021276597    -0.03040960493872954
1.5661702127659576    -0.026784058369460774
1.5679787234042553    -0.021942067181980773
1.5697872340425532    -0.01663446400061979
1.571595744680851    -0.011912353601444815
1.573404255319149    -0.007966840350335562
1.5752127659574469    -0.003928625449591952
1.5770212765957448    0.0011756401319775144
1.5788297872340427    0.007396522787144021
1.5806382978723406    0.013893598496371775
1.5824468085106382    0.01993432994232025
1.5842553191489361    0.025682817767802853
1.586063829787234    0.03187448324224077
1.587872340425532    0.03877234635065361
1.5896808510638298    0.045632526872594885
1.5914893617021277    0.05132422956190424
1.5932978723404256    0.05542515372581922
1.5951063829787235    0.058561462246079866
1.5969148936170212    0.06161031760204428
1.5987234042553191    0.06466529732626797
1.600531914893617    0.06692572573440952
1.602340425531915    0.06762048462161571
1.6041489361702128    0.06691067243891358
1.6059574468085107    0.06575006310414658
1.6077659574468086    0.06486705252238767
1.6095744680851065    0.06402007164494064
1.6113829787234042    0.062359919405939185
1.613191489361702    0.05948024395682158
1.615    0.05596928827660326
1.616808510638298    0.05284750273811904
1.6186170212765958    0.0505281752728782
1.6204255319148937    0.048460352235490584
1.6222340425531916    0.045832484985378646
1.6240425531914895    0.04252438364139263
1.6258510638297874    0.039231334105178484
1.627659574468085    0.0366301379546609
1.629468085106383    0.03454180520069419
1.6312765957446809    0.032056140221569177
1.6330851063829788    0.028511026969197877
1.6348936170212767    0.024254883195979397
1.6367021276595746    0.020330373571141203
1.6385106382978725    0.017377036494212378
1.6403191489361704    0.014905761197418953
1.642127659574468    0.011731039639649683
1.643936170212766    0.007149483910456021
1.6457446808510638    0.0016831401691839547
1.6475531914893617    -0.0033516945032204264
1.6493617021276596    -0.007017210856425048
1.6511702127659575    -0.00953336889605181
1.6529787234042554    -0.011964573325367201
1.6547872340425533    -0.015190233491293777
1.656595744680851    -0.019165507542000488
1.658404255319149    -0.02310288153644505
1.6602127659574468    -0.026285150804072458
1.6620212765957447    -0.02868570470307393
1.6638297872340426    -0.030874182197989996
1.6656382978723405    -0.033423578731220926
1.6674468085106384    -0.03645029226132508
1.6692553191489363    -0.03967121424515689
1.671063829787234    -0.04279774082504795
1.672872340425532    -0.045803386548786434
1.6746808510638298    -0.04882871764421881
1.6764893617021277    -0.051911387570067205
1.6782978723404256    -0.054883694039627354
1.6801063829787235    -0.05754122814893235
1.6819148936170214    -0.05986068564404526
1.6837234042553193    -0.06200130134834338
1.685531914893617    -0.06409034979879429
1.6873404255319149    -0.06604842174352009
1.6891489361702128    -0.06766047614855401
1.6909574468085107    -0.06880728694989076
1.6927659574468086    -0.06958188185744842
1.6945744680851065    -0.07015291477117501
1.6963829787234044    -0.07054455609461326
1.6981914893617023    -0.07061442195060362
1.7    -0.07027907423043893
1.7018085106382979    -0.0697201555304529
1.7036170212765958    -0.06928593337727075
1.7054255319148937    -0.06913754427128772
1.7072340425531916    -0.06901040388484007
1.7090425531914895    -0.06838412450881544
1.7108510638297874    -0.06692994896351732
1.7126595744680853    -0.06479267185403771
1.714468085106383    -0.06242299605284586
1.7162765957446808    -0.060144650302311795
1.7180851063829787    -0.057903687118382396
1.7198936170212766    -0.05541984828613711
1.7217021276595745    -0.05251383556881793
1.7235106382978724    -0.04923143947941119
1.7253191489361703    -0.04567781514641747
1.7271276595744682    -0.041834244169391854
1.728936170212766    -0.03761338537633796
1.7307446808510638    -0.033056025345268816
1.7325531914893617    -0.028354336508441685
1.7343617021276596    -0.02361131558989294
1.7361702127659575    -0.018644024958049822
1.7379787234042554    -0.013172253731414868
1.7397872340425533    -0.00728531062345647
1.7415957446808512    -0.0016589151205868534
1.7434042553191489    0.0028377916930555497
1.7452127659574468    0.005851065814015285
1.7470212765957447    0.007857873866686108
1.7488297872340426    0.009728570667407234
1.7506382978723405    0.011963427861664716
1.7524468085106384    0.01438354492507145
1.7542553191489363    0.016559782017107734
1.7560638297872342    0.018455912283376556
1.7578723404255319    0.020551309660945545
1.7596808510638298    0.023326815298217486
1.7614893617021277    0.026727188288605125
1.7632978723404256    0.030216409748818757
1.7651063829787235    0.03333378920044311
1.7669148936170214    0.0360824555121861
1.7687234042553193    0.03870936948563766
1.7705319148936172    0.04117940751226662
1.7723404255319148    0.0430118355284585
1.7741489361702127    0.04370598901122402
1.7759574468085106    0.043273030029707865
1.7777659574468085    0.04226234712952413
1.7795744680851064    0.041265579830568236
1.7813829787234043    0.04047484107693154
1.7831914893617022    0.03976105082192559
1.7850000000000001    0.03908481790889638
1.7868085106382978    0.038667032131029705
1.7886170212765957    0.03869057304261739
1.7904255319148936    0.03893262178084643
1.7922340425531915    0.03884644816337646
1.7940425531914894    0.03806480497722113
1.7958510638297873    0.036757428471275166
1.7976595744680852    0.035417323465021314
1.7994680851063831    0.034317116190265826
1.8012765957446808    0.03326467573360958
1.8030851063829787    0.031925943334183415
1.8048936170212766    0.03030743821088184
1.8067021276595745    0.028811441461323986
1.8085106382978724    0.027797962518589812
1.8103191489361703    0.027172087944267384
1.8121276595744682    0.026467996050652004
1.813936170212766    0.02530381024981157
1.8157446808510638    0.023668634968964167
1.8175531914893617    0.02175309496201147
1.8193617021276596    0.019605184036994378
1.8211702127659575    0.017073840319290552
1.8229787234042554    0.014097680278401817
1.8247872340425533    0.010941118544471991
1.8265957446808512    0.008048556664723209
1.828404255319149    0.00567665155813101
1.8302127659574468    0.0037459736244268346
1.8320212765957447    0.002075486399626408
1.8338297872340426    0.0006879230446727122
1.8356382978723405    -0.0001952460301188633
1.8374468085106384    -0.0004357335020448198
1.8392553191489363    -0.0001428296724361554
1.8410638297872342    0.0005171562310906006
1.842872340425532    0.0016299094081545702
1.8446808510638297    0.0035429600184869723
1.8464893617021276    0.006514194261923916
1.8482978723404255    0.0103936332232963
1.8501063829787234    0.01471941150434392
1.8519148936170213    0.019130757988406057
1.8537234042553192    0.023635039839663523
1.8555319148936171    0.028448061645342103
1.857340425531915    0.03362509756827123
1.859148936170213    0.03891746688628535
1.8609574468085106    0.04399503575014688
1.8627659574468085    0.04875452492762149
1.8645744680851064    0.053380165742775404
1.8663829787234043    0.05814143257014574
1.8681914893617022    0.0631717779323603
1.87    0.06838953352338313
1.871808510638298    0.07349364912297031
1.873617021276596    0.07794380028871649
1.8754255319148936    0.08101734497797965
1.8772340425531915    0.08208599815218563
1.8790425531914894    0.08100340649138472
1.8808510638297873    0.07823761884040685
1.8826595744680852    0.07452377549680923
1.884468085106383    0.07029197512541911
1.886276595744681    0.06540924227002158
1.8880851063829789    0.059485824785179095
1.8898936170212766    0.0524143424383869
1.8917021276595745    0.04458251758697092
1.8935106382978724    0.036579533160888245
1.8953191489361703    0.028757285625469253
1.8971276595744682    0.02110060608026089
1.898936170212766    0.01344846530591031
1.900744680851064    0.0057188987176779865
1.9025531914893619    -0.0021320849766942704
1.9043617021276595    -0.010301381482504446
1.9061702127659574    -0.01917689696984059
1.9079787234042553    -0.029134627226176643
1.9097872340425532    -0.04030238638988773
1.9115957446808511    -0.05249839356416239
1.913404255319149    -0.06531252705675085
1.915212765957447    -0.07817886225546232
1.9170212765957448    -0.09043071357879838
1.9188297872340425    -0.10146567766033122
1.9206382978723404    -0.11101342116612935
1.9224468085106383    -0.11925476004382211
1.9242553191489362    -0.12658334874647048
1.9260638297872341    -0.13318177015854638
1.927872340425532    -0.13884998158104378
1.92968085106383    -0.1432784487751218
1.9314893617021278    -0.14643330371478486
1.9332978723404255    -0.14856303760241701
1.9351063829787234    -0.14979192198636887
1.9369148936170213    -0.14980446541475567
1.9387234042553192    -0.148058236007737
1.940531914893617    -0.14432774250770913
1.942340425531915    -0.1389550226705515
1.944148936170213    -0.13252196982421588
1.9459574468085108    -0.12536881321729165
1.9477659574468085    -0.1175669550819729
1.9495744680851064    -0.10935241213337499
1.9513829787234043    -0.10139003309866843
1.9531914893617022    -0.09441118421089592
1.955    -0.08858362779799253
1.956808510638298    -0.0834029372372177
1.9586170212765959    -0.07832831991652098
1.9604255319148938    -0.07345865201345789
1.9622340425531914    -0.06941796367075595
1.9640425531914893    -0.06653017294256158
1.9658510638297872    -0.06425418787150416
1.9676595744680851    -0.06161533945362083
1.969468085106383    -0.05822311619151979
1.971276595744681    -0.05474417162736567
1.9730851063829788    -0.05227499051427455
1.9748936170212767    -0.05127966803343005
1.9767021276595744    -0.0512162371753062
1.9785106382978723    -0.0511705313324185
1.9803191489361702    -0.05071929967702074
1.9821276595744681    -0.050101882155685534
1.983936170212766    -0.04965741507025195
1.985744680851064    -0.04928222690025004
1.9875531914893618    -0.048496648244553034
1.9893617021276597    -0.04691739616671774
1.9911702127659574    -0.044523123908740234
1.9929787234042553    -0.04147892298769093
1.9947872340425532    -0.037849978420822245
1.996595744680851    -0.0335664732313114
1.998404255319149    -0.02857821988677124
2.0002127659574467    -0.022908828796493474
2.0020212765957446    -0.016561500389704838
2.0038297872340425    -0.00950512234985099
2.0056382978723404    -0.0018240310040193303
2.0074468085106383    0.006230718750326522
2.009255319148936    0.014510948772624079
2.011063829787234    0.02330673670325012
2.012872340425532    0.03323590774111319
2.01468085106383    0.044623061687977854
2.016489361702128    0.05699099463159261
2.0182978723404257    0.06929762803957379
2.0201063829787236    0.0807381351697379
2.0219148936170215    0.09124472989148272
2.0237234042553194    0.1011590552517927
2.0255319148936173    0.11056565321347853
2.0273404255319147    0.11919121639139799
2.0291489361702126    0.1270144010931141
2.0309574468085105    0.13472655141685538
2.0327659574468084    0.14326232546283948
2.0345744680851063    0.15277890255902646
2.0363829787234042    0.16226863046877602
2.038191489361702    0.1703487475297725
2.04    0.1763840100027144
2.041808510638298    0.18067457818876956
2.043617021276596    0.18356358472883402
2.0454255319148937    0.18463654112937447
2.0472340425531916    0.18305333857808873
2.0490425531914895    0.1786122168377021
2.0508510638297874    0.1721914985354621
2.0526595744680853    0.16496344700293206
2.0544680851063832    0.15730248546478479
2.0562765957446807    0.14869406728043869
2.0580851063829786    0.13869885789496636
2.0598936170212765    0.12771989436515166
2.0617021276595744    0.1166122405217731
2.0635106382978723    0.1056811114031059
2.06531914893617    0.09439736868794354
2.067127659574468    0.08221382816439612
2.068936170212766    0.06942256938150701
2.070744680851064    0.05693590686022906
2.072553191489362    0.04528833214401129
2.0743617021276597    0.03419509291919122
2.0761702127659576    0.023278246926640926
2.0779787234042555    0.01300016558989911
2.0797872340425534    0.0045005658688391514
2.0815957446808513    -0.0015672763232761969
2.083404255319149    -0.005750150373961426
2.085212765957447    -0.009111690506806817
2.0870212765957445    -0.012000113288713622
2.0888297872340424    -0.013879703151822492
2.0906382978723403    -0.014488813823568931
2.0924468085106382    -0.014782531409887004
2.094255319148936    -0.01623798207954126
2.096063829787234    -0.019150950122565222
2.097872340425532    -0.02200036547737986
2.09968085106383    -0.022860324347851402
2.1014893617021277    -0.02139310614327232
2.1032978723404256    -0.019148087716195313
2.1051063829787235    -0.017808852634744438
2.1069148936170214    -0.017425117481954168
2.1087234042553193    -0.016649147655636645
2.1105319148936172    -0.01459014516022487
2.112340425531915    -0.01202307564664628
2.114148936170213    -0.01057120721541226
2.1159574468085105    -0.010957819684129469
2.1177659574468084    -0.012438343942716989
2.1195744680851063    -0.013934640706008139
2.121382978723404    -0.015294894386831133
2.123191489361702    -0.01711111834150119
2.125    -0.019503292131854456
2.126808510638298    -0.021619688738785732
2.128617021276596    -0.022614266978434522
2.1304255319148937    -0.02288142017735164
2.1322340425531916    -0.023932552468575632
2.1340425531914895    -0.026981869286685695
2.1358510638297874    -0.031897514091836394
2.1376595744680853    -0.037663561548084
2.139468085106383    -0.04360292780386293
2.141276595744681    -0.049776577233485116
2.143085106382979    -0.05619943348558631
2.1448936170212765    -0.062117181167501166
2.1467021276595744    -0.06646282019023345
2.1485106382978723    -0.06897180023417018
2.15031914893617    -0.0704856530004545
2.152127659574468    -0.07198639414776331
2.153936170212766    -0.07354696415804557
2.155744680851064    -0.07448964727120927
2.1575531914893618    -0.074468069694298
2.1593617021276597    -0.07399682745124272
2.1611702127659576    -0.07371005229571789
2.1629787234042555    -0.07333797309425474
2.1647872340425534    -0.07179513028545864
2.1665957446808513    -0.06832912809516206
2.168404255319149    -0.0632757260573194
2.170212765957447    -0.05745998313160783
2.172021276595745    -0.05104935300567978
2.1738297872340424    -0.043394368696668476
2.1756382978723403    -0.034108604511668195
2.177446808510638    -0.02399368242362361
2.179255319148936    -0.014555193773730851
2.181063829787234    -0.006627899331326365
2.182872340425532    0.00023763498817881614
2.18468085106383    0.006932049693484856
2.1864893617021277    0.013601655327635603
2.1882978723404256    0.019581817537397288
2.1901063829787235    0.024403507218243234
2.1919148936170214    0.028461723316621716
2.1937234042553193    0.03246401034997308
2.195531914893617    0.0364393396703797
2.197340425531915    0.039655348927709444
2.199148936170213    0.04153331884234315
2.200957446808511    0.042281343849919925
2.2027659574468084    0.042348140796733144
2.2045744680851063    0.04144036830438072
2.206382978723404    0.038532274858563406
2.208191489361702    0.03304423045863965
2.21    0.02577888342973702
2.211808510638298    0.018394177660166704
2.2136170212765958    0.011980596035562913
2.2154255319148937    0.006403913073363989
2.2172340425531916    0.0010570010061188746
2.2190425531914895    -0.004129585474738658
2.2208510638297874    -0.008785904960137793
2.2226595744680853    -0.013055595651787634
2.224468085106383    -0.017888836807902334
2.226276595744681    -0.02401569197369168
2.228085106382979    -0.030832318760934
2.229893617021277    -0.03679504397813408
2.2317021276595743    -0.04109824213367141
2.233510638297872    -0.04466747629811243
2.23531914893617    -0.049156043643356954
2.237127659574468    -0.05501802641374567
2.238936170212766    -0.06090014149520715
2.240744680851064    -0.06504177058989474
2.2425531914893617    -0.06699181220313555
2.2443617021276596    -0.06768225671498107
2.2461702127659575    -0.0680143101341652
2.2479787234042554    -0.06789420489650644
2.2497872340425533    -0.06687918212454128
2.251595744680851    -0.06535844122242485
2.253404255319149    -0.06445866938360068
2.255212765957447    -0.06459868760495774
2.257021276595745    -0.06454305560180909
2.258829787234043    -0.06235264247398714
2.2606382978723403    -0.0572973745258305
2.262446808510638    -0.05054050956143924
2.264255319148936    -0.04385021125432874
2.266063829787234    -0.037938055749202684
2.267872340425532    -0.032334457428983776
2.2696808510638298    -0.026669029972796035
2.2714893617021277    -0.021490469375793124
2.2732978723404256    -0.017526574993023215
2.2751063829787235    -0.014470485615831509
2.2769148936170214    -0.011079001613333608
2.2787234042553193    -0.006644668494739003
2.280531914893617    -0.0020053671099199196
2.282340425531915    0.0012986634338697795
2.284148936170213    0.002814411748968292
2.285957446808511    0.003766071387963133
2.2877659574468088    0.005718966584370072
2.2895744680851062    0.008915773499760115
2.291382978723404    0.012223377736999946
2.293191489361702    0.01460735042858337
2.295    0.016234439054835265
2.296808510638298    0.017919568450619004
2.2986170212765957    0.019797564581852993
2.3004255319148936    0.02102919041928339
2.3022340425531915    0.020929176171074357
2.3040425531914894    0.020024690743227547
2.3058510638297873    0.019625345452812942
2.3076595744680852    0.020375306338601858
2.309468085106383    0.02154011940170667
2.311276595744681    0.021868738417349105
2.313085106382979    0.020968758853847046
2.314893617021277    0.019610787596046578
2.3167021276595747    0.018775263180734164
2.3185106382978726    0.018727187266645184
2.32031914893617    0.019167630076608627
2.322127659574468    0.02004199742946565
2.323936170212766    0.021836275091104584
2.325744680851064    0.02502028053985548
2.3275531914893617    0.029477084855902162
2.3293617021276596    0.03472176232199719
2.3311702127659575    0.0405954131075189
2.3329787234042554    0.047467880930969215
2.3347872340425533    0.0556468920988736
2.336595744680851    0.06475153281295021
2.338404255319149    0.07386129429190966
2.340212765957447    0.0822662282796521
2.342021276595745    0.08992889981182858
2.343829787234043    0.09720560191421843
2.3456382978723407    0.10430589971303716
2.3474468085106386    0.11116463240069044
2.349255319148936    0.11770402743819994
2.351063829787234    0.12391843491900645
2.352872340425532    0.1295734701280788
2.3546808510638297    0.13401426378252673
2.3564893617021276    0.13656308114014237
2.3582978723404255    0.13719518707234102
2.3601063829787234    0.13667722319819625
2.3619148936170213    0.13588710364701928
2.3637234042553192    0.1349976423327094
2.365531914893617    0.13338566940831492
2.367340425531915    0.13029006562895667
2.369148936170213    0.12543545548644597
2.370957446808511    0.1190306960832482
2.3727659574468087    0.11139917542489697
2.3745744680851066    0.10285647096414022
2.3763829787234045    0.09390896139240176
2.378191489361702    0.08523787810146813
2.38    0.07716719005613443
2.381808510638298    0.06911725384032152
2.3836170212765957    0.05980457757157975
2.3854255319148936    0.048201651571470036
2.3872340425531915    0.03437746734160273
2.3890425531914894    0.01940912433901911
2.3908510638297873    0.004532346951926048
2.392659574468085    -0.00957253934633252
2.394468085106383    -0.022789156630172138
2.396276595744681    -0.035171952351449806
2.398085106382979    -0.046773587129950014
2.399893617021277    -0.057794002567459715
2.4017021276595747    -0.06860445139604175
2.4035106382978726    -0.07938924640002555
2.4053191489361705    -0.08978156509104783
2.407127659574468    -0.09903206166623414
2.408936170212766    -0.10665517113443716
2.4107446808510637    -0.11288677302604798
2.4125531914893616    -0.1184544507788322
2.4143617021276595    -0.1239227288455816
2.4161702127659574    -0.12930456844942112
2.4179787234042553    -0.13424089919987447
2.4197872340425532    -0.13837904293084524
2.421595744680851    -0.1414604610372724
2.423404255319149    -0.14313197215088014
2.425212765957447    -0.1429076509680326
2.427021276595745    -0.14049360492666058
2.4288297872340427    -0.13615731975385154
2.4306382978723406    -0.1306859267946216
2.4324468085106385    -0.12491170006837171
2.4342553191489364    -0.11924460007708604
2.436063829787234    -0.11360345249129677
2.437872340425532    -0.10770070946169139
2.4396808510638297    -0.10135665288947637
2.4414893617021276    -0.09464290750309493
2.4432978723404255    -0.08789229203892701
2.4451063829787234    -0.08162919888991352
2.4469148936170213    -0.07636367838580813
2.448723404255319    -0.07226442393527127
2.450531914893617    -0.06897147381705718
2.452340425531915    -0.06584243497359321
2.454148936170213    -0.06253933652149138
2.455957446808511    -0.05942658233244508
2.4577659574468087    -0.05732983673134154
2.4595744680851066    -0.056824579223627866
2.4613829787234045    -0.057732391988174245
2.4631914893617024    -0.05930660081412455
2.465    -0.060873234695416556
2.4668085106382978    -0.06224807859595659
2.4686170212765957    -0.06355943916461247
2.4704255319148936    -0.06478804773014142
2.4722340425531915    -0.06560329367127478
2.4740425531914894    -0.06565706822159333
2.4758510638297873    -0.0649264544835839
2.477659574468085    -0.06365373408045384
2.479468085106383    -0.06194252660654183
2.481276595744681    -0.05950437442005366
2.483085106382979    -0.05589134283895414
2.4848936170212768    -0.05098900313918793
2.4867021276595747    -0.04523547103575899
2.4885106382978726    -0.03932303059959108
2.4903191489361705    -0.03368592323398553
2.4921276595744684    -0.028269862409206044
2.493936170212766    -0.022737695520118804
2.4957446808510637    -0.016813646742141537
2.4975531914893616    -0.010406228301005988
2.4993617021276595    -0.0034853899081525447
2.5011702127659574    0.004022618236311151
2.5029787234042553    0.01215446464096509
2.504787234042553    0.020784894060459976
2.506595744680851    0.029691675117923977
2.508404255319149    0.03878237576247717
2.510212765957447    0.04818283386853292
2.512021276595745    0.05799485793435706
2.5138297872340427    0.06793803559625768
2.5156382978723406    0.07730394131878222
2.5174468085106385    0.08536100848688101
2.5192553191489364    0.09184604709172138
2.5210638297872343    0.09704896105107448
2.5228723404255318    0.10142104983219473
2.5246808510638297    0.10514418676651867
2.5264893617021276    0.10810483675948955
2.5282978723404255    0.11022293773233251
2.5301063829787234    0.1116811661849356
2.5319148936170213    0.11275881447567433
2.533723404255319    0.11348613841296727
2.535531914893617    0.11356961135208236
2.537340425531915    0.1127156826548081
2.539148936170213    0.11099823379654024
2.5409574468085108    0.10884792519847329
2.5427659574468087    0.10665107114785506
2.5445744680851066    0.104344212376538
2.5463829787234045    0.10135943146146827
2.5481914893617024    0.09692874729077357
2.5500000000000003    0.09050878900863345
2.551808510638298    0.08211166731095838
2.5536170212765956    0.07243269333609835
2.5554255319148935    0.0626819015235097
2.5572340425531914    0.05407849625228621
2.5590425531914893    0.04721284258468185
2.560851063829787    0.04173177253228921
2.562659574468085    0.0366702319144776
2.564468085106383    0.031208522462057187
2.566276595744681    0.025208699437845997
2.568085106382979    0.019092909737765326
2.5698936170212767    0.013296832479378691
2.5717021276595746    0.007925830839093994
2.5735106382978725    0.002924038304428816
2.5753191489361704    -0.0015583229231154138
2.5771276595744683    -0.0050977719151680135
2.578936170212766    -0.007301325622769712
2.580744680851064    -0.008097852101898121
2.5825531914893616    -0.007710480640550101
2.5843617021276595    -0.006438798428612681
2.5861702127659574    -0.00456067363558656
2.5879787234042553    -0.0023914603825706685
2.589787234042553    -0.0002677658637262005
2.591595744680851    0.0016252091118073098
2.593404255319149    0.003331424881831608
2.595212765957447    0.004901740047511733
2.5970212765957448    0.006111967146263096
2.5988297872340427    0.006568202375204371
2.6006382978723406    0.006198706803948506
2.6024468085106385    0.005530581587578089
2.6042553191489364    0.0052554933828644805
2.6060638297872343    0.005432801109870686
2.607872340425532    0.0052554207861301135
2.60968085106383    0.003785574997754243
2.6114893617021275    0.0009500550876991023
2.6132978723404254    -0.002298354392581044
2.6151063829787233    -0.004861407205094734
2.6169148936170212    -0.006474068176732582
2.618723404255319    -0.007776062851766077
2.620531914893617    -0.009544365038921178
2.622340425531915    -0.012046000350419347
2.624148936170213    -0.01515100361528808
2.6259574468085107    -0.018826428143858306
2.6277659574468086    -0.023242299544501813
2.6295744680851065    -0.02837985964882464
2.6313829787234044    -0.03377374520536325
2.6331914893617023    -0.03883109346092442
2.6350000000000002    -0.043344843201477204
2.636808510638298    -0.047519263630856484
2.638617021276596    -0.051483653390294384
2.6404255319148935    -0.05498570717613417
2.6422340425531914    -0.057722447231109766
2.6440425531914893    -0.05986409575140546
2.645851063829787    -0.06198487877305778
2.647659574468085    -0.06436022803761787
2.649468085106383    -0.06648407944758353
2.651276595744681    -0.06749542034371384
2.653085106382979    -0.06710995350275326
2.6548936170212767    -0.06598779753458522
2.6567021276595746    -0.06509212650717983
2.6585106382978725    -0.06476037524915756
2.6603191489361704    -0.06450526176051502
2.6621276595744683    -0.06367336915002966
2.663936170212766    -0.06213691030950408
2.665744680851064    -0.06028223513303843
2.667553191489362    -0.05844623736884272
2.6693617021276594    -0.05650217835136523
2.6711702127659573    -0.05396511427750983
2.6729787234042552    -0.05037131780522411
2.674787234042553    -0.0455626396654618
2.676595744680851    -0.03981455317397531
2.678404255319149    -0.03387366395958122
2.680212765957447    -0.028772495496585462
2.6820212765957447    -0.02527878159319085
2.6838297872340426    -0.02328237027622767
2.6856382978723405    -0.021765675004752294
2.6874468085106384    -0.019578004222109056
2.6892553191489363    -0.016347656954728167
2.6910638297872342    -0.01260535226381444
2.692872340425532    -0.009022744683276556
2.69468085106383    -0.005676286706687274
2.696489361702128    -0.00218622327705789
2.6982978723404254    0.0015135636378770688
2.7001063829787233    0.004800413558747516
2.701914893617021    0.006899042379234885
2.703723404255319    0.007695180078101923
2.705531914893617    0.007851918764555745
2.707340425531915    0.008120378796920166
2.709148936170213    0.008679640566688632
2.7109574468085107    0.009200988887747754
2.7127659574468086    0.009391785831897863
2.7145744680851065    0.009293024143621133
2.7163829787234044    0.009108104206082074
2.7181914893617023    0.00900146676078693
2.72    0.009187553218423062
2.721808510638298    0.010009243301951614
2.723617021276596    0.011617170720276564
2.725425531914894    0.013535950776058632
2.7272340425531914    0.014838852303592807
2.7290425531914893    0.01502790886615767
2.730851063829787    0.014697811627660484
2.732659574468085    0.015067356140923662
2.734468085106383    0.016720963684108078
2.736276595744681    0.01894150245881435
2.7380851063829788    0.020448609004995528
2.7398936170212767    0.02074611814393053
2.7417021276595746    0.020564585208185385
2.7435106382978725    0.02096342802722882
2.7453191489361704    0.022222093315990867
2.7471276595744683    0.023795626024857245
2.748936170212766    0.025222424600062496
2.750744680851064    0.02673384662458796
2.752553191489362    0.02881648528125062
2.75436170212766    0.031384790469248844
2.7561702127659573    0.03369791693472632
2.757978723404255    0.03514378051031597
2.759787234042553    0.035887228409217126
2.761595744680851    0.03658889209805535
2.763404255319149    0.03760988102548683
2.765212765957447    0.03872224302383383
2.7670212765957447    0.0396074843446587
2.7688297872340426    0.04038067766029703
2.7706382978723405    0.04140239372549871
2.7724468085106384    0.04264714812648927
2.7742553191489363    0.04351718685808842
2.776063829787234    0.043415481902633724
2.777872340425532    0.04239979150786789
2.77968085106383    0.04112078918157945
2.781489361702128    0.04012561894962824
2.783297872340426    0.03934865270026204
2.7851063829787237    0.03832574869631991
2.786914893617021    0.0367931642099448
2.788723404255319    0.03496013465072478
2.790531914893617    0.03322551103949761
2.792340425531915    0.03174539492822831
2.7941489361702128    0.030313980752192424
2.7959574468085107    0.028588960927644576
2.7977659574468086    0.026383370516145928
2.7995744680851065    0.023816157046790312
2.8013829787234044    0.02128976580436255
2.8031914893617023    0.01930238434618499
2.805    0.018131242270782742
2.806808510638298    0.01758079458109968
2.808617021276596    0.01706553359996195
2.810425531914894    0.01603343280781202
2.8122340425531918    0.014345602480665572
2.8140425531914897    0.01223241443632973
2.815851063829787    0.009931866205496506
2.817659574468085    0.007490840342335707
2.819468085106383    0.0049531335359940115
2.821276595744681    0.002586411137850345
2.8230851063829787    0.0007107326840234767
2.8248936170212766    -0.0007388446751154215
2.8267021276595745    -0.0023181754495604223
2.8285106382978724    -0.004590205529204658
2.8303191489361703    -0.00755704956667323
2.832127659574468    -0.010679150933245864
2.833936170212766    -0.01344197466943629
2.835744680851064    -0.015757450324333743
2.837553191489362    -0.01775955963480585
2.83936170212766    -0.019407756970343564
2.8411702127659577    -0.020560443879731796
2.8429787234042556    -0.021446753099364214
2.844787234042553    -0.022769464042884418
2.846595744680851    -0.025068372836137862
2.848404255319149    -0.02802783967418412
2.8502127659574468    -0.030675295296504177
2.8520212765957447    -0.032385312135339545
2.8538297872340426    -0.033532089384863795
2.8556382978723405    -0.03497180006879866
2.8574468085106384    -0.03696339793242867
2.8592553191489363    -0.03885804626077864
2.861063829787234    -0.03993805427344818
2.862872340425532    -0.04034122632028245
2.86468085106383    -0.04090908011704385
2.866489361702128    -0.04216937160710779
2.8682978723404258    -0.0437370403285241
2.8701063829787237    -0.04483603085058234
2.8719148936170216    -0.04521158105021261
2.873723404255319    -0.04528637550854665
2.875531914893617    -0.045481387074975316
2.877340425531915    -0.045686051904612085
2.8791489361702127    -0.04553038982459405
2.8809574468085106    -0.0449394175107857
2.8827659574468085    -0.044107995126759836
2.8845744680851064    -0.04297114131898978
2.8863829787234043    -0.04107583443045239
2.8881914893617022    -0.038226476588235414
2.89    -0.0350667758496335
2.891808510638298    -0.03262746099028001
2.893617021276596    -0.03117376937004812
2.895425531914894    -0.029757049868387078
2.8972340425531917    -0.0271755289182326
2.8990425531914896    -0.023321019239381
2.9008510638297875    -0.019318853456388105
2.902659574468085    -0.016266422001493495
2.904468085106383    -0.014049098088778182
2.906276595744681    -0.011586108823996168
2.9080851063829787    -0.008117567198748683
2.9098936170212766    -0.003970448804553342
2.9117021276595745    -1.8247536573117416e-05
2.9135106382978724    0.0033304152139998085
2.9153191489361703    0.006368919678590776
2.917127659574468    0.009464338958059806
2.918936170212766    0.012548444680758964
2.920744680851064    0.015358168701515162
2.922553191489362    0.017928930663834518
2.92436170212766    0.02055399279272193
2.9261702127659577    0.023285820959267678
2.9279787234042556    0.02575975755275413
2.9297872340425535    0.02764722788425044
2.931595744680851    0.029099492553048008
2.933404255319149    0.030515093743724672
2.9352127659574467    0.03193086117585943
2.9370212765957446    0.03292393021405633
2.9388297872340425    0.033234284654668086
2.9406382978723404    0.03327137207429022
2.9424468085106383    0.033737880661584216
2.9442553191489362    0.03477909684569627
2.946063829787234    0.03577571884534948
2.947872340425532    0.036120071974428236
2.94968085106383    0.036019648457725165
2.951489361702128    0.03627963994054814
2.9532978723404257    0.037298439843296394
2.9551063829787236    0.038517374606336335
2.9569148936170215    0.038990331253790034
2.9587234042553194    0.03833727453299561
2.960531914893617    0.03692990460660471
2.962340425531915    0.03521073359208984
2.9641489361702127    0.033134819284296804
2.9659574468085106    0.030441775783149508
2.9677659574468085    0.027278759059922032
2.9695744680851064    0.024236971489722432
2.9713829787234043    0.021714267654958916
2.973191489361702    0.01946712979670364
2.975    0.016963435274934782
2.976808510638298    0.01406114424862974
2.978617021276596    0.011113869761905475
2.980425531914894    0.008407517929053532
2.9822340425531917    0.005745533222067141
2.9840425531914896    0.0027742506524375717
2.9858510638297875    -0.00040239961113409115
2.9876595744680854    -0.0031916365915535694
2.989468085106383    -0.005157462650423749
2.9912765957446807    -0.006515057059391148
2.9930851063829786    -0.00783282379556828
2.9948936170212765    -0.009344494584160562
2.9967021276595744    -0.010771231422466363
2.9985106382978723    -0.011849896701630492
3.0003191489361702    -0.012817968220080678
3.002127659574468    -0.014182754850989725
3.003936170212766    -0.016079245164488574
3.005744680851064    -0.018077898897684706
3.007553191489362    -0.01970574755669141
3.0093617021276597    -0.021002351753825532
3.0111702127659576    -0.02239445459381388
3.0129787234042555    -0.024070164407238095
3.0147872340425534    -0.02567471195602282
3.0165957446808513    -0.02671534738706001
3.0184042553191492    -0.027148769830197303
3.0202127659574467    -0.027411574560909417
3.0220212765957446    -0.02787358718424541
3.0238297872340425    -0.028396474538071224
3.0256382978723404    -0.028509442197590246
3.0274468085106383    -0.02795375682491709
3.029255319148936    -0.026956523147446336
3.031063829787234    -0.025972497361730518
3.032872340425532    -0.025234976009099887
3.03468085106383    -0.024587754732021343
3.036489361702128    -0.023701466171333833
3.0382978723404257    -0.022410077906769445
3.0401063829787236    -0.02087195444243175
3.0419148936170215    -0.019457404169070235
3.0437234042553194    -0.018460672659817844
3.0455319148936173    -0.017853087483732002
3.047340425531915    -0.017306373499837588
3.0491489361702127    -0.016529423358525377
3.0509574468085106    -0.015630667628449606
3.0527659574468085    -0.015086799156635956
3.0545744680851064    -0.015247780180325049
3.0563829787234043    -0.015859566787421443
3.058191489361702    -0.016174632847313627
3.06    -0.015619662838713747
3.061808510638298    -0.014335381277061732
3.063617021276596    -0.013001595914868127
3.0654255319148938    -0.012150824722649778
3.0672340425531917    -0.011726985187254561
3.0690425531914896    -0.011304243429803726
3.0708510638297875    -0.010598834954007413
3.0726595744680854    -0.00965881941842657
3.0744680851063833    -0.008638135225205089
3.076276595744681    -0.0075875228529025465
3.0780851063829786    -0.006538497061014484
3.0798936170212765    -0.005631721547850174
3.0817021276595744    -0.004966022190023971
3.0835106382978723    -0.004337904602203806
3.08531914893617    -0.003335204669500748
3.087127659574468    -0.0018119707886784086
3.088936170212766    -0.00015731021960631265
3.090744680851064    0.0010937710593394072
3.092553191489362    0.0019206523786436849
3.0943617021276597    0.0029101484755574497
3.0961702127659576    0.004577771126356004
3.0979787234042555    0.006701881863107642
3.0997872340425534    0.008508485592276821
3.1015957446808513    0.009520960854317164
3.103404255319149    0.010062226320133906
3.105212765957447    0.0108293365209138
3.1070212765957446    0.012103735265640105
3.1088297872340425    0.01355574153826307
3.1106382978723404    0.014782405674380925
3.1124468085106383    0.01579445197778627
3.114255319148936    0.01683250201527897
3.116063829787234    0.017853801950186196
3.117872340425532    0.018461708807868682
3.11968085106383    0.0184003597220704
3.1214893617021278    0.017938360077960895
3.1232978723404257    0.01761495836164259
3.1251063829787236    0.017683264145766167
3.1269148936170215    0.017956587939955082
3.1287234042553194    0.01816425603233006
3.1305319148936173    0.01823409402250517
3.132340425531915    0.01811381591943058
3.134148936170213    0.017506076963892385
3.1359574468085105    0.01607513475070388
3.1377659574468084    0.013969549525263705
3.1395744680851063    0.011910146128262616
3.141382978723404    0.010548994276262377
3.143191489361702    0.009788166838232408
3.145    0.008910212481083608
3.146808510638298    0.0074011816149862075
3.148617021276596    0.005472893425280387
3.1504255319148937    0.0036793812322135286
3.1522340425531916    0.0021824048428352337
3.1540425531914895    0.0006282335436583603
3.1558510638297874    -0.001265777922610557
3.1576595744680853    -0.003265878114910321
3.159468085106383    -0.004926603263816106
3.161276595744681    -0.00618520486387612
3.163085106382979    -0.00738429621232338
3.1648936170212765    -0.008684455388996551
3.1667021276595744    -0.009718663806621779
3.1685106382978723    -0.01002753313747945
3.17031914893617    -0.00970215193076087
3.172127659574468    -0.009307841723272946
3.173936170212766    -0.009120500349466414
3.175744680851064    -0.008699290922510282
3.1775531914893618    -0.007442692663384185
3.1793617021276597    -0.0054598283976129165
3.1811702127659576    -0.0035958962705879005
3.1829787234042555    -0.0025053775264752744
3.1847872340425534    -0.0019199017671293304
3.1865957446808513    -0.001038392487331142
3.188404255319149    0.0004707566520630109
3.190212765957447    0.0021390398033811027
3.192021276595745    0.0034114839936128342
3.1938297872340424    0.004396760903834841
3.1956382978723403    0.005634594691061242
3.1974468085106382    0.007224520924897685
3.199255319148936    0.00855539817591543
3.201063829787234    0.009078912254665495
3.202872340425532    0.009131928479039077
3.20468085106383    0.009670472974399297
3.2064893617021277    0.01116905937128736
3.2082978723404256    0.01305384870858219
3.2101063829787235    0.014397604592808807
3.2119148936170214    0.015014925836892769
3.2137234042553193    0.01560283530425145
3.2155319148936172    0.01679566121324427
3.217340425531915    0.018356986912399
3.219148936170213    0.01950278646837349
3.220957446808511    0.019891449851132493
3.2227659574468084    0.020017861356956382
3.2245744680851063    0.020568724995854066
3.226382978723404    0.021602047468944573
3.228191489361702    0.022543846506830913
3.23    0.02289333323001667
3.231808510638298    0.022686404401789383
3.233617021276596    0.022207915007228945
3.2354255319148937    0.021464555073984332
3.2372340425531916    0.020166105450418862
3.2390425531914895    0.018197447670807745
3.2408510638297874    0.01589669189931329
3.2426595744680853    0.013749262953495
3.244468085106383    0.011891481830598787
3.246276595744681    0.010028377794631938
3.248085106382979    0.007800734587924647
3.249893617021277    0.005109491631437984
3.251702127659575    0.002080632958171534
3.2535106382978722    -0.0011218620257096785
3.25531914893617    -0.004315834500104534
3.257127659574468    -0.007214503722939021
3.258936170212766    -0.009525298922071386
3.260744680851064    -0.011234183156681444
3.2625531914893617    -0.012707698081913715
3.2643617021276596    -0.014395743927245581
3.2661702127659575    -0.01643640216004773
3.2679787234042554    -0.01863011949340274
3.2697872340425533    -0.020792813023363842
3.2715957446808512    -0.023009182422121136
3.273404255319149    -0.025452843981888604
3.275212765957447    -0.028034333370739167
3.277021276595745    -0.030381140947619557
3.278829787234043    -0.03221185629238589
3.2806382978723407    -0.0336299739456626
3.282446808510638    -0.034953939327941816
3.284255319148936    -0.036300484778065606
3.286063829787234    -0.037450753606861495
3.287872340425532    -0.03814491108705077
3.28968085106383    -0.038389735970005154
3.2914893617021277    -0.038369163916560284
3.2932978723404256    -0.03810046946446338
3.2951063829787235    -0.037333862784093105
3.2969148936170214    -0.03587440157364846
3.2987234042553193    -0.03392877212474009
3.300531914893617    -0.03200285831710151
3.302340425531915    -0.030413190614141182
3.304148936170213    -0.02895799100011446
3.305957446808511    -0.027124788949235666
3.307765957446809    -0.024601486272307876
3.3095744680851067    -0.021535681579888867
3.311382978723404    -0.018304998374466135
3.313191489361702    -0.015109824941088132
3.315    -0.011846883714355012
3.316808510638298    -0.00835145946432446
3.3186170212765957    -0.004678040602998623
3.3204255319148936    -0.0010868376635954661
3.3222340425531915    0.0022308941694690505
3.3240425531914894    0.0053613660424565186
3.3258510638297873    0.008571051720185878
3.3276595744680852    0.012007736854417724
3.329468085106383    0.015519992467269454
3.331276595744681    0.01878257207472668
3.333085106382979    0.02158782256422033
3.334893617021277    0.023993723967459753
3.3367021276595747    0.02618607309795458
3.3385106382978726    0.028228225281731988
3.34031914893617    0.0299815756353954
3.342127659574468    0.031260012800856156
3.343936170212766    0.031998168926976954
3.345744680851064    0.03221906134924587
3.3475531914893617    0.03187816453790943
3.3493617021276596    0.03085292700644001
3.3511702127659575    0.029155572411082305
3.3529787234042554    0.027097294783176788
3.3547872340425533    0.025112957062948617
3.356595744680851    0.023366976044202244
3.358404255319149    0.021603683419049474
3.360212765957447    0.019481331839436636
3.362021276595745    0.01703925131053475
3.363829787234043    0.014727302789008169
3.3656382978723407    0.012919932032482994
3.3674468085106386    0.011481622248343273
3.369255319148936    0.009924279180787435
3.371063829787234    0.007981568141335296
3.372872340425532    0.005898011020114396
3.3746808510638298    0.004078254646580624
3.3764893617021277    0.0025500389990133617
3.3782978723404256    0.0009341051917716916
3.3801063829787235    -0.0010390434217234146
3.3819148936170214    -0.003141990243337585
3.3837234042553193    -0.004914108900480923
3.385531914893617    -0.006252897062935097
3.387340425531915    -0.007564848290462443
3.389148936170213    -0.009253186255895723
3.390957446808511    -0.011167686515738197
3.3927659574468088    -0.012703758985788459
3.3945744680851067    -0.013432159840012567
3.3963829787234046    -0.013495811685703503
3.398191489361702    -0.01333238858990743
3.4    -0.013127332019174898
3.401808510638298    -0.012684657484814723
3.4036170212765957    -0.011806695651240958
3.4054255319148936    -0.010621157063394298
3.4072340425531915    -0.009424181391554714
3.4090425531914894    -0.008290173345992346
3.4108510638297873    -0.00699733058916484
3.412659574468085    -0.005363069216695264
3.414468085106383    -0.0035295404269148657
3.416276595744681    -0.0018335705893070368
3.418085106382979    -0.0004708482782788898
3.419893617021277    0.000588427143075424
3.4217021276595747    0.0013745416798309799
3.4235106382978726    0.0017796584056408795
3.4253191489361705    0.001756535483252261
3.427127659574468    0.001569920603741726
3.428936170212766    0.0016680340812476565
3.4307446808510638    0.002233862116446969
3.4325531914893617    0.0029555785198056373
3.4343617021276596    0.0033415210637905033
3.4361702127659575    0.003233860083591113
3.4379787234042554    0.0029140165620768696
3.4397872340425533    0.0026937432465150993
3.441595744680851    0.0025124576143258116
3.443404255319149    0.002023032253931253
3.445212765957447    0.0010222733931835762
3.447021276595745    -0.0003180772741209285
3.4488297872340428    -0.0016643489214642686
3.4506382978723407    -0.0028638138816253294
3.4524468085106386    -0.00400420330344857
3.4542553191489365    -0.005194064564453309
3.456063829787234    -0.0064006798274732785
3.457872340425532    -0.007526320500414515
3.4596808510638297    -0.008552275662042325
3.4614893617021276    -0.00953653437490256
3.4632978723404255    -0.010514805815950712
3.4651063829787234    -0.011487140622522107
3.4669148936170213    -0.012483831262137878
3.468723404255319    -0.01352754423170223
3.470531914893617    -0.014467980900789608
3.472340425531915    -0.01494412400000946
3.474148936170213    -0.01465769962205379
3.475957446808511    -0.013721528161464838
3.4777659574468087    -0.01263999920044297
3.4795744680851066    -0.011852393934134703
3.4813829787234045    -0.011317233252789698
3.4831914893617024    -0.01062308370611479
3.4850000000000003    -0.009507680358698103
3.4868085106382978    -0.008179905448511073
3.4886170212765957    -0.00708268951119281
3.4904255319148936    -0.006408950722887285
3.4922340425531915    -0.0059476596148084135
3.4940425531914894    -0.005389803328941959
3.4958510638297873    -0.004665427996082251
3.497659574468085    -0.003912111988432623
3.499468085106383    -0.003193502630467555
3.501276595744681    -0.002382179756117134
3.503085106382979    -0.0013389576362906794
3.5048936170212768    -9.81164431535207e-05
3.5067021276595747    0.001210217621055626
3.5085106382978726    0.002571032248962742
3.5103191489361705    0.0041094428716107806
3.5121276595744684    0.005891224659338852
3.5139361702127663    0.007794155798119518
3.5157446808510637    0.009644881214234742
3.5175531914893616    0.011422867772683126
3.5193617021276595    0.013218323423588401
3.5211702127659574    0.014978319311701602
3.5229787234042553    0.016403464976953868
3.5247872340425532    0.017186230053360337
3.526595744680851    0.017319184978351592
3.528404255319149    0.017079063761322535
3.530212765957447    0.016697211209436024
3.532021276595745    0.01612593112787788
3.5338297872340427    0.015169073689885685
3.5356382978723406    0.01376038987589101
3.5374468085106385    0.012005916950948652
3.5392553191489364    0.009973777373855353
3.5410638297872343    0.007589143816167418
3.5428723404255322    0.004835817217811848
3.5446808510638297    0.0019896386523699577
3.5464893617021276    -0.0005038938191090495
3.5482978723404255    -0.002441635918318948
3.5501063829787234    -0.004070683489267905
3.5519148936170213    -0.005800345880100811
3.553723404255319    -0.007734773297170385
3.555531914893617    -0.009573266112666179
3.557340425531915    -0.010970305589107287
3.559148936170213    -0.01189321664493681
3.560957446808511    -0.012567260639547138
3.5627659574468087    -0.013151347067846944
3.5645744680851066    -0.013593741488806883
3.5663829787234045    -0.013803819985346803
3.5681914893617024    -0.013826070593504988
3.5700000000000003    -0.013751028281718387
3.571808510638298    -0.013538869069684326
3.5736170212765956    -0.013087321575563023
3.5754255319148935    -0.01248901984180812
3.5772340425531914    -0.012060384977754173
3.5790425531914893    -0.011977244590007013
3.5808510638297872    -0.011940757912151361
3.582659574468085    -0.011378434156370677
3.584468085106383    -0.010035698742284122
3.586276595744681    -0.008246271029981607
3.588085106382979    -0.006502003742449624
3.5898936170212767    -0.0048354629820655925
3.5917021276595746    -0.002823256413143891
3.5935106382978725    -0.00025257359851505205
3.5953191489361704    0.002397484652515362
3.5971276595744683    0.004339120000171482
3.5989361702127662    0.005317048214853401
3.600744680851064    0.005873032745784515
3.6025531914893616    0.00668097867804284
3.6043617021276595    0.007763692779370596
3.6061702127659574    0.008554493648615751
3.6079787234042553    0.00868738837985835
3.609787234042553    0.008471428050402342
3.611595744680851    0.008437777478367079
3.613404255319149    0.008582674919871903
3.615212765957447    0.008341063770099626
