0.0    0.0
0.0018085106382978724    0.0
0.003617021276595745    0.0
0.005425531914893617    0.0
0.00723404255319149    0.0
0.009042553191489363    0.0
0.010851063829787235    0.0
0.012659574468085107    0.0
0.01446808510638298    0.0
0.016276595744680853    0.0
0.018085106382978725    0.0
0.019893617021276597    0.0
0.02170212765957447    0.0
0.023510638297872342    0.0
0.025319148936170214    0.0
0.027127659574468086    0.0
0.02893617021276596    0.0
0.03074468085106383    0.0
0.032553191489361706    0.0
0.03436170212765958    0.0
0.03617021276595745    0.0
0.03797872340425532    0.0
0.039787234042553195    0.0
0.04159574468085107    0.0
0.04340425531914894    0.0
0.04521276595744681    0.0
0.047021276595744683    0.0
0.048829787234042556    0.0
0.05063829787234043    0.0
0.0524468085106383    0.0
0.05425531914893617    0.0
0.056063829787234044    0.0
0.05787234042553192    0.0
0.05968085106382979    0.0
0.06148936170212766    0.0
0.06329787234042554    0.0
0.06510638297872341    0.0
0.06691489361702128    0.0
0.06872340425531916    0.0
0.07053191489361703    0.0
0.0723404255319149    0.0
0.07414893617021277    0.0
0.07595744680851065    0.0
0.07776595744680852    0.0
0.07957446808510639    0.0
0.08138297872340426    0.0
0.08319148936170213    0.0
0.085    0.0
0.08680851063829788    0.0
0.08861702127659575    0.0
0.09042553191489362    0.0
0.0922340425531915    0.0
0.09404255319148937    0.0
0.09585106382978724    0.0
0.09765957446808511    0.0
0.09946808510638298    0.0
0.10127659574468086    0.0
0.10308510638297873    0.0
0.1048936170212766    0.0
0.10670212765957447    0.0
0.10851063829787234    0.0
0.11031914893617022    0.0
0.11212765957446809    0.0
0.11393617021276596    0.0
0.11574468085106383    0.0
0.1175531914893617    0.0
0.11936170212765958    0.0
0.12117021276595745    0.0
0.12297872340425532    0.0
0.1247872340425532    0.0
0.12659574468085108    0.0
0.12840425531914895    0.0
0.13021276595744682    0.0
0.1320212765957447    0.0
0.13382978723404257    0.0
0.13563829787234044    0.0
0.1374468085106383    0.0
0.13925531914893619    0.0
0.14106382978723406    0.0
0.14287234042553193    0.0
0.1446808510638298    0.0
0.14648936170212767    0.0
0.14829787234042555    0.0
0.15010638297872342    0.0
0.1519148936170213    0.0
0.15372340425531916    0.0
0.15553191489361703    0.0
0.1573404255319149    0.0
0.15914893617021278    0.0
0.16095744680851065    0.0
0.16276595744680852    0.0
0.1645744680851064    0.0
0.16638297872340427    0.0
0.16819148936170214    0.0
0.17    0.0
0.17180851063829788    0.0
0.17361702127659576    0.0
0.17542553191489363    0.0
0.1772340425531915    0.0
0.17904255319148937    0.0
0.18085106382978725    0.0
0.18265957446808512    0.0
0.184468085106383    0.0
0.18627659574468086    0.0
0.18808510638297873    0.0
0.1898936170212766    0.0
0.19170212765957448    0.0
0.19351063829787235    0.0
0.19531914893617022    0.0
0.1971276595744681    0.0
0.19893617021276597    0.0
0.20074468085106384    0.0
0.2025531914893617    0.0
0.20436170212765958    0.0
0.20617021276595746    0.0
0.20797872340425533    0.0
0.2097872340425532    0.0
0.21159574468085107    0.0
0.21340425531914894    0.0
0.21521276595744682    0.0
0.2170212765957447    0.0
0.21882978723404256    0.0
0.22063829787234043    0.0
0.2224468085106383    0.0
0.22425531914893618    0.0
0.22606382978723405    0.0
0.22787234042553192    0.0
0.2296808510638298    0.0
0.23148936170212767    0.0
0.23329787234042554    0.0
0.2351063829787234    0.0
0.23691489361702128    0.0
0.23872340425531915    0.0
0.24053191489361703    0.0
0.2423404255319149    0.0
0.24414893617021277    0.0
0.24595744680851064    0.0
0.24776595744680852    0.0
0.2495744680851064    0.0
0.25138297872340426    0.0
0.25319148936170216    0.0
0.255    0.0
0.2568085106382979    0.0
0.25861702127659575    2.8614608215806858e-285
0.26042553191489365    3.784126764894224e-280
0.2622340425531915    8.385640417843646e-276
0.2640425531914894    7.47307581739164e-272
0.26585106382978724    3.586882097612423e-268
0.26765957446808514    1.0769374000427457e-264
0.269468085106383    2.2163144673113096e-261
0.2712765957446809    3.325544421231851e-258
0.2730851063829787    3.8039181323937466e-255
0.2748936170212766    3.430483377642406e-252
0.27670212765957447    2.5042192301655797e-249
0.27851063829787237    1.5113853147066184e-246
0.2803191489361702    7.673868898242254e-244
0.2821276595744681    3.3258448311494676e-241
0.28393617021276596    1.245641878910872e-238
0.28574468085106386    4.074632142051433e-236
0.2875531914893617    1.1748491051541707e-233
0.2893617021276596    3.0100589051659095e-231
0.29117021276595745    6.901765164882687e-229
0.29297872340425535    1.4252471141864306e-226
0.2947872340425532    2.665815806577475e-224
0.2965957446808511    4.539421755662668e-222
0.29840425531914894    7.069874370896145e-220
0.30021276595744684    1.0113284430849018e-217
0.3020212765957447    1.3338667599957476e-215
0.3038297872340426    1.6278113373419046e-213
0.3056382978723404    1.8440666254286082e-211
0.3074468085106383    1.9450528995436062e-209
0.30925531914893617    1.9154622291360694e-207
0.31106382978723407    1.7657215129097045e-205
0.3128723404255319    1.527281712909584e-203
0.3146808510638298    1.2423294671763043e-201
0.31648936170212766    9.523237940510747e-200
0.31829787234042556    6.89311037927384e-198
0.3201063829787234    4.719861699395133e-196
0.3219148936170213    3.062528626027321e-194
0.32372340425531915    1.8861577859280403e-192
0.32553191489361705    1.1043158948629179e-190
0.3273404255319149    6.1554533468375476e-189
0.3291489361702128    3.2709849766027465e-187
0.33095744680851064    1.6592742159899726e-185
0.33276595744680854    8.044878528197334e-184
0.3345744680851064    3.732471482626537e-182
0.3363829787234043    1.658969564195341e-180
0.3381914893617021    7.07149867554833e-179
0.34    2.893745899539859e-177
0.34180851063829787    1.1379152824810011e-175
0.34361702127659577    4.303938653081471e-174
0.3454255319148936    1.5671742174217632e-172
0.3472340425531915    5.498390243792908e-171
0.34904255319148936    1.8602764562888667e-169
0.35085106382978726    6.074144496125674e-168
0.3526595744680851    1.9155206338598655e-166
0.354468085106383    5.838457754672836e-165
0.35627659574468085    1.7211645584479944e-163
0.35808510638297875    4.910791162031232e-162
0.3598936170212766    1.3569578990165604e-160
0.3617021276595745    3.633606238163319e-159
0.36351063829787233    9.43467494738275e-158
0.36531914893617023    2.3767603252198235e-156
0.3671276595744681    5.81240968550918e-155
0.368936170212766    1.3806198558729433e-153
0.3707446808510638    3.1868810317550436e-152
0.3725531914893617    7.152381349246235e-151
0.37436170212765957    1.5614950306247448e-149
0.37617021276595747    3.3177289574709e-148
0.3779787234042553    6.863572833393646e-147
0.3797872340425532    1.3831239490177322e-145
0.38159574468085106    2.716188977243e-144
0.38340425531914896    5.200291846097633e-143
0.3852127659574468    9.710457521444376e-142
0.3870212765957447    1.769155828198619e-140
0.38882978723404255    3.146096885224475e-139
0.39063829787234045    5.46283545858557e-138
0.3924468085106383    9.265310877641944e-137
0.3942553191489362    1.5354976291741428e-135
0.39606382978723403    2.487326463252388e-134
0.39787234042553193    3.93961759180158e-133
0.3996808510638298    6.103124608049519e-132
0.4014893617021277    9.250448799750804e-131
0.4032978723404255    1.3722008014464718e-129
0.4051063829787234    1.9927153312556633e-128
0.40691489361702127    2.8338096343650394e-127
0.40872340425531917    3.9474420967719566e-126
0.410531914893617    5.387649254135955e-125
0.4123404255319149    7.20671062487704e-124
0.41414893617021276    9.450220926992806e-123
0.41595744680851066    1.2151336458272022e-121
0.4177659574468085    1.5324656411428985e-120
0.4195744680851064    1.89603727325445e-119
0.42138297872340424    2.3019438062972065e-118
0.42319148936170214    2.7430527368313768e-117
0.425    3.208948236414612e-116
0.4268085106382979    3.6861722994381253e-115
0.42861702127659573    4.1587802083713335e-114
0.43042553191489363    4.6091903862643743e-113
0.4322340425531915    5.019269679124441e-112
0.4340425531914894    5.3715606429321174e-111
0.4358510638297872    5.650533258533043e-110
0.4376595744680851    5.843734025585741e-109
0.43946808510638297    5.9427126813103374e-108
0.44127659574468087    5.943630204443387e-107
0.4430851063829787    5.847487993608962e-106
0.4448936170212766    5.659961779909681e-105
0.44670212765957445    5.390868489358491e-104
0.44851063829787235    5.053333529582483e-103
0.4503191489361702    4.662754621104156e-102
0.4521276595744681    4.235673087031931e-101
0.45393617021276594    3.788663581725965e-100
0.45574468085106384    3.337339996765556e-99
0.4575531914893617    2.8955519679981572e-98
0.4593617021276596    2.474817338019367e-97
0.46117021276595743    2.084005672276304e-96
0.46297872340425533    1.7292605483996427e-95
0.46478723404255323    1.4141268458085348e-94
0.4665957446808511    1.1398353261477786e-93
0.468404255319149    9.056907361726744e-93
0.4702127659574468    7.095106687063339e-92
0.4720212765957447    5.480688869348918e-91
0.47382978723404257    4.175067755530969e-90
0.47563829787234047    3.136880449638373e-89
0.4774468085106383    2.3248307660098543e-88
0.4792553191489362    1.6997910472274505e-87
0.48106382978723405    1.226200398191303e-86
0.48287234042553195    8.728488532520762e-86
0.4846808510638298    6.131649809734257e-85
0.4864893617021277    4.251326575071726e-84
0.48829787234042554    2.9095622530520592e-83
0.49010638297872344    1.9657725819874907e-82
0.4919148936170213    1.3112540785176736e-81
0.4937234042553192    8.63640677360111e-81
0.49553191489361703    5.617148132932309e-80
0.49734042553191493    3.6080979322871905e-79
0.4991489361702128    2.289089311878927e-78
0.5009574468085106    1.4345335585945441e-77
0.5027659574468085    8.881024622286873e-77
0.5045744680851064    5.432002135585607e-76
0.5063829787234043    3.282771739825036e-75
0.5081914893617021    1.960397058913316e-74
0.51    1.1569325146046936e-73
0.5118085106382979    6.747921154578271e-73
0.5136170212765958    3.8901528709303486e-72
0.5154255319148936    2.2168387312158266e-71
0.5172340425531915    1.2488426955889408e-70
0.5190425531914894    6.95540473980701e-70
0.5208510638297873    3.830119561129619e-69
0.5226595744680851    2.0855045567109412e-68
0.524468085106383    1.1229279596074964e-67
0.5262765957446809    5.979530307415562e-67
0.5280851063829788    3.149115547534314e-66
0.5298936170212766    1.6403927671030205e-65
0.5317021276595745    8.452314695984388e-65
0.5335106382978724    4.308264347966351e-64
0.5353191489361703    2.172489517423348e-63
0.5371276595744681    1.08385448052785e-62
0.538936170212766    5.35021190961656e-62
0.5407446808510639    2.613280294973212e-61
0.5425531914893618    1.263117659750364e-60
0.5443617021276596    6.041875153882794e-60
0.5461702127659575    2.860201748285974e-59
0.5479787234042554    1.3401239303772777e-58
0.5497872340425533    6.2150205626654695e-58
0.551595744680851    2.853086786206393e-57
0.5534042553191489    1.2965439775709885e-56
0.5552127659574468    5.832892849051765e-56
0.5570212765957447    2.5979417752369045e-55
0.5588297872340425    1.1456376277325096e-54
0.5606382978723404    5.0021985237675675e-54
0.5624468085106383    2.1626852889746886e-53
0.5642553191489362    9.259062663210361e-53
0.566063829787234    3.925583008759066e-52
0.5678723404255319    1.6482630008854645e-51
0.5696808510638298    6.854178801392362e-51
0.5714893617021277    2.823006733777325e-50
0.5732978723404255    1.1516395677481417e-49
0.5751063829787234    4.653606559996162e-49
0.5769148936170213    1.8627348702809653e-48
0.5787234042553192    7.386185915953746e-48
0.580531914893617    2.9014586652466837e-47
0.5823404255319149    1.1291673260338727e-46
0.5841489361702128    4.353759433967702e-46
0.5859574468085107    1.6632321355942115e-45
0.5877659574468085    6.295661642390071e-45
0.5895744680851064    2.361279425642417e-44
0.5913829787234043    8.775825183866813e-44
0.5931914893617022    3.232063400062617e-43
0.595    1.1796129402159293e-42
0.5968085106382979    4.266610801194591e-42
0.5986170212765958    1.52941781060198e-41
0.6004255319148937    5.433558191880703e-41
0.6022340425531915    1.9132542965319527e-40
0.6040425531914894    6.6773798551175644e-40
0.6058510638297873    2.3099308541258662e-39
0.6076595744680852    7.920736737536449e-39
0.609468085106383    2.6922771163595577e-38
0.6112765957446809    9.071416252790998e-38
0.6130851063829788    3.030015518945331e-37
0.6148936170212767    1.003325833771864e-36
0.6167021276595744    3.2936631531341806e-36
0.6185106382978723    1.0719357911641457e-35
0.6203191489361702    3.4587790999412277e-35
0.6221276595744681    1.1065042958032033e-34
0.6239361702127659    3.5097086818216905e-34
0.6257446808510638    1.1037936453142483e-33
0.6275531914893617    3.4420282720866934e-33
0.6293617021276596    1.0642931733506183e-32
0.6311702127659574    3.263162486588292e-32
0.6329787234042553    9.921028306377357e-32
0.6347872340425532    2.9910586948464225e-31
0.6365957446808511    8.942374162302031e-31
0.6384042553191489    2.6512427756633615e-30
0.6402127659574468    7.795136537039424e-30
0.6420212765957447    2.2729194080665018e-29
0.6438297872340426    6.572621885283956e-29
0.6456382978723404    1.8849311187380126e-28
0.6474468085106383    5.361201997715071e-28
0.6492553191489362    1.5123281513232252e-27
0.6510638297872341    4.231108002910669e-27
0.6528723404255319    1.1740676582078582e-26
0.6546808510638298    3.231242147933812e-26
0.6564893617021277    8.820422262118614e-26
0.6582978723404256    2.388133270588494e-25
0.6601063829787234    6.413314894559463e-25
0.6619148936170213    1.7083096538842177e-24
0.6637234042553192    4.513521776308819e-24
0.6655319148936171    1.1828617309850802e-23
0.6673404255319149    3.074865836410183e-23
0.6691489361702128    7.928591631063764e-23
0.6709574468085107    2.0279032471073611e-22
0.6727659574468086    5.14497181779354e-22
0.6745744680851063    1.2948108002859725e-21
0.6763829787234042    3.2323604860063024e-21
0.6781914893617021    8.004343299293586e-21
0.68    1.966192346272942e-20
0.6818085106382978    4.790956823648102e-20
0.6836170212765957    1.1580190508725608e-19
0.6854255319148936    2.7765609535256773e-19
0.6872340425531915    6.603851260003661e-19
0.6890425531914893    1.5580667046645556e-18
0.6908510638297872    3.646475111315528e-18
0.6926595744680851    8.465610173717445e-18
0.694468085106383    1.949575474020465e-17
0.6962765957446809    4.453661232843675e-17
0.6980851063829787    1.0092245374353294e-16
0.6998936170212766    2.2685567732964804e-16
0.7017021276595745    5.058247073218744e-16
0.7035106382978724    1.1187571551839925e-15
0.7053191489361702    2.4544457007019023e-15
0.7071276595744681    5.341322500623359e-15
0.708936170212766    1.1529684462657312e-14
0.7107446808510639    2.4686202418524848e-14
0.7125531914893617    5.242686465203574e-14
0.7143617021276596    1.1043588147294971e-13
0.7161702127659575    2.3073670404480667e-13
0.7179787234042554    4.781522893038548e-13
0.7197872340425532    9.827684588359455e-13
0.7215957446808511    2.003380115186127e-12
0.723404255319149    4.05036210337771e-12
0.7252127659574469    8.121443568624752e-12
0.7270212765957447    1.6149958199369923e-11
0.7288297872340426    3.184913235821585e-11
0.7306382978723405    6.228742709171202e-11
0.7324468085106384    1.2080018473112337e-10
0.7342553191489362    2.3231985124565716e-10
0.7360638297872341    4.430399440481443e-10
0.737872340425532    8.377661480142854e-10
0.7396808510638299    1.570763417980517e-09
0.7414893617021276    2.9200521542221986e-09
0.7432978723404255    5.382018670882574e-09
0.7451063829787234    9.834595548770222e-09
0.7469148936170213    1.781580602300009e-08
0.7487234042553191    3.199425679923967e-08
0.750531914893617    5.695540902683515e-08
0.7523404255319149    1.0050137239363111e-07
0.7541489361702128    1.757759855000821e-07
0.7559574468085106    3.047002540897302e-07
0.7577659574468085    5.2346261720665e-07
0.7595744680851064    8.911905082859023e-07
0.7613829787234043    1.50348260687615e-06
0.7631914893617021    2.5132669101687715e-06
0.765    4.162544300691861e-06
0.7668085106382979    6.8300691594054405e-06
0.7686170212765958    1.1102003330923827e-05
0.7704255319148936    1.7875148588394865e-05
0.7722340425531915    2.8505582529332672e-05
0.7740425531914894    4.50194046174849e-05
0.7758510638297873    7.04067524183167e-05
0.7776595744680851    0.00010902501923722221
0.779468085106383    0.00016714179890461753
0.7812765957446809    0.0002536516771693171
0.7830851063829788    0.0003810023376601011
0.7848936170212766    0.000566362815246389
0.7867021276595745    0.000833057849460854
0.7885106382978724    0.0012122744357421357
0.7903191489361703    0.0017450168314048446
0.7921276595744681    0.002484241525546652
0.793936170212766    0.003497041801921302
0.7957446808510639    0.004866671846739757
0.7975531914893618    0.0066941048898298315
0.7993617021276596    0.0090987145839947
0.8011702127659575    0.012217564922514586
0.8029787234042554    0.01620270888720114
0.8047872340425533    0.021215853647996465
0.806595744680851    0.027419780083296225
0.808404255319149    0.03496603932285293
0.8102127659574468    0.04397872000414253
0.8120212765957447    0.05453450950000217
0.8138297872340425    0.06663986552663596
0.8156382978723404    0.08020684871449617
0.8174468085106383    0.09502998234967232
0.8192553191489362    0.11076729966658762
0.821063829787234    0.12692936544773065
0.8228723404255319    0.14288033681100087
0.8246808510638298    0.1578548647535652
0.8264893617021277    0.17099366167946173
0.8282978723404255    0.18139876619327638
0.8301063829787234    0.18820693829434582
0.8319148936170213    0.19067639393111335
0.8337234042553192    0.18827861005928465
0.835531914893617    0.18078376364382398
0.8373404255319149    0.1683262170974693
0.8391489361702128    0.15143607643799983
0.8409574468085107    0.13102486488534504
0.8427659574468085    0.10831811806821809
0.8445744680851064    0.08473508646774672
0.8463829787234043    0.061724986834312684
0.8481914893617022    0.04057899802119304
0.85    0.022245545449273832
0.8518085106382979    0.007181222968401017
0.8536170212765958    -0.004730973164876896
0.8554255319148937    -0.014171773589416181
0.8572340425531915    -0.02227378135802805
0.8590425531914894    -0.030416256645208826
0.8608510638297873    -0.039955881685571425
0.8626595744680852    -0.05194085840923739
0.864468085106383    -0.06686616991072569
0.8662765957446809    -0.08452675640243965
0.8680851063829788    -0.104010754308762
0.8698936170212767    -0.12384794311702299
0.8717021276595744    -0.14229374518324547
0.8735106382978723    -0.15769413132871116
0.8753191489361702    -0.16885072188821668
0.8771276595744681    -0.17529661500706442
0.8789361702127659    -0.17740709236174354
0.8807446808510638    -0.17630497979619367
0.8825531914893617    -0.17357133103312003
0.8843617021276596    -0.1708259566617293
0.8861702127659574    -0.1692840029720489
0.8879787234042553    -0.16941047516862393
0.8897872340425532    -0.17077631818814074
0.8915957446808511    -0.17216876701268582
0.8934042553191489    -0.1719369126614743
0.8952127659574468    -0.16848078386263102
0.8970212765957447    -0.16074162565435732
0.8988297872340426    -0.14854111457923355
0.9006382978723404    -0.13265548575527966
0.9024468085106383    -0.11458919515609275
0.9042553191489362    -0.09610938042518452
0.9060638297872341    -0.07868584515774052
0.9078723404255319    -0.06302156690187447
0.9096808510638298    -0.04883787111455515
0.9114893617021277    -0.034998507320110145
0.9132978723404256    -0.01994162302080387
0.9151063829787234    -0.0022770672870567714
0.9169148936170213    0.01866007615022672
0.9187234042553192    0.042502098291612264
0.9205319148936171    0.06790693720209423
0.9223404255319149    0.09296887861332831
0.9241489361702128    0.11583368702599159
0.9259574468085107    0.1352860316712273
0.9277659574468086    0.15108021856474793
0.9295744680851065    0.16387998543634116
0.9313829787234043    0.17482674657405453
0.9331914893617022    0.18490877352890003
0.935    0.19439286713790208
0.936808510638298    0.20256407309668437
0.9386170212765957    0.20789868754059684
0.9404255319148936    0.2086167328490006
0.9422340425531915    0.20339615800423325
0.9440425531914894    0.19195410850670216
0.9458510638297872    0.1752485359198143
0.9476595744680851    0.1552106350262589
0.949468085106383    0.13411964243995952
0.9512765957446809    0.11388763553482001
0.9530851063829787    0.09556048439951115
0.9548936170212766    0.07924028760095081
0.9567021276595745    0.06443689982070111
0.9585106382978724    0.05065181073200496
0.9603191489361702    0.03788433476471385
0.9621276595744681    0.026786126732025364
0.963936170212766    0.018363714253785468
0.9657446808510639    0.013360035439028362
0.9675531914893617    0.011622352203592739
0.9693617021276596    0.011794527383869068
0.9711702127659575    0.011534031628382922
0.9729787234042554    0.00820901609824174
0.9747872340425532    -0.00020404939211691314
0.9765957446808511    -0.014408963943997542
0.978404255319149    -0.03357391896720887
0.9802127659574469    -0.05569284973514383
0.9820212765957447    -0.07833983864462021
0.9838297872340426    -0.0994616933347541
0.9856382978723405    -0.11786395691506496
0.9874468085106384    -0.13322810556086545
0.9892553191489362    -0.1457525978704195
0.9910638297872341    -0.15569878301915913
0.992872340425532    -0.1631420472540019
0.9946808510638299    -0.16807092164203874
0.9964893617021277    -0.17073524004138124
0.9982978723404256    -0.1719626045413698
1.0001063829787233    -0.17315341009691904
1.0019148936170212    -0.17584348010790246
1.0037234042553191    -0.18099342193169132
1.005531914893617    -0.1883680018969433
1.007340425531915    -0.19637855758748196
1.0091489361702128    -0.20255381397785932
1.0109574468085107    -0.20448173625809002
1.0127659574468086    -0.20080210752537347
1.0145744680851063    -0.19177645658556608
1.0163829787234042    -0.17915696210617504
1.0181914893617021    -0.16541980164239767
1.02    -0.152737656680001
1.021808510638298    -0.14217599148005927
1.0236170212765958    -0.13345557826481053
1.0254255319148937    -0.1253174841956301
1.0272340425531916    -0.11623152074156592
1.0290425531914893    -0.10506362199528285
1.0308510638297872    -0.09141242960535423
1.032659574468085    -0.07555932321993258
1.034468085106383    -0.058193446292732404
1.036276595744681    -0.04014473254715778
1.0380851063829788    -0.022261153844895347
1.0398936170212767    -0.005393755951276762
1.0417021276595746    0.009656950252421657
1.0435106382978723    0.022341142085925303
1.0453191489361702    0.032655893443171574
1.047127659574468    0.04133357151821915
1.048936170212766    0.0497031020794466
1.0507446808510639    0.05916933895088734
1.0525531914893618    0.07051122246728576
1.0543617021276597    0.0833757725564253
1.0561702127659576    0.0963035128364411
1.0579787234042553    0.10735464354745976
1.0597872340425532    0.11505751433429383
1.061595744680851    0.11918369488394949
1.063404255319149    0.12091423216202161
1.0652127659574468    0.12228206825927877
1.0670212765957447    0.12517623593857102
1.0688297872340426    0.13043871210974367
1.0706382978723405    0.13752849105368098
1.0724468085106382    0.14490392649929745
1.0742553191489361    0.15087690388147884
1.076063829787234    0.15445250018490664
1.077872340425532    0.15571402241867477
1.0796808510638298    0.1555989251930442
1.0814893617021277    0.1552534651078301
1.0832978723404256    0.1553547583142048
1.0851063829787235    0.15575384543526521
1.0869148936170212    0.15557580475864313
1.088723404255319    0.15366179300390748
1.090531914893617    0.14909402157070983
1.092340425531915    0.14155933165481938
1.0941489361702128    0.13143143264654883
1.0959574468085107    0.11959216607882722
1.0977659574468086    0.10709945964058329
1.0995744680851065    0.09483275935174926
1.1013829787234042    0.08323267358686773
1.103191489361702    0.07222272264943505
1.105    0.061353105899544375
1.1068085106382979    0.05012614462820626
1.1086170212765958    0.03836528307152963
1.1104255319148937    0.02643006928206036
1.1122340425531916    0.015121931056210118
1.1140425531914895    0.0052817580645301565
1.1158510638297872    -0.0027231176268933534
1.117659574468085    -0.009315582768807628
1.119468085106383    -0.015595923269718377
1.1212765957446809    -0.02280712478895819
1.1230851063829788    -0.03165558088084511
1.1248936170212767    -0.04188491434827815
1.1267021276595746    -0.052375571223420805
1.1285106382978725    -0.06173453613567556
1.1303191489361701    -0.06903823024048775
1.132127659574468    -0.07429281191138801
1.133936170212766    -0.07834767948861557
1.1357446808510638    -0.08233190138026258
1.1375531914893617    -0.08696660930110295
1.1393617021276596    -0.09216306615104564
1.1411702127659575    -0.09712104038044275
1.1429787234042554    -0.10083039870363728
1.1447872340425531    -0.10264935610637818
1.146595744680851    -0.1026174307342824
1.148404255319149    -0.1013486455772035
1.1502127659574468    -0.09960919737983684
1.1520212765957447    -0.0978556681490578
1.1538297872340426    -0.09600680198207756
1.1556382978723405    -0.09356511446446145
1.1574468085106384    -0.08999563188476134
1.1592553191489363    -0.08512430041100832
1.161063829787234    -0.07931067320366442
1.162872340425532    -0.07327931646296937
1.1646808510638298    -0.06769529030731794
1.1664893617021277    -0.06273481346870408
1.1682978723404256    -0.05793318082269902
1.1701063829787235    -0.052449718238440565
1.1719148936170214    -0.045634817779513545
1.1737234042553193    -0.037564145055745554
1.175531914893617    -0.029175540051937135
1.1773404255319149    -0.021859707010212878
1.1791489361702128    -0.016706418963966595
1.1809574468085107    -0.013865335476228396
1.1827659574468086    -0.01244735201150591
1.1845744680851065    -0.011057514709809552
1.1863829787234044    -0.008625664221336746
1.1881914893617023    -0.004987942994845878
1.19    -0.000841152173520059
1.1918085106382978    0.0028632442392117693
1.1936170212765957    0.00562020986785656
1.1954255319148936    0.007651818739268719
1.1972340425531915    0.009592933924450682
1.1990425531914894    0.011877096923657163
1.2008510638297873    0.014346502421865354
1.2026595744680852    0.016413851783893513
1.204468085106383    0.017640136723779586
1.2062765957446808    0.018238775964659205
1.2080851063829787    0.01906561476087517
1.2098936170212766    0.0210701048526862
1.2117021276595745    0.024625618576160524
1.2135106382978724    0.029261645642944867
1.2153191489361703    0.03400187053428408
1.2171276595744682    0.03803500305400334
1.218936170212766    0.04120214210646103
1.2207446808510638    0.04396443175633377
1.2225531914893617    0.04694863609076037
1.2243617021276596    0.0504821429365139
1.2261702127659575    0.05447089284967266
1.2279787234042554    0.058626664413579624
1.2297872340425533    0.06274457842335371
1.2315957446808512    0.06674037962445895
1.2334042553191489    0.07044872471139466
1.2352127659574468    0.07346002838313193
1.2370212765957447    0.07525477924853241
1.2388297872340426    0.07558906399049989
1.2406382978723405    0.07478871227697612
1.2424468085106384    0.07362717671394525
1.2442553191489363    0.07281087034933958
1.2460638297872342    0.0724688195606332
1.2478723404255319    0.07208540164716304
1.2496808510638298    0.07095748520644041
1.2514893617021277    0.06880285005466932
1.2532978723404256    0.06600548922555158
1.2551063829787235    0.06329588211622586
1.2569148936170214    0.06115946661118751
1.2587234042553193    0.05949815535983147
1.2605319148936172    0.05782498686279518
1.2623404255319148    0.055774749119681805
1.2641489361702127    0.05342500317424319
1.2659574468085106    0.051114036647245634
1.2677659574468085    0.048937436989210215
1.2695744680851064    0.04643461996177203
1.2713829787234043    0.04281891271000432
1.2731914893617022    0.03759476946978446
1.2750000000000001    0.03101956107952461
1.2768085106382978    0.0239783236783236
1.2786170212765957    0.017359656296582267
1.2804255319148936    0.011471437438746578
1.2822340425531915    0.005992937882311748
1.2840425531914894    0.0004601198421661035
1.2858510638297873    -0.005208466953567347
1.2876595744680852    -0.010654494129005576
1.289468085106383    -0.015529749241603419
1.2912765957446808    -0.019985302690422833
1.2930851063829787    -0.024681329310158866
1.2948936170212766    -0.030259455747450148
1.2967021276595745    -0.036751659211055485
1.2985106382978724    -0.043486561560171555
1.3003191489361703    -0.0496014312706205
1.3021276595744682    -0.054703230108271175
1.303936170212766    -0.05908566368365764
1.3057446808510638    -0.06333314936388597
1.3075531914893617    -0.06771820286590317
1.3093617021276596    -0.07197156965258945
1.3111702127659575    -0.07561467040501392
1.3129787234042554    -0.07848281959329641
1.3147872340425533    -0.08089170290710217
1.3165957446808512    -0.08327875381262005
1.318404255319149    -0.08569825120405032
1.3202127659574467    -0.08770617678971986
1.3220212765957446    -0.08877268192736572
1.3238297872340425    -0.08880835964678242
1.3256382978723404    -0.0882549830736274
1.3274468085106383    -0.08762741028474651
1.3292553191489362    -0.08696804889962177
1.3310638297872341    -0.0857931000822885
1.332872340425532    -0.08362325147656914
1.3346808510638297    -0.08057543527410095
1.3364893617021276    -0.0773831974139174
1.3382978723404255    -0.07475857650681005
1.3401063829787234    -0.07268696521780059
1.3419148936170213    -0.07036791069170296
1.3437234042553192    -0.0669190641697505
1.3455319148936171    -0.06220937014027837
1.347340425531915    -0.05702867075238645
1.3491489361702127    -0.05241751631571551
1.3509574468085106    -0.04878434561476502
1.3527659574468085    -0.04563477133745179
1.3545744680851064    -0.04212783356962123
1.3563829787234043    -0.03786430245010616
1.3581914893617022    -0.03311829414601507
1.36    -0.0283392310875799
1.361808510638298    -0.023535331424656157
1.3636170212765957    -0.01827322715785637
1.3654255319148936    -0.012339749181397203
1.3672340425531915    -0.006326683528818593
1.3690425531914894    -0.0013804558145274403
1.3708510638297873    0.0017998680884148837
1.3726595744680852    0.0037646434838922594
1.374468085106383    0.006013105409355216
1.376276595744681    0.009711204895600881
1.3780851063829787    0.014577629531123919
1.3798936170212766    0.019051646833776893
1.3817021276595745    0.021689122238010297
1.3835106382978724    0.022521578562509317
1.3853191489361703    0.02307090291543422
1.3871276595744682    0.024954912423957185
1.388936170212766    0.028381919260655336
1.390744680851064    0.03197450781283245
1.3925531914893619    0.03410172966779594
1.3943617021276595    0.03443878037133219
1.3961702127659574    0.0342479454750156
1.3979787234042553    0.035123893934978764
1.3997872340425532    0.037449507894159906
1.4015957446808511    0.040077297736782605
1.403404255319149    0.041516748064828704
1.405212765957447    0.041404634795659145
1.4070212765957448    0.04077477429774491
1.4088297872340425    0.04088814387672422
1.4106382978723404    0.04186812475910941
1.4124468085106383    0.042587869573352116
1.4142553191489362    0.04195450829963443
1.416063829787234    0.04025298860596836
1.417872340425532    0.03908934305185714
1.41968085106383    0.03987973879981492
1.4214893617021278    0.04236046739690617
1.4232978723404255    0.04466710657150473
1.4251063829787234    0.04501650922631317
1.4269148936170213    0.04341092978910176
1.4287234042553192    0.04170002707540753
1.430531914893617    0.04190483987582272
1.432340425531915    0.04439203578605773
1.4341489361702129    0.047620219913738604
1.4359574468085108    0.04963637891381388
1.4377659574468085    0.04981874478018368
1.4395744680851064    0.04919848680133977
1.4413829787234043    0.04916419927401247
1.4431914893617022    0.049948661383153084
1.445    0.050426002535000125
1.446808510638298    0.049339846420503625
1.4486170212765959    0.04662039256011677
1.4504255319148938    0.04341843458659679
1.4522340425531914    0.040866742483254184
1.4540425531914893    0.03890687504449891
1.4558510638297872    0.036420733379085496
1.4576595744680851    0.032515498353833716
1.459468085106383    0.02759785244505957
1.461276595744681    0.023097612773257697
1.4630851063829788    0.020110768991962104
1.4648936170212767    0.018351654508450048
1.4667021276595744    0.016480448008554166
1.4685106382978723    0.013459912758974693
1.4703191489361702    0.009561433160833407
1.4721276595744681    0.006031108158724768
1.473936170212766    0.0038036894996205904
1.475744680851064    0.0025852206527294426
1.4775531914893618    0.0011888491414585181
1.4793617021276597    -0.0012905882155136742
1.4811702127659574    -0.00467835699962061
1.4829787234042553    -0.008034618878062273
1.4847872340425532    -0.010632954147978987
1.486595744680851    -0.012525579636719825
1.488404255319149    -0.014160648776374265
1.490212765957447    -0.015584992947777394
1.4920212765957448    -0.016195637350566592
1.4938297872340427    -0.01536181745623345
1.4956382978723404    -0.013250612901160853
1.4974468085106383    -0.010927119804749197
1.4992553191489362    -0.009539581776398812
1.501063829787234    -0.009352231610955657
1.502872340425532    -0.009560016803862498
1.5046808510638299    -0.009050793072596826
1.5064893617021278    -0.0073766349002479595
1.5082978723404257    -0.005055474365525607
1.5101063829787233    -0.0030260677596684674
1.5119148936170212    -0.0018654277992313072
1.5137234042553191    -0.0014861100564127951
1.515531914893617    -0.0014541417712888235
1.517340425531915    -0.0014723023090311735
1.5191489361702128    -0.001540546546863131
1.5209574468085107    -0.0017586217350048197
1.5227659574468086    -0.0021163277687087155
1.5245744680851063    -0.002538289228228991
1.5263829787234042    -0.0030819397519628775
1.5281914893617021    -0.003991230698725272
1.53    -0.005492485279558099
1.531808510638298    -0.0075374702084598545
1.5336170212765958    -0.009777453106574515
1.5354255319148937    -0.011816597438362206
1.5372340425531916    -0.013517931619540489
1.5390425531914893    -0.015103270889407282
1.5408510638297872    -0.0169907007275191
1.542659574468085    -0.019513822761309117
1.544468085106383    -0.022700697315240794
1.546276595744681    -0.026210246924172852
1.5480851063829788    -0.029456795715810367
1.5498936170212767    -0.03190676538620625
1.5517021276595746    -0.03342731195197987
1.5535106382978723    -0.03443868105226533
1.5553191489361702    -0.035657701411562714
1.557127659574468    -0.037521520112805185
1.558936170212766    -0.03973331394037914
1.5607446808510639    -0.041380376408452824
1.5625531914893618    -0.04161080103692212
1.5643617021276597    -0.040304074331509065
1.5661702127659576    -0.03811090702658834
1.5679787234042553    -0.035809388638920275
1.5697872340425532    -0.03359673213186608
1.571595744680851    -0.031007044579031987
1.573404255319149    -0.027504492429930076
1.5752127659574469    -0.023102029732750218
1.5770212765957448    -0.018348371765796116
1.5788297872340427    -0.0137297349773986
1.5806382978723406    -0.009181087003953682
1.5824468085106382    -0.004268308226573163
1.5842553191489361    0.0011755082741513332
1.586063829787234    0.0067219239259656395
1.587872340425532    0.01175920993624412
1.5896808510638298    0.016213832825046928
1.5914893617021277    0.020736959231457925
1.5932978723404256    0.02606265635398153
1.5951063829787235    0.0321849790717437
1.5969148936170212    0.03826720350168955
1.5987234042553191    0.04343599784204702
1.600531914893617    0.04763195079417974
1.602340425531915    0.051587777776766014
1.6041489361702128    0.05594092828378633
1.6059574468085107    0.06044550454636065
1.6077659574468086    0.06415291161200566
1.6095744680851065    0.06636112158513381
1.6113829787234042    0.06727240797279764
1.613191489361702    0.06762529147706138
1.615    0.06773112817485326
1.616808510638298    0.06703839457486711
1.6186170212765958    0.06476426111308624
1.6204255319148937    0.06090915753166838
1.6222340425531916    0.056492545536402095
1.6240425531914895    0.052687229717653536
1.6258510638297874    0.04976384449133664
1.627659574468085    0.04698987098718117
1.629468085106383    0.04357350480610965
1.6312765957446809    0.03957972960661717
1.6330851063829788    0.0357961412015443
1.6348936170212767    0.032741936543218664
1.6367021276595746    0.03000655020878959
1.6385106382978725    0.026720727928596165
1.6403191489361704    0.022624697910402287
1.642127659574468    0.018453500825329233
1.643936170212766    0.015110731266748882
1.6457446808510638    0.012529092736777311
1.6475531914893617    0.009568616203693116
1.6493617021276596    0.005191526967283113
1.6511702127659575    -0.00031848619469282847
1.6529787234042554    -0.0054727693350844295
1.6547872340425533    -0.008994822140116886
1.656595744680851    -0.011060246237800473
1.658404255319149    -0.013034283474729982
1.6602127659574468    -0.01599943754964139
1.6620212765957447    -0.019671655272069082
1.6638297872340426    -0.022848031024746165
1.6656382978723405    -0.02482380054409036
1.6674468085106384    -0.026169893564540827
1.6692553191489363    -0.028032402583482757
1.671063829787234    -0.030805290213488126
1.672872340425532    -0.0337115917541746
1.6746808510638298    -0.035746048185381046
1.6764893617021277    -0.03685008459329543
1.6782978723404256    -0.03793959912834943
1.6801063829787235    -0.03977034881268883
1.6819148936170214    -0.04200894121980646
1.6837234042553193    -0.04365056872569144
1.685531914893617    -0.04432852132630702
1.6873404255319149    -0.04495432944702331
1.6891489361702128    -0.04684139444373611
1.6909574468085107    -0.05022545661157499
1.6927659574468086    -0.05387039544973041
1.6945744680851065    -0.05628545514968719
1.6963829787234044    -0.05725288464693094
1.6981914893617023    -0.05796255249952577
1.7    -0.059583743443742426
1.7018085106382979    -0.06187258216588651
1.7036170212765958    -0.06340150308386719
1.7054255319148937    -0.06318017654058306
1.7072340425531916    -0.06185008202687792
1.7090425531914895    -0.061085583562625986
1.7108510638297874    -0.061839766004980076
1.7126595744680853    -0.06337848759229066
1.714468085106383    -0.0641681723113403
1.7162765957446808    -0.06360204016992797
1.7180851063829787    -0.06261429513522247
1.7198936170212766    -0.06250257768509458
1.7217021276595745    -0.0633196582324164
1.7235106382978724    -0.06369289404031502
1.7253191489361703    -0.062313760337258425
1.7271276595744682    -0.05943265134739291
1.728936170212766    -0.05665490156008614
1.7307446808510638    -0.0552187402031212
1.7325531914893617    -0.05463445707996184
1.7343617021276596    -0.053176060888036336
1.7361702127659575    -0.04968066823302571
1.7379787234042554    -0.044695979716264614
1.7397872340425533    -0.03977319626163431
1.7415957446808512    -0.035752486719366094
1.7434042553191489    -0.031945637040232414
1.7452127659574468    -0.027058538012569834
1.7470212765957447    -0.020758145079178024
1.7488297872340426    -0.014137052953389725
1.7506382978723405    -0.008622320654399128
1.7524468085106384    -0.0045987025030529306
1.7542553191489363    -0.0012491689882292182
1.7560638297872342    0.0023220925054985102
1.7578723404255319    0.006044380845079992
1.7596808510638298    0.009098499191520516
1.7614893617021277    0.011082646875612607
1.7632978723404256    0.012728771294587772
1.7651063829787235    0.015310171492178492
1.7669148936170214    0.01937654326091931
1.7687234042553193    0.024198974229446737
1.7705319148936172    0.0285027806564421
1.7723404255319148    0.03166269454312071
1.7741489361702127    0.034098003867827194
1.7759574468085106    0.036552600350561355
1.7777659574468085    0.0391545606774927
1.7795744680851064    0.04129144915401652
1.7813829787234043    0.042346458920410994
1.7831914893617022    0.042395135047130876
1.7850000000000001    0.04209241274843028
1.7868085106382978    0.04194510434076588
1.7886170212765957    0.04182683841862848
1.7904255319148936    0.04124763778262352
1.7922340425531915    0.040011095655797434
1.7940425531914894    0.03849814112428394
1.7958510638297873    0.037294799360692014
1.7976595744680852    0.036618336757625276
1.7994680851063831    0.03615759240889826
1.8012765957446808    0.03542344428505729
1.8030851063829787    0.034163380121121474
1.8048936170212766    0.0324274250813622
1.8067021276595745    0.03035056317812334
1.8085106382978724    0.028018813819511795
1.8103191489361703    0.025581038568434876
1.8121276595744682    0.023376320671504316
1.813936170212766    0.021792942799073692
1.8157446808510638    0.020928714670631565
1.8175531914893617    0.020427400375542783
1.8193617021276596    0.019719925688758737
1.8211702127659575    0.018455162534013206
1.8229787234042554    0.01668908547428201
1.8247872340425533    0.014675575112773995
1.8265957446808512    0.012548648229760845
1.828404255319149    0.010282276551342721
1.8302127659574468    0.00795275304249093
1.8320212765957447    0.005942632292619758
1.8338297872340426    0.004776322576670978
1.8356382978723405    0.004712429323881004
1.8374468085106384    0.0055295369307174855
1.8392553191489363    0.0067589511969826516
1.8410638297872342    0.008137345974019968
1.842872340425532    0.009815862329875661
1.8446808510638297    0.012136295352032962
1.8464893617021276    0.015258023499163132
1.8482978723404255    0.019059031053149884
1.8501063829787234    0.023392517475117447
1.8519148936170213    0.02835663733911492
1.8537234042553192    0.034217225375658675
1.8555319148936171    0.041032783621529026
1.857340425531915    0.0483976643899508
1.859148936170213    0.055617041749004836
1.8609574468085106    0.062160030626509155
1.8627659574468085    0.06792772148303777
1.8645744680851064    0.07307446504681278
1.8663829787234043    0.07761460684073015
1.8681914893617022    0.08127998365222885
1.87    0.08379835554661061
1.871808510638298    0.08526604425035825
1.873617021276596    0.0861533604060695
1.8754255319148936    0.08687707018070828
1.8772340425531915    0.08737012291655444
1.8790425531914894    0.08711476997551632
1.8808510638297873    0.08561954957560583
1.8826595744680852    0.08283722078866904
1.884468085106383    0.07907934167130584
1.886276595744681    0.07453489401847052
1.8880851063829789    0.0689451446633502
1.8898936170212766    0.061828145781381266
1.8917021276595745    0.053045033849146425
1.8935106382978724    0.04310921731302125
1.8953191489361703    0.03288921304134504
1.8971276595744682    0.02298058146768272
1.898936170212766    0.013352311006610523
1.900744680851064    0.003568224418535885
1.9025531914893619    -0.006705148581633215
1.9043617021276595    -0.017430946566576847
1.9061702127659574    -0.028371156942563838
1.9079787234042553    -0.03940226991735797
1.9097872340425532    -0.05058756354382496
1.9115957446808511    -0.06196603732916203
1.913404255319149    -0.0733652408829766
1.915212765957447    -0.0844817336955963
1.9170212765957448    -0.09510873432911335
1.9188297872340425    -0.10519422906012693
1.9206382978723404    -0.11463091848200432
1.9224468085106383    -0.12304005349388206
1.9242553191489362    -0.1298614507463026
1.9260638297872341    -0.1347221527511732
1.927872340425532    -0.1377208263740339
1.92968085106383    -0.13933182877170927
1.9314893617021278    -0.14002986648060015
1.9332978723404255    -0.1400109509251102
1.9351063829787234    -0.13924052663430456
1.9369148936170213    -0.13768900539129106
1.9387234042553192    -0.1354511605026801
1.940531914893617    -0.1326442415017592
1.942340425531915    -0.12926277276591072
1.944148936170213    -0.1251932149234414
1.9459574468085108    -0.12036609736057066
1.9477659574468085    -0.1148590565771738
1.9495744680851064    -0.10886068130292037
1.9513829787234043    -0.1026033686021734
1.9531914893617022    -0.09638856270816024
1.955    -0.09064015976524395
1.956808510638298    -0.08580840664159309
1.9586170212765959    -0.08210491337700168
1.9604255319148938    -0.07930785598835521
1.9622340425531914    -0.07688758000037224
1.9640425531914893    -0.07439502031904266
1.9658510638297872    -0.07176325879738363
1.9676595744680851    -0.06925008773843774
1.969468085106383    -0.06712762771085529
1.971276595744681    -0.06547280896129545
1.9730851063829788    -0.06424833193311225
1.9748936170212767    -0.06349716646367035
1.9767021276595744    -0.06335086395867731
1.9785106382978723    -0.06381122006007603
1.9803191489361702    -0.06457226074593883
1.9821276595744681    -0.06511804896525256
1.983936170212766    -0.06500262430668216
1.985744680851064    -0.064005814663596
1.9875531914893618    -0.06202848389119439
1.9893617021276597    -0.058925743740062125
1.9911702127659574    -0.05454913529443142
1.9929787234042553    -0.04898014420195672
1.9947872340425532    -0.042647904092837766
1.996595744680851    -0.03610760253928527
1.998404255319149    -0.029633408780412457
2.0002127659574467    -0.023008422784082286
2.0020212765957446    -0.015704328906642674
2.0038297872340425    -0.007256972504689863
2.0056382978723404    0.002504345909820075
2.0074468085106383    0.013496822882135037
2.009255319148936    0.02552677629290189
2.011063829787234    0.038339264548355935
2.012872340425532    0.05158208536618104
2.01468085106383    0.06482602652254446
2.016489361702128    0.07768776291271443
2.0182978723404257    0.08994148470775443
2.0201063829787236    0.10151460757845698
2.0219148936170215    0.11241813523358571
2.0237234042553194    0.12272993586437281
2.0255319148936173    0.13262834300326287
2.0273404255319147    0.14234696095351573
2.0291489361702126    0.15199780791217576
2.0309574468085105    0.16141049396276463
2.0327659574468084    0.17017677003399423
2.0345744680851063    0.1778754746332053
2.0363829787234042    0.1842387062780616
2.038191489361702    0.18909665635706174
2.04    0.19222764979150092
2.041808510638298    0.19336393187852485
2.043617021276596    0.19238016532657082
2.0454255319148937    0.18940730192347321
2.0472340425531916    0.18467434908122932
2.0490425531914895    0.17825062750973292
2.0508510638297874    0.1700565879908672
2.0526595744680853    0.16021275108954153
2.0544680851063832    0.14932353230280798
2.0562765957446807    0.1382660562968856
2.0580851063829786    0.1275975375737255
2.0598936170212765    0.11719451866196229
2.0617021276595744    0.10654714624555042
2.0635106382978723    0.09540723159428335
2.06531914893617    0.0840747650008411
2.067127659574468    0.07303103098531999
2.068936170212766    0.0624088548189039
2.070744680851064    0.051981300300442235
2.072553191489362    0.04169227428189538
2.0743617021276597    0.03204218201926945
2.0761702127659576    0.023778377464213477
2.0779787234042555    0.017194760305962384
2.0797872340425534    0.01187016955590818
2.0815957446808513    0.007183364286842256
2.083404255319149    0.0029951030620959714
2.085212765957447    -0.00034576508850753425
2.0870212765957445    -0.0026999305325306313
2.0888297872340424    -0.004666358804986719
2.0906382978723403    -0.007207302714416032
2.0924468085106382    -0.010701504660770664
2.094255319148936    -0.014490980526213885
2.096063829787234    -0.017477988545201162
2.097872340425532    -0.019143540016833202
2.09968085106383    -0.019888457103204034
2.1014893617021277    -0.020397240663248835
2.1032978723404256    -0.020844001481639132
2.1051063829787235    -0.02088338747360518
2.1069148936170214    -0.020385447090156703
2.1087234042553193    -0.01997851549674945
2.1105319148936172    -0.02070756866947502
2.112340425531915    -0.023162384728503647
2.114148936170213    -0.02701900303511362
2.1159574468085105    -0.031419050313642345
2.1177659574468084    -0.03567376232845546
2.1195744680851063    -0.03954109973508104
2.121382978723404    -0.04297204539587341
2.123191489361702    -0.04587036626449512
2.125    -0.04826795030762792
2.126808510638298    -0.05065032955047231
2.128617021276596    -0.05388273170609786
2.1304255319148937    -0.05865291830067756
2.1322340425531916    -0.06495485490167519
2.1340425531914895    -0.07211864488805492
2.1358510638297874    -0.07928954630666354
2.1376595744680853    -0.08582618057868022
2.139468085106383    -0.09131152525317565
2.141276595744681    -0.09539334525403526
2.143085106382979    -0.09781430013592943
2.1448936170212765    -0.09863267916315802
2.1467021276595744    -0.09830284392643904
2.1485106382978723    -0.09742240562334603
2.15031914893617    -0.09635459956431633
2.152127659574468    -0.09507102740941334
2.153936170212766    -0.093293501499228
2.155744680851064    -0.0907257852964406
2.1575531914893618    -0.0871915055799238
2.1593617021276597    -0.08269009350444642
2.1611702127659576    -0.07741342827285858
2.1629787234042555    -0.07164139853952223
2.1647872340425534    -0.06547556877681232
2.1665957446808513    -0.05864459261968592
2.168404255319149    -0.050717144260993066
2.170212765957447    -0.041665484873428846
2.172021276595745    -0.032196717852725765
2.1738297872340424    -0.023340374666408897
2.1756382978723403    -0.015565150565621536
2.177446808510638    -0.008344228877814802
2.179255319148936    -0.000724352164961509
2.181063829787234    0.007644493546211657
2.182872340425532    0.016132685973217615
2.18468085106383    0.023811827024812108
2.1864893617021277    0.030381558680636824
2.1882978723404256    0.03626894653301077
2.1901063829787235    0.041863191465212626
2.1919148936170214    0.0469130578106666
2.1937234042553193    0.05086214563780349
2.195531914893617    0.053631762553486714
2.197340425531915    0.05571908444452936
2.199148936170213    0.05735653168564096
2.200957446808511    0.05780425524748689
2.2027659574468084    0.05585891240899489
2.2045744680851063    0.051189781772699075
2.206382978723404    0.04494562289177251
2.208191489361702    0.03878127836185423
2.21    0.033316435303783906
2.211808510638298    0.027795978864730488
2.2136170212765958    0.02134163002920128
2.2154255319148937    0.014263559444107815
2.2172340425531916    0.007799327340160728
2.2190425531914895    0.002564462520481056
2.2208510638297874    -0.0023735635580546042
2.2226595744680853    -0.008577530724286103
2.224468085106383    -0.016483646303329342
2.226276595744681    -0.024867094781274638
2.228085106382979    -0.032161161829918336
2.229893617021277    -0.038059602364146655
2.2317021276595743    -0.04352838772294987
2.233510638297872    -0.04929951626265522
2.23531914893617    -0.054729005817338444
2.237127659574468    -0.05839415152120167
2.238936170212766    -0.059667946314901896
2.240744680851064    -0.05938466103058507
2.2425531914893617    -0.05890680068153906
2.2443617021276596    -0.05883615611499039
2.2461702127659575    -0.058876159466311626
2.2479787234042554    -0.05874269262772262
2.2497872340425533    -0.05869052135184197
2.251595744680851    -0.05887050335859484
2.253404255319149    -0.0584427467111512
2.255212765957447    -0.05584932610748
2.257021276595745    -0.050217620062129056
2.258829787234043    -0.04234391172353362
2.2606382978723403    -0.03407645079320078
2.262446808510638    -0.026765621443085356
2.264255319148936    -0.020487242422328293
2.266063829787234    -0.01471449028918384
2.267872340425532    -0.009359029085197479
2.2696808510638298    -0.004822048902507637
2.2714893617021277    -0.0011480719418183235
2.2732978723404256    0.0023930016798778403
2.2751063829787235    0.0065603089836312155
2.2769148936170214    0.011109224664005553
2.2787234042553193    0.014848267823312597
2.280531914893617    0.016863545982567098
2.282340425531915    0.017528737069617002
2.284148936170213    0.018147148128401132
2.285957446808511    0.0196906135537089
2.2877659574468088    0.022083731292169013
2.2895744680851062    0.024680770907690795
2.291382978723404    0.027120146313269124
2.293191489361702    0.02947291139813029
2.295    0.031719511274361546
2.296808510638298    0.03349190363885148
2.2986170212765957    0.034517645807171336
2.3004255319148936    0.03508212857301462
2.3022340425531915    0.0357073004729043
2.3040425531914894    0.03634210906736993
2.3058510638297873    0.03615991971467366
2.3076595744680852    0.034382855845377085
2.309468085106383    0.031212067449181126
2.311276595744681    0.02771829748579782
2.313085106382979    0.024809329198056174
2.314893617021277    0.022536427949576235
2.3167021276595747    0.020529900315657837
2.3185106382978726    0.01887071743600284
2.32031914893617    0.01816597584746453
2.322127659574468    0.01872393168526256
2.323936170212766    0.02001441186574425
2.325744680851064    0.021286419785476636
2.3275531914893617    0.022647713571385807
2.3293617021276596    0.025168854843860222
2.3311702127659575    0.0297303559610392
2.3329787234042554    0.035960654115371825
2.3347872340425533    0.04257981062983924
2.336595744680851    0.04873494104327592
2.338404255319149    0.05468254685097613
2.340212765957447    0.06104362559897709
2.342021276595745    0.06771513261083217
2.343829787234043    0.0739349615351558
2.3456382978723407    0.07940141990083796
2.3474468085106386    0.08484418305564836
2.349255319148936    0.09108519578003568
2.351063829787234    0.09766953856255123
2.352872340425532    0.10290869785971396
2.3546808510638297    0.10552444773686404
2.3564893617021276    0.10601129302837345
2.3582978723404255    0.10602433591679977
2.3601063829787234    0.10644137318977592
2.3619148936170213    0.10637549053267253
2.3637234042553192    0.10427805800201204
2.365531914893617    0.09975851883122872
2.367340425531915    0.0939619411190655
2.369148936170213    0.08820498983412442
2.370957446808511    0.08267830123128522
2.3727659574468087    0.07674899374991512
2.3745744680851066    0.07021269895762208
2.3763829787234045    0.06364271085848988
2.378191489361702    0.05730423417503207
2.38    0.05015632736709823
2.381808510638298    0.04050015708947091
2.3836170212765957    0.027740324231502037
2.3854255319148936    0.013200141970544428
2.3872340425531915    -0.0010238275348904303
2.3890425531914894    -0.013857363492900976
2.3908510638297873    -0.025699699943489106
2.392659574468085    -0.03729022153952669
2.394468085106383    -0.048637858962935356
2.396276595744681    -0.059305037347125715
2.398085106382979    -0.06935775142438638
2.399893617021277    -0.0794015988995469
2.4017021276595747    -0.08950149660355455
2.4035106382978726    -0.09851715663701943
2.4053191489361705    -0.10503709127800748
2.407127659574468    -0.10899620562009715
2.408936170212766    -0.11196955888203722
2.4107446808510637    -0.11560969046372382
2.4125531914893616    -0.11997058543989814
2.4143617021276595    -0.12364386183900847
2.4161702127659574    -0.12544048041555977
2.4179787234042553    -0.12552843433059174
2.4197872340425532    -0.12475548923662622
2.421595744680851    -0.1232402107633821
2.423404255319149    -0.12016796848212358
2.425212765957447    -0.11503794401796147
2.427021276595745    -0.10863573518981084
2.4288297872340427    -0.10234474659140846
2.4306382978723406    -0.09660175342856336
2.4324468085106385    -0.09046453021051404
2.4342553191489364    -0.08286313123655659
2.436063829787234    -0.0739679624145794
2.437872340425532    -0.06500120757614689
2.4396808510638297    -0.0568494068308998
2.4414893617021276    -0.04932721090183052
2.4432978723404255    -0.041965864788674326
2.4451063829787234    -0.035101168579428715
2.4469148936170213    -0.029640303891076192
2.448723404255319    -0.02574346901424701
2.450531914893617    -0.022277287752305093
2.452340425531915    -0.01803303223076598
2.454148936170213    -0.013367879768109048
2.455957446808511    -0.010166162009934549
2.4577659574468087    -0.009950736169832327
2.4595744680851066    -0.012258628180713858
2.4613829787234045    -0.015151618699617949
2.4631914893617024    -0.017219475936169185
2.465    -0.018741103088213047
2.4668085106382978    -0.02082467769847542
2.4686170212765957    -0.023812219671533876
2.4704255319148936    -0.026934605902765505
2.4722340425531915    -0.02942532667890776
2.4740425531914894    -0.0314561138005041
2.4758510638297873    -0.033669514888163
2.477659574468085    -0.03604767533695334
2.479468085106383    -0.037714955610711115
2.481276595744681    -0.037954113270359385
2.483085106382979    -0.03706248956230891
2.4848936170212768    -0.0359040360264265
2.4867021276595747    -0.034774378951285004
2.4885106382978726    -0.03310083547128431
2.4903191489361705    -0.030345431843637458
2.4921276595744684    -0.026842145163881427
2.493936170212766    -0.023395679020335333
2.4957446808510637    -0.020172493001253705
2.4975531914893616    -0.016420600804554847
2.4993617021276595    -0.01146995870314646
2.5011702127659574    -0.005705828801063358
2.5029787234042553    -0.00014885999802262406
2.504787234042553    0.0049187253218538705
2.506595744680851    0.010505841497336823
2.508404255319149    0.017806256983171915
2.510212765957447    0.026681753529974764
2.512021276595745    0.03556755136440547
2.5138297872340427    0.04294285008623705
2.5156382978723406    0.04865321507367211
2.5174468085106385    0.053642928050881486
2.5192553191489364    0.058632877567167285
2.5210638297872343    0.06343775418114507
2.5228723404255318    0.06758998393283615
2.5246808510638297    0.07119263049030784
2.5264893617021276    0.07474642966244953
2.5282978723404255    0.07821568563962973
2.5301063829787234    0.08071235854302654
2.5319148936170213    0.08138714794224282
2.533723404255319    0.0804821457666841
2.535531914893617    0.07919869533035616
2.537340425531915    0.07848029001714672
2.539148936170213    0.07813732963531793
2.5409574468085108    0.077267001928169
2.5427659574468087    0.07531506591962249
2.5445744680851066    0.0724619737845585
2.5463829787234045    0.06904969083130079
2.5481914893617024    0.06502872146603532
2.5500000000000003    0.06023068631456742
2.551808510638298    0.05499573159405541
2.5536170212765956    0.050114034312202016
2.5554255319148935    0.04598100525049327
2.5572340425531914    0.04203542441940876
2.5590425531914893    0.037318641000873495
2.560851063829787    0.03158967094565819
2.562659574468085    0.025671424013441427
2.564468085106383    0.020604407543723384
2.566276595744681    0.016621966837913595
2.568085106382979    0.013128237516056556
2.5698936170212767    0.009590835226705646
2.5717021276595746    0.006193292788167052
2.5735106382978725    0.0035213958007763203
2.5753191489361704    0.001819554626062465
2.5771276595744683    0.0007974319484781553
2.578936170212766    0.00012658733899800648
2.580744680851064    -0.00013891280689191086
2.5825531914893616    0.00023080263657716279
2.5843617021276595    0.001188753046994272
2.5861702127659574    0.002406662136877066
2.5879787234042553    0.0037067422839629906
2.589787234042553    0.005242031530209485
2.591595744680851    0.007085766675783315
2.593404255319149    0.008791460623015765
2.595212765957447    0.009643365130307356
2.5970212765957448    0.009423056241754223
2.5988297872340427    0.008740011899023018
2.6006382978723406    0.00841181002931209
2.6024468085106385    0.008548373765620211
2.6042553191489364    0.00840493636072399
2.6060638297872343    0.007168638045030616
2.607872340425532    0.00475604384509319
2.60968085106383    0.0017665211801276325
2.6114893617021275    -0.0011981989278951016
2.6132978723404254    -0.003967791041197001
2.6151063829787233    -0.0066111528838005175
2.6169148936170212    -0.00911429540990507
2.618723404255319    -0.011468516535184641
2.620531914893617    -0.013957345272328479
2.622340425531915    -0.017044398841979135
2.624148936170213    -0.020850957578362903
2.6259574468085107    -0.024931986052105774
2.6277659574468086    -0.028791181224621244
2.6295744680851065    -0.032556530889432264
2.6313829787234044    -0.03686298955926355
2.6331914893617023    -0.041924740878069675
2.6350000000000002    -0.046919588511362506
2.636808510638298    -0.05060333690942147
2.638617021276596    -0.05260625985674135
2.6404255319148935    -0.053911738803444284
2.6422340425531914    -0.055856476686152026
2.6440425531914893    -0.05871032950593506
2.645851063829787    -0.06142500480960349
2.647659574468085    -0.06280822890444221
2.649468085106383    -0.06276201822438102
2.651276595744681    -0.06222888019578286
2.653085106382979    -0.06204158564764134
2.6548936170212767    -0.06207137816605611
2.6567021276595746    -0.06156113274855915
2.6585106382978725    -0.06008133839798005
2.6603191489361704    -0.0579509950458587
2.6621276595744683    -0.05579267599038337
2.663936170212766    -0.053937760867861256
2.665744680851064    -0.05237106458002799
2.667553191489362    -0.05103708784391742
2.6693617021276594    -0.049896365243233154
2.6711702127659573    -0.04865255285091298
2.6729787234042552    -0.04670916184480754
2.674787234042553    -0.04367581722735425
2.676595744680851    -0.03991429299434639
2.678404255319149    -0.03637129627432942
2.680212765957447    -0.033732573480305575
2.6820212765957447    -0.03179998566988436
2.6838297872340426    -0.029802066547404693
2.6856382978723405    -0.02727570091891189
2.6874468085106384    -0.02450718191836329
2.6892553191489363    -0.022084193837837565
2.6910638297872342    -0.020172223889318358
2.692872340425532    -0.018390866640896467
2.69468085106383    -0.016364850433260685
2.696489361702128    -0.014204187113017023
2.6982978723404254    -0.012320318208754455
2.7001063829787233    -0.010844641363293581
2.701914893617021    -0.009381695845432438
2.703723404255319    -0.00737842053003401
2.705531914893617    -0.004656000234119911
2.707340425531915    -0.0015292418883907904
2.709148936170213    0.0015220369729480692
2.7109574468085107    0.004204008824007772
2.7127659574468086    0.0064816747010333475
2.7145744680851065    0.008480777941732395
2.7163829787234044    0.010435726818443139
2.7181914893617023    0.012661496303421796
2.72    0.015398457694138782
2.721808510638298    0.018596873638388526
2.723617021276596    0.02192824642332453
2.725425531914894    0.025124248410199838
2.7272340425531914    0.028316483582041075
2.7290425531914893    0.03195745808495405
2.730851063829787    0.03634794907351731
2.732659574468085    0.0412749193433677
2.734468085106383    0.04617290194590941
2.736276595744681    0.050636153030390554
2.7380851063829788    0.054718629166378666
2.7398936170212767    0.05872157852001636
2.7417021276595746    0.0627544308354451
2.7435106382978725    0.06657113241947679
2.7453191489361704    0.06982057499192867
2.7471276595744683    0.07238592661907564
2.748936170212766    0.07445713861335945
2.750744680851064    0.07633808983016971
2.752553191489362    0.07824939804359315
2.75436170212766    0.08027786256864855
2.7561702127659573    0.08238123084162244
2.757978723404255    0.0843403857188102
2.759787234042553    0.08574378062130825
2.761595744680851    0.0861598411753737
2.763404255319149    0.08544641646011658
2.765212765957447    0.08391552466182917
2.7670212765957447    0.0821448594655392
2.7688297872340426    0.08056373885508922
2.7706382978723405    0.07916563347860392
2.7724468085106384    0.0775653165777597
2.7742553191489363    0.0752955714392009
2.776063829787234    0.07207908606790864
2.777872340425532    0.06792663749475591
2.77968085106383    0.0630942852619839
2.781489361702128    0.05797054837523674
2.783297872340426    0.05290667223097199
2.7851063829787237    0.048023055477556184
2.786914893617021    0.0431278241423705
2.788723404255319    0.037879875321691514
2.790531914893617    0.03212187281488506
2.792340425531915    0.0260906995264389
2.7941489361702128    0.020267353928857583
2.7959574468085107    0.01496326561667903
2.7977659574468086    0.010024513795903446
2.7995744680851065    0.004953154155004861
2.8013829787234044    -0.0006418982012164846
2.8031914893617023    -0.006659986645358435
2.805    -0.01252176040698458
2.806808510638298    -0.01756533301489336
2.808617021276596    -0.021516688508192362
2.810425531914894    -0.024707716217704852
2.8122340425531918    -0.027916588156644002
2.8140425531914897    -0.03193512099068448
2.815851063829787    -0.03710970161813384
2.817659574468085    -0.04313192600065476
2.819468085106383    -0.049244477534081
2.821276595744681    -0.05476503942908394
2.8230851063829787    -0.05955286981290612
2.8248936170212766    -0.06401965347180816
2.8267021276595745    -0.06864398889799525
2.8285106382978724    -0.07342083995242255
2.8303191489361703    -0.0777810079693679
2.832127659574468    -0.08107456696361717
2.833936170212766    -0.08313719962759913
2.835744680851064    -0.08436741489474853
2.837553191489362    -0.08526390554992744
2.83936170212766    -0.08594463598143381
2.8411702127659577    -0.08615005510235146
2.8429787234042556    -0.08565230812671312
2.844787234042553    -0.08453998953369984
2.846595744680851    -0.083055409644548
2.848404255319149    -0.08124991319424602
2.8502127659574468    -0.07894184992012149
2.8520212765957447    -0.07603442849298181
2.8538297872340426    -0.07274241037518495
2.8556382978723405    -0.06937932933438429
2.8574468085106384    -0.06596715364933012
2.8592553191489363    -0.062233085861292003
2.861063829787234    -0.058082512724611096
2.862872340425532    -0.05394444910380024
2.86468085106383    -0.05042244409633308
2.866489361702128    -0.047530471494637544
2.8682978723404258    -0.04443321522975488
2.8701063829787237    -0.040147130953683455
2.8719148936170216    -0.034526275966966266
2.873723404255319    -0.028417646259608742
2.875531914893617    -0.02275845382054866
2.877340425531915    -0.017623425683400834
2.8791489361702127    -0.012320267402120642
2.8809574468085106    -0.006403082942903173
2.8827659574468085    -0.0003689752816762853
2.8845744680851064    0.004829636349239682
2.8863829787234043    0.008897690939424715
2.8881914893617022    0.012603380002440275
2.89    0.016966244539542437
2.891808510638298    0.022143880451913664
2.893617021276596    0.027261959082296033
2.895425531914894    0.031312121767343624
2.8972340425531917    0.03406110226122668
2.8990425531914896    0.0360473747916411
2.9008510638297875    0.03789366239295281
2.902659574468085    0.03985014972827717
2.904468085106383    0.041952658795594434
2.906276595744681    0.04428870616346326
2.9080851063829787    0.04684157247201961
2.9098936170212766    0.049177897223105844
2.9117021276595745    0.05064676125617667
2.9135106382978724    0.05109774886549361
2.9153191489361703    0.05125543986151212
2.917127659574468    0.05208577615398947
2.918936170212766    0.053691216254575076
2.920744680851064    0.0550056057531416
2.922553191489362    0.0547833130787932
2.92436170212766    0.05289155663676851
2.9261702127659577    0.05048586639186916
2.9279787234042556    0.048851301464370576
2.9297872340425535    0.048160623805011814
2.931595744680851    0.04744670638554865
2.933404255319149    0.045704809397526754
2.9352127659574467    0.04286156839832828
2.9370212765957446    0.03965867117623407
2.9388297872340425    0.036787404943409936
2.9406382978723404    0.034322907104890506
2.9424468085106383    0.03194997573054712
2.9442553191489362    0.02949513131642529
2.946063829787234    0.02706880279113718
2.947872340425532    0.02476377607955399
2.94968085106383    0.022417521833536222
2.951489361702128    0.019763039942786297
2.9532978723404257    0.016732107953635812
2.9551063829787236    0.013507355748119954
2.9569148936170215    0.010291338218161729
2.9587234042553194    0.007111375218638409
2.960531914893617    0.0038706740563977486
2.962340425531915    0.0005146886313946147
2.9641489361702127    -0.0029114685849786926
2.9659574468085106    -0.006325372415992797
2.9677659574468085    -0.009647888710943906
2.9695744680851064    -0.012793903669127324
2.9713829787234043    -0.015725158803489785
2.973191489361702    -0.018571690955546657
2.975    -0.021625868394602114
2.976808510638298    -0.025081308103272193
2.978617021276596    -0.028733275252236595
2.980425531914894    -0.03202421551974202
2.9822340425531917    -0.03449365592830397
2.9840425531914896    -0.03619647426321694
2.9858510638297875    -0.037609634036362166
2.9876595744680854    -0.03908474352822426
2.989468085106383    -0.04043229234398152
2.9912765957446807    -0.041112064442835494
2.9930851063829786    -0.040847867200846794
2.9948936170212765    -0.040012477519302064
2.9967021276595744    -0.039363452302170115
2.9985106382978723    -0.03938562166875048
3.0003191489361702    -0.039885435011650525
3.002127659574468    -0.04020628340805775
3.003936170212766    -0.03981983497437808
3.005744680851064    -0.03872218872997037
3.007553191489362    -0.0373035175569606
3.0093617021276597    -0.035883203271732486
3.0111702127659576    -0.03439936774757674
3.0129787234042555    -0.03255354547836081
3.0147872340425534    -0.030234843587938515
3.0165957446808513    -0.027746861541774942
3.0184042553191492    -0.025548973248424735
3.0202127659574467    -0.023746871638472118
3.0220212765957446    -0.021893720218533967
3.0238297872340425    -0.019396044170200424
3.0256382978723404    -0.016170804193278793
3.0274468085106383    -0.012860988359394136
3.029255319148936    -0.010321053342582598
3.031063829787234    -0.008854663917720114
3.032872340425532    -0.007979521722671579
3.03468085106383    -0.006947106670690902
3.036489361702128    -0.00544875440753133
3.0382978723404257    -0.0037855098257752393
3.0401063829787236    -0.0024174431656756043
3.0419148936170215    -0.0014721259227130309
3.0437234042553194    -0.0007302646210573492
3.0455319148936173    2.4304344798980982e-05
3.047340425531915    0.0007885225704621473
3.0491489361702127    0.0014716617908524235
3.0509574468085106    0.0020913108908944098
3.0527659574468085    0.0027172209746968716
3.0545744680851064    0.0032697413112295665
3.0563829787234043    0.003527529103458256
3.058191489361702    0.0034120344167203995
3.06    0.003198835960857105
3.061808510638298    0.003352432624871824
3.063617021276596    0.004144929862833985
3.0654255319148938    0.00547972259625535
3.0672340425531917    0.007064529408442342
3.0690425531914896    0.008663576115182137
3.0708510638297875    0.010158412797791817
3.0726595744680854    0.01149157849109058
3.0744680851063833    0.012704183199617494
3.076276595744681    0.014011762906370236
3.0780851063829786    0.015659424026355843
3.0798936170212765    0.01757366697212444
3.0817021276595744    0.019245524318228017
3.0835106382978723    0.020150207078289187
3.08531914893617    0.020335790192692996
3.087127659574468    0.020456991559831893
3.088936170212766    0.02109484990984672
3.090744680851064    0.02209789755796863
3.092553191489362    0.022747923706265768
3.0943617021276597    0.02259543961891387
3.0961702127659576    0.021975115743780752
3.0979787234042555    0.021583295571781857
3.0997872340425534    0.021652149038190748
3.1015957446808513    0.02173262176681515
3.103404255319149    0.021292275738578847
3.105212765957447    0.020302353401730058
3.1070212765957446    0.019078000656071858
3.1088297872340425    0.017691935293497923
3.1106382978723404    0.015851333918181162
3.1124468085106383    0.013427782755107906
3.114255319148936    0.010839836698055536
3.116063829787234    0.008629721723876646
3.117872340425532    0.006726080113238546
3.11968085106383    0.004453952049697139
3.1214893617021278    0.0014396460694521317
3.1232978723404257    -0.0017105901718018684
3.1251063829787236    -0.00394733052478044
3.1269148936170215    -0.004997953129993021
3.1287234042553194    -0.0057540374927482225
3.1305319148936173    -0.007243233076353172
3.132340425531915    -0.009377742052411795
3.134148936170213    -0.011025728442833237
3.1359574468085105    -0.011352285129307318
3.1377659574468084    -0.010797058693124258
3.1395744680851063    -0.010501662655889029
3.141382978723404    -0.010924486247918266
3.143191489361702    -0.011356913767508178
3.145    -0.010875829897219528
3.146808510638298    -0.009471134675484612
3.148617021276596    -0.007949818069287268
3.1504255319148937    -0.006837091924256066
3.1522340425531916    -0.005736774900464776
3.1540425531914895    -0.003924730504167712
3.1558510638297874    -0.0013222001162085792
3.1576595744680853    0.0014276910313919505
3.159468085106383    0.0038065353876441128
3.161276595744681    0.006017796392492735
3.163085106382979    0.008574420887920417
3.1648936170212765    0.011500857909028949
3.1667021276595744    0.014244769431645085
3.1685106382978723    0.016378359897434434
3.17031914893617    0.018102999396043887
3.172127659574468    0.01988737818834134
3.173936170212766    0.021775166683711204
3.175744680851064    0.023318113578608857
3.1775531914893618    0.024186428942848344
3.1793617021276597    0.024573879103077012
3.1811702127659576    0.02484459171269643
3.1829787234042555    0.024967152333501483
3.1847872340425534    0.024582771846837326
3.1865957446808513    0.023625166774216527
3.188404255319149    0.022568696391095135
3.190212765957447    0.021856878123776
3.192021276595745    0.021242114122213836
3.1938297872340424    0.019991920152886193
3.1956382978723403    0.017788033546664334
3.1974468085106382    0.015154597593853132
3.199255319148936    0.012798865078165921
3.201063829787234    0.010685698077619616
3.202872340425532    0.008082738552979644
3.20468085106383    0.00458038450592556
3.2064893617021277    0.0007817112277627401
3.2082978723404256    -0.0022819543692500937
3.2101063829787235    -0.004332016025091225
3.2119148936170214    -0.006145084481537607
3.2137234042553193    -0.008585749795233065
3.2155319148936172    -0.01157179864274527
3.217340425531915    -0.014240119000804937
3.219148936170213    -0.016050257449698124
3.220957446808511    -0.017404917546256796
3.2227659574468084    -0.01903785440147128
3.2245744680851063    -0.021010714965928906
3.226382978723404    -0.022622422432775485
3.228191489361702    -0.023324438165994395
3.23    -0.02345105840973944
3.231808510638298    -0.02384183252785109
3.233617021276596    -0.024848201230252984
3.2354255319148937    -0.025953097276140216
3.2372340425531916    -0.02641544847123893
3.2390425531914895    -0.026092522411806894
3.2408510638297874    -0.025467983705063868
3.2426595744680853    -0.02497130282285289
3.244468085106383    -0.02450619640631558
3.246276595744681    -0.023722712642604477
3.248085106382979    -0.02258003912402287
3.249893617021277    -0.02144236461554195
3.251702127659575    -0.020624758079739083
3.2535106382978722    -0.020010197892482907
3.25531914893617    -0.01921598065535369
3.257127659574468    -0.01806849372868094
3.258936170212766    -0.01679417722524424
3.260744680851064    -0.01572980191020424
3.2625531914893617    -0.014930349758982976
3.2643617021276596    -0.014115100618804347
3.2661702127659575    -0.01295857622533578
3.2679787234042554    -0.011376200250626488
3.2697872340425533    -0.009537508950656526
3.2715957446808512    -0.0076645142598503226
3.273404255319149    -0.0058499841552028375
3.275212765957447    -0.0040444543528866984
3.277021276595745    -0.0021800444888354737
3.278829787234043    -0.0002954754451714968
3.2806382978723407    0.0014590460321471438
3.282446808510638    0.0029514554875725626
3.284255319148936    0.004207960343963414
3.286063829787234    0.0053967190069903965
3.287872340425532    0.006635645942690507
3.28968085106383    0.007825276017441572
3.2914893617021277    0.008725290984063348
3.2932978723404256    0.009223172997489537
3.2951063829787235    0.009484418336880306
3.2969148936170214    0.00978192674956897
3.2987234042553193    0.010193897295001749
3.300531914893617    0.010546017908052922
3.302340425531915    0.010680469767544803
3.304148936170213    0.010709133395995832
3.305957446808511    0.010910141062948978
3.307765957446809    0.011380640436254648
3.3095744680851067    0.01188445571673355
3.311382978723404    0.012096995946940615
3.313191489361702    0.01195067167674142
3.315    0.011669782162774964
3.316808510638298    0.011489696683058812
3.3186170212765957    0.011432931103185301
3.3204255319148936    0.011383173964677407
3.3222340425531915    0.011282116581014884
3.3240425531914894    0.011157689452822375
3.3258510638297873    0.010995050994211341
3.3276595744680852    0.010701407475163963
3.329468085106383    0.010237871222631024
3.331276595744681    0.009691443575276775
3.333085106382979    0.009129278894736956
3.334893617021277    0.008437973744197396
3.3367021276595747    0.007435789063693538
3.3385106382978726    0.0061579403974528525
3.34031914893617    0.004897404329069545
3.342127659574468    0.00386857712235047
3.343936170212766    0.0029235263548864953
3.345744680851064    0.001765248438321404
3.3475531914893617    0.0004335878596428014
3.3493617021276596    -0.0006267075098865486
3.3511702127659575    -0.0011227401524938662
3.3529787234042554    -0.0014048329734511217
3.3547872340425533    -0.0021392789871157577
3.356595744680851    -0.0034331742361159477
3.358404255319149    -0.0045232767819853035
3.360212765957447    -0.004580196825922739
3.362021276595745    -0.00376769274522483
3.363829787234043    -0.003228415505671333
3.3656382978723407    -0.003881252892829954
3.3674468085106386    -0.005394279521383024
3.369255319148936    -0.006561104005765709
3.371063829787234    -0.006644544104912416
3.372872340425532    -0.006100306735697676
3.3746808510638298    -0.00588868554875889
3.3764893617021277    -0.006310123307980154
3.3782978723404256    -0.006790599945034481
3.3801063829787235    -0.006747829494542756
3.3819148936170214    -0.006321584829841393
3.3837234042553193    -0.006063342934024144
3.385531914893617    -0.006132542363943368
3.387340425531915    -0.006159126616192168
3.389148936170213    -0.0059331525787579015
3.390957446808511    -0.005894840995151942
3.3927659574468088    -0.0066639215160164845
3.3945744680851067    -0.008193882104229683
3.3963829787234046    -0.009706337892671571
3.398191489361702    -0.01055156623618959
3.4    -0.010905072372715229
3.401808510638298    -0.011418079876468739
3.4036170212765957    -0.012316314494955554
3.4054255319148936    -0.013140061803313372
3.4072340425531915    -0.013421072273304795
3.4090425531914894    -0.013334396482925233
3.4108510638297873    -0.013439550240531683
3.412659574468085    -0.013893756549793326
3.414468085106383    -0.014228127208910389
3.416276595744681    -0.013973109040618898
3.418085106382979    -0.013238845509838577
3.419893617021277    -0.01244046800783231
3.4217021276595747    -0.011584622090236345
3.4235106382978726    -0.01018273467352276
3.4253191489361705    -0.007993033233966766
3.427127659574468    -0.005584591845397887
3.428936170212766    -0.0038577106527343634
3.4307446808510638    -0.003028380068113578
3.4325531914893617    -0.0023637270283244412
3.4343617021276596    -0.0010521652188732362
3.4361702127659575    0.0008490618569899917
3.4379787234042554    0.0025441659865818233
3.4397872340425533    0.0034921927591366163
3.441595744680851    0.003997168701470499
3.443404255319149    0.00472218612166719
3.445212765957447    0.005846925749981422
3.447021276595745    0.006951477391411446
3.4488297872340428    0.007663381555756183
3.4506382978723407    0.008125999341906503
3.4524468085106386    0.008705918746202452
3.4542553191489365    0.009450999397269422
3.456063829787234    0.010095943329204141
3.457872340425532    0.010558825654726654
3.4596808510638297    0.011148087754947035
3.4614893617021276    0.012136196020628124
3.4632978723404255    0.013304687439643992
3.4651063829787234    0.014146493916172858
3.4669148936170213    0.014486503059363923
3.468723404255319    0.014660455104228759
3.470531914893617    0.014984517398771232
3.472340425531915    0.01525201631519711
3.474148936170213    0.014990155538061501
3.475957446808511    0.014157110123979163
3.4777659574468087    0.013303752305264338
3.4795744680851066    0.01291298422995977
3.4813829787234045    0.012764221310423924
3.4831914893617024    0.01219027934544844
3.4850000000000003    0.010920964920287783
3.4868085106382978    0.009405225752974979
3.4886170212765957    0.008178069385140591
3.4904255319148936    0.007114066164596207
3.4922340425531915    0.00557529795912454
3.4940425531914894    0.0032756631710187563
3.4958510638297873    0.0007209114741377788
3.497659574468085    -0.0013635142712525167
3.499468085106383    -0.0028665815084953456
3.501276595744681    -0.004297402338281553
3.503085106382979    -0.005983432539106938
3.5048936170212768    -0.007559718959528521
3.5067021276595747    -0.008451688411210667
3.5085106382978726    -0.008708965028687713
3.5103191489361705    -0.009046237123676885
3.5121276595744684    -0.00997060723951817
3.5139361702127663    -0.011091492718665238
3.5157446808510637    -0.01152480146333325
3.5175531914893616    -0.010939723705760915
3.5193617021276595    -0.009988260032744818
3.5211702127659574    -0.009610375467541834
3.5229787234042553    -0.010051210281952912
3.5247872340425532    -0.01070721299921878
3.526595744680851    -0.010875109912421623
3.528404255319149    -0.010460557057738051
3.530212765957447    -0.00989475974838683
3.532021276595745    -0.009520345849703201
3.5338297872340427    -0.0092422564436844
3.5356382978723406    -0.008761046405037378
3.5374468085106385    -0.007966465048204615
3.5392553191489364    -0.006991296444968173
3.5410638297872343    -0.005961006720650143
3.5428723404255322    -0.004842579144398342
3.5446808510638297    -0.0035770167572408886
3.5464893617021276    -0.0022652029004794324
3.5482978723404255    -0.0011269400780831666
3.5501063829787234    -0.0002710865704305459
3.5519148936170213    0.0004474808825281482
3.553723404255319    0.0013161528502818438
3.555531914893617    0.0025015582410768513
3.557340425531915    0.00387082000866033
3.559148936170213    0.005051244308810255
3.560957446808511    0.005702295911785251
3.5627659574468087    0.005806225578231605
3.5645744680851066    0.005720574403210527
3.5663829787234045    0.005883588200432426
3.5681914893617024    0.0063920962690562425
3.5700000000000003    0.006876963207703422
3.571808510638298    0.006866443684641919
3.5736170212765956    0.006294926987297852
3.5754255319148935    0.005580644133146656
3.5772340425531914    0.005129605308830451
3.5790425531914893    0.0048007266086243
3.5808510638297872    0.003973306297554758
3.582659574468085    0.0021927988045865486
3.584468085106383    -0.0003129955550470241
3.586276595744681    -0.002825341274117983
3.588085106382979    -0.004803343087122782
3.5898936170212767    -0.006281030285397883
3.5917021276595746    -0.007619439235440901
3.5935106382978725    -0.009009908578206337
3.5953191489361704    -0.010339850595705247
3.5971276595744683    -0.011493582220243274
3.5989361702127662    -0.012612078208932308
3.600744680851064    -0.013956898971603321
3.6025531914893616    -0.015582578849557011
3.6043617021276595    -0.017257538143927
3.6061702127659574    -0.018720712173771432
3.6079787234042553    -0.0199348181653972
3.609787234042553    -0.021042539019529755
3.611595744680851    -0.02212395320777499
3.613404255319149    -0.023055707524718087
3.615212765957447    -0.02358854691409971
