0.0    0.0
0.0018085106382978724    0.0
0.003617021276595745    0.0
0.005425531914893617    0.0
0.00723404255319149    0.0
0.009042553191489363    0.0
0.010851063829787235    0.0
0.012659574468085107    0.0
0.01446808510638298    0.0
0.016276595744680853    0.0
0.018085106382978725    0.0
0.019893617021276597    0.0
0.02170212765957447    0.0
0.023510638297872342    0.0
0.025319148936170214    0.0
0.027127659574468086    0.0
0.02893617021276596    0.0
0.03074468085106383    0.0
0.032553191489361706    0.0
0.03436170212765958    0.0
0.03617021276595745    0.0
0.03797872340425532    0.0
0.039787234042553195    0.0
0.04159574468085107    0.0
0.04340425531914894    0.0
0.04521276595744681    0.0
0.047021276595744683    0.0
0.048829787234042556    0.0
0.05063829787234043    0.0
0.0524468085106383    0.0
0.05425531914893617    0.0
0.056063829787234044    0.0
0.05787234042553192    0.0
0.05968085106382979    0.0
0.06148936170212766    0.0
0.06329787234042554    0.0
0.06510638297872341    0.0
0.06691489361702128    0.0
0.06872340425531916    0.0
0.07053191489361703    0.0
0.0723404255319149    0.0
0.07414893617021277    0.0
0.07595744680851065    0.0
0.07776595744680852    0.0
0.07957446808510639    0.0
0.08138297872340426    0.0
0.08319148936170213    0.0
0.085    0.0
0.08680851063829788    0.0
0.08861702127659575    0.0
0.09042553191489362    0.0
0.0922340425531915    0.0
0.09404255319148937    0.0
0.09585106382978724    0.0
0.09765957446808511    0.0
0.09946808510638298    0.0
0.10127659574468086    0.0
0.10308510638297873    0.0
0.1048936170212766    0.0
0.10670212765957447    0.0
0.10851063829787234    0.0
0.11031914893617022    0.0
0.11212765957446809    0.0
0.11393617021276596    0.0
0.11574468085106383    0.0
0.1175531914893617    0.0
0.11936170212765958    0.0
0.12117021276595745    0.0
0.12297872340425532    0.0
0.1247872340425532    0.0
0.12659574468085108    0.0
0.12840425531914895    0.0
0.13021276595744682    0.0
0.1320212765957447    0.0
0.13382978723404257    0.0
0.13563829787234044    0.0
0.1374468085106383    0.0
0.13925531914893619    0.0
0.14106382978723406    0.0
0.14287234042553193    0.0
0.1446808510638298    0.0
0.14648936170212767    0.0
0.14829787234042555    0.0
0.15010638297872342    0.0
0.1519148936170213    0.0
0.15372340425531916    0.0
0.15553191489361703    0.0
0.1573404255319149    0.0
0.15914893617021278    0.0
0.16095744680851065    0.0
0.16276595744680852    0.0
0.1645744680851064    0.0
0.16638297872340427    0.0
0.16819148936170214    0.0
0.17    0.0
0.17180851063829788    0.0
0.17361702127659576    0.0
0.17542553191489363    0.0
0.1772340425531915    0.0
0.17904255319148937    0.0
0.18085106382978725    0.0
0.18265957446808512    0.0
0.184468085106383    0.0
0.18627659574468086    0.0
0.18808510638297873    0.0
0.1898936170212766    0.0
0.19170212765957448    0.0
0.19351063829787235    0.0
0.19531914893617022    0.0
0.1971276595744681    0.0
0.19893617021276597    0.0
0.20074468085106384    0.0
0.2025531914893617    0.0
0.20436170212765958    0.0
0.20617021276595746    0.0
0.20797872340425533    0.0
0.2097872340425532    0.0
0.21159574468085107    0.0
0.21340425531914894    0.0
0.21521276595744682    0.0
0.2170212765957447    0.0
0.21882978723404256    0.0
0.22063829787234043    0.0
0.2224468085106383    0.0
0.22425531914893618    0.0
0.22606382978723405    0.0
0.22787234042553192    0.0
0.2296808510638298    0.0
0.23148936170212767    0.0
0.23329787234042554    0.0
0.2351063829787234    0.0
0.23691489361702128    0.0
0.23872340425531915    0.0
0.24053191489361703    0.0
0.2423404255319149    0.0
0.24414893617021277    0.0
0.24595744680851064    0.0
0.24776595744680852    0.0
0.2495744680851064    0.0
0.25138297872340426    0.0
0.25319148936170216    0.0
0.255    0.0
0.2568085106382979    0.0
0.25861702127659575    0.0
0.26042553191489365    0.0
0.2622340425531915    0.0
0.2640425531914894    0.0
0.26585106382978724    0.0
0.26765957446808514    0.0
0.269468085106383    0.0
0.2712765957446809    0.0
0.2730851063829787    1.9862880637515482e-297
0.2748936170212766    9.722264435861486e-293
0.27670212765957447    1.4349476928192117e-288
0.27851063829787237    1.0136718740847814e-284
0.2803191489361702    4.198337442044963e-281
0.2821276595744681    1.1439020156240533e-277
0.28393617021276596    2.2087678707705476e-274
0.28574468085106386    3.1841118930968544e-271
0.2875531914893617    3.5615472289251093e-268
0.2893617021276596    3.1840784431997406e-265
0.29117021276595745    2.329419231842143e-262
0.29297872340425535    1.4214859698822744e-259
0.2947872340425532    7.351217658123176e-257
0.2965957446808511    3.2651486575831844e-254
0.29840425531914894    1.2598850450671269e-251
0.30021276595744684    4.265064285811069e-249
0.3020212765957447    1.2776837014448831e-246
0.3038297872340426    3.412814467585365e-244
0.3056382978723404    8.182949921210543e-242
0.3074468085106383    1.7718170950219548e-239
0.30925531914893617    3.4832018935866727e-237
0.31106382978723407    6.247433146513358e-235
0.3128723404255319    1.0268452348088583e-232
0.3146808510638298    1.552875015951208e-230
0.31648936170212766    2.1686818804597686e-228
0.31829787234042556    2.8064200517614955e-226
0.3201063829787234    3.375683495157783e-224
0.3219148936170213    3.785085923231511e-222
0.32372340425531915    3.966948334957195e-220
0.32553191489361705    3.895690778055856e-218
0.3273404255319149    3.5930781698613895e-216
0.3291489361702128    3.1192067220759028e-214
0.33095744680851064    2.5538664222684555e-212
0.33276595744680854    1.9758574583977966e-210
0.3345744680851064    1.4470843199490995e-208
0.3363829787234043    1.0049513014225379e-206
0.3381914893617021    6.628265276195527e-205
0.34    4.1582550647411637e-203
0.34180851063829787    2.484828559713583e-201
0.34361702127659577    1.4162540987964729e-199
0.3454255319148936    7.709050680454206e-198
0.3472340425531915    4.0123929930240765e-196
0.34904255319148936    1.9991761927717535e-194
0.35085106382978726    9.54601398873122e-193
0.3526595744680851    4.3729304133391546e-191
0.354468085106383    1.923702713545463e-189
0.35627659574468085    8.13456354576232e-188
0.35808510638297875    3.3094768944637847e-186
0.3598936170212766    1.296564588976402e-184
0.3617021276595745    4.895574167201104e-183
0.36351063829787233    1.7829443301174256e-181
0.36531914893617023    6.268050832263807e-180
0.3671276595744681    2.1286803560974658e-178
0.368936170212766    6.988464052847755e-177
0.3707446808510638    2.219446447525067e-175
0.3725531914893617    6.82317332365578e-174
0.37436170212765957    2.0318119861070572e-172
0.37617021276595747    5.86411656506253e-171
0.3779787234042553    1.6413482292283386e-169
0.3797872340425532    4.457855926175357e-168
0.38159574468085106    1.1754875763752768e-166
0.38340425531914896    3.0109823633649116e-165
0.3852127659574468    7.495838873770425e-164
0.3870212765957447    1.814556479614001e-162
0.38882978723404255    4.273348393865246e-161
0.39063829787234045    9.795268318051848e-160
0.3924468085106383    2.1863056839068484e-158
0.3942553191489362    4.7538134767163424e-157
0.39606382978723403    1.007382667362144e-155
0.39787234042553193    2.0813576124195682e-154
0.3996808510638298    4.1944238940247793e-153
0.4014893617021277    8.247830013334855e-152
0.4032978723404255    1.5831146151925636e-150
0.4051063829787234    2.9672156436111654e-149
0.40691489361702127    5.43255693310558e-148
0.40872340425531917    9.71914153192775e-147
0.410531914893617    1.699674854595779e-145
0.4123404255319149    2.906431001410515e-144
0.41414893617021276    4.861255960570291e-143
0.41595744680851066    7.955466747459921e-142
0.4177659574468085    1.2742141052560572e-140
0.4195744680851064    1.9980491858619028e-139
0.42138297872340424    3.06818215247074e-138
0.42319148936170214    4.615176488217532e-137
0.425    6.8021414858810214e-136
0.4268085106382979    9.825806459463944e-135
0.42861702127659573    1.391451690354935e-133
0.43042553191489363    1.9322125109558643e-132
0.4322340425531915    2.631693324608999e-131
0.4340425531914894    3.5165236818263484e-130
0.4358510638297872    4.6109612179282934e-129
0.4376595744680851    5.934285499719571e-128
0.43946808510638297    7.4979325021457e-127
0.44127659574468087    9.302626479465214e-126
0.4430851063829787    1.1335829050136512e-124
0.4448936170212766    1.3569855583749397e-123
0.44670212765957445    1.59609947108474e-122
0.44851063829787235    1.8449901947697204e-121
0.4503191489361702    2.096342490058739e-120
0.4521276595744681    2.3417865890122018e-119
0.45393617021276594    2.5723516625994313e-118
0.45574468085106384    2.779013265172161e-117
0.4575531914893617    2.953287806239036e-116
0.4593617021276596    3.087818590612135e-115
0.46117021276595743    3.17689619897895e-114
0.46297872340425533    3.2168614641593116e-113
0.46478723404255323    3.206351412977279e-112
0.4665957446808511    3.146365629901242e-111
0.468404255319149    3.0401501430013696e-110
0.4702127659574468    2.892915386961583e-109
0.4720212765957447    2.711421444038203e-108
0.47382978723404257    2.5034755353921342e-107
0.47563829787234047    2.2773924149695966e-106
0.4774468085106383    2.0414676666508623e-105
0.4792553191489362    1.8035076101964504e-104
0.48106382978723405    1.5704489939794785e-103
0.48287234042553195    1.3480887267346656e-102
0.4846808510638298    1.1409305004372888e-101
0.4864893617021277    9.521429941520585e-101
0.48829787234042554    7.83614703266768e-100
0.49010638297872344    6.360840396707376e-99
0.4919148936170213    5.093203677211685e-98
0.4937234042553192    4.0233177184300807e-97
0.49553191489361703    3.1357794835005336e-96
0.49734042553191493    2.4117085275146277e-95
0.4991489361702128    1.830507662346691e-94
0.5009574468085106    1.3713052072766341e-93
0.5027659574468085    1.014051667162994e-92
0.5045744680851064    7.402801702083578e-92
0.5063829787234043    5.33565918450515e-91
0.5081914893617021    3.797353453507516e-90
0.51    2.6688194200280638e-89
0.5118085106382979    1.8524481100488063e-88
0.5136170212765958    1.2700017519117977e-87
0.5154255319148936    8.600742804987353e-87
0.5172340425531915    5.754163687497616e-86
0.5190425531914894    3.803501567109705e-85
0.5208510638297873    2.484162216187139e-84
0.5226595744680851    1.6032838401104738e-83
0.524468085106383    1.022618080613448e-82
0.5262765957446809    6.446543694138942e-82
0.5280851063829788    4.0168719524350817e-81
0.5298936170212766    2.4741908261109564e-80
0.5317021276595745    1.5066018014100308e-79
0.5335106382978724    9.070248651112242e-79
0.5353191489361703    5.399208109253309e-78
0.5371276595744681    3.1780832496996754e-77
0.538936170212766    1.8499431972676223e-76
0.5407446808510639    1.0649825137742211e-75
0.5425531914893618    6.063871779648715e-75
0.5443617021276596    3.415174852693606e-74
0.5461702127659575    1.902666649476309e-73
0.5479787234042554    1.0486491365770732e-72
0.5497872340425533    5.718022208351999e-72
0.551595744680851    3.084888773494557e-71
0.5534042553191489    1.646799142330586e-70
0.5552127659574468    8.699176342391217e-70
0.5570212765957447    4.547581331946825e-69
0.5588297872340425    2.3527492645910363e-68
0.5606382978723404    1.2047340485704325e-67
0.5624468085106383    6.105963123264699e-67
0.5642553191489362    3.0633122590255715e-66
0.566063829787234    1.5213483622867196e-65
0.5678723404255319    7.47983758994706e-65
0.5696808510638298    3.64088635065921e-64
0.5714893617021277    1.7546822585775359e-63
0.5732978723404255    8.373187132651651e-63
0.5751063829787234    3.956472956374593e-62
0.5769148936170213    1.851289953669741e-61
0.5787234042553192    8.578530188272164e-61
0.580531914893617    3.9368284923846714e-60
0.5823404255319149    1.789360622681151e-59
0.5841489361702128    8.055439710813752e-59
0.5859574468085107    3.5920508952129756e-58
0.5877659574468085    1.5866424265201798e-57
0.5895744680851064    6.942567923223608e-57
0.5913829787234043    3.009445577302377e-56
0.5931914893617022    1.292404838566939e-55
0.595    5.498908351717225e-55
0.5968085106382979    2.3181416763166354e-54
0.5986170212765958    9.682967721907033e-54
0.6004255319148937    4.00775448071821e-53
0.6022340425531915    1.6437532377223708e-52
0.6040425531914894    6.680876985530132e-52
0.6058510638297873    2.690975877332639e-51
0.6076595744680852    1.0741957507437846e-50
0.609468085106383    4.2498329703312297e-50
0.6112765957446809    1.6664500537265402e-49
0.6130851063829788    6.476817348503602e-49
0.6148936170212767    2.495149110744854e-48
0.6167021276595744    9.528250497240839e-48
0.6185106382978723    3.6068463503161767e-47
0.6203191489361702    1.3534918545228077e-46
0.6221276595744681    5.035152232264225e-46
0.6239361702127659    1.857007503964039e-45
0.6257446808510638    6.790060781128172e-45
0.6275531914893617    2.4615416562547786e-44
0.6293617021276596    8.847662292281956e-44
0.6311702127659574    3.1532015009421442e-43
0.6329787234042553    1.1142701459682235e-42
0.6347872340425532    3.904436103758307e-42
0.6365957446808511    1.3566518172993957e-41
0.6384042553191489    4.674483915683178e-41
0.6402127659574468    1.5972275459218037e-40
0.6420212765957447    5.412278866623232e-40
0.6438297872340426    1.8188041107921044e-39
0.6456382978723404    6.061721082124152e-39
0.6474468085106383    2.0036499209244348e-38
0.6492553191489362    6.568632450628004e-38
0.6510638297872341    2.135828589785265e-37
0.6528723404255319    6.88821954225283e-37
0.6546808510638298    2.2034707713838933e-36
0.6564893617021277    6.991617448794152e-36
0.6582978723404256    2.2005342731551993e-35
0.6601063829787234    6.870186768634833e-35
0.6619148936170213    2.127690400456661e-34
0.6637234042553192    6.536678291331381e-34
0.6655319148936171    1.9921572858966824e-33
0.6673404255319149    6.02305415637127e-33
0.6691489361702128    1.8065296152768796e-32
0.6709574468085107    5.375475229017492e-32
0.6727659574468086    1.5868655837202615e-31
0.6745744680851063    4.647535281491928e-31
0.6763829787234042    1.3504299282788824e-30
0.6781914893617021    3.893099375052048e-30
0.68    1.1135251181181758e-29
0.6818085106382978    3.16003868664762e-29
0.6836170212765957    8.897728241316601e-29
0.6854255319148936    2.485801673249424e-28
0.6872340425531915    6.890653339007852e-28
0.6890425531914893    1.895250583220614e-27
0.6908510638297872    5.172382707208674e-27
0.6926595744680851    1.4006758387920497e-26
0.694468085106383    3.763678616258008e-26
0.6962765957446809    1.0035060626959612e-25
0.6980851063829787    2.654999489128982e-25
0.6998936170212766    6.970276095929238e-25
0.7017021276595745    1.81585208938552e-24
0.7035106382978724    4.694177249159689e-24
0.7053191489361702    1.2041769771329978e-23
0.7071276595744681    3.0653212072046184e-23
0.708936170212766    7.743177650604231e-23
0.7107446808510639    1.940986253219703e-22
0.7125531914893617    4.8282288382030515e-22
0.7143617021276596    1.1918380123106514e-21
0.7161702127659575    2.9195248159397528e-21
0.7179787234042554    7.096985325466757e-21
0.7197872340425532    1.7119984930777583e-20
0.7215957446808511    4.098276037267842e-20
0.723404255319149    9.735711531647277e-20
0.7252127659574469    2.2951064286140766e-19
0.7270212765957447    5.369158844934545e-19
0.7288297872340426    1.246456940554095e-18
0.7306382978723405    2.871540083179152e-18
0.7324468085106384    6.564742294919254e-18
0.7342553191489362    1.489306012966375e-17
0.7360638297872341    3.3528302519071424e-17
0.737872340425532    7.490280499470763e-17
0.7396808510638299    1.66050672059957e-16
0.7414893617021276    3.652884951376596e-16
0.7432978723404255    7.974078608256709e-16
0.7451063829787234    1.7273094375648161e-15
0.7469148936170213    3.712790364441658e-15
0.7487234042553191    7.918929276864396e-15
0.750531914893617    1.6759571748199383e-14
0.7523404255319149    3.519524524800762e-14
0.7541489361702128    7.333705116147978e-14
0.7559574468085106    1.5162629447657923e-13
0.7577659574468085    3.110498512229514e-13
0.7595744680851064    6.331143089778374e-13
0.7613829787234043    1.2785645092860595e-12
0.7631914893617021    2.5617853142396823e-12
0.765    5.0925231593505704e-12
0.7668085106382979    1.0043464065116262e-11
0.7686170212765958    1.9650957802416888e-11
0.7704255319148936    3.81436639035968e-11
0.7722340425531915    7.344931495220402e-11
0.7740425531914894    1.403030932625371e-10
0.7758510638297873    2.658567511030948e-10
0.7776595744680851    4.997066869182939e-10
0.779468085106383    9.31654665935663e-10
0.7812765957446809    1.7228664947708628e-09
0.7830851063829788    3.1600128555221844e-09
0.7848936170212766    5.7484330818758014e-09
0.7867021276595745    1.0370876523744649e-08
0.7885106382978724    1.855529259672512e-08
0.7903191489361703    3.2922024514700824e-08
0.7921276595744681    5.7922945136991354e-08
0.793936170212766    1.0105039628743867e-07
0.7957446808510639    1.7479357289174756e-07
0.7975531914893618    2.9977024577846354e-07
0.7993617021276596    5.09684614320322e-07
0.8011702127659575    8.59087575361225e-07
0.8029787234042554    1.4353831341271552e-06
0.8047872340425533    2.3771840719029056e-06
0.806595744680851    3.902032355075129e-06
0.808404255319149    6.347735789613544e-06
0.8102127659574468    1.0233208052123784e-05
0.8120212765957447    1.634680679626501e-05
0.8138297872340425    2.587279730548067e-05
0.8156382978723404    4.056973717838418e-05
0.8174468085106383    6.301821266162264e-05
0.8192553191489362    9.695926605155735e-05
0.821063829787234    0.00014774865813613317
0.8228723404255319    0.00022295517912127808
0.8246808510638298    0.0003331326016763153
0.8264893617021277    0.000492793223342842
0.8282978723404255    0.0007216045234415609
0.8301063829787234    0.0010458171311622604
0.8319148936170213    0.0014999096795806572
0.8337234042553192    0.002128401820531168
0.835531914893617    0.002987738747433553
0.8373404255319149    0.004148088130549368
0.8391489361702128    0.005694814413739525
0.8409574468085107    0.007729309819756199
0.8427659574468085    0.01036877390750582
0.8445744680851064    0.013744456606991086
0.8463829787234043    0.017997830990040473
0.8481914893617022    0.02327416411094753
0.85    0.029713032872781285
0.8518085106382979    0.03743551310183294
0.8536170212765958    0.04652807536381406
0.8554255319148937    0.05702366102953537
0.8572340425531915    0.06888097849963051
0.8590425531914894    0.08196371761970922
0.8608510638297873    0.09602206263222843
0.8626595744680852    0.11067948757718807
0.864468085106383    0.12542820811305644
0.8662765957446809    0.13963668580709399
0.8680851063829788    0.1525720828804747
0.8698936170212767    0.16343942906744074
0.8717021276595744    0.171437442271465
0.8735106382978723    0.17582850834046188
0.8753191489361702    0.1760174848326721
0.8771276595744681    0.17163112028909994
0.8789361702127659    0.1625874883316376
0.8807446808510638    0.14914352702667683
0.8825531914893617    0.13190914209090793
0.8843617021276596    0.11181883096559803
0.8861702127659574    0.09005657725547977
0.8879787234042553    0.06793658927263593
0.8897872340425532    0.046750539523357074
0.8915957446808511    0.027600027790895057
0.8934042553191489    0.011239391037696653
0.8952127659574468    -0.0020430351686568354
0.8970212765957447    -0.012479017538186327
0.8988297872340426    -0.02079129715437077
0.9006382978723404    -0.028075597077205177
0.9024468085106383    -0.03560480835638903
0.9042553191489362    -0.04458388511239035
0.9060638297872341    -0.055898473411931646
0.9078723404255319    -0.0699078378162226
0.9096808510638298    -0.08633008571903768
0.9114893617021277    -0.10425369935586205
0.9132978723404256    -0.12228524633157749
0.9151063829787234    -0.13881298758835642
0.9169148936170213    -0.152336455540994
0.9187234042553192    -0.16179057575368505
0.9205319148936171    -0.16678644329860337
0.9223404255319149    -0.16770349833590936
0.9241489361702128    -0.165599088358598
0.9259574468085107    -0.16194548877628873
0.9277659574468086    -0.1582510174332465
0.9295744680851065    -0.15565818674027188
0.9313829787234043    -0.1546261667447787
0.9331914893617022    -0.15479019976672276
0.935    -0.15504770441366944
0.936808510638298    -0.15385903700404285
0.9386170212765957    -0.14968677248485185
0.9404255319148936    -0.14145040458344532
0.9422340425531915    -0.1288601181661576
0.9440425531914894    -0.11252156834053678
0.9458510638297872    -0.09376862958709897
0.9476595744680851    -0.07426534464933637
0.949468085106383    -0.05549581087609004
0.9512765957446809    -0.03830484552895082
0.9530851063829787    -0.02264487743472142
0.9548936170212766    -0.0076235209795862055
0.9567021276595745    0.008151721195888504
0.9585106382978724    0.026038736354466224
0.9603191489361702    0.0468156938797573
0.9621276595744681    0.07031793506672457
0.963936170212766    0.09539291120333562
0.9657446808510639    0.12019950658488818
0.9675531914893617    0.14275228724107994
0.9693617021276596    0.1615160008993106
0.9711702127659575    0.17582973685122175
0.9729787234042554    0.1859982576498044
0.9747872340425532    0.19301273922410964
0.9765957446808511    0.1980090593064767
0.978404255319149    0.20168137668784983
0.9802127659574469    0.20389513442077747
0.9820212765957447    0.20367085544404687
0.9838297872340426    0.1995624767835493
0.9856382978723405    0.190289008970591
0.9874468085106384    0.1753647986322753
0.9892553191489362    0.15546286479706037
0.9910638297872341    0.13234776046617994
0.992872340425532    0.10839067191431712
0.9946808510638299    0.08585653115535447
0.9964893617021277    0.06625279344130977
0.9982978723404256    0.05000462155956624
1.0001063829787233    0.0365779678814207
1.0019148936170212    0.02497139983108001
1.0037234042553191    0.014329997225109123
1.005531914893617    0.004379724873342684
1.007340425531915    -0.004531515303486827
1.0091489361702128    -0.011805964038810818
1.0109574468085107    -0.01719046023309635
1.0127659574468086    -0.021277686533165297
1.0145744680851063    -0.02562529209451647
1.0163829787234042    -0.032376842455113894
1.0181914893617021    -0.04350970578871095
1.02    -0.06002858166924445
1.021808510638298    -0.08147138081719045
1.0236170212765958    -0.10596646819359447
1.0254255319148937    -0.1308331921472436
1.0272340425531916    -0.1534692515940677
1.0290425531914893    -0.17214116616712005
1.0308510638297872    -0.18635206069186833
1.032659574468085    -0.19667515771485816
1.034468085106383    -0.2042021258052999
1.036276595744681    -0.20992806933681019
1.0380851063829788    -0.21439081446389302
1.0398936170212767    -0.21770736872840712
1.0417021276595746    -0.21990464900099282
1.0435106382978723    -0.22126501568380752
1.0453191489361702    -0.2224030157181024
1.047127659574468    -0.22396421722293947
1.048936170212766    -0.2260918473435976
1.0507446808510639    -0.22799148609125403
1.0525531914893618    -0.22792037866570264
1.0543617021276597    -0.22372164463013283
1.0561702127659576    -0.21371889388165322
1.0579787234042553    -0.19755304277869506
1.0597872340425532    -0.17652124320855145
1.061595744680851    -0.15319684124198396
1.063404255319149    -0.13046349338560714
1.0652127659574468    -0.1103990395795974
1.0670212765957447    -0.09352976834158702
1.0688297872340426    -0.07879307944913283
1.0706382978723405    -0.0641924100674211
1.0724468085106382    -0.04779293931458631
1.0742553191489361    -0.02856750544924795
1.076063829787234    -0.006723954769440474
1.077872340425532    0.01655481153616641
1.0796808510638298    0.039726332104256745
1.0814893617021277    0.06149286415113579
1.0832978723404256    0.0811150522130152
1.0851063829787235    0.09838501923588468
1.0869148936170212    0.11342050316648532
1.088723404255319    0.12650177660737627
1.090531914893617    0.13806018286186184
1.092340425531915    0.14874172344288406
1.0941489361702128    0.15936120076115157
1.0959574468085107    0.1706242086634699
1.0977659574468086    0.18269122880168703
1.0995744680851065    0.1948470530912097
1.1013829787234042    0.20556485469507635
1.103191489361702    0.21306352906795628
1.105    0.21614691412706694
1.1068085106382979    0.21488158785878253
1.1086170212765958    0.21068738541971516
1.1104255319148937    0.20570651555187863
1.1122340425531916    0.20172981054238082
1.1140425531914895    0.19924499501824533
1.1158510638297872    0.19714376663712446
1.117659574468085    0.19327762549712896
1.119468085106383    0.1855795126111739
1.1212765957446809    0.17314704470302872
1.1230851063829788    0.15670596769665385
1.1248936170212767    0.13822643300628412
1.1267021276595746    0.11993847113207601
1.1285106382978725    0.10330778360000445
1.1303191489361701    0.0885137351478959
1.132127659574468    0.0746496582716405
1.133936170212766    0.06044981334354507
1.1357446808510638    0.0450854298399468
1.1375531914893617    0.028597883395981905
1.1393617021276596    0.011799201510167528
1.1411702127659575    -0.004215690445075307
1.1429787234042554    -0.01862233407203
1.1447872340425531    -0.03119625524335783
1.146595744680851    -0.042308597989155663
1.148404255319149    -0.05266541437779099
1.1502127659574468    -0.06295716703846493
1.1520212765957447    -0.07356273728668838
1.1538297872340426    -0.08438241059898849
1.1556382978723405    -0.0948256128112244
1.1574468085106384    -0.10396512524312784
1.1592553191489363    -0.11084950570124102
1.161063829787234    -0.11490097939614921
1.162872340425532    -0.11623714941177454
1.1646808510638298    -0.1157199748527015
1.1664893617021277    -0.11462683488285474
1.1682978723404256    -0.11404417226042238
1.1701063829787235    -0.1142876899806051
1.1719148936170214    -0.11470159865964999
1.1737234042553193    -0.11400966459266873
1.175531914893617    -0.11106416275666908
1.1773404255319149    -0.10556827476353411
1.1791489361702128    -0.09832590673991987
1.1809574468085107    -0.09084143751441759
1.1827659574468086    -0.08449407857175448
1.1845744680851065    -0.0797869430267863
1.1863829787234044    -0.07613073942930298
1.1881914893617023    -0.07228402018909477
1.19    -0.06715576981298138
1.1918085106382978    -0.06045666852859358
1.1936170212765957    -0.05280472512304596
1.1954255319148936    -0.045261649525918726
1.1972340425531915    -0.038644031399996406
1.1990425531914894    -0.033074246029401594
1.2008510638297873    -0.028042334885476923
1.2026595744680852    -0.0228892762573246
1.204468085106383    -0.01734599495306373
1.2062765957446808    -0.011750960711088727
1.2080851063829787    -0.006812644085460975
1.2098936170212766    -0.0031013805766070632
1.2117021276595745    -0.0006307704635502617
1.2135106382978724    0.001185790105582727
1.2153191489361703    0.00317779364239629
1.2171276595744682    0.005899059986226252
1.218936170212766    0.009287824109236823
1.2207446808510638    0.012726729524431246
1.2225531914893617    0.015470491490642906
1.2243617021276596    0.017179922383689643
1.2261702127659575    0.018231627794210017
1.2279787234042554    0.019600066435477854
1.2297872340425533    0.022357941666888266
1.2315957446808512    0.027070288368786104
1.2334042553191489    0.03343483791593103
1.2352127659574468    0.04039470835075989
1.2370212765957447    0.04668139616925752
1.2388297872340426    0.051487021968690296
1.2406382978723405    0.05487377824906269
1.2424468085106384    0.057675013453442996
1.2442553191489363    0.06094987793376779
1.2460638297872342    0.06533219535893123
1.2478723404255319    0.07067795686473899
1.2496808510638298    0.07621284632177641
1.2514893617021277    0.08104390048517704
1.2532978723404256    0.08466268866559418
1.2551063829787235    0.08710159141277699
1.2569148936170214    0.08868361295555185
1.2587234042553193    0.08961745069714314
1.2605319148936172    0.08979246527891477
1.2623404255319148    0.0889425800324948
1.2641489361702127    0.08702426792747428
1.2659574468085106    0.08445808071783337
1.2677659574468085    0.08198321532284467
1.2695744680851064    0.08019639442646725
1.2713829787234043    0.07912670811489997
1.2731914893617022    0.07819784355078752
1.2750000000000001    0.0766349643956539
1.2768085106382978    0.07401768383924928
1.2786170212765957    0.07055493779267613
1.2804255319148936    0.06687138709937265
1.2822340425531915    0.06347964397662387
1.2840425531914894    0.060357142131719055
1.2858510638297873    0.056953931328658766
1.2876595744680852    0.05260795519514408
1.289468085106383    0.047025678978048116
1.2912765957446808    0.04045340444837513
1.2930851063829787    0.03343103876385414
1.2948936170212766    0.02635455739280728
1.2967021276595745    0.01920328238510871
1.2985106382978724    0.011626267263087683
1.3003191489361703    0.0032855891157899265
1.3021276595744682    -0.00582621758340212
1.303936170212766    -0.015315288619721274
1.3057446808510638    -0.024566869017683863
1.3075531914893617    -0.03301245701627678
1.3093617021276596    -0.04031927717688037
1.3111702127659575    -0.04645734957127791
1.3129787234042554    -0.05169222905155592
1.3147872340425533    -0.05653494306415162
1.3165957446808512    -0.06161363622803885
1.318404255319149    -0.06743470345585163
1.3202127659574467    -0.07410923674222177
1.3220212765957446    -0.08122624725687606
1.3238297872340425    -0.0880139352407971
1.3256382978723404    -0.09372907142364677
1.3274468085106383    -0.09801356206545907
1.3292553191489362    -0.10095659530672331
1.3310638297872341    -0.10283619375296323
1.332872340425532    -0.10379261960440854
1.3346808510638297    -0.10374665596557266
1.3364893617021276    -0.10263967730126185
1.3382978723404255    -0.10074304942296543
1.3401063829787234    -0.09867822752597534
1.3419148936170213    -0.09703623549714575
1.3437234042553192    -0.09588245784522449
1.3455319148936171    -0.09460651257183471
1.347340425531915    -0.09232967860423065
1.3491489361702127    -0.08859973525090274
1.3509574468085106    -0.08381239495150274
1.3527659574468085    -0.07898481089764588
1.3545744680851064    -0.0750356619308029
1.3563829787234043    -0.07214354680356776
1.3581914893617022    -0.06968901208565974
1.36    -0.06678920843364398
1.361808510638298    -0.06294684123380702
1.3636170212765957    -0.058283864125108234
1.3654255319148936    -0.05324066183160041
1.3672340425531915    -0.04809946392357263
1.3690425531914894    -0.04279707862264201
1.3708510638297873    -0.03715406902022561
1.3726595744680852    -0.031217515079586408
1.374468085106383    -0.025319416922271347
1.376276595744681    -0.019775502227193972
1.3780851063829787    -0.0145509249540869
1.3798936170212766    -0.009280726106574978
1.3817021276595745    -0.0036784989531412
1.3835106382978724    0.002051025250705708
1.3853191489361703    0.007228219305512087
1.3871276595744682    0.011182636600323948
1.388936170212766    0.013783639526941395
1.390744680851064    0.01553009251438934
1.3925531914893619    0.017121534997549245
1.3943617021276595    0.018925559461416705
1.3961702127659574    0.020842714567893522
1.3979787234042553    0.02265895782178358
1.3997872340425532    0.024475633261896557
1.4015957446808511    0.026727625525593553
1.403404255319149    0.029734113612019594
1.405212765957447    0.033238890170550636
1.4070212765957448    0.03645452237378673
1.4088297872340425    0.03864091979127224
1.4106382978723404    0.03969693320830417
1.4124468085106383    0.04019327872430309
1.4142553191489362    0.040807913989193534
1.416063829787234    0.04172320072038528
1.417872340425532    0.042593645758534984
1.41968085106383    0.04311380704339869
1.4214893617021278    0.04357592419912508
1.4232978723404255    0.04477152054379485
1.4251063829787234    0.0472400211257349
1.4269148936170213    0.05057395946119572
1.4287234042553192    0.05352368388091301
1.430531914893617    0.05491516122758357
1.432340425531915    0.054587637449160134
1.4341489361702129    0.053482033279984034
1.4359574468085108    0.05278427830493761
1.4377659574468085    0.05292293048996709
1.4395744680851064    0.05335769927489874
1.4413829787234043    0.05332045258416708
1.4431914893617022    0.05273395050806737
1.445    0.052365331121691436
1.446808510638298    0.05304866049440625
1.4486170212765959    0.05476184570689403
1.4504255319148938    0.056506528522626456
1.4522340425531914    0.05713678889737851
1.4540425531914893    0.05631790347301466
1.4558510638297872    0.05465710669096173
1.4576595744680851    0.05289454025709733
1.459468085106383    0.051019806798995315
1.461276595744681    0.048272244379187326
1.4630851063829788    0.04406380831657597
1.4648936170212767    0.03885885126612275
1.4667021276595744    0.03401295352653409
1.4685106382978723    0.03060447078443819
1.4703191489361702    0.028370334900203922
1.4721276595744681    0.025858136239878524
1.473936170212766    0.021758351878010965
1.475744680851064    0.016190952983675053
1.4775531914893618    0.010695158444784077
1.4793617021276597    0.006888188333468347
1.4811702127659574    0.005047385506268355
1.4829787234042553    0.003952897705914065
1.4847872340425532    0.0021056054436291195
1.486595744680851    -0.0008920134708384092
1.488404255319149    -0.004122665712382619
1.490212765957447    -0.00644169563768281
1.4920212765957448    -0.0076972000363650876
1.4938297872340427    -0.008820724585628504
1.4956382978723404    -0.010720452402501418
1.4974468085106383    -0.013160283343590122
1.4992553191489362    -0.01483052712547823
1.501063829787234    -0.014584148188749336
1.502872340425532    -0.012593143520274247
1.5046808510638299    -0.0102336514976032
1.5064893617021278    -0.008792327070840216
1.5082978723404257    -0.00828905273280924
1.5101063829787233    -0.007595998123650671
1.5119148936170212    -0.005712683905156652
1.5137234042553191    -0.0028821488195942217
1.515531914893617    -0.00040795871446805106
1.517340425531915    0.000627150463323711
1.5191489361702128    0.00041398116682542804
1.5209574468085107    0.0001590556815831021
1.5227659574468086    0.000791771530819628
1.5245744680851063    0.001977873461797598
1.5263829787234042    0.002457975928606469
1.5281914893617021    0.0013588436512332767
1.53    -0.00087554191441184
1.531808510638298    -0.0028890500955126895
1.5336170212765958    -0.0037362310650979804
1.5354255319148937    -0.003774867992684102
1.5372340425531916    -0.004242413251431188
1.5390425531914893    -0.005987265632447132
1.5408510638297872    -0.008668791699293257
1.542659574468085    -0.011215846818634113
1.544468085106383    -0.013013939105410627
1.546276595744681    -0.014555082261222634
1.5480851063829788    -0.016877594229759162
1.5498936170212767    -0.020401023877571745
1.5517021276595746    -0.024386009281147984
1.5535106382978723    -0.027587823717556987
1.5553191489361702    -0.029435662822710828
1.557127659574468    -0.030543060992996345
1.558936170212766    -0.03205874096786912
1.5607446808510639    -0.03454454070284828
1.5625531914893618    -0.03750323072161112
1.5643617021276597    -0.03996434755884058
1.5661702127659576    -0.04145226469629923
1.5679787234042553    -0.04232705630446143
1.5697872340425532    -0.04320104487444695
1.571595744680851    -0.044104882884796776
1.573404255319149    -0.04430108233297518
1.5752127659574469    -0.042936407294841175
1.5770212765957448    -0.039861715768735914
1.5788297872340427    -0.03580886382511028
1.5806382978723406    -0.031785083870736766
1.5824468085106382    -0.028294770524142233
1.5842553191489361    -0.025087537703998915
1.586063829787234    -0.021553374331537048
1.587872340425532    -0.01728957901047809
1.5896808510638298    -0.012321975142261
1.5914893617021277    -0.006908971187786578
1.5932978723404256    -0.001255275988337268
1.5951063829787235    0.004567540299342853
1.5969148936170212    0.010513976484234206
1.5987234042553191    0.016484892305702478
1.600531914893617    0.02237620046529274
1.602340425531915    0.02814767342254755
1.6041489361702128    0.033785693744361744
1.6059574468085107    0.03920819938331285
1.6077659574468086    0.04426802750811794
1.6095744680851065    0.04888921944578219
1.6113829787234042    0.05317198249064442
1.613191489361702    0.05729957734985951
1.615    0.061308196415992666
1.616808510638298    0.06496710220623653
1.6186170212765958    0.06791305319073415
1.6204255319148937    0.06989139626914598
1.6222340425531916    0.07082910946168305
1.6240425531914895    0.07067873368426397
1.6258510638297874    0.06928239334881603
1.627659574468085    0.06651480572836807
1.629468085106383    0.06261395518900012
1.6312765957446809    0.05829667920857011
1.6330851063829788    0.054399093017990424
1.6348936170212767    0.05129169463271495
1.6367021276595746    0.04864080280127289
1.6385106382978725    0.045806255062196516
1.6403191489361704    0.04251817129786445
1.642127659574468    0.039152008910142144
1.643936170212766    0.036311070008405305
1.6457446808510638    0.03414943787816682
1.6475531914893617    0.032150855935622544
1.6493617021276596    0.02959684598065313
1.6511702127659575    0.026220492120048823
1.6529787234042554    0.0223541916554149
1.6547872340425533    0.018448294875263685
1.656595744680851    0.014531973115286548
1.658404255319149    0.010233703240732944
1.6602127659574468    0.0053283745488733394
1.6620212765957447    0.00016905114818067512
1.6638297872340426    -0.004514156784942124
1.6656382978723405    -0.0082497103786449
1.6674468085106384    -0.011206411430912368
1.6692553191489363    -0.013927363428157601
1.671063829787234    -0.016756130327920477
1.672872340425532    -0.01961727001639206
1.6746808510638298    -0.022355662678380323
1.6764893617021277    -0.025151883003617252
1.6782978723404256    -0.028441601832080658
1.6801063829787235    -0.032394859730975806
1.6819148936170214    -0.03660190115791247
1.6837234042553193    -0.04042094950979287
1.685531914893617    -0.04364794596739793
1.6873404255319149    -0.04671327887396824
1.6891489361702128    -0.05010343478950807
1.6909574468085107    -0.05364015450938105
1.6927659574468086    -0.05652086398174533
1.6945744680851065    -0.05821498450566019
1.6963829787234044    -0.05926796450509535
1.6981914893617023    -0.06101278811671011
1.7    -0.06431154148586192
1.7018085106382979    -0.06857377409653588
1.7036170212765958    -0.07213597773785647
1.7054255319148937    -0.07370971942909822
1.7072340425531916    -0.07346253787318381
1.7090425531914895    -0.0726547337342744
1.7108510638297874    -0.0722717760725211
1.7126595744680853    -0.07213091590225475
1.714468085106383    -0.07136550251536765
1.7162765957446808    -0.06964429096696297
1.7180851063829787    -0.06769264183435415
1.7198936170212766    -0.06652613421381627
1.7217021276595745    -0.06631245445277835
1.7235106382978724    -0.06621291101673173
1.7253191489361703    -0.06540822445338616
1.7271276595744682    -0.06410283738226664
1.728936170212766    -0.06328415745633699
1.7307446808510638    -0.0634574908422929
1.7325531914893617    -0.06383279398293455
1.7343617021276596    -0.0630049228846958
1.7361702127659575    -0.06046264373450344
1.7379787234042554    -0.05722030784506271
1.7397872340425533    -0.054754872284091496
1.7415957446808512    -0.05333344615776457
1.7434042553191489    -0.051589420324505045
1.7452127659574468    -0.047897484130050294
1.7470212765957447    -0.04210141034175277
1.7488297872340426    -0.03570280038885963
1.7506382978723405    -0.03028487893319709
1.7524468085106384    -0.025906316254885826
1.7542553191489363    -0.021251362402276194
1.7560638297872342    -0.015363354940451435
1.7578723404255319    -0.008990711422260201
1.7596808510638298    -0.003974772920734684
1.7614893617021277    -0.0012989121180474999
1.7632978723404256    4.2966754888056546e-05
1.7651063829787235    0.002063483300009508
1.7669148936170214    0.005723960517188509
1.7687234042553193    0.010045821374941392
1.7705319148936172    0.013347537181356511
1.7723404255319148    0.015206927385597745
1.7741489361702127    0.016953518331529235
1.7759574468085106    0.020150482257393514
1.7777659574468085    0.02477544353285662
1.7795744680851064    0.029137210427646207
1.7813829787234043    0.031617364314848365
1.7831914893617022    0.03229785929550552
1.7850000000000001    0.032694367111123404
1.7868085106382978    0.03395345579244986
1.7886170212765957    0.03556896725571519
1.7904255319148936    0.03603884610974667
1.7922340425531915    0.03467313220367331
1.7940425531914894    0.032486733008065816
1.7958510638297873    0.031180066766386696
1.7976595744680852    0.03137478459922058
1.7994680851063831    0.032076321816912806
1.8012765957446808    0.03191175217490036
1.8030851063829787    0.03069780196903915
1.8048936170212766    0.0295822780205161
1.8067021276595745    0.029666537992920135
1.8085106382978724    0.03071968750831379
1.8103191489361703    0.031424249509057256
1.8121276595744682    0.030817522148996912
1.813936170212766    0.02927919044911203
1.8157446808510638    0.028018275025078115
1.8175531914893617    0.02774958116662815
1.8193617021276596    0.028091318301492398
1.8211702127659575    0.028258870748062957
1.8229787234042554    0.02808558419062302
1.8247872340425533    0.028100752015627402
1.8265957446808512    0.028629557662254758
1.828404255319149    0.029113347935718015
1.8302127659574468    0.02858656779137713
1.8320212765957447    0.026815880647495384
1.8338297872340426    0.0247449937064299
1.8356382978723405    0.023655350043256307
1.8374468085106384    0.023957118717841987
1.8392553191489363    0.024978387029208265
1.8410638297872342    0.02596562033004278
1.842872340425532    0.027095197862570287
1.8446808510638297    0.029295257599932414
1.8464893617021276    0.033100258972423344
1.8482978723404255    0.037928428274923556
1.8501063829787234    0.04268879051901539
1.8519148936170213    0.04703799844189427
1.8537234042553192    0.051789400220324994
1.8555319148936171    0.05792669587448236
1.857340425531915    0.0653172326703869
1.859148936170213    0.07263106345324659
1.8609574468085106    0.07862452027014567
1.8627659574468085    0.08336241346921676
1.8645744680851064    0.08796925123256276
1.8663829787234043    0.0931427820710689
1.8681914893617022    0.09808408228272632
1.87    0.10107282319138881
1.871808510638298    0.10110302646127041
1.873617021276596    0.09882375314504473
1.8754255319148936    0.09580412219774155
1.8772340425531915    0.09297641764233831
1.8790425531914894    0.08995227373098423
1.8808510638297873    0.08585638081869697
1.8826595744680852    0.08061193825530903
1.884468085106383    0.07516771781027808
1.886276595744681    0.07042299665268383
1.8880851063829789    0.06610123397616723
1.8898936170212766    0.06086392066260697
1.8917021276595745    0.05354940270469573
1.8935106382978724    0.04418923369669005
1.8953191489361703    0.03375566494439493
1.8971276595744682    0.023022249512988535
1.898936170212766    0.011841550524414136
1.900744680851064    -0.0004225152008905386
1.9025531914893619    -0.013902045557913762
1.9043617021276595    -0.027840565086415633
1.9061702127659574    -0.04122005928149951
1.9079787234042553    -0.05364566835863023
1.9097872340425532    -0.06550003742789225
1.9115957446808511    -0.07726172711865333
1.913404255319149    -0.08881382205776948
1.915212765957447    -0.09950617540473396
1.9170212765957448    -0.1088249645920273
1.9188297872340425    -0.116853356635622
1.9206382978723404    -0.12401359761131019
1.9224468085106383    -0.1304451386384825
1.9242553191489362    -0.13577487550024553
1.9260638297872341    -0.1395451120607376
1.927872340425532    -0.14179034009862085
1.92968085106383    -0.14308870095915122
1.9314893617021278    -0.14401610419080646
1.9332978723404255    -0.14459442425006708
1.9351063829787234    -0.14431966206306585
1.9369148936170213    -0.14272815775643333
1.9387234042553192    -0.13991717281689542
1.940531914893617    -0.1365302733079521
1.942340425531915    -0.13327756049096584
1.944148936170213    -0.1304669864524458
1.9459574468085108    -0.12791378207060622
1.9477659574468085    -0.12518851148318277
1.9495744680851064    -0.1219171271364162
1.9513829787234043    -0.11793275539930323
1.9531914893617022    -0.1132874822717399
1.955    -0.10820620787290677
1.956808510638298    -0.10300261783965997
1.9586170212765959    -0.09795222084632532
1.9604255319148938    -0.09318956811424933
1.9622340425531914    -0.08873222050604943
1.9640425531914893    -0.08462081124388676
1.9658510638297872    -0.08101005237382178
1.9676595744680851    -0.07806479851579906
1.969468085106383    -0.07573789207387494
1.971276595744681    -0.07368992653483977
1.9730851063829788    -0.07150796783631866
1.9748936170212767    -0.06905692819684203
1.9767021276595744    -0.06660296021920306
1.9785106382978723    -0.06453323645037051
1.9803191489361702    -0.06290489602876659
1.9821276595744681    -0.06126240612588056
1.983936170212766    -0.058926750013061135
1.985744680851064    -0.055501748569106474
1.9875531914893618    -0.051125780075650565
1.9893617021276597    -0.046243518914300424
1.9911702127659574    -0.04113120709839903
1.9929787234042553    -0.035621776353498086
1.9947872340425532    -0.02925021774640868
1.996595744680851    -0.02162925072773901
1.998404255319149    -0.01268608046652038
2.0002127659574467    -0.0025890218712204
2.0020212765957446    0.008477326609341461
2.0038297872340425    0.020416197804303038
2.0056382978723404    0.03311694424988594
2.0074468085106383    0.04631172792549665
2.009255319148936    0.059590259674779475
2.011063829787234    0.07257701901067305
2.012872340425532    0.0850863495511003
2.01468085106383    0.0970997927306373
2.016489361702128    0.1086130585765726
2.0182978723404257    0.11954123843343874
2.0201063829787236    0.1297931230707734
2.0219148936170215    0.13942112814017937
2.0237234042553194    0.14865330284460465
2.0255319148936173    0.15772974933994816
2.0273404255319147    0.16667193813117825
2.0291489361702126    0.1751906056319824
2.0309574468085105    0.18280991305981636
2.0327659574468084    0.18909069206862167
2.0345744680851063    0.1937686857243029
2.0363829787234042    0.19673277158905245
2.038191489361702    0.19792294314606584
2.04    0.19727381199230676
2.041808510638298    0.19474532262932448
2.043617021276596    0.19037867727102464
2.0454255319148937    0.18430023143532448
2.0472340425531916    0.17666792587923025
2.0490425531914895    0.16762520376746365
2.0508510638297874    0.157323250652393
2.0526595744680853    0.14600152698647934
2.0544680851063832    0.13404657201151615
2.0562765957446807    0.121944369528043
2.0580851063829786    0.11011697873227619
2.0598936170212765    0.09874223235093232
2.0617021276595744    0.08770663727001854
2.0635106382978723    0.07676541731025988
2.06531914893617    0.06580880433646519
2.067127659574468    0.05500763584451679
2.068936170212766    0.04468612047640097
2.070744680851064    0.035024728131697824
2.072553191489362    0.025896900897044647
2.0743617021276597    0.01704798063241815
2.0761702127659576    0.008471096895538262
2.0779787234042555    0.000572349349808883
2.0797872340425534    -0.006128726200270775
2.0815957446808513    -0.011537466926548489
2.083404255319149    -0.016215102906852526
2.085212765957447    -0.020987937047092557
2.0870212765957445    -0.026232982293542213
2.0888297872340424    -0.03151096773184693
2.0906382978723403    -0.035921779396345194
2.0924468085106382    -0.0388568461982426
2.094255319148936    -0.04043719670661819
2.096063829787234    -0.04126490905412969
2.097872340425532    -0.04181920467119375
2.09968085106383    -0.042146911378696486
2.1014893617021277    -0.04211271789477018
2.1032978723404256    -0.041843664619638385
2.1051063829787235    -0.0418272785241888
2.1069148936170214    -0.042560209269786264
2.1087234042553193    -0.04415590447917429
2.1105319148936172    -0.04632330356813902
2.112340425531915    -0.048669081121082605
2.114148936170213    -0.05093364480675659
2.1159574468085105    -0.05293984969970647
2.1177659574468084    -0.05445670159004937
2.1195744680851063    -0.05529723416258715
2.121382978723404    -0.055627411712198455
2.123191489361702    -0.05610728506360216
2.125    -0.057595826376629786
2.126808510638298    -0.06062608328481667
2.128617021276596    -0.06512761002433476
2.1304255319148937    -0.07060399109874993
2.1322340425531916    -0.07648656771993312
2.1340425531914895    -0.08226537515557514
2.1358510638297874    -0.0873669865701032
2.1376595744680853    -0.09111780215293366
2.139468085106383    -0.09301939097968454
2.141276595744681    -0.09310933150254358
2.143085106382979    -0.09197729636644156
2.1448936170212765    -0.09034446191885517
2.1467021276595744    -0.08860202499037612
2.1485106382978723    -0.08674065378584953
2.15031914893617    -0.08463392358232513
2.152127659574468    -0.0822416640987094
2.153936170212766    -0.079465849109049
2.155744680851064    -0.07590565244968744
2.1575531914893618    -0.0709535663782738
2.1593617021276597    -0.06427312718884029
2.1611702127659576    -0.056181261017055076
2.1629787234042555    -0.047483749117832624
2.1647872340425534    -0.03889286816729576
2.1665957446808513    -0.030615890527092224
2.168404255319149    -0.022492758398369117
2.170212765957447    -0.014432865625258924
2.172021276595745    -0.006604272603785034
2.1738297872340424    0.0008020306282324049
2.1756382978723403    0.007855889920567731
2.177446808510638    0.014795179284109429
2.179255319148936    0.021637580264774685
2.181063829787234    0.027990923985495707
2.182872340425532    0.03334717094165014
2.18468085106383    0.03756156625979894
2.1864893617021277    0.04097603728790403
2.1882978723404256    0.04404566186432572
2.1901063829787235    0.046890657285361376
2.1919148936170214    0.04925691536366314
2.1937234042553193    0.05087455316567467
2.195531914893617    0.0517576949327436
2.197340425531915    0.05210021291502512
2.199148936170213    0.051918814522351614
2.200957446808511    0.05087681912674544
2.2027659574468084    0.04849629637702062
2.2045744680851063    0.044545655253121805
2.206382978723404    0.0392506212552078
2.208191489361702    0.03319502701485906
2.21    0.02703418619239452
2.211808510638298    0.021191767089036827
2.2136170212765958    0.015642637900216305
2.2154255319148937    0.009881722611891262
2.2172340425531916    0.0031895030430614743
2.2190425531914895    -0.00485837246838444
2.2208510638297874    -0.013971723634532718
2.2226595744680853    -0.023204856979890727
2.224468085106383    -0.03151202071394896
2.226276595744681    -0.038337994330972264
2.228085106382979    -0.04373301832651379
2.229893617021277    -0.047966249965116906
2.2317021276595743    -0.051109813803587145
2.233510638297872    -0.05301920428051701
2.23531914893617    -0.05363025474037321
2.237127659574468    -0.05315378322674233
2.238936170212766    -0.05196056357497694
2.240744680851064    -0.05038005226091856
2.2425531914893617    -0.048693337282350424
2.2443617021276596    -0.047228193498318166
2.2461702127659575    -0.04622535184363198
2.2479787234042554    -0.04544885380785077
2.2497872340425533    -0.04400141511717423
2.251595744680851    -0.040767182917674505
2.253404255319149    -0.03524076691144795
2.255212765957447    -0.027968056549023568
2.257021276595745    -0.020134712389161168
2.258829787234043    -0.012715901552872048
2.2606382978723403    -0.006032674650347968
2.262446808510638    -2.5680255232720522e-05
2.264255319148936    0.005291010406645455
2.266063829787234    0.009848164011066158
2.267872340425532    0.013923254464351949
2.2696808510638298    0.018222276466908716
2.2714893617021277    0.023293092565341005
2.2732978723404256    0.028839944565935645
2.2751063829787235    0.033795045143509485
2.2769148936170214    0.037198751728973335
2.2787234042553193    0.03897521541575218
2.280531914893617    0.03977398974303017
2.282340425531915    0.040132410823676044
2.284148936170213    0.03999241609354979
2.285957446808511    0.039115168803210275
2.2877659574468088    0.03778171166494202
2.2895744680851062    0.03679602097740541
2.291382978723404    0.036697636474320415
2.293191489361702    0.03712897274082771
2.295    0.03716303568066435
2.296808510638298    0.036228092207739516
2.2986170212765957    0.0345284273656812
2.3004255319148936    0.03249592596660562
2.3022340425531915    0.030029171690311017
2.3040425531914894    0.02654074232141647
2.3058510638297873    0.021790352075768023
2.3076595744680852    0.016442829621837775
2.309468085106383    0.01158599276843962
2.311276595744681    0.007730030317017758
2.313085106382979    0.004476543150325562
2.314893617021277    0.0012381137970518003
2.3167021276595747    -0.0018978203754942665
2.3185106382978726    -0.004226804842827691
2.32031914893617    -0.005304973878351985
2.322127659574468    -0.005512625857424067
2.323936170212766    -0.005565395754131394
2.325744680851064    -0.005557075569877576
2.3275531914893617    -0.004712464690027324
2.3293617021276596    -0.0021644749396058987
2.3311702127659575    0.0021616053517217034
2.3329787234042554    0.00755522192873665
2.3347872340425533    0.013303319889580688
2.336595744680851    0.01925262975701214
2.338404255319149    0.025567602201847374
2.340212765957447    0.03218119228123653
2.342021276595745    0.03875230103870583
2.343829787234043    0.045134351633440095
2.3456382978723407    0.05157323855385114
2.3474468085106386    0.058197137890061396
2.349255319148936    0.06440623684049036
2.351063829787234    0.06908738748421984
2.352872340425532    0.07162807947380358
2.3546808510638297    0.07262063387876251
2.3564893617021276    0.07334761831972829
2.3582978723404255    0.07449591659564568
2.3601063829787234    0.07546998481279073
2.3619148936170213    0.07504331829836285
2.3637234042553192    0.07262625577233968
2.365531914893617    0.06882367309365374
2.367340425531915    0.06482711561315728
2.369148936170213    0.06142238739677584
2.370957446808511    0.05859333412333925
2.3727659574468087    0.05583485319404463
2.3745744680851066    0.052551815467777194
2.3763829787234045    0.0481354903461329
2.378191489361702    0.04197064137377465
2.38    0.03373859063824415
2.381808510638298    0.02383026231780408
2.3836170212765957    0.013316444550918148
2.3854255319148936    0.003325669019153498
2.3872340425531915    -0.0056359649420843205
2.3890425531914894    -0.0138101646850784
2.3908510638297873    -0.021758056904002458
2.392659574468085    -0.029891276401497514
2.394468085106383    -0.03830809006874608
2.396276595744681    -0.046806135132777926
2.398085106382979    -0.05487320683871323
2.399893617021277    -0.06179165853665494
2.4017021276595747    -0.06705959243300935
2.4035106382978726    -0.07086538276022544
2.4053191489361705    -0.07401093427808136
2.407127659574468    -0.07715226985484014
2.408936170212766    -0.08010224428406071
2.4107446808510637    -0.08204987346647366
2.4125531914893616    -0.0825349190803453
2.4143617021276595    -0.08202809149559384
2.4161702127659574    -0.08133982306206092
2.4179787234042553    -0.08051798334847049
2.4197872340425532    -0.07863345796068341
2.421595744680851    -0.07483925104466904
2.423404255319149    -0.06946867395331188
2.425212765957447    -0.06377160440674565
2.427021276595745    -0.05852398960238282
2.4288297872340427    -0.053209563449157005
2.4306382978723406    -0.04685192158357271
2.4324468085106385    -0.03951747627549686
2.4342553191489364    -0.032570767708458515
2.436063829787234    -0.027230160103646886
2.437872340425532    -0.0231207044064798
2.4396808510638297    -0.01865153269739883
2.4414893617021276    -0.012880373277573874
2.4432978723404255    -0.006683541875374458
2.4451063829787234    -0.0018400736543713724
2.4469148936170213    0.0008548052171108366
2.448723404255319    0.0021888433262567727
2.450531914893617    0.0032222993738422086
2.452340425531915    0.0038132447228258455
2.454148936170213    0.0028620521024509326
2.455957446808511    -8.286229964530895e-05
2.4577659574468087    -0.003979030228900236
2.4595744680851066    -0.007360964668974149
2.4613829787234045    -0.010017652180032904
2.4631914893617024    -0.01314577174602672
2.465    -0.01774624502369442
2.4668085106382978    -0.023256487416478667
2.4686170212765957    -0.028133235306634998
2.4704255319148936    -0.0316553378021152
2.4722340425531915    -0.03468798993600079
2.4740425531914894    -0.03846597574842993
2.4758510638297873    -0.04294203890733152
2.477659574468085    -0.04676781948285612
2.479468085106383    -0.04889878367279016
2.481276595744681    -0.049788943141860734
2.483085106382979    -0.05070538720037095
2.4848936170212768    -0.05207786378025393
2.4867021276595747    -0.05296581917941286
2.4885106382978726    -0.05225231399237093
2.4903191489361705    -0.0500050566028864
2.4921276595744684    -0.04732825749637365
2.493936170212766    -0.0450108318194499
2.4957446808510637    -0.04274171150433821
2.4975531914893616    -0.03977777857554046
2.4993617021276595    -0.03599019312574686
2.5011702127659574    -0.031804827543704756
2.5029787234042553    -0.027189009254797822
2.504787234042553    -0.0212656785144728
2.506595744680851    -0.013368142121871839
2.508404255319149    -0.004331628824649367
2.510212765957447    0.0037603352780259665
2.512021276595745    0.009393432897865914
2.5138297872340427    0.013055450810219422
2.5156382978723406    0.016659740713730428
2.5174468085106385    0.021614695287059754
2.5192553191489364    0.027669833960407224
2.5210638297872343    0.03361322443600275
2.5228723404255318    0.03871690805011894
2.5246808510638297    0.043195195321549355
2.5264893617021276    0.047429673466432946
2.5282978723404255    0.05125315274355972
2.5301063829787234    0.05425531644780653
2.5319148936170213    0.05652336614523943
2.533723404255319    0.05863580322939394
2.535531914893617    0.060835021027510004
2.537340425531915    0.06252139072693466
2.539148936170213    0.06283983756494524
2.5409574468085108    0.06166943777522861
2.5427659574468087    0.05976408053927525
2.5445744680851066    0.057893512343336506
2.5463829787234045    0.05611555510039869
2.5481914893617024    0.054059950851481214
2.5500000000000003    0.051698611120951324
2.551808510638298    0.049453718459675305
2.5536170212765956    0.04749891236147602
2.5554255319148935    0.04532353115883528
2.5572340425531914    0.04231563232645308
2.5590425531914893    0.038646130711216614
2.560851063829787    0.03516030993127352
2.562659574468085    0.03224199022399138
2.564468085106383    0.029118380651635425
2.566276595744681    0.02471553406139152
2.568085106382979    0.0192144833588975
2.5698936170212767    0.014375099906327043
2.5717021276595746    0.012023339004644317
2.5735106382978725    0.012316438099860584
2.5753191489361704    0.013740256619513076
2.5771276595744683    0.01476375213372105
2.578936170212766    0.015166468918510003
2.580744680851064    0.015613249917719705
2.5825531914893616    0.01630329866857339
2.5843617021276595    0.01657999065905189
2.5861702127659574    0.01596240913774234
2.5879787234042553    0.015087211622320816
2.589787234042553    0.015143045641531676
2.591595744680851    0.01641341777043758
2.593404255319149    0.01782228334893536
2.595212765957447    0.018167168016126743
2.5970212765957448    0.017547801832836753
2.5988297872340427    0.01717901188224124
2.6006382978723406    0.017777385346796633
2.6024468085106385    0.018507952108506795
2.6042553191489364    0.017792611864883054
2.6060638297872343    0.014994384187324988
2.607872340425532    0.01098015458288214
2.60968085106383    0.0070262176876383815
2.6114893617021275    0.0035275448855533274
2.6132978723404254    7.2290620935105444e-06
2.6151063829787233    -0.0038754976221250714
2.6169148936170212    -0.007816047054980374
2.618723404255319    -0.011467522645118036
2.620531914893617    -0.015149553318649263
2.622340425531915    -0.01954340103785305
2.624148936170213    -0.02474837650616165
2.6259574468085107    -0.030053868937119102
2.6277659574468086    -0.03483547936594031
2.6295744680851065    -0.03937701196233703
2.6313829787234044    -0.04440345524688713
2.6331914893617023    -0.04983121990778874
2.6350000000000002    -0.05443357471490108
2.636808510638298    -0.05707945168263294
2.638617021276596    -0.058148921563190445
2.6404255319148935    -0.05932605671471963
2.6422340425531914    -0.06186704462524244
2.6440425531914893    -0.06532268241767143
2.645851063829787    -0.06818054600992919
2.647659574468085    -0.0695912258135007
2.649468085106383    -0.07010815429036278
2.651276595744681    -0.07069277736106293
2.653085106382979    -0.07138995218726353
2.6548936170212767    -0.0713619455472043
2.6567021276595746    -0.07012954492048377
2.6585106382978725    -0.06832787249442489
2.6603191489361704    -0.06697779750732914
2.6621276595744683    -0.066221648443118
2.663936170212766    -0.06514538536699681
2.665744680851064    -0.06290493008602195
2.667553191489362    -0.05975104226136796
2.6693617021276594    -0.056742070418313556
2.6711702127659573    -0.05458645759902277
2.6729787234042552    -0.05302139926945226
2.674787234042553    -0.051307350837270824
2.676595744680851    -0.049031143586819786
2.678404255319149    -0.046245248995094135
2.680212765957447    -0.043033782416368224
2.6820212765957447    -0.03930986125980565
2.6838297872340426    -0.03510967508930443
2.6856382978723405    -0.030785338212201377
2.6874468085106384    -0.026636194268428094
2.6892553191489363    -0.022452241220781946
2.6910638297872342    -0.01774227025773889
2.692872340425532    -0.012513501922090251
2.69468085106383    -0.007565356759257902
2.696489361702128    -0.0037217611494560366
2.6982978723404254    -0.0008058035544905289
2.7001063829787233    0.002351256902179347
2.701914893617021    0.006749679108507991
2.703723404255319    0.012223073801773409
2.705531914893617    0.017760774794336763
2.707340425531915    0.022710927188631477
2.709148936170213    0.027387722989953192
2.7109574468085107    0.032428451860023966
2.7127659574468086    0.037839877503539926
2.7145744680851065    0.04298895598670377
2.7163829787234044    0.04748162277980489
2.7181914893617023    0.05170266811704574
2.72    0.05628764816093662
2.721808510638298    0.06125519782791458
2.723617021276596    0.06598242570859111
2.725425531914894    0.07006470479700275
2.7272340425531914    0.07390818396879842
2.7290425531914893    0.07825463588861678
2.730851063829787    0.08325203560944547
2.732659574468085    0.08826685645635282
2.734468085106383    0.09262633335432774
2.736276595744681    0.09625963365683474
2.7380851063829788    0.09941660037803393
2.7398936170212767    0.10196580048237466
2.7417021276595746    0.10337346057467828
2.7435106382978725    0.10349124392124817
2.7453191489361704    0.10305708629349769
2.7471276595744683    0.10306596803393292
2.748936170212766    0.10365324912846041
2.750744680851064    0.10388539527422092
2.752553191489362    0.10279039511043561
2.75436170212766    0.10039523253476199
2.7561702127659573    0.09751261736893554
2.757978723404255    0.09460918942785762
2.759787234042553    0.09124718976288482
2.761595744680851    0.08680844180630118
2.763404255319149    0.08150224859444646
2.765212765957447    0.0762682410412896
2.7670212765957447    0.07163877470505348
2.7688297872340426    0.06702597648826328
2.7706382978723405    0.06139530456579295
2.7724468085106384    0.054508948853208616
2.7742553191489363    0.04717592489192904
2.776063829787234    0.04021285475506976
2.777872340425532    0.0334673423253935
2.77968085106383    0.026153075815358577
2.781489361702128    0.01802987312594509
2.783297872340426    0.009859273948228744
2.7851063829787237    0.002505649698493326
2.786914893617021    -0.004178452269634286
2.788723404255319    -0.011226469387311894
2.790531914893617    -0.019284347408072437
2.792340425531915    -0.027734268150701895
2.7941489361702128    -0.03529341605022771
2.7959574468085107    -0.04138667083510989
2.7977659574468086    -0.0467070420096127
2.7995744680851065    -0.05240131710731822
2.8013829787234044    -0.05890209282175211
2.8031914893617023    -0.06566992079285403
2.805    -0.07190249859516523
2.806808510638298    -0.07722971485493679
2.808617021276596    -0.08171329504363647
2.810425531914894    -0.08546821946808067
2.8122340425531918    -0.08854381659994026
2.8140425531914897    -0.09109564744421114
2.815851063829787    -0.09337644361684697
2.817659574468085    -0.09541356155489997
2.819468085106383    -0.09684788314402004
2.821276595744681    -0.09730175875087022
2.8230851063829787    -0.09689591736194883
2.8248936170212766    -0.09621278996802454
2.8267021276595745    -0.09565226643631053
2.8285106382978724    -0.09494058676889586
2.8303191489361703    -0.09342413694301732
2.832127659574468    -0.090815783452207
2.833936170212766    -0.0874961239730788
2.835744680851064    -0.0840417270718683
2.837553191489362    -0.08061223479426483
2.83936170212766    -0.0769381258077769
2.8411702127659577    -0.07281391994680483
2.8429787234042556    -0.068363388983113
2.844787234042553    -0.06373729472424577
2.846595744680851    -0.05874486358605223
2.848404255319149    -0.05302724408958212
2.8502127659574468    -0.046600911209555396
2.8520212765957447    -0.040017899289021414
2.8538297872340426    -0.03384661281909743
2.8556382978723405    -0.02809283975584203
2.8574468085106384    -0.022311472690201145
2.8592553191489363    -0.01628100119467636
2.861063829787234    -0.010364667639752256
2.862872340425532    -0.005073208112696102
2.86468085106383    -0.000392348977349642
2.866489361702128    0.0042271873532097135
2.8682978723404258    0.009160238873800372
2.8701063829787237    0.014064000472067873
2.8719148936170216    0.01820758749073792
2.873723404255319    0.021297452326609352
2.875531914893617    0.02381099611416932
2.877340425531915    0.026471449561169258
2.8791489361702127    0.029535027665391796
2.8809574468085106    0.03271234491638827
2.8827659574468085    0.035688593374579754
2.8845744680851064    0.03849351575694777
2.8863829787234043    0.04128460733564127
2.8881914893617022    0.04394265068964886
2.89    0.04609375512387411
2.891808510638298    0.04752549782465484
2.893617021276596    0.04839383333736761
2.895425531914894    0.04892286716563337
2.8972340425531917    0.0490468931051642
2.8990425531914896    0.04856520003204901
2.9008510638297875    0.047654408747212544
2.902659574468085    0.046985319765167115
2.904468085106383    0.04710321536036489
2.906276595744681    0.04771185309513556
2.9080851063829787    0.047781962442569194
2.9098936170212766    0.04651868945055531
2.9117021276595745    0.04417824913736159
2.9135106382978724    0.04180749543010718
2.9153191489361703    0.04015762504388896
2.917127659574468    0.038945063696665484
2.918936170212766    0.037238307466375
2.920744680851064    0.034510482175179595
2.922553191489362    0.0312214745903358
2.92436170212766    0.028375243314881428
2.9261702127659577    0.026597354447346545
2.9279787234042556    0.025678513815401552
2.9297872340425535    0.024919787450774528
2.931595744680851    0.02378983719195206
2.933404255319149    0.022234561051566792
2.9352127659574467    0.020481777353548843
2.9370212765957446    0.018691345237995045
2.9388297872340425    0.01682014352384604
2.9406382978723404    0.014737910024197158
2.9424468085106383    0.012382240496362915
2.9442553191489362    0.009781009776551015
2.946063829787234    0.0069543484813297946
2.947872340425532    0.003824836632864476
2.94968085106383    0.0002486677765345356
2.951489361702128    -0.0038238291066298017
2.9532978723404257    -0.008178816895245017
2.9551063829787236    -0.012343424072220716
2.9569148936170215    -0.01584155072183173
2.9587234042553194    -0.018534539953217903
2.960531914893617    -0.02072751140166299
2.962340425531915    -0.02288567501410186
2.9641489361702127    -0.02519211921773632
2.9659574468085106    -0.02738805006741147
2.9677659574468085    -0.029086177073393296
2.9695744680851064    -0.030252148134941287
2.9713829787234043    -0.031341363182605636
2.973191489361702    -0.032918511599763375
2.975    -0.03513213354823157
2.976808510638298    -0.037577296312811384
2.978617021276596    -0.03967644572688182
2.980425531914894    -0.041176037822186956
2.9822340425531917    -0.042261399832986185
2.9840425531914896    -0.04321624925892363
2.9858510638297875    -0.04402605213179764
2.9876595744680854    -0.04435115212491236
2.989468085106383    -0.043877379253607726
2.9912765957446807    -0.042650828061813
2.9930851063829786    -0.041035053049886694
2.9948936170212765    -0.039339715808171166
2.9967021276595744    -0.037519300089041946
2.9985106382978723    -0.035266360426481305
3.0003191489361702    -0.03240654535442054
3.002127659574468    -0.029177419549391508
3.003936170212766    -0.02608406054453402
3.005744680851064    -0.02346576237869239
3.007553191489362    -0.02121958035699026
3.0093617021276597    -0.01896800527911343
3.0111702127659576    -0.01648538354963018
3.0129787234042555    -0.013919059929736993
3.0147872340425534    -0.01157110140804438
3.0165957446808513    -0.00950081022107331
3.0184042553191492    -0.007415288009889463
3.0202127659574467    -0.004994873929523996
3.0220212765957446    -0.0023090152489552464
3.0238297872340425    0.00013070951998876267
3.0256382978723404    0.0017460397354913946
3.0274468085106383    0.0023250659474126512
3.029255319148936    0.002130392542488202
3.031063829787234    0.0016703277365140265
3.032872340425532    0.0014134361212573185
3.03468085106383    0.0016508757788790585
3.036489361702128    0.0024646172984870564
3.0382978723404257    0.0037022056484835894
3.0401063829787236    0.005011088024258353
3.0419148936170215    0.006038199879297145
3.0437234042553194    0.006699821963338253
3.0455319148936173    0.007240808116884658
3.047340425531915    0.007961308351462828
3.0491489361702127    0.008875584379627738
3.0509574468085106    0.009694013256377244
3.0527659574468085    0.010162346049745384
3.0545744680851064    0.010351593022129381
3.0563829787234043    0.010534063895244208
3.058191489361702    0.010796928680660546
3.06    0.010900170988353493
3.061808510638298    0.010601536374616381
3.063617021276596    0.010066308001198822
3.0654255319148938    0.009819030579374555
3.0672340425531917    0.010226018970118472
3.0690425531914896    0.011095602523757069
3.0708510638297875    0.011892124684558528
3.0726595744680854    0.012346707850432768
3.0744680851063833    0.012759230823800895
3.076276595744681    0.01362691915015466
3.0780851063829786    0.01501851756403388
3.0798936170212765    0.016414741549795383
3.0817021276595744    0.01720302980362749
3.0835106382978723    0.017278263026411066
3.08531914893617    0.017105865170944052
3.087127659574468    0.01721763291572914
3.088936170212766    0.017698935073309437
3.090744680851064    0.01815740225764498
3.092553191489362    0.01810968234459703
3.0943617021276597    0.01735395354630549
3.0961702127659576    0.0160457283080235
3.0979787234042555    0.01455264432978939
3.0997872340425534    0.013280359440396797
3.1015957446808513    0.012519412611449218
3.103404255319149    0.0122877835837066
3.105212765957447    0.012266898671476695
3.1070212765957446    0.011993778635304615
3.1088297872340425    0.011250323424099502
3.1106382978723404    0.010293481970877982
3.1124468085106383    0.009630166585534804
3.114255319148936    0.00950654984779302
3.116063829787234    0.009647052693871751
3.117872340425532    0.009559443580776754
3.11968085106383    0.009098167726715185
3.1214893617021278    0.008656349544539615
3.1232978723404257    0.00875034341320675
3.1251063829787236    0.009452162985567763
3.1269148936170215    0.010314017773848497
3.1287234042553194    0.010873089783886444
3.1305319148936173    0.011154973521656102
3.132340425531915    0.011595154706864869
3.134148936170213    0.01247841316149791
3.1359574468085105    0.013561287775702716
3.1377659574468084    0.014323790160483664
3.1395744680851063    0.014548432080192485
3.141382978723404    0.01453562805489364
3.143191489361702    0.014702823027122086
3.145    0.015060216368222946
3.146808510638298    0.015210113429469093
3.148617021276596    0.014881337450926808
3.1504255319148937    0.014342840278607275
3.1522340425531916    0.014159112415904684
3.1540425531914895    0.014537291793276997
3.1558510638297874    0.01503434834662453
3.1576595744680853    0.014999461306217661
3.159468085106383    0.014264228772667854
3.161276595744681    0.01328520654918949
3.163085106382979    0.012572262552249611
3.1648936170212765    0.01206970417628321
3.1667021276595744    0.011209117563075532
3.1685106382978723    0.009561508036128655
3.17031914893617    0.007319477551425674
3.172127659574468    0.00505432000030117
3.173936170212766    0.0030468660883108383
3.175744680851064    0.0009707612210618066
3.1775531914893618    -0.0017265847447552746
3.1793617021276597    -0.005200125934280249
3.1811702127659576    -0.009027563397463675
3.1829787234042555    -0.012615636719358884
3.1847872340425534    -0.015703148436533608
3.1865957446808513    -0.018458784216520335
3.188404255319149    -0.02118437161970254
3.190212765957447    -0.024010835202938535
3.192021276595745    -0.02684566743205695
3.1938297872340424    -0.02948830692946823
3.1956382978723403    -0.03172715058766002
3.1974468085106382    -0.03338861009328709
3.199255319148936    -0.034399611913794155
3.201063829787234    -0.03482321382810786
3.202872340425532    -0.034768804426516205
3.20468085106383    -0.03423811839850253
3.2064893617021277    -0.0331261117160292
3.2082978723404256    -0.03144509106360472
3.2101063829787235    -0.029507533507488137
3.2119148936170214    -0.027762423859789866
3.2137234042553193    -0.026387261356449157
3.2155319148936172    -0.025109341129794925
3.217340425531915    -0.023523661687243867
3.219148936170213    -0.021568251031517605
3.220957446808511    -0.019578161621373928
3.2227659574468084    -0.017837974980035205
3.2245744680851063    -0.016199709975732612
3.226382978723404    -0.014276018334231932
3.228191489361702    -0.011976322268581415
3.23    -0.009671299532817257
3.231808510638298    -0.007720357616755203
3.233617021276596    -0.0059453669284879815
3.2354255319148937    -0.0037692004455193977
3.2372340425531916    -0.0009182967634809615
3.2390425531914895    0.002168959096648486
3.2408510638297874    0.00477585163510898
3.2426595744680853    0.006689950470611097
3.244468085106383    0.008381388066682269
3.246276595744681    0.010358809536673797
3.248085106382979    0.012507818879352274
3.249893617021277    0.014227095004393129
3.251702127659575    0.01515656969473493
3.2535106382978722    0.015547421116620072
3.25531914893617    0.015812227249094125
3.257127659574468    0.015879189050722317
3.258936170212766    0.015241456216746208
3.260744680851064    0.013681804340165044
3.2625531914893617    0.011738951883025671
3.2643617021276596    0.010262243177920006
3.2661702127659575    0.009543621928054732
3.2679787234042554    0.009071400065454604
3.2697872340425533    0.0082052808584663
3.2715957446808512    0.006954532377554307
3.273404255319149    0.0059368798458722186
3.275212765957447    0.005607114945465163
3.277021276595745    0.0057024253942054
3.278829787234043    0.005534962821126348
3.2806382978723407    0.0047319417515750695
3.282446808510638    0.0035590722183200686
3.284255319148936    0.002546789878914187
3.286063829787234    0.001953977514466812
3.287872340425532    0.0016671858835278323
3.28968085106383    0.0015021128123932099
3.2914893617021277    0.0014282550049408375
3.2932978723404256    0.0014760247743063198
3.2951063829787235    0.0015676078470395704
3.2969148936170214    0.0015673721779213604
3.2987234042553193    0.001475517731153678
3.300531914893617    0.0014638006197018574
3.302340425531915    0.0016775377731001887
3.304148936170213    0.002056412797323327
3.305957446808511    0.002400734900577986
3.307765957446809    0.0025926718900090356
3.3095744680851067    0.0027135545043234658
3.311382978723404    0.002961924479308529
3.313191489361702    0.0034986301208781547
3.315    0.00434618544105323
3.316808510638298    0.00534708418395572
3.3186170212765957    0.006179833392447767
3.3204255319148936    0.006501808772879601
3.3222340425531915    0.00619863651514775
3.3240425531914894    0.005502809948641674
3.3258510638297873    0.004760941017745455
3.3276595744680852    0.004020243030103736
3.329468085106383    0.0029281229508483133
3.331276595744681    0.0011685213523602743
3.333085106382979    -0.001013340167103847
3.334893617021277    -0.002881884883165302
3.3367021276595747    -0.003926599044048717
3.3385106382978726    -0.004437955833142786
3.34031914893617    -0.005199657494848645
3.342127659574468    -0.006554484831768648
3.343936170212766    -0.00791131864921179
3.345744680851064    -0.008334357706945272
3.3475531914893617    -0.007606745602349819
3.3493617021276596    -0.006560744048247066
3.3511702127659575    -0.0062734314275446675
3.3529787234042554    -0.007019918011319466
3.3547872340425533    -0.008135254847149906
3.356595744680851    -0.008872084956716484
3.358404255319149    -0.009227898560355429
3.360212765957447    -0.009836178880179553
3.362021276595745    -0.01114817194031246
3.363829787234043    -0.012899981963077919
3.3656382978723407    -0.014424632719711556
3.3674468085106386    -0.015357796098841007
3.369255319148936    -0.015914839731099084
3.371063829787234    -0.016515917634258463
3.372872340425532    -0.017282925660903295
3.3746808510638298    -0.017964199490661727
3.3764893617021277    -0.018256053935672152
3.3782978723404256    -0.018067975825142316
3.3801063829787235    -0.017463152411733553
3.3819148936170214    -0.016452312691374787
3.3837234042553193    -0.014950898003048031
3.385531914893617    -0.012940313371321524
3.387340425531915    -0.010604188613990331
3.389148936170213    -0.008257841061357487
3.390957446808511    -0.006140919001927607
3.3927659574468088    -0.004283765934493741
3.3945744680851067    -0.002563043826098157
3.3963829787234046    -0.0008734448043898149
3.398191489361702    0.0007515462011007425
3.4    0.002177361553951093
3.401808510638298    0.0033240830065518535
3.4036170212765957    0.004280806358660124
3.4054255319148936    0.005240592115177823
3.4072340425531915    0.006293570428388424
3.4090425531914894    0.007290621093746003
3.4108510638297873    0.007952166453787908
3.412659574468085    0.008139174843347653
3.414468085106383    0.008004340018414222
3.416276595744681    0.007860587789472297
3.418085106382979    0.007925671456625429
3.419893617021277    0.008229912335263488
3.4217021276595747    0.008738935002616513
3.4235106382978726    0.009457396349007998
3.4253191489361705    0.010341625614767402
3.427127659574468    0.011178845997183122
3.428936170212766    0.011700298209235351
3.4307446808510638    0.011871087202145797
3.4325531914893617    0.011967098144934641
3.4343617021276596    0.012236623853180728
3.4361702127659575    0.012500147070769628
3.4379787234042554    0.012229327970909505
3.4397872340425533    0.01111249986672328
3.441595744680851    0.009465138089254225
3.443404255319149    0.007946684177765473
3.445212765957447    0.006865310986190623
3.447021276595745    0.005889839687296323
3.4488297872340428    0.004521042634721294
3.4506382978723407    0.002742127475714143
3.4524468085106386    0.0010452695161349713
3.4542553191489365    -0.00017877714991982696
3.456063829787234    -0.0010961974249301904
3.457872340425532    -0.0021535772188967196
3.4596808510638297    -0.0034473632375238185
3.4614893617021276    -0.004571252487350316
3.4632978723404255    -0.005139672976549277
3.4651063829787234    -0.005301325668196398
3.4669148936170213    -0.005579124283579678
3.468723404255319    -0.006256775067408696
3.470531914893617    -0.007104404750927936
3.472340425531915    -0.007757361426246268
3.474148936170213    -0.008195885126963925
3.475957446808511    -0.008675620962477613
3.4777659574468087    -0.009234387052851893
3.4795744680851066    -0.009486179032808625
3.4813829787234045    -0.00902416808737834
3.4831914893617024    -0.007927653498151225
3.4850000000000003    -0.006715995767071542
3.4868085106382978    -0.005804881243356059
3.4886170212765957    -0.00513804506153656
3.4904255319148936    -0.0043960683812729225
3.4922340425531915    -0.0034345586483258504
3.4940425531914894    -0.002382430767874372
3.4958510638297873    -0.0013657476699976026
3.497659574468085    -0.0003195484972028299
3.499468085106383    0.0008552438848366714
3.501276595744681    0.002075888389532588
3.503085106382979    0.0031593931774472096
3.5048936170212768    0.004079968661069808
3.5067021276595747    0.004993251464104858
3.5085106382978726    0.005967677341065486
3.5103191489361705    0.006831765055459684
3.5121276595744684    0.007407720576978204
3.5139361702127663    0.007818860263059942
3.5157446808510637    0.008392676407268738
3.5175531914893616    0.009236319773391594
3.5193617021276595    0.01007035385160468
3.5211702127659574    0.01059058959387816
3.5229787234042553    0.010868982594686244
3.5247872340425532    0.01119623259566424
3.526595744680851    0.01155487005382988
3.528404255319149    0.011521011740531675
3.530212765957447    0.010873119687149161
3.532021276595745    0.010135515944593138
3.5338297872340427    0.010183964478724071
3.5356382978723406    0.011211126542538644
3.5374468085106385    0.012323533319222042
3.5392553191489364    0.012412180521219535
3.5410638297872343    0.011346003006170675
3.5428723404255322    0.01002188530175539
3.5446808510638297    0.00916411479215961
3.5464893617021276    0.008362392016343378
3.5482978723404255    0.006595782516759182
3.5501063829787234    0.0036228537754360267
3.5519148936170213    0.00047485988564516593
3.553723404255319    -0.0016248395650164628
3.555531914893617    -0.0026096533005827514
3.557340425531915    -0.003526660910358646
3.559148936170213    -0.0051860282881861725
3.560957446808511    -0.007215735767316953
3.5627659574468087    -0.008677412390864767
3.5645744680851066    -0.009392138140680236
3.5663829787234045    -0.01024651253714226
3.5681914893617024    -0.012094655270723533
3.5700000000000003    -0.014675234313544585
3.571808510638298    -0.01691517686721571
3.5736170212765956    -0.01820626017698718
3.5754255319148935    -0.019038116283722376
3.5772340425531914    -0.02024876191664857
3.5790425531914893    -0.021912369754262893
3.5808510638297872    -0.02326811674179796
3.582659574468085    -0.023702553567773166
3.584468085106383    -0.023489500798896185
3.586276595744681    -0.023396501382726465
3.588085106382979    -0.0237442577520668
3.5898936170212767    -0.024118918967368053
3.5917021276595746    -0.02400219635015045
3.5935106382978725    -0.0234250896382622
3.5953191489361704    -0.022841085661188452
3.5971276595744683    -0.022496138389461056
3.5989361702127662    -0.02216267530954429
3.600744680851064    -0.02151818794909564
3.6025531914893616    -0.020585884335989155
3.6043617021276595    -0.019658934073643903
3.6061702127659574    -0.018879326350717315
3.6079787234042553    -0.01806291295038345
3.609787234042553    -0.01695313825768432
3.611595744680851    -0.015507911287650448
3.613404255319149    -0.013867180812733224
3.615212765957447    -0.012149283176369728
