0.0    0.0
0.0018085106382978724    0.0
0.003617021276595745    0.0
0.005425531914893617    0.0
0.00723404255319149    0.0
0.009042553191489363    0.0
0.010851063829787235    0.0
0.012659574468085107    0.0
0.01446808510638298    0.0
0.016276595744680853    0.0
0.018085106382978725    0.0
0.019893617021276597    0.0
0.02170212765957447    0.0
0.023510638297872342    0.0
0.025319148936170214    0.0
0.027127659574468086    0.0
0.02893617021276596    0.0
0.03074468085106383    0.0
0.032553191489361706    0.0
0.03436170212765958    0.0
0.03617021276595745    0.0
0.03797872340425532    0.0
0.039787234042553195    0.0
0.04159574468085107    0.0
0.04340425531914894    0.0
0.04521276595744681    0.0
0.047021276595744683    0.0
0.048829787234042556    0.0
0.05063829787234043    0.0
0.0524468085106383    0.0
0.05425531914893617    0.0
0.056063829787234044    0.0
0.05787234042553192    0.0
0.05968085106382979    0.0
0.06148936170212766    0.0
0.06329787234042554    0.0
0.06510638297872341    0.0
0.06691489361702128    0.0
0.06872340425531916    0.0
0.07053191489361703    0.0
0.0723404255319149    0.0
0.07414893617021277    0.0
0.07595744680851065    0.0
0.07776595744680852    0.0
0.07957446808510639    0.0
0.08138297872340426    0.0
0.08319148936170213    0.0
0.085    0.0
0.08680851063829788    0.0
0.08861702127659575    0.0
0.09042553191489362    0.0
0.0922340425531915    0.0
0.09404255319148937    0.0
0.09585106382978724    0.0
0.09765957446808511    0.0
0.09946808510638298    0.0
0.10127659574468086    0.0
0.10308510638297873    0.0
0.1048936170212766    0.0
0.10670212765957447    0.0
0.10851063829787234    0.0
0.11031914893617022    0.0
0.11212765957446809    0.0
0.11393617021276596    0.0
0.11574468085106383    0.0
0.1175531914893617    0.0
0.11936170212765958    0.0
0.12117021276595745    0.0
0.12297872340425532    0.0
0.1247872340425532    0.0
0.12659574468085108    0.0
0.12840425531914895    0.0
0.13021276595744682    0.0
0.1320212765957447    0.0
0.13382978723404257    0.0
0.13563829787234044    0.0
0.1374468085106383    0.0
0.13925531914893619    0.0
0.14106382978723406    0.0
0.14287234042553193    0.0
0.1446808510638298    0.0
0.14648936170212767    0.0
0.14829787234042555    0.0
0.15010638297872342    0.0
0.1519148936170213    0.0
0.15372340425531916    0.0
0.15553191489361703    0.0
0.1573404255319149    0.0
0.15914893617021278    0.0
0.16095744680851065    0.0
0.16276595744680852    0.0
0.1645744680851064    0.0
0.16638297872340427    0.0
0.16819148936170214    0.0
0.17    0.0
0.17180851063829788    0.0
0.17361702127659576    0.0
0.17542553191489363    0.0
0.1772340425531915    0.0
0.17904255319148937    0.0
0.18085106382978725    0.0
0.18265957446808512    0.0
0.184468085106383    0.0
0.18627659574468086    0.0
0.18808510638297873    0.0
0.1898936170212766    0.0
0.19170212765957448    0.0
0.19351063829787235    0.0
0.19531914893617022    0.0
0.1971276595744681    0.0
0.19893617021276597    0.0
0.20074468085106384    0.0
0.2025531914893617    0.0
0.20436170212765958    0.0
0.20617021276595746    0.0
0.20797872340425533    0.0
0.2097872340425532    0.0
0.21159574468085107    0.0
0.21340425531914894    0.0
0.21521276595744682    0.0
0.2170212765957447    0.0
0.21882978723404256    0.0
0.22063829787234043    0.0
0.2224468085106383    0.0
0.22425531914893618    0.0
0.22606382978723405    0.0
0.22787234042553192    0.0
0.2296808510638298    0.0
0.23148936170212767    0.0
0.23329787234042554    0.0
0.2351063829787234    0.0
0.23691489361702128    0.0
0.23872340425531915    0.0
0.24053191489361703    0.0
0.2423404255319149    0.0
0.24414893617021277    0.0
0.24595744680851064    0.0
0.24776595744680852    0.0
0.2495744680851064    0.0
0.25138297872340426    0.0
0.25319148936170216    0.0
0.255    0.0
0.2568085106382979    0.0
0.25861702127659575    0.0
0.26042553191489365    0.0
0.2622340425531915    0.0
0.2640425531914894    0.0
0.26585106382978724    0.0
0.26765957446808514    0.0
0.269468085106383    0.0
0.2712765957446809    0.0
0.2730851063829787    0.0
0.2748936170212766    0.0
0.27670212765957447    3.991775784014262e-305
0.27851063829787237    6.042167210672753e-300
0.2803191489361702    1.532001069620069e-295
0.2821276595744681    1.5615879876160358e-291
0.28393617021276596    8.569950134411772e-288
0.28574468085106386    2.941013802879383e-284
0.2875531914893617    6.915698863236857e-281
0.2893617021276596    1.1852762869129122e-277
0.29117021276595745    1.5480877840002598e-274
0.29297872340425535    1.5936175704728484e-271
0.2947872340425532    1.3274667155284812e-268
0.2965957446808511    9.139206070050976e-266
0.29840425531914894    5.291641630830653e-263
0.30021276595744684    2.6144655640352734e-260
0.3020212765957447    1.1159441502420719e-257
0.3038297872340426    4.1588255246391556e-255
0.3056382978723404    1.3657255202200517e-252
0.3074468085106383    3.9840304713114175e-250
0.30925531914893617    1.0397829865016485e-247
0.31106382978723407    2.443303283930819e-245
0.3128723404255319    5.198679969821646e-243
0.3146808510638298    1.0067265251668657e-240
0.31648936170212766    1.7825603130900773e-238
0.31829787234042556    2.8981513889888477e-236
0.3201063829787234    4.34323740485917e-234
0.3219148936170213    6.020805938944521e-232
0.32372340425531915    7.745598402795563e-230
0.32553191489361705    9.275068960099769e-228
0.3273404255319149    1.0366864456264302e-225
0.3291489361702128    1.084341407813181e-223
0.33095744680851064    1.0639373773827583e-221
0.33276595744680854    9.814564050934718e-220
0.3345744680851064    8.52985320280256e-218
0.3363829787234043    6.998119824119103e-216
0.3381914893617021    5.429905801017449e-214
0.34    3.9914330556792795e-212
0.34180851063829787    2.7842119672608924e-210
0.34361702127659577    1.84579815441243e-208
0.3454255319148936    1.164688192104036e-206
0.3472340425531915    7.004548700001344e-205
0.34904255319148936    4.0203705956349795e-203
0.35085106382978726    2.2050028220104603e-201
0.3526595744680851    1.1569761242427195e-199
0.354468085106383    5.8143629513967105e-198
0.35627659574468085    2.8016227678748997e-196
0.35808510638297875    1.2956651519820256e-194
0.3598936170212766    5.756748864634764e-193
0.3617021276595745    2.459632516749697e-191
0.36351063829787233    1.0114888754168306e-189
0.36531914893617023    4.0070336939841195e-188
0.3671276595744681    1.5304300537176354e-186
0.368936170212766    5.6399554020293645e-185
0.3707446808510638    2.006961128523337e-183
0.3725531914893617    6.90112490470177e-182
0.37436170212765957    2.294683649949866e-180
0.37617021276595747    7.383132251507027e-179
0.3779787234042553    2.3001459564309517e-177
0.3797872340425532    6.942866453406263e-176
0.38159574468085106    2.031668778268983e-174
0.38340425531914896    5.767006660226229e-173
0.3852127659574468    1.588822772390132e-171
0.3870212765957447    4.250730687760177e-170
0.38882978723404255    1.1049499594654266e-168
0.39063829787234045    2.7921113306046635e-167
0.3924468085106383    6.86194113012242e-166
0.3942553191489362    1.640935732016831e-164
0.39606382978723403    3.820024483982109e-163
0.39787234042553193    8.660922288852615e-162
0.3996808510638298    1.9132557868167847e-160
0.4014893617021277    4.1197855880937687e-159
0.4032978723404255    8.650579861264724e-158
0.4051063829787234    1.7719684504240107e-156
0.40691489361702127    3.542199774710856e-155
0.40872340425531917    6.91286023592997e-154
0.410531914893617    1.3175494776856378e-152
0.4123404255319149    2.4533126202489558e-151
0.41414893617021276    4.4644072282227124e-150
0.41595744680851066    7.94225361932233e-149
0.4177659574468085    1.3817609912448563e-147
0.4195744680851064    2.3516233925574904e-146
0.42138297872340424    3.916346544185687e-145
0.42319148936170214    6.384138707566232e-144
0.425    1.018960591121128e-142
0.4268085106382979    1.5928289050163505e-141
0.42861702127659573    2.439255115894802e-140
0.43042553191489363    3.660482805649308e-139
0.4322340425531915    5.384264349971062e-138
0.4340425531914894    7.764835359184713e-137
0.4358510638297872    1.0981567361360042e-135
0.4376595744680851    1.5234504564087497e-134
0.43946808510638297    2.07361192419751e-133
0.44127659574468087    2.769890201914044e-132
0.4430851063829787    3.6318841672491176e-131
0.4448936170212766    4.675541871804749e-130
0.44670212765957445    5.910938003900211e-129
0.44851063829787235    7.340019038008267e-128
0.4503191489361702    8.954556302147088e-127
0.4521276595744681    1.0734574561778152e-125
0.45393617021276594    1.2647518532877851e-124
0.45574468085106384    1.4648376679347152e-123
0.4575531914893617    1.6680901064791807e-122
0.4593617021276596    1.8679950738011462e-121
0.46117021276595743    2.0574857049828853e-120
0.46297872340425533    2.229357978125866e-119
0.46478723404255323    2.3767312106796425e-118
0.4665957446808511    2.4935117795034912e-117
0.468404255319149    2.5748158517639973e-116
0.4702127659574468    2.6173098375815474e-115
0.4720212765957447    2.6194354064021094e-114
0.47382978723404257    2.5814981730156223e-113
0.47563829787234047    2.5056138567926305e-112
0.4774468085106383    2.395520815365503e-111
0.4792553191489362    2.256281325279244e-110
0.48106382978723405    2.0939041342726734e-109
0.48287234042553195    1.9149265335066803e-108
0.4846808510638298    1.7259950996788344e-107
0.4864893617021277    1.5334806585631955e-106
0.48829787234042554    1.343155840491094e-105
0.49010638297872344    1.159954141710235e-104
0.4919148936170213    9.878191256499914e-104
0.4937234042553192    8.296426570089838e-103
0.49553191489361703    6.872829448173756e-102
0.49734042553191493    5.616473738976472e-101
0.4991489361702128    4.528219002028095e-100
0.5009574468085106    3.6022806255934495e-99
0.5027659574468085    2.8279001503022163e-98
0.5045744680851064    2.190968259894283e-97
0.5063829787234043    1.6754897796229486e-96
0.5081914893617021    1.2648193352774454e-95
0.51    9.426331699446856e-95
0.5118085106382979    6.936335947801914e-94
0.5136170212765958    5.040058376352388e-93
0.5154255319148936    3.616622181347761e-92
0.5172340425531915    2.5631625955450755e-91
0.5190425531914894    1.794308744952036e-90
0.5208510638297873    1.2408178119865371e-89
0.5226595744680851    8.477148682349119e-89
0.524468085106383    5.722198526776749e-88
0.5262765957446809    3.8166918412487007e-87
0.5280851063829788    2.5157145816385604e-86
0.5298936170212766    1.6387930486312068e-85
0.5317021276595745    1.055147243052538e-84
0.5335106382978724    6.715298678205638e-84
0.5353191489361703    4.224909284273958e-83
0.5371276595744681    2.6278774267772328e-82
0.538936170212766    1.6160833557736237e-81
0.5407446808510639    9.82716027286893e-81
0.5425531914893618    5.909245974777952e-80
0.5443617021276596    3.514061851048146e-79
0.5461702127659575    2.0667742628347982e-78
0.5479787234042554    1.2023072444333238e-77
0.5497872340425533    6.918446613542015e-77
0.551595744680851    3.9382551509594306e-76
0.5534042553191489    2.217849819193991e-75
0.5552127659574468    1.235730743031089e-74
0.5570212765957447    6.812537554948952e-74
0.5588297872340425    3.716351082306661e-73
0.5606382978723404    2.0062094828757471e-72
0.5624468085106383    1.0718056092754871e-71
0.5642553191489362    5.6671407703552436e-71
0.566063829787234    2.9658404119544023e-70
0.5678723404255319    1.5363653046353942e-69
0.5696808510638298    7.878269517494023e-69
0.5714893617021277    3.999291636503328e-68
0.5732978723404255    2.0099120765224627e-67
0.5751063829787234    1.0000880077301208e-66
0.5769148936170213    4.927102284973832e-66
0.5787234042553192    2.40359757602081e-65
0.580531914893617    1.1611089800887852e-64
0.5823404255319149    5.5545527511990544e-64
0.5841489361702128    2.631561638859653e-63
0.5859574468085107    1.234779512846276e-62
0.5877659574468085    5.73851347601459e-62
0.5895744680851064    2.641592715149621e-61
0.5913829787234043    1.204510945033665e-60
0.5931914893617022    5.440711600979667e-60
0.595    2.434568479331119e-59
0.5968085106382979    1.0792710906682188e-58
0.5986170212765958    4.740257547201902e-58
0.6004255319148937    2.062796687665787e-57
0.6022340425531915    8.894343976830703e-57
0.6040425531914894    3.8000911514528353e-56
0.6058510638297873    1.6088515320181676e-55
0.6076595744680852    6.749921613740913e-55
0.609468085106383    2.8064733764057135e-54
0.6112765957446809    1.1564340694142204e-53
0.6130851063829788    4.722767791908211e-53
0.6148936170212767    1.911638537095852e-52
0.6167021276595744    7.66947850900418e-52
0.6185106382978723    3.049958101817327e-51
0.6203191489361702    1.2022829970085478e-50
0.6221276595744681    4.698084806623136e-50
0.6239361702127659    1.8199210465726275e-49
0.6257446808510638    6.989043438323629e-49
0.6275531914893617    2.6609216988790392e-48
0.6293617021276596    1.0044099356286529e-47
0.6311702127659574    3.7589761016112004e-47
0.6329787234042553    1.3948343177495687e-46
0.6347872340425532    5.131977477133966e-46
0.6365957446808511    1.872277471998464e-45
0.6384042553191489    6.773186914504363e-45
0.6402127659574468    2.4297805428365357e-44
0.6420212765957447    8.643819275374958e-44
0.6438297872340426    3.049454671375859e-43
0.6456382978723404    1.0669143100881705e-42
0.6474468085106383    3.7020345927083265e-42
0.6492553191489362    1.2739941800443524e-41
0.6510638297872341    4.3483316932654947e-41
0.6528723404255319    1.4720348534238678e-40
0.6546808510638298    4.942713462887241e-40
0.6564893617021277    1.646175545367088e-39
0.6582978723404256    5.438278374614825e-39
0.6601063829787234    1.7821007807168973e-38
0.6619148936170213    5.792944089402248e-38
0.6637234042553192    1.8679839114843677e-37
0.6655319148936171    5.975357126320127e-37
0.6673404255319149    1.8961885562499323e-36
0.6691489361702128    5.969470773650742e-36
0.6709574468085107    1.864387944340837e-35
0.6727659574468086    5.776863932160578e-35
0.6745744680851063    1.7758750062439964e-34
0.6763829787234042    5.416338796627682e-34
0.6781914893617021    1.6390075108483362e-33
0.68    4.920917034717729e-33
0.6818085106382978    1.4659162563388207e-32
0.6836170212765957    4.3328943250793645e-32
0.6854255319148936    1.2707508502666843e-31
0.6872340425531915    3.697970237632188e-31
0.6890425531914893    1.0678104754120737e-30
0.6908510638297872    3.059563945298409e-30
0.6926595744680851    8.698934652960562e-30
0.694468085106383    2.4542574541415e-29
0.6962765957446809    6.871123891859875e-29
0.6980851063829787    1.9089515108685859e-28
0.6998936170212766    5.262923663585937e-28
0.7017021276595745    1.4398911084574752e-27
0.7035106382978724    3.909378612213865e-27
0.7053191489361702    1.0533341508616358e-26
0.7071276595744681    2.8164985914640476e-26
0.708936170212766    7.473812328177247e-26
0.7107446808510639    1.9681953061923486e-25
0.7125531914893617    5.143886360998717e-25
0.7143617021276596    1.3341825728858271e-24
0.7161702127659575    3.434339100305555e-24
0.7179787234042554    8.773605816923172e-24
0.7197872340425532    2.224451008070889e-23
0.7215957446808511    5.597316053553093e-23
0.723404255319149    1.3978200685466904e-22
0.7252127659574469    3.464488197299648e-22
0.7270212765957447    8.522066270933114e-22
0.7288297872340426    2.0805112980030733e-21
0.7306382978723405    5.040987863893151e-21
0.7324468085106384    1.2122226143818008e-20
0.7342553191489362    2.8931484651977504e-20
0.7360638297872341    6.853001306038451e-20
0.737872340425532    1.6110629045440812e-19
0.7396808510638299    3.758939080338659e-19
0.7414893617021276    8.704390699987973e-19
0.7432978723404255    2.000463486894745e-18
0.7451063829787234    4.5628960348854155e-18
0.7469148936170213    1.0329193083368843e-17
0.7487234042553191    2.3206301549072792e-17
0.750531914893617    5.1743602066455804e-17
0.7523404255319149    1.1450268994785042e-16
0.7541489361702128    2.5146628350977376e-16
0.7559574468085106    5.480816165682077e-16
0.7577659574468085    1.1855177730163e-15
0.7595744680851064    2.544859588629242e-15
0.7613829787234043    5.421352569017846e-15
0.7631914893617021    1.146131035339508e-14
0.765    2.4045730541516693e-14
0.7668085106382979    5.006250792329299e-14
0.7686170212765958    1.0343119203657255e-13
0.7704255319148936    2.1205458310297773e-13
0.7722340425531915    4.314131872690054e-13
0.7740425531914894    8.709248816363318e-13
0.7758510638297873    1.7446201985992486e-12
0.7776595744680851    3.4677266740033345e-12
0.779468085106383    6.8391617902961624e-12
0.7812765957446809    1.338334478098984e-11
0.7830851063829788    2.598479779517103e-11
0.7848936170212766    5.0055914537760107e-11
0.7867021276595745    9.566667875402008e-11
0.7885106382978724    1.8139379085624555e-10
0.7903191489361703    3.41214165568866e-10
0.7921276595744681    6.367374200328329e-10
0.793936170212766    1.1787111619783548e-09
0.7957446808510639    2.1644739013638985e-09
0.7975531914893618    3.942563161552505e-09
0.7993617021276596    7.123097242974236e-09
0.8011702127659575    1.2764525030151201e-08
0.8029787234042554    2.2686460664921178e-08
0.8047872340425533    3.9988478761725666e-08
0.806595744680851    6.990170811303903e-08
0.808404255319149    1.2117223013146095e-07
0.8102127659574468    2.0828467844984468e-07
0.8120212765957447    3.549978843574922e-07
0.8138297872340425    5.999049838433503e-07
0.8156382978723404    1.005078901630832e-06
0.8174468085106383    1.669360512387459e-06
0.8192553191489362    2.7485410956474357e-06
0.821063829787234    4.485642958848913e-06
0.8228723404255319    7.2557802026886175e-06
0.8246808510638298    1.1631756093203993e-05
0.8264893617021277    1.8478687592605915e-05
0.8282978723404255    2.9088580538781215e-05
0.8301063829787234    4.536890081739424e-05
0.8319148936170213    7.010270290288474e-05
0.8337234042553192    0.00010730156087597118
0.835531914893617    0.00016267598273651753
0.8373404255319149    0.0002442505071315691
0.8391489361702128    0.0003631512959655166
0.8409574468085107    0.0005345913941092182
0.8427659574468085    0.0007790711958788853
0.8445744680851064    0.0011237969731002113
0.8463829787234043    0.0016042963313524193
0.8481914893617022    0.0022661740116327244
0.85    0.0031669029227219536
0.8518085106382979    0.004377483217825313
0.8536170212765958    0.005983728126824978
0.8554255319148937    0.008086853519009632
0.8572340425531915    0.010802967005538327
0.8590425531914894    0.014260984539593052
0.8608510638297873    0.0185984654828078
0.8626595744680852    0.02395487279825211
0.864468085106383    0.030461857804737588
0.8662765957446809    0.03823036261546152
0.8680851063829788    0.047334646473294786
0.8698936170212767    0.057793781564045424
0.8717021276595744    0.06955171759461028
0.8735106382978723    0.08245764460494297
0.8753191489361702    0.09624902100963041
0.8771276595744681    0.11054017680589924
0.8789361702127659    0.1248197200950895
0.8807446808510638    0.13845992290336967
0.8825531914893617    0.15074070058192485
0.8843617021276596    0.16088962577077504
0.8861702127659574    0.16813760454298088
0.8879787234042553    0.17178747049552723
0.8897872340425532    0.17129004202410486
0.8915957446808511    0.16631950636956583
0.8934042553191489    0.15683783720639732
0.8952127659574468    0.14313688899760624
0.8970212765957447    0.12584738773156867
0.8988297872340426    0.10590665337767036
0.9006382978723404    0.08448165786701334
0.9024468085106383    0.06285064794631326
0.9042553191489362    0.04225426883502559
0.9060638297872341    0.02373467341201943
0.9078723404255319    0.0079869252568038
0.9096808510638298    -0.0047505354985638935
0.9114893617021277    -0.014741845783931671
0.9132978723404256    -0.02271919630931825
0.9151063829787234    -0.029763540416727186
0.9169148936170213    -0.03711220590945928
0.9187234042553192    -0.045921590969325896
0.9205319148936171    -0.05702657828267439
0.9223404255319149    -0.07074499088594703
0.9241489361702128    -0.08677244502782987
0.9259574468085107    -0.1041991862835328
0.9277659574468086    -0.12165724127101653
0.9295744680851065    -0.13757746982280084
0.9313829787234043    -0.15050805835968234
0.9331914893617022    -0.15942586005678705
0.935    -0.1639662151165775
0.936808510638298    -0.16450923409056428
0.9386170212765957    -0.16209047164077856
0.9404255319148936    -0.15814596741118442
0.9422340425531915    -0.1541459853357684
0.9440425531914894    -0.15120641364008214
0.9458510638297872    -0.14978060546488448
0.9476595744680851    -0.14952078636707838
0.949468085106383    -0.14935757226054502
0.9512765957446809    -0.1477873800570335
0.9530851063829787    -0.14329610216635819
0.9548936170212766    -0.13480179674505988
0.9567021276595745    -0.12198520089184334
0.9585106382978724    -0.10540239825729902
0.9603191489361702    -0.08633495712050274
0.9621276595744681    -0.066413184229172
0.963936170212766    -0.04712338473967735
0.9657446808510639    -0.029354675770690675
0.9675531914893617    -0.013137059786387774
0.9693617021276596    0.0023329856521334194
0.9711702127659575    0.018375610011444655
0.9729787234042554    0.03631589474914297
0.9747872340425532    0.056947123917367296
0.9765957446808511    0.08015651125324837
0.978404255319149    0.10485226816487032
0.9802127659574469    0.129228746645411
0.9820212765957447    0.15128471055121395
0.9838297872340426    0.16941295632012504
0.9856382978723405    0.1828461199950535
0.9874468085106384    0.1917907336484871
0.9892553191489362    0.1971963406076741
0.9910638297872341    0.20024783310611294
0.992872340425532    0.20178240277437248
0.9946808510638299    0.20187013208710186
0.9964893617021277    0.19973929027903375
0.9982978723404256    0.1940919075943861
1.0001063829787233    0.18369391197382084
1.0019148936170212    0.16800319271201808
1.0037234042553191    0.14757186615863205
1.005531914893617    0.12404247186868472
1.007340425531915    0.09972177560102596
1.0091489361702128    0.07689329674596523
1.0109574468085107    0.057143743772973515
1.0127659574468086    0.04097619055938517
1.0145744680851063    0.027860362480708098
1.0163829787234042    0.016678354034805623
1.0181914893617021    0.006347430701904137
1.02    -0.0036776216296464342
1.021808510638298    -0.013261243300388161
1.0236170212765958    -0.02186722766011143
1.0254255319148937    -0.029115555428067524
1.0272340425531916    -0.03532229257438883
1.0290425531914893    -0.04172077702246786
1.0308510638297872    -0.05020409047101752
1.032659574468085    -0.06265853468778147
1.034468085106383    -0.08016686549651574
1.036276595744681    -0.1024442790913389
1.0380851063829788    -0.1277821348886523
1.0398936170212767    -0.1535500024985953
1.0417021276595746    -0.1770510547319833
1.0435106382978723    -0.19636365067425476
1.0453191489361702    -0.21081462430636982
1.047127659574468    -0.22091250621039382
1.048936170212766    -0.22783028787220316
1.0507446808510639    -0.23273446712257118
1.0525531914893618    -0.23630423702454423
1.0543617021276597    -0.2386500289471885
1.0561702127659576    -0.23960003872524543
1.0579787234042553    -0.23911125785164394
1.0597872340425532    -0.23749806258590367
1.061595744680851    -0.23529471227780568
1.063404255319149    -0.23280970551990604
1.0652127659574468    -0.22964956423218919
1.0670212765957447    -0.22455278286140706
1.0688297872340426    -0.2157311651590857
1.0706382978723405    -0.20163388266263071
1.0724468085106382    -0.18178389357167746
1.0742553191489361    -0.15724350373211843
1.076063829787234    -0.13041408903236618
1.077872340425532    -0.10419945237848313
1.0796808510638298    -0.08089440530974215
1.0814893617021277    -0.06131827207801835
1.0832978723404256    -0.0446045743247722
1.0851063829787235    -0.028735065199475024
1.0869148936170212    -0.011539397222393763
1.088723404255319    0.008333292115610676
1.090531914893617    0.030917104549991973
1.092340425531915    0.055079042210225054
1.0941489361702128    0.07914888237710613
1.0959574468085107    0.10164684185363373
1.0977659574468086    0.1217424330353713
1.0995744680851065    0.1392918665795706
1.1013829787234042    0.15456573335881607
1.103191489361702    0.16792775530526344
1.105    0.17968002383277332
1.1068085106382979    0.19010443993148157
1.1086170212765958    0.1995500118063444
1.1104255319148937    0.20837701951931215
1.1122340425531916    0.2167021404054319
1.1140425531914895    0.22409465020626307
1.1158510638297872    0.2294912246964121
1.117659574468085    0.23151565036452987
1.119468085106383    0.2291366512244899
1.1212765957446809    0.22233033897424592
1.1230851063829788    0.21232470851301843
1.1248936170212767    0.2011852976248345
1.1267021276595746    0.19087301103111343
1.1285106382978725    0.1822486341730476
1.1303191489361701    0.1745893037805884
1.132127659574468    0.16593689671153572
1.133936170212766    0.15414020482260338
1.1357446808510638    0.13804702889548665
1.1375531914893617    0.11819627167693392
1.1393617021276596    0.09662751608107828
1.1411702127659575    0.07591545048092288
1.1429787234042554    0.05796218918440113
1.1447872340425531    0.043194859700065855
1.146595744680851    0.03056165324954077
1.148404255319149    0.0182603009891103
1.1502127659574468    0.004745497664023171
1.1520212765957447    -0.01053717696826953
1.1538297872340426    -0.02702488103848804
1.1556382978723405    -0.043478523255199596
1.1574468085106384    -0.058656653672466565
1.1592553191489363    -0.07183035847779123
1.161063829787234    -0.08291854131286167
1.162872340425532    -0.09227792827856648
1.1646808510638298    -0.10035287730301551
1.1664893617021277    -0.1073976986712182
1.1682978723404256    -0.11337272815521479
1.1701063829787235    -0.1179944289749364
1.1719148936170214    -0.12087031137197032
1.1737234042553193    -0.12166907585236869
1.175531914893617    -0.12030223042872404
1.1773404255319149    -0.11707498532882465
1.1791489361702128    -0.11271834640547362
1.1809574468085107    -0.10821175831607263
1.1827659574468086    -0.104398907255904
1.1845744680851065    -0.10155570067438491
1.1863829787234044    -0.09917448404452375
1.1881914893617023    -0.0961690995647429
1.19    -0.09147242348295725
1.1918085106382978    -0.08472232534140614
1.1936170212765957    -0.07661004306916519
1.1954255319148936    -0.06861721376207211
1.1972340425531915    -0.062232626041308414
1.1990425531914894    -0.05809154060648439
1.2008510638297873    -0.05557371369258253
1.2026595744680852    -0.05314125438365895
1.204468085106383    -0.04923897307883228
1.2062765957446808    -0.043213522784693634
1.2080851063829787    -0.03568250599519361
1.2098936170212766    -0.02812841145332487
1.2117021276595745    -0.02198415541268467
1.2135106382978724    -0.017793939961733375
1.2153191489361703    -0.014968376404688115
1.2171276595744682    -0.01225586851138951
1.218936170212766    -0.00859198260568906
1.2207446808510638    -0.003767192946376504
1.2225531914893617    0.0014968325765657344
1.2243617021276596    0.006069687467679419
1.2261702127659575    0.009161915497149994
1.2279787234042554    0.01081713154408884
1.2297872340425533    0.011864457078987835
1.2315957446808512    0.013410067903555468
1.2334042553191489    0.016221821618573672
1.2352127659574468    0.020386545933252443
1.2370212765957447    0.025407967114292034
1.2388297872340426    0.03062396125767389
1.2406382978723405    0.035642623209328
1.2424468085106384    0.04052355925049954
1.2442553191489363    0.04562223874844906
1.2460638297872342    0.05123633364530171
1.2478723404255319    0.057307649799327315
1.2496808510638298    0.06338232215661173
1.2514893617021277    0.06885718465890471
1.2532978723404256    0.0733518232505422
1.2551063829787235    0.07695806870834561
1.2569148936170214    0.0801872123271722
1.2587234042553193    0.08362432143683733
1.2605319148936172    0.08749630796743794
1.2623404255319148    0.09143762110315594
1.2641489361702127    0.09463077575265462
1.2659574468085106    0.09626114519106822
1.2677659574468085    0.09600695067077174
1.2695744680851064    0.09424163534312639
1.2713829787234043    0.09180474381381966
1.2731914893617022    0.08948946776890766
1.2750000000000001    0.08759604738631731
1.2768085106382978    0.08585622905487762
1.2786170212765957    0.08376434665703371
1.2804255319148936    0.08104852795598207
1.2822340425531915    0.07791091747738939
1.2840425531914894    0.07484680751677684
1.2858510638297873    0.0721867731908339
1.2876595744680852    0.06973357396779946
1.289468085106383    0.06680160111872545
1.2912765957446808    0.06265309434489745
1.2930851063829787    0.057006602414031535
1.2948936170212766    0.05022501340658958
1.2967021276595745    0.043033064858218506
1.2985106382978724    0.035978750740309276
1.3003191489361703    0.029050624067319508
1.3021276595744682    0.021737597205313416
1.303936170212766    0.013472266044085274
1.3057446808510638    0.004109426675560749
1.3075531914893617    -0.005917539473314394
1.3093617021276596    -0.015855189788763692
1.3111702127659575    -0.025081028473210955
1.3129787234042554    -0.033407088848208526
1.3147872340425533    -0.04104865915577046
1.3165957446808512    -0.04834456476918377
1.318404255319149    -0.05548154210509539
1.3202127659574467    -0.06241918578518455
1.3220212765957446    -0.06901468337228595
1.3238297872340425    -0.07519191304821238
1.3256382978723404    -0.08100466074241841
1.3274468085106383    -0.08656906089269514
1.3292553191489362    -0.09195033258192664
1.3310638297872341    -0.09709170953646099
1.332872340425532    -0.10180001123981491
1.3346808510638297    -0.10575400529154652
1.3364893617021276    -0.10853128471595186
1.3382978723404255    -0.10970300452682866
1.3401063829787234    -0.10902823668478931
1.3419148936170213    -0.10667271396909461
1.3437234042553192    -0.10328040487004653
1.3455319148936171    -0.09976722180652312
1.347340425531915    -0.09689660878003539
1.3491489361702127    -0.09489266318786849
1.3509574468085106    -0.0933637745907211
1.3527659574468085    -0.09160182532353559
1.3545744680851064    -0.08904472220478468
1.3563829787234043    -0.08557668558302506
1.3581914893617022    -0.08149038338024256
1.36    -0.0772138137143853
1.361808510638298    -0.07306374372355795
1.3636170212765957    -0.06919453005579085
1.3654255319148936    -0.06567755246457732
1.3672340425531915    -0.06251819647848667
1.3690425531914894    -0.059528786525586505
1.3708510638297873    -0.05620700795364067
1.3726595744680852    -0.051857116557672014
1.374468085106383    -0.0459996232865648
1.376276595744681    -0.038798137587044146
1.3780851063829787    -0.031110365070324608
1.3798936170212766    -0.024018553116611975
1.3817021276595745    -0.018138613624831795
1.3835106382978724    -0.013248742541556245
1.3853191489361703    -0.008560305011151067
1.3871276595744682    -0.00342620204157075
1.388936170212766    0.0020999898483188275
1.390744680851064    0.007321862898851652
1.3925531914893619    0.011508177591609943
1.3943617021276595    0.014504922118628256
1.3961702127659574    0.01681628067435309
1.3979787234042553    0.019112981335761704
1.3997872340425532    0.02164868071342186
1.4015957446808511    0.024131894999884308
1.403404255319149    0.02615325230489971
1.405212765957447    0.02773117311547743
1.4070212765957448    0.029424130431633264
1.4088297872340425    0.03187427727071503
1.4106382978723404    0.03519763327663115
1.4124468085106383    0.03879402007242228
1.4142553191489362    0.0417655356388996
1.416063829787234    0.04357466817196009
1.417872340425532    0.04437175379340846
1.41968085106383    0.04475442310008646
1.4214893617021278    0.04524995500617748
1.4232978723404255    0.04602077704525993
1.4251063829787234    0.04700306166215639
1.4269148936170213    0.04822092199200032
1.4287234042553192    0.049861997474388305
1.430531914893617    0.05200571501048997
1.432340425531915    0.05432435289507483
1.4341489361702129    0.05615542865367127
1.4359574468085108    0.05696614718220452
1.4377659574468085    0.056785738155937855
1.4395744680851064    0.05615726561547837
1.4413829787234043    0.05562199197250716
1.4431914893617022    0.05523994972442709
1.445    0.05464458598129935
1.446808510638298    0.05359112050556008
1.4486170212765959    0.0524182653926502
1.4504255319148938    0.051879175589956396
1.4522340425531914    0.05242497939304603
1.4540425531914893    0.05363150722389231
1.4558510638297872    0.05440070971634508
1.4576595744680851    0.05383820264126376
1.459468085106383    0.05200419428933741
1.461276595744681    0.0497883442885766
1.4630851063829788    0.04798123841432841
1.4648936170212767    0.04642875712489491
1.4667021276595744    0.04413250936730869
1.4685106382978723    0.040262880222410584
1.4703191489361702    0.03512669591218908
1.4721276595744681    0.030106785948501698
1.473936170212766    0.026544649715089658
1.475744680851064    0.024574359261912787
1.4775531914893618    0.023014017513857878
1.4793617021276597    0.020446318602300256
1.4811702127659574    0.01649229691819063
1.4829787234042553    0.012097552994439566
1.4847872340425532    0.00859866002133285
1.486595744680851    0.0064994921826069755
1.488404255319149    0.005129055744054681
1.490212765957447    0.003448504123506337
1.4920212765957448    0.0011356797848362452
1.4938297872340427    -0.0011614053194352533
1.4956382978723404    -0.0026223594385988923
1.4974468085106383    -0.003226710159167249
1.4992553191489362    -0.003844856955967218
1.501063829787234    -0.005317088557004636
1.502872340425532    -0.007468240906937181
1.5046808510638299    -0.009115166267139088
1.5064893617021278    -0.009129254417501674
1.5082978723404257    -0.007523136605134545
1.5101063829787233    -0.005468535637428952
1.5119148936170212    -0.004208871821818531
1.5137234042553191    -0.00394257485248029
1.515531914893617    -0.003783052799749922
1.517340425531915    -0.0028070156852759163
1.5191489361702128    -0.0010968886623873185
1.5209574468085107    0.0002996647514958629
1.5227659574468086    0.00044260777017401194
1.5245744680851063    -0.000523350876658833
1.5263829787234042    -0.0015241662969925711
1.5281914893617021    -0.0017033636404488687
1.53    -0.001369094806584445
1.531808510638298    -0.001726840771800044
1.5336170212765958    -0.0036276275038110858
1.5354255319148937    -0.006600424265296438
1.5372340425531916    -0.009187571625356848
1.5390425531914893    -0.010295625380125514
1.5408510638297872    -0.010236235787868114
1.542659574468085    -0.010427144554759567
1.544468085106383    -0.012058609972552401
1.546276595744681    -0.015049196730151333
1.5480851063829788    -0.01828766554995166
1.5498936170212767    -0.020836525953909144
1.5517021276595746    -0.022820949244837217
1.5535106382978723    -0.025109359746491606
1.5553191489361702    -0.028186274826029648
1.557127659574468    -0.03146453834231047
1.558936170212766    -0.03380506060805043
1.5607446808510639    -0.03471920875634878
1.5625531914893618    -0.03498170386258813
1.5643617021276597    -0.035967185236843016
1.5661702127659576    -0.038337792699174464
1.5679787234042553    -0.04138965599345125
1.5697872340425532    -0.04370814975226153
1.571595744680851    -0.04446380592610359
1.573404255319149    -0.04405436891099944
1.5752127659574469    -0.04349099052601295
1.5770212765957448    -0.04320890533167848
1.5788297872340427    -0.04254089011916
1.5806382978723406    -0.04038049951818154
1.5824468085106382    -0.03633989693402359
1.5842553191489361    -0.03122441201637502
1.586063829787234    -0.026359964171704865
1.587872340425532    -0.022454426048522533
1.5896808510638298    -0.01909013290645526
1.5914893617021277    -0.015265149796736002
1.5932978723404256    -0.010371344002986636
1.5951063829787235    -0.004653897015284887
1.5969148936170212    0.001191262085946724
1.5987234042553191    0.0067590521751776204
1.600531914893617    0.012249360612499698
1.602340425531915    0.01812425991889016
1.6041489361702128    0.02455640479434518
1.6059574468085107    0.03124050064071812
1.6077659574468086    0.037675289994368644
1.6095744680851065    0.043541802589290426
1.6113829787234042    0.048801492945055785
1.613191489361702    0.05352407373262223
1.615    0.05773473423452519
1.616808510638298    0.06144982070650454
1.6186170212765958    0.06476317793432931
1.6204255319148937    0.06776692519438388
1.6222340425531916    0.07033724320949025
1.6240425531914895    0.07205987617175663
1.6258510638297874    0.07247375340678341
1.627659574468085    0.07145316832604501
1.629468085106383    0.06934740137556292
1.6312765957446809    0.06671508814245344
1.6330851063829788    0.06391088437798387
1.6348936170212767    0.06093736340147714
1.6367021276595746    0.05768334282705612
1.6385106382978725    0.05425028274983164
1.6403191489361704    0.05098612876439533
1.642127659574468    0.048186512256961814
1.643936170212766    0.045798543705875924
1.6457446808510638    0.04345455219536709
1.6475531914893617    0.040794767657578807
1.6493617021276596    0.037733520153273595
1.6511702127659575    0.034415329592430724
1.6529787234042554    0.030963728570827284
1.6547872340425533    0.027325997677609487
1.656595744680851    0.023352494142873506
1.658404255319149    0.01895410830906847
1.6602127659574468    0.014126945730151226
1.6620212765957447    0.00886562220290376
1.6638297872340426    0.0031752121091812024
1.6656382978723405    -0.002742177220535235
1.6674468085106384    -0.00835607772795511
1.6692553191489363    -0.013017648370592244
1.671063829787234    -0.01644700251840012
1.672872340425532    -0.019042753772678885
1.6746808510638298    -0.02162791754558605
1.6764893617021277    -0.02479486721517318
1.6782978723404256    -0.028471394455586805
1.6801063829787235    -0.032149676162654905
1.6819148936170214    -0.0355305763960774
1.6837234042553193    -0.038874436336585494
1.685531914893617    -0.04265921718819797
1.6873404255319149    -0.04692623457461369
1.6891489361702128    -0.05107790014139216
1.6909574468085107    -0.05441286482775863
1.6927659574468086    -0.056841544979570904
1.6945744680851065    -0.05897337774125766
1.6963829787234044    -0.06143779885158429
1.6981914893617023    -0.06417637163933457
1.7    -0.06652075806102278
1.7018085106382979    -0.06800680028238043
1.7036170212765958    -0.06900786869004549
1.7054255319148937    -0.07040673142981121
1.7072340425531916    -0.07258003804238114
1.7090425531914895    -0.07479546529145817
1.7108510638297874    -0.07575779485526904
1.7126595744680853    -0.07482021534373537
1.714468085106383    -0.07262033170343199
1.7162765957446808    -0.07046929710375954
1.7180851063829787    -0.06913451706359341
1.7198936170212766    -0.0682874771734222
1.7217021276595745    -0.06714181997905269
1.7235106382978724    -0.06550482270766517
1.7253191489361703    -0.0640491669530987
1.7271276595744682    -0.0635321112356067
1.728936170212766    -0.06389441890549324
1.7307446808510638    -0.06429197561950092
1.7325531914893617    -0.06401818857893313
1.7343617021276596    -0.06323043895106795
1.7361702127659575    -0.0626163803670512
1.7379787234042554    -0.06238416628101487
1.7397872340425533    -0.06178762611505838
1.7415957446808512    -0.05981151304531672
1.7434042553191489    -0.05628192836646442
1.7452127659574468    -0.05210818130342129
1.7470212765957447    -0.048304407025845736
1.7488297872340426    -0.044851079014730275
1.7506382978723405    -0.0407089193189331
1.7524468085106384    -0.03503826939277388
1.7542553191489363    -0.028293701826066553
1.7560638297872342    -0.02194599152167452
1.7578723404255319    -0.017092585059741983
1.7596808510638298    -0.013473322772203505
1.7614893617021277    -0.009969912273219604
1.7632978723404256    -0.005998289177638318
1.7651063829787235    -0.0021885542528417117
1.7669148936170214    0.00043615126308590166
1.7687234042553193    0.001828800768056606
1.7705319148936172    0.003211367463649526
1.7723404255319148    0.005873717055748224
1.7741489361702127    0.009798304944854027
1.7759574468085106    0.013695323127304726
1.7777659574468085    0.016465079957172696
1.7795744680851064    0.018454961301362385
1.7813829787234043    0.02105183199825688
1.7831914893617022    0.025012066384640354
1.7850000000000001    0.029399085552212628
1.7868085106382978    0.032379155109574016
1.7886170212765957    0.03306610551414404
1.7904255319148936    0.03240826317534642
1.7922340425531915    0.032146275269313206
1.7940425531914894    0.0329999260519342
1.7958510638297873    0.03407707931676376
1.7976595744680852    0.03409913885661787
1.7994680851063831    0.03299072122091926
1.8012765957446808    0.032005707073966806
1.8030851063829787    0.03227128496693738
1.8048936170212766    0.033459725448595566
1.8067021276595745    0.03414500528794354
1.8085106382978724    0.03344479130541606
1.8103191489361703    0.032045752005910456
1.8121276595744682    0.03140785850195855
1.813936170212766    0.032053246640668435
1.8157446808510638    0.032932268487907944
1.8175531914893617    0.0326427116182828
1.8193617021276596    0.031130597340914924
1.8211702127659575    0.029897681484565432
1.8229787234042554    0.030411926551787295
1.8247872340425533    0.03247716054905079
1.8265957446808512    0.03440244842364094
1.828404255319149    0.03479472098392666
1.8302127659574468    0.03396582590841241
1.8320212765957447    0.03339450002062829
1.8338297872340426    0.0339126097913675
1.8356382978723405    0.03474558597502047
1.8374468085106384    0.03454514321860835
1.8392553191489363    0.033230230700682935
1.8410638297872342    0.0324646577860452
1.842872340425532    0.034109168479883774
1.8446808510638297    0.0383020021566774
1.8464893617021276    0.04330777512135362
1.8482978723404255    0.04734645975404996
1.8501063829787234    0.05042197986359886
1.8519148936170213    0.054172592114496425
1.8537234042553192    0.05995565460926288
1.8555319148936171    0.06730212657274004
1.857340425531915    0.07440355706888768
1.859148936170213    0.08000424668650577
1.8609574468085106    0.08455228515668173
1.8627659574468085    0.08937723759408434
1.8645744680851064    0.09491022710872071
1.8663829787234043    0.09999072719446478
1.8681914893617022    0.10300865155328331
1.87    0.10354551400363118
1.871808510638298    0.10266915906855198
1.873617021276596    0.10161374797815667
1.8754255319148936    0.10039116298920919
1.8772340425531915    0.09788890245245827
1.8790425531914894    0.09327862458405878
1.8808510638297873    0.08710176510615858
1.8826595744680852    0.08082927603987528
1.884468085106383    0.07543523547078432
1.886276595744681    0.07056701716169408
1.8880851063829789    0.06512394083650677
1.8898936170212766    0.05845471775448821
1.8917021276595745    0.050798884798468544
1.8935106382978724    0.04260290685882949
1.8953191489361703    0.03367191690011176
1.8971276595744682    0.023227939826727717
1.898936170212766    0.01079526752996289
1.900744680851064    -0.003158948209770018
1.9025531914893619    -0.017584580515375137
1.9043617021276595    -0.03177414391300197
1.9061702127659574    -0.04578599664950066
1.9079787234042553    -0.059932493345065396
1.9097872340425532    -0.07400484339863356
1.9115957446808511    -0.08717432064304759
1.913404255319149    -0.09867434495346711
1.915212765957447    -0.10845761952379818
1.9170212765957448    -0.11709312133248032
1.9188297872340425    -0.12507369605687318
1.9206382978723404    -0.13234190214611974
1.9224468085106383    -0.1384978955157647
1.9242553191489362    -0.14331812420526763
1.9260638297872341    -0.14691714600116046
1.927872340425532    -0.14943073919240346
1.92968085106383    -0.1507413557540611
1.9314893617021278    -0.15068188839481372
1.9332978723404255    -0.14946887914204782
1.9351063829787234    -0.14773666854859535
1.9369148936170213    -0.14600020219343685
1.9387234042553192    -0.14413100700743353
1.940531914893617    -0.14152371060124763
1.942340425531915    -0.13786619676924938
1.944148936170213    -0.13367409176753442
1.9459574468085108    -0.12993249382116806
1.9477659574468085    -0.12716008750140284
1.9495744680851064    -0.12488133357895326
1.9513829787234043    -0.12207697951090218
1.9531914893617022    -0.11813018026983291
1.955    -0.11327634405313583
1.956808510638298    -0.10815860647187231
1.9586170212765959    -0.10308901097963757
1.9604255319148938    -0.09787960509634616
1.9622340425531914    -0.09237170944615622
1.9640425531914893    -0.0869456678526489
1.9658510638297872    -0.08232809565444615
1.9676595744680851    -0.07887028547582206
1.969468085106383    -0.07613029184226078
1.971276595744681    -0.07327341481955893
1.9730851063829788    -0.06987716288459467
1.9748936170212767    -0.06626251696166363
1.9767021276595744    -0.06300804596620668
1.9785106382978723    -0.06022068126305806
1.9803191489361702    -0.057389579845355546
1.9821276595744681    -0.0539618002789317
1.983936170212766    -0.049947926804118026
1.985744680851064    -0.04583897235016317
1.9875531914893618    -0.041914004625442605
1.9893617021276597    -0.03772886429660348
1.9911702127659574    -0.03239614819750487
1.9929787234042553    -0.025396287926206094
1.9947872340425532    -0.017063350981251557
1.996595744680851    -0.008218530012919778
1.998404255319149    0.0006826826470919213
2.0002127659574467    0.010020934346518708
2.0020212765957446    0.020630938294925332
2.0038297872340425    0.03295253912537431
2.0056382978723404    0.04653144166114992
2.0074468085106383    0.06030121056564068
2.009255319148936    0.07332524616496024
2.011063829787234    0.08531198266102392
2.012872340425532    0.09652694019360399
2.01468085106383    0.10731937005071561
2.016489361702128    0.1177661155693465
2.0182978723404257    0.12771174277388692
2.0201063829787236    0.13705897927148286
2.0219148936170215    0.14596323479935097
2.0237234042553194    0.15473898052193064
2.0255319148936173    0.16357950919473024
2.0273404255319147    0.17234152729473518
2.0291489361702126    0.18056074250118054
2.0309574468085105    0.18766503924150357
2.0327659574468084    0.19321281091809045
2.0345744680851063    0.19699200103791947
2.0363829787234042    0.19894056490941137
2.038191489361702    0.19899264371364295
2.04    0.19701077147873797
2.041808510638298    0.19288260435606203
2.043617021276596    0.18669692402354526
2.0454255319148937    0.17881246344223223
2.0472340425531916    0.16971013331337748
2.0490425531914895    0.15972952382642275
2.0508510638297874    0.1489342208241724
2.0526595744680853    0.13725741369869549
2.0544680851063832    0.12480654596509738
2.0562765957446807    0.1120195291737984
2.0580851063829786    0.099481355801255
2.0598936170212765    0.08754621969891793
2.0617021276595744    0.07613235406293814
2.0635106382978723    0.06491327533545571
2.06531914893617    0.053736360242488845
2.067127659574468    0.042853955324346105
2.068936170212766    0.03272554551580252
2.070744680851064    0.02358491015879178
2.072553191489362    0.01521648380684535
2.0743617021276597    0.00717733064701177
2.0761702127659576    -0.0007600469095038866
2.0779787234042555    -0.008400414695454928
2.0797872340425534    -0.015361889368411746
2.0815957446808513    -0.021494288704519946
2.083404255319149    -0.027029654060307006
2.085212765957447    -0.032308414191371954
2.0870212765957445    -0.0373817524511543
2.0888297872340424    -0.04191584015888945
2.0906382978723403    -0.045487470859849846
2.0924468085106382    -0.04794137953404759
2.094255319148936    -0.049440271757107676
2.096063829787234    -0.05020957566140839
2.097872340425532    -0.05032653985620239
2.09968085106383    -0.04982529066019037
2.1014893617021277    -0.04897807832330174
2.1032978723404256    -0.04835519374137738
2.1051063829787235    -0.048485329866442786
2.1069148936170214    -0.04940961224778083
2.1087234042553193    -0.050609199402350424
2.1105319148936172    -0.051443586389989596
2.112340425531915    -0.05170640313665188
2.114148936170213    -0.051759045532751735
2.1159574468085105    -0.05211752641323396
2.1177659574468084    -0.05292390658886714
2.1195744680851063    -0.05385282852463469
2.121382978723404    -0.05455988703354818
2.123191489361702    -0.05522393688507589
2.125    -0.05662560105490272
2.126808510638298    -0.05963728609429628
2.128617021276596    -0.06454341052294993
2.1304255319148937    -0.07075278559440526
2.1322340425531916    -0.0771080776685028
2.1340425531914895    -0.08250187588786781
2.1358510638297874    -0.08631788737406895
2.1376595744680853    -0.08844874491336502
2.139468085106383    -0.08903458198867217
2.141276595744681    -0.08825390515279774
2.143085106382979    -0.08634542151438754
2.1448936170212765    -0.08373457927291933
2.1467021276595744    -0.08099830571821892
2.1485106382978723    -0.07857224158272991
2.15031914893617    -0.07641882717189391
2.152127659574468    -0.0739975546358527
2.153936170212766    -0.07064021113574867
2.155744680851064    -0.06603508614197043
2.1575531914893618    -0.06037815599228247
2.1593617021276597    -0.05405645713171574
2.1611702127659576    -0.04721241306669652
2.1629787234042555    -0.039679722426640016
2.1647872340425534    -0.03138080335250806
2.1665957446808513    -0.02273103737890879
2.168404255319149    -0.014524459934525162
2.170212765957447    -0.007320667660808924
2.172021276595745    -0.0009484932264525962
2.1738297872340424    0.0053040825030177124
2.1756382978723403    0.011949982956797403
2.177446808510638    0.018764559495917203
2.179255319148936    0.025014086940886547
2.181063829787234    0.03019270065922383
2.182872340425532    0.03445630770458058
2.18468085106383    0.03829807405632485
2.1864893617021277    0.04188248791687328
2.1882978723404256    0.04483863399555289
2.1901063829787235    0.04675353356306075
2.1919148936170214    0.04775495702693912
2.1937234042553193    0.04844469800087205
2.195531914893617    0.04921157244400859
2.197340425531915    0.049717158716759136
2.199148936170213    0.04918336141001367
2.200957446808511    0.04718618225643678
2.2027659574468084    0.04406082503904081
2.2045744680851063    0.040470288862980736
2.206382978723404    0.03666379344401004
2.208191489361702    0.03229671174415803
2.21    0.02698927019902364
2.211808510638298    0.020903852880859115
2.2136170212765958    0.014605357380427897
2.2154255319148937    0.008358547508291136
2.2172340425531916    0.001734985134237291
2.2190425531914895    -0.005930032685161016
2.2208510638297874    -0.014690828492429898
2.2226595744680853    -0.02369489009218912
2.224468085106383    -0.03176654223781992
2.226276595744681    -0.0382286367466309
2.228085106382979    -0.04312152731887461
2.229893617021277    -0.046736768354337786
2.2317021276595743    -0.049146536149837515
2.233510638297872    -0.05028128730875115
2.23531914893617    -0.05032483659911816
2.237127659574468    -0.04978483912398623
2.238936170212766    -0.049065767322167685
2.240744680851064    -0.048083575930186744
2.2425531914893617    -0.04646319761687536
2.2443617021276596    -0.044113569528195555
2.2461702127659575    -0.04142989613045129
2.2479787234042554    -0.03877434827186214
2.2497872340425533    -0.03580274780044553
2.251595744680851    -0.03151104271002631
2.253404255319149    -0.025127656422434537
2.255212765957447    -0.016995732535019605
2.257021276595745    -0.008513623826382634
2.258829787234043    -0.0011490968490384442
2.2606382978723403    0.00453368610203112
2.262446808510638    0.008986124356659287
2.264255319148936    0.013006047519168625
2.266063829787234    0.017067834031079098
2.267872340425532    0.0212147352929549
2.2696808510638298    0.025346240568547233
2.2714893617021277    0.029387534006686335
2.2732978723404256    0.03316590195025419
2.2751063829787235    0.0362904368937729
2.2769148936170214    0.03832080188548409
2.2787234042553193    0.03909426129837096
2.280531914893617    0.03884318791607662
2.282340425531915    0.037979836151228075
2.284148936170213    0.036813747585628664
2.285957446808511    0.03550461975752922
2.2877659574468088    0.03422363148230535
2.2895744680851062    0.03323949673693091
2.291382978723404    0.032768449502756425
2.293191489361702    0.03273967963970206
2.295    0.03273521564197886
2.296808510638298    0.032172308185067666
2.2986170212765957    0.030573330469371315
2.3004255319148936    0.02774831219020217
2.3022340425531915    0.02383439657194271
2.3040425531914894    0.019208572953857424
2.3058510638297873    0.014298342375392556
2.3076595744680852    0.0093732163216496
2.309468085106383    0.004484412576526877
2.311276595744681    -0.00035391166515529125
2.313085106382979    -0.004911226317878597
2.314893617021277    -0.008740539552150706
2.3167021276595747    -0.011522046913768846
2.3185106382978726    -0.013399737048301635
2.32031914893617    -0.014860535877427396
2.322127659574468    -0.01617784443851299
2.323936170212766    -0.01699516407360969
2.325744680851064    -0.016558939938652806
2.3275531914893617    -0.014405825884691484
2.3293617021276596    -0.010766509989202158
2.3311702127659575    -0.006252522978374156
2.3329787234042554    -0.0012250962955089656
2.3347872340425533    0.004399316600235052
2.336595744680851    0.010729861635526153
2.338404255319149    0.01748801861984826
2.340212765957447    0.024205669589445474
2.342021276595745    0.030796154351198455
2.343829787234043    0.037672638368152433
2.3456382978723407    0.045092297676412
2.3474468085106386    0.0524488808385291
2.349255319148936    0.05847890093645235
2.351063829787234    0.06234815721072684
2.352872340425532    0.06447427656141072
2.3546808510638297    0.06611001687926168
2.3564893617021276    0.06807033820831188
2.3582978723404255    0.06996917394229865
2.3601063829787234    0.07075792925790997
2.3619148936170213    0.06988879550662838
2.3637234042553192    0.06779409467106284
2.365531914893617    0.06528031033855947
2.367340425531915    0.06271556508531831
2.369148936170213    0.05997851742855945
2.370957446808511    0.057019888076176445
2.3727659574468087    0.054072982815351014
2.3745744680851066    0.05110888495534548
2.3763829787234045    0.04730840369135801
2.378191489361702    0.04150068714901313
2.38    0.03334186215548149
2.381808510638298    0.02392281699108833
2.3836170212765957    0.0149601382394439
2.3854255319148936    0.007309648360180058
2.3872340425531915    0.0003691499804149602
2.3890425531914894    -0.007029883485298409
2.3908510638297873    -0.015288695691062552
2.392659574468085    -0.023710386112190993
2.394468085106383    -0.03136032909311566
2.396276595744681    -0.03796489025742547
2.398085106382979    -0.04384215650017301
2.399893617021277    -0.04916972751838866
2.4017021276595747    -0.05366007290758412
2.4035106382978726    -0.057035826134526554
2.4053191489361705    -0.059564412041335654
2.407127659574468    -0.06183846016441759
2.408936170212766    -0.06403956804060838
2.4107446808510637    -0.06567065625095765
2.4125531914893616    -0.06616859672198992
2.4143617021276595    -0.06564788063173684
2.4161702127659574    -0.06480433088776465
2.4179787234042553    -0.0640470065246873
2.4197872340425532    -0.06291181204673295
2.421595744680851    -0.060483402576836265
2.423404255319149    -0.05632824325628433
2.425212765957447    -0.05086422513515382
2.427021276595745    -0.04484709582628216
2.4288297872340427    -0.03872351190588916
2.4306382978723406    -0.0326243260586845
2.4324468085106385    -0.02680809572567569
2.4342553191489364    -0.021756280643827904
2.436063829787234    -0.01768009254884024
2.437872340425532    -0.01412936757266433
2.4396808510638297    -0.010378512905125752
2.4414893617021276    -0.0062583006596176015
2.4432978723404255    -0.0024339449643100853
2.4451063829787234    0.00025489553745758776
2.4469148936170213    0.001613372223160835
2.448723404255319    0.0020830172445068036
2.450531914893617    0.0019683233007766992
2.452340425531915    0.000934868516178947
2.454148936170213    -0.0015467843375218814
2.455957446808511    -0.005375750420611522
2.4577659574468087    -0.00969250649598379
2.4595744680851066    -0.013649148921401828
2.4613829787234045    -0.01714756638614623
2.4631914893617024    -0.020684359402735997
2.465    -0.024593395978516064
2.4668085106382978    -0.028690356013418572
2.4686170212765957    -0.032689955303608846
2.4704255319148936    -0.036682663886906226
2.4722340425531915    -0.040911218627039066
2.4740425531914894    -0.045142779644879234
2.4758510638297873    -0.048618944517598635
2.477659574468085    -0.050858357609642045
2.479468085106383    -0.05235686741820645
2.481276595744681    -0.054166088584740084
2.483085106382979    -0.05667297657851945
2.4848936170212768    -0.0589980470472781
2.4867021276595747    -0.05980764030201575
2.4885106382978726    -0.058666604476789
2.4903191489361705    -0.05639621935962116
2.4921276595744684    -0.054092794947290516
2.493936170212766    -0.05203161756417166
2.4957446808510637    -0.04968946531702422
2.4975531914893616    -0.04662843129792061
2.4993617021276595    -0.042953524182313234
2.5011702127659574    -0.03878956979649579
2.5029787234042553    -0.0336767970626042
2.504787234042553    -0.026960564262138192
2.506595744680851    -0.018859625447751806
2.508404255319149    -0.010791196781297474
2.510212765957447    -0.004281665098347818
2.512021276595745    0.0004419701482897727
2.5138297872340427    0.004559914263652167
2.5156382978723406    0.009324875252087628
2.5174468085106385    0.014835442803592957
2.5192553191489364    0.020268367116349575
2.5210638297872343    0.025096268410025508
2.5228723404255318    0.029679152229669537
2.5246808510638297    0.034562848577255514
2.5264893617021276    0.03955218898011771
2.5282978723404255    0.043873528330411735
2.5301063829787234    0.04721029409662425
2.5319148936170213    0.05015275418150518
2.533723404255319    0.05334411240110458
2.535531914893617    0.05639150231684027
2.537340425531915    0.05806120770030611
2.539148936170213    0.057697430463475585
2.5409574468085108    0.05616853506244922
2.5427659574468087    0.05509677088422095
2.5445744680851066    0.05518655051224977
2.5463829787234045    0.05557896859413905
2.5481914893617024    0.05493025139312718
2.5500000000000003    0.05287560396764747
2.551808510638298    0.05020728482394174
2.5536170212765956    0.04777964844002801
2.5554255319148935    0.04564935204840519
2.5572340425531914    0.043427377435361986
2.5590425531914893    0.041110044940370974
2.560851063829787    0.039089863381781526
2.562659574468085    0.03732670677402854
2.564468085106383    0.03497931712020723
2.566276595744681    0.031290225701352856
2.568085106382979    0.02678389412563506
2.5698936170212767    0.023193917771194443
2.5717021276595746    0.021953291911761985
2.5735106382978725    0.022848229329510812
2.5753191489361704    0.02431545168763373
2.5771276595744683    0.02497428986770609
2.578936170212766    0.024654535120424946
2.580744680851064    0.023974647162646343
2.5825531914893616    0.02331297389174746
2.5843617021276595    0.02252667001262311
2.5861702127659574    0.021535258025884692
2.5879787234042553    0.020699724932304008
2.589787234042553    0.020367176513048063
2.591595744680851    0.0202811310687792
2.593404255319149    0.019833716033748547
2.595212765957447    0.01892683602281084
2.5970212765957448    0.018217945847959043
2.5988297872340427    0.01824112267865155
2.6006382978723406    0.018460723452397257
2.6024468085106385    0.01758628144807893
2.6042553191489364    0.014929727469170664
2.6060638297872343    0.011167782083486316
2.607872340425532    0.0075119245194215055
2.60968085106383    0.004278646310463442
2.6114893617021275    0.0006452529667507626
2.6132978723404254    -0.004117538408827919
2.6151063829787233    -0.009549104351563899
2.6169148936170212    -0.014489421097847108
2.618723404255319    -0.018543312071415886
2.620531914893617    -0.022602930760034147
2.622340425531915    -0.02770128788200997
2.624148936170213    -0.03364662679612704
2.6259574468085107    -0.039214949970984916
2.6277659574468086    -0.043677090339605804
2.6295744680851065    -0.04767425310625978
2.6313829787234044    -0.05225375146763388
2.6331914893617023    -0.057266054141124664
2.6350000000000002    -0.06123120881621437
2.636808510638298    -0.06297980660485791
2.638617021276596    -0.06310866003052726
2.6404255319148935    -0.06344829290667248
2.6422340425531914    -0.06514997650070808
2.6440425531914893    -0.06764679020392883
2.645851063829787    -0.06959751958730567
2.647659574468085    -0.07049251566291095
2.649468085106383    -0.07094892188812385
2.651276595744681    -0.07155177507759464
2.653085106382979    -0.07194639561902394
2.6548936170212767    -0.0713934529449243
2.6567021276595746    -0.0699323305703825
2.6585106382978725    -0.06846035179810667
2.6603191489361704    -0.0675313248048367
2.6621276595744683    -0.06648399397547727
2.663936170212766    -0.06417773570269406
2.665744680851064    -0.0605160484906208
2.667553191489362    -0.05681525665162114
2.6693617021276594    -0.054445990535182814
2.6711702127659573    -0.05333363178816565
2.6729787234042552    -0.052104548342929366
2.674787234042553    -0.049651331017334904
2.676595744680851    -0.04620736663188123
2.678404255319149    -0.04274103038464555
2.680212765957447    -0.039597958997850555
2.6820212765957447    -0.03613267548016352
2.6838297872340426    -0.031660181933183276
2.6856382978723405    -0.026362448782958153
2.6874468085106384    -0.020979585049582597
2.6892553191489363    -0.01581411360628074
2.6910638297872342    -0.010463370407030034
2.692872340425532    -0.004631874827021957
2.69468085106383    0.0011497034606645748
2.696489361702128    0.00599065770596403
2.6982978723404254    0.009796293936634802
2.7001063829787233    0.013632046516814298
2.701914893617021    0.018740528467420487
2.703723404255319    0.025312994101179962
2.705531914893617    0.03240056618132327
2.707340425531915    0.03895708680261881
2.709148936170213    0.04473627596036783
2.7109574468085107    0.050138519498554746
2.7127659574468086    0.055469834124825326
2.7145744680851065    0.06063520478698216
2.7163829787234044    0.06548255728891032
2.7181914893617023    0.07010513176903645
2.72    0.0746258479971131
2.721808510638298    0.07887494398894014
2.723617021276596    0.08256816938996793
2.725425531914894    0.08580987897513857
2.7272340425531914    0.08916139000081509
2.7290425531914893    0.09305074101408266
2.730851063829787    0.09724980464282114
2.732659574468085    0.10113195103187501
2.734468085106383    0.10437763439960927
2.736276595744681    0.1071483381407911
2.7380851063829788    0.10947369748951206
2.7398936170212767    0.11076341661028634
2.7417021276595746    0.11030570459920384
2.7435106382978725    0.10826787382779075
2.7453191489361704    0.10584390895672018
2.7471276595744683    0.10411052749773926
2.748936170212766    0.10283044573910081
2.750744680851064    0.10069271875014342
2.752553191489362    0.09681772733415615
2.75436170212766    0.09177801599645492
2.7561702127659573    0.08691567567965457
2.757978723404255    0.08278803743068598
2.759787234042553    0.07861359264436359
2.761595744680851    0.073326728719618
2.763404255319149    0.06688016683267896
2.765212765957447    0.06021401115713114
2.7670212765957447    0.054042855223975825
2.7688297872340426    0.048047092418637125
2.7706382978723405    0.04141555705505151
2.7724468085106384    0.03391004091223816
2.7742553191489363    0.02604405043978493
2.776063829787234    0.018254882224239308
2.777872340425532    0.010303095856048453
2.77968085106383    0.0017497314118312766
2.781489361702128    -0.007183873633761354
2.783297872340426    -0.015640795771457758
2.7851063829787237    -0.023105558370663
2.786914893617021    -0.03004972419781987
2.788723404255319    -0.037319418767743376
2.790531914893617    -0.044988133733613225
2.792340425531915    -0.05216102810553361
2.7941489361702128    -0.058035444800050975
2.7959574468085107    -0.06289704683107726
2.7977659574468086    -0.0677806915819981
2.7995744680851065    -0.07320924449612275
2.8013829787234044    -0.07857996854331394
2.8031914893617023    -0.08292261028676605
2.805    -0.08602070102145883
2.806808510638298    -0.08849551383825956
2.808617021276596    -0.09084824481298719
2.810425531914894    -0.09277937984853045
2.8122340425531918    -0.0936580850437564
2.8140425531914897    -0.09345674522055324
2.815851063829787    -0.09287471342529859
2.817659574468085    -0.09249201615281812
2.819468085106383    -0.09209320285392682
2.821276595744681    -0.09105949300600065
2.8230851063829787    -0.08929455024575657
2.8248936170212766    -0.08744086540064157
2.8267021276595745    -0.08608342226054876
2.8285106382978724    -0.08496461972895951
2.8303191489361703    -0.08321000023357301
2.832127659574468    -0.08025833313865553
2.833936170212766    -0.07633342329333191
2.835744680851064    -0.07196382525268095
2.837553191489362    -0.06729508094546353
2.83936170212766    -0.062104144917070656
2.8411702127659577    -0.05637941941931403
2.8429787234042556    -0.050551082293800106
2.844787234042553    -0.04499460124765685
2.846595744680851    -0.039503090350615236
2.848404255319149    -0.03352481916193836
2.8502127659574468    -0.026930998781655634
2.8520212765957447    -0.02032004868934769
2.8538297872340426    -0.014431275830862428
2.8556382978723405    -0.009396630647392299
2.8574468085106384    -0.004762209884567119
2.8592553191489363    -0.00019070168760984118
2.861063829787234    0.004122224783308334
2.862872340425532    0.00785392720316025
2.86468085106383    0.011176901344815887
2.866489361702128    0.014687224824019844
2.8682978723404258    0.018680007869978435
2.8701063829787237    0.0227340948392631
2.8719148936170216    0.026202644402285848
2.873723404255319    0.029015265082191606
2.875531914893617    0.031759445975342415
2.877340425531915    0.03492012044031151
2.8791489361702127    0.038234106169141094
2.8809574468085106    0.04096131718209742
2.8827659574468085    0.04270659689656531
2.8845744680851064    0.043769140569174886
2.8863829787234043    0.044663293190807876
2.8881914893617022    0.04551438782084842
2.89    0.046097235399195136
2.891808510638298    0.046345471103783856
2.893617021276596    0.046535928166084234
2.895425531914894    0.04687055728336867
2.8972340425531917    0.04707625030994925
2.8990425531914896    0.04664994695416537
2.9008510638297875    0.045471986587838825
2.902659574468085    0.043954126693063186
2.904468085106383    0.042484587684770064
2.906276595744681    0.04090057664939159
2.9080851063829787    0.038727199315114744
2.9098936170212766    0.03590715151671495
2.9117021276595745    0.033048088879942705
2.9135106382978724    0.030801891977269694
2.9153191489361703    0.02913166319849482
2.917127659574468    0.027414016371190474
2.918936170212766    0.025274865598498043
2.920744680851064    0.023106675781340555
2.922553191489362    0.02160327737836796
2.92436170212766    0.02089011062882664
2.9261702127659577    0.02033334309991528
2.9279787234042556    0.01924317533591434
2.9297872340425535    0.017572284904706616
2.931595744680851    0.015766966556527248
2.933404255319149    0.014041049261733489
2.9352127659574467    0.012054209482110525
2.9370212765957446    0.009397298323105083
2.9388297872340425    0.006215553109477103
2.9406382978723404    0.003134130198032761
2.9424468085106383    0.0005692566021051728
2.9442553191489362    -0.0017067781754410505
2.946063829787234    -0.004222530422410399
2.947872340425532    -0.007144202904927798
2.94968085106383    -0.010100273369153989
2.951489361702128    -0.012633126958771203
2.9532978723404257    -0.01465622942000835
2.9551063829787236    -0.01639909847242399
2.9569148936170215    -0.018049290766077856
2.9587234042553194    -0.019633009111002804
2.960531914893617    -0.0212257727874128
2.962340425531915    -0.023061842325068263
2.9641489361702127    -0.025279356564948355
2.9659574468085106    -0.027642215473207464
2.9677659574468085    -0.029717401197184204
2.9695744680851064    -0.03139228768390631
2.9713829787234043    -0.03307705212526346
2.973191489361702    -0.03524240383759049
2.975    -0.03777816053752091
2.976808510638298    -0.03995443734500276
2.978617021276596    -0.041088271736583304
2.980425531914894    -0.04117007790906163
2.9822340425531917    -0.040740292675550877
2.9840425531914896    -0.04019524934340296
2.9858510638297875    -0.03935901083648799
2.9876595744680854    -0.0378002670965598
2.989468085106383    -0.03546802087239595
2.9912765957446807    -0.03286955644375711
2.9930851063829786    -0.030596698493367783
2.9948936170212765    -0.028770762459773676
2.9967021276595744    -0.02702186444185095
2.9985106382978723    -0.02496523878989345
3.0003191489361702    -0.02260502397259323
3.002127659574468    -0.02025922621519792
3.003936170212766    -0.01816911965949454
3.005744680851064    -0.016247806376267097
3.007553191489362    -0.01419148645942312
3.0093617021276597    -0.011787125844964347
3.0111702127659576    -0.0091234912749273
3.0129787234042555    -0.00656689090869517
3.0147872340425534    -0.004549119281866644
3.0165957446808513    -0.003298863825715809
3.0184042553191492    -0.002676406003514674
3.0202127659574467    -0.0022531633680672953
3.0220212765957446    -0.0016278593060970676
3.0238297872340425    -0.0007339423740242951
3.0256382978723404    0.00017056886811006805
3.0274468085106383    0.0008561334148593578
3.029255319148936    0.001451955370941705
3.031063829787234    0.0023558907418535857
3.032872340425532    0.003772025223641476
3.03468085106383    0.005380563555635611
3.036489361702128    0.006556117955447316
3.0382978723404257    0.0069579026892833086
3.0401063829787236    0.006872620893972275
3.0419148936170215    0.006924543633367824
3.0437234042553194    0.007442814072518743
3.0455319148936173    0.008144363955815418
3.047340425531915    0.008444169996664318
3.0491489361702127    0.00803784644928093
3.0509574468085106    0.007149355519531572
3.0527659574468085    0.0062428460908649785
3.0545744680851064    0.005575076170723042
3.0563829787234043    0.005079705557569753
3.058191489361702    0.004648742432226342
3.06    0.004424069696043668
3.061808510638298    0.00473043213381359
3.063617021276596    0.005714668946433186
3.0654255319148938    0.0071023825660734945
3.0672340425531917    0.008367510517305356
3.0690425531914896    0.009173269778637663
3.0708510638297875    0.009657464074498943
3.0726595744680854    0.010291206461109939
3.0744680851063833    0.011457721844154084
3.076276595744681    0.013143799765270237
3.0780851063829786    0.014985313346575917
3.0798936170212765    0.016555477070892406
3.0817021276595744    0.017604905347650007
3.0835106382978723    0.01809868617189436
3.08531914893617    0.01813448243303129
3.087127659574468    0.017883679674409392
3.088936170212766    0.017561907906204325
3.090744680851064    0.017345253309423037
3.092553191489362    0.017251167449521248
3.0943617021276597    0.01713812518022827
3.0961702127659576    0.016896486141192015
3.0979787234042555    0.016647031133155767
3.0997872340425534    0.016674167181089532
3.1015957446808513    0.017095309503440227
3.103404255319149    0.017627539173797762
3.105212765957447    0.01778236608587434
3.1070212765957446    0.01734810047394245
3.1088297872340425    0.016637215373715913
3.1106382978723404    0.016189641058616405
3.1124468085106383    0.0162421535372245
3.114255319148936    0.016564963913471665
3.116063829787234    0.01683789160597113
3.117872340425532    0.017080681967729907
3.11968085106383    0.017584083219055465
3.1214893617021278    0.01842772536996073
3.1232978723404257    0.019229502338372496
3.1251063829787236    0.01951267501542232
3.1269148936170215    0.019279437297851202
3.1287234042553194    0.01904928118681538
3.1305319148936173    0.019235386676348516
3.132340425531915    0.01957965062007694
3.134148936170213    0.019373086052247943
3.1359574468085105    0.018271385936151848
3.1377659574468084    0.01675907012843726
3.1395744680851063    0.015673526477881974
3.141382978723404    0.015296048597520928
3.143191489361702    0.015051025396876472
3.145    0.014167428530994952
3.146808510638298    0.012545961429741796
3.148617021276596    0.010848943818055071
3.1504255319148937    0.009742037911932101
3.1522340425531916    0.00917974306740521
3.1540425531914895    0.00852820897019307
3.1558510638297874    0.007326339075779221
3.1576595744680853    0.00578639857479572
3.159468085106383    0.004497999181094212
3.161276595744681    0.0037239379948086817
3.163085106382979    0.0030785964969077323
3.1648936170212765    0.001881889055042306
3.1667021276595744    -0.0002498897728750915
3.1685106382978723    -0.0031646058130978512
3.17031914893617    -0.006405389376556739
3.172127659574468    -0.009575446729126816
3.173936170212766    -0.012512319652812874
3.175744680851064    -0.015249501888569907
3.1775531914893618    -0.01790792041542263
3.1793617021276597    -0.020588946358662114
3.1811702127659576    -0.023271511869385083
3.1829787234042555    -0.025777085370427073
3.1847872340425534    -0.027890875735812417
3.1865957446808513    -0.029569875631891413
3.188404255319149    -0.031001649033797905
3.190212765957447    -0.03238574797856976
3.192021276595745    -0.03364174834830719
3.1938297872340424    -0.03440015470551969
3.1956382978723403    -0.03435369042294656
3.1974468085106382    -0.033617376933146925
3.199255319148936    -0.03268489852468051
3.201063829787234    -0.031990370869336385
3.202872340425532    -0.031522072610352336
3.20468085106383    -0.03088209616904363
3.2064893617021277    -0.029703724316254718
3.2082978723404256    -0.027977929351363798
3.2101063829787235    -0.02598729138359064
3.2119148936170214    -0.02398842767183197
3.2137234042553193    -0.022007228679347755
3.2155319148936172    -0.019912251389343702
3.217340425531915    -0.01760675645254111
3.219148936170213    -0.01510908412702102
3.220957446808511    -0.012488454044691882
3.2227659574468084    -0.009792159045315427
3.2245744680851063    -0.007050336718251865
3.226382978723404    -0.004303629741633792
3.228191489361702    -0.001583993314287136
3.23    0.0011133992619385704
3.231808510638298    0.0037887763133583542
3.233617021276596    0.006354452085135779
3.2354255319148937    0.008632495720655655
3.2372340425531916    0.010476049792114495
3.2390425531914895    0.011884566897651742
3.2408510638297874    0.012960675869536907
3.2426595744680853    0.013747867218718074
3.244468085106383    0.014158395385574061
3.246276595744681    0.01410609680103154
3.248085106382979    0.013689340164540412
3.249893617021277    0.01317115389940472
3.251702127659575    0.012737927022268556
3.2535106382978722    0.012316132258133381
3.25531914893617    0.011695350864878643
3.257127659574468    0.010839311043431754
3.258936170212766    0.010003263170893712
3.260744680851064    0.009475561504693841
3.2625531914893617    0.009223744505988769
3.2643617021276596    0.00888626174903842
3.2661702127659575    0.00817001404500932
3.2679787234042554    0.0072158746675784775
3.2697872340425533    0.006491633749663968
3.2715957446808512    0.006306950875797211
3.273404255319149    0.006495280764552823
3.275212765957447    0.006620829786503007
3.277021276595745    0.006452625663679674
3.278829787234043    0.006144013813429381
3.2806382978723407    0.005934679515239986
3.282446808510638    0.005784120951105471
3.284255319148936    0.005414369611799566
3.286063829787234    0.004704278996330684
3.287872340425532    0.003919383258808478
3.28968085106383    0.0034646336789325343
3.2914893617021277    0.0034534402848218496
3.2932978723404256    0.0036206659311047154
3.2951063829787235    0.0036725273191290653
3.2969148936170214    0.003625240853338288
3.2987234042553193    0.0037276693568680797
3.300531914893617    0.004113787849256511
3.302340425531915    0.004655587181551483
3.304148936170213    0.005173632859233654
3.305957446808511    0.00566195558875039
3.307765957446809    0.006189855969826739
3.3095744680851067    0.006638331358314271
3.311382978723404    0.006701847153674665
3.313191489361702    0.0062211143937399
3.315    0.005401635029031723
3.316808510638298    0.004566371728150165
3.3186170212765957    0.003727145109890615
3.3204255319148936    0.0025707841957163264
3.3222340425531915    0.0009393564618063142
3.3240425531914894    -0.000827300366530026
3.3258510638297873    -0.0022226310386665063
3.3276595744680852    -0.0032279773515805532
3.329468085106383    -0.004409519345649308
3.331276595744681    -0.00620496245529709
3.333085106382979    -0.008231118728704401
3.334893617021277    -0.009554022821729905
3.3367021276595747    -0.009720952090989408
3.3385106382978726    -0.009336864335381168
3.34031914893617    -0.009431487031721128
3.342127659574468    -0.010333236436118231
3.343936170212766    -0.011413995324972687
3.345744680851064    -0.01201329652020405
3.3475531914893617    -0.012366424010651602
3.3493617021276596    -0.013336382491599453
3.3511702127659575    -0.015264650135872193
3.3529787234042554    -0.017406918141611848
3.3547872340425533    -0.01871543312735164
3.356595744680851    -0.019028464584806032
3.358404255319149    -0.019190594523715847
3.360212765957447    -0.019959007876922126
3.362021276595745    -0.021069461423147584
3.363829787234043    -0.021610298803812537
3.3656382978723407    -0.021181116232704834
3.3674468085106386    -0.020339105922280387
3.369255319148936    -0.019791225926704965
3.371063829787234    -0.01941574355935166
3.372872340425532    -0.018391529135677084
3.3746808510638298    -0.016254951872636612
3.3764893617021277    -0.013508355294941307
3.3782978723404256    -0.011011445949076791
3.3801063829787235    -0.008971516280694255
3.3819148936170214    -0.006833980473532331
3.3837234042553193    -0.004160384726901325
3.385531914893617    -0.0012944983949885946
3.387340425531915    0.0010587966805822178
3.389148936170213    0.00274970813251868
3.390957446808511    0.004352774342407286
3.3927659574468088    0.006359148171438368
3.3945744680851067    0.00846939289234147
3.3963829787234046    0.009929910320485472
3.398191489361702    0.01047442408720961
3.4    0.01064399919245538
3.401808510638298    0.011094313449630758
3.4036170212765957    0.01182718025306529
3.4054255319148936    0.012344865165387034
3.4072340425531915    0.01246920404290133
3.4090425531914894    0.012686573068504799
3.4108510638297873    0.01353674303177128
3.412659574468085    0.014857472671277332
3.414468085106383    0.01589565983854644
3.416276595744681    0.016151702367191857
3.418085106382979    0.015873847671893912
3.419893617021277    0.015611352084584265
3.4217021276595747    0.015477910243122159
3.4235106382978726    0.01510424639898009
3.4253191489361705    0.014272556885641097
3.427127659574468    0.013295299455370287
3.428936170212766    0.012585333579174993
3.4307446808510638    0.012014384924454353
3.4325531914893617    0.01098255738468688
3.4343617021276596    0.009163659231028718
3.4361702127659575    0.006948394885645508
3.4379787234042554    0.004976335245842244
3.4397872340425533    0.0033558128398776532
3.441595744680851    0.0015981458945397995
3.443404255319149    -0.0006499473356517895
3.445212765957447    -0.0030556847098610323
3.447021276595745    -0.00497231724879231
3.4488297872340428    -0.006243616812333366
3.4506382978723407    -0.007367406452620729
3.4524468085106386    -0.008794396612070252
3.4542553191489365    -0.010295340101897612
3.456063829787234    -0.011249957413963823
3.457872340425532    -0.011489336272868075
3.4596808510638297    -0.011575514819342981
3.4614893617021276    -0.012126698488237098
3.4632978723404255    -0.013048256522217111
3.4651063829787234    -0.013660848919394175
3.4669148936170213    -0.013551016570982701
3.468723404255319    -0.013035316048988367
3.470531914893617    -0.012651148933185925
3.472340425531915    -0.01237725656304153
3.474148936170213    -0.011646539260763492
3.475957446808511    -0.010162750974246494
3.4777659574468087    -0.008441351238127563
3.4795744680851066    -0.00730232455257258
3.4813829787234045    -0.00688118847883072
3.4831914893617024    -0.006383075730055627
3.4850000000000003    -0.0049258823607563305
3.4868085106382978    -0.0024937366558109965
3.4886170212765957    9.966530479491986e-05
3.4904255319148936    0.0021294172776442468
3.4922340425531915    0.003630879844342191
3.4940425531914894    0.00509331178050807
3.4958510638297873    0.00668820976687563
3.497659574468085    0.008052592298404493
3.499468085106383    0.008843106791325862
3.501276595744681    0.009258748022588064
3.503085106382979    0.00980949902555196
3.5048936170212768    0.010638696240902579
3.5067021276595747    0.01131907249240938
3.5085106382978726    0.011430741641466912
3.5103191489361705    0.011185281990570992
3.5121276595744684    0.011249739708379853
3.5139361702127663    0.011929666432368195
3.5157446808510637    0.01273085965978727
3.5175531914893616    0.012911772466332815
3.5193617021276595    0.012414613798543469
3.5211702127659574    0.012033009563977834
3.5229787234042553    0.012542841662617595
3.5247872340425532    0.013779063577767137
3.526595744680851    0.014752710494360333
3.528404255319149    0.014691327127932162
3.530212765957447    0.01378850388638286
3.532021276595745    0.01279767019683474
3.5338297872340427    0.011999828228072086
3.5356382978723406    0.010831136888683163
3.5374468085106385    0.008643250640853691
3.5392553191489364    0.0056640182337674375
3.5410638297872343    0.002949589208684735
3.5428723404255322    0.0013313648845322658
3.5446808510638297    0.0005916965781989996
3.5464893617021276    -0.0001655634706234499
3.5482978723404255    -0.0014327495043950501
3.5501063829787234    -0.002833205212103809
3.5519148936170213    -0.003796501296408596
3.553723404255319    -0.004450430469603419
3.555531914893617    -0.005541857094526566
3.557340425531915    -0.007458825719133384
3.559148936170213    -0.00961405099311229
3.560957446808511    -0.011033766804551634
3.5627659574468087    -0.011473792932889776
3.5645744680851066    -0.011687143743631907
3.5663829787234045    -0.01250716777082016
3.5681914893617024    -0.013888547071210598
3.5700000000000003    -0.015086137173904921
3.571808510638298    -0.015695720169137974
3.5736170212765956    -0.016192778724800804
3.5754255319148935    -0.017278374508976898
3.5772340425531914    -0.018899084661757732
3.5790425531914893    -0.020231293773412744
3.5808510638297872    -0.02066343608283303
3.582659574468085    -0.020512736726656138
3.584468085106383    -0.020564415693866262
3.586276595744681    -0.021054029665906773
3.588085106382979    -0.021419699597127726
3.5898936170212767    -0.021117426793943055
3.5917021276595746    -0.020394348902854634
3.5935106382978725    -0.019992034784387994
3.5953191489361704    -0.02018197782228538
3.5971276595744683    -0.020411385383330028
3.5989361702127662    -0.020010047826463397
3.600744680851064    -0.019004885100188013
3.6025531914893616    -0.017984491475430752
3.6043617021276595    -0.017261947706526597
3.6061702127659574    -0.01651472657130602
3.6079787234042553    -0.015380282633297607
3.609787234042553    -0.014131260909930034
3.611595744680851    -0.01342036247610802
3.613404255319149    -0.013377613186668313
3.615212765957447    -0.013293311834189286
