0.0    0.0
0.0018085106382978724    0.0
0.003617021276595745    0.0
0.005425531914893617    0.0
0.00723404255319149    0.0
0.009042553191489363    0.0
0.010851063829787235    0.0
0.012659574468085107    0.0
0.01446808510638298    0.0
0.016276595744680853    0.0
0.018085106382978725    0.0
0.019893617021276597    0.0
0.02170212765957447    0.0
0.023510638297872342    0.0
0.025319148936170214    0.0
0.027127659574468086    0.0
0.02893617021276596    0.0
0.03074468085106383    0.0
0.032553191489361706    0.0
0.03436170212765958    0.0
0.03617021276595745    0.0
0.03797872340425532    0.0
0.039787234042553195    0.0
0.04159574468085107    0.0
0.04340425531914894    0.0
0.04521276595744681    0.0
0.047021276595744683    0.0
0.048829787234042556    0.0
0.05063829787234043    0.0
0.0524468085106383    0.0
0.05425531914893617    0.0
0.056063829787234044    0.0
0.05787234042553192    0.0
0.05968085106382979    0.0
0.06148936170212766    0.0
0.06329787234042554    0.0
0.06510638297872341    0.0
0.06691489361702128    0.0
0.06872340425531916    0.0
0.07053191489361703    0.0
0.0723404255319149    0.0
0.07414893617021277    0.0
0.07595744680851065    0.0
0.07776595744680852    0.0
0.07957446808510639    0.0
0.08138297872340426    0.0
0.08319148936170213    0.0
0.085    0.0
0.08680851063829788    0.0
0.08861702127659575    0.0
0.09042553191489362    0.0
0.0922340425531915    0.0
0.09404255319148937    0.0
0.09585106382978724    0.0
0.09765957446808511    0.0
0.09946808510638298    0.0
0.10127659574468086    0.0
0.10308510638297873    0.0
0.1048936170212766    0.0
0.10670212765957447    0.0
0.10851063829787234    0.0
0.11031914893617022    0.0
0.11212765957446809    0.0
0.11393617021276596    0.0
0.11574468085106383    0.0
0.1175531914893617    0.0
0.11936170212765958    0.0
0.12117021276595745    0.0
0.12297872340425532    0.0
0.1247872340425532    0.0
0.12659574468085108    0.0
0.12840425531914895    0.0
0.13021276595744682    0.0
0.1320212765957447    0.0
0.13382978723404257    0.0
0.13563829787234044    0.0
0.1374468085106383    0.0
0.13925531914893619    0.0
0.14106382978723406    0.0
0.14287234042553193    0.0
0.1446808510638298    0.0
0.14648936170212767    0.0
0.14829787234042555    0.0
0.15010638297872342    0.0
0.1519148936170213    0.0
0.15372340425531916    0.0
0.15553191489361703    0.0
0.1573404255319149    0.0
0.15914893617021278    0.0
0.16095744680851065    0.0
0.16276595744680852    0.0
0.1645744680851064    0.0
0.16638297872340427    0.0
0.16819148936170214    0.0
0.17    0.0
0.17180851063829788    0.0
0.17361702127659576    0.0
0.17542553191489363    0.0
0.1772340425531915    0.0
0.17904255319148937    0.0
0.18085106382978725    0.0
0.18265957446808512    0.0
0.184468085106383    0.0
0.18627659574468086    0.0
0.18808510638297873    0.0
0.1898936170212766    0.0
0.19170212765957448    0.0
0.19351063829787235    0.0
0.19531914893617022    0.0
0.1971276595744681    0.0
0.19893617021276597    0.0
0.20074468085106384    0.0
0.2025531914893617    0.0
0.20436170212765958    0.0
0.20617021276595746    0.0
0.20797872340425533    0.0
0.2097872340425532    0.0
0.21159574468085107    0.0
0.21340425531914894    0.0
0.21521276595744682    0.0
0.2170212765957447    0.0
0.21882978723404256    0.0
0.22063829787234043    0.0
0.2224468085106383    0.0
0.22425531914893618    0.0
0.22606382978723405    0.0
0.22787234042553192    0.0
0.2296808510638298    0.0
0.23148936170212767    0.0
0.23329787234042554    0.0
0.2351063829787234    0.0
0.23691489361702128    0.0
0.23872340425531915    0.0
0.24053191489361703    0.0
0.2423404255319149    0.0
0.24414893617021277    0.0
0.24595744680851064    0.0
0.24776595744680852    0.0
0.2495744680851064    0.0
0.25138297872340426    0.0
0.25319148936170216    0.0
0.255    0.0
0.2568085106382979    0.0
0.25861702127659575    0.0
0.26042553191489365    0.0
0.2622340425531915    0.0
0.2640425531914894    0.0
0.26585106382978724    0.0
0.26765957446808514    0.0
0.269468085106383    0.0
0.2712765957446809    0.0
0.2730851063829787    0.0
0.2748936170212766    0.0
0.27670212765957447    0.0
0.27851063829787237    0.0
0.2803191489361702    0.0
0.2821276595744681    2.4251138289680503e-307
0.28393617021276596    1.2670104302930215e-302
0.28574468085106386    1.995724145176805e-298
0.2875531914893617    1.5043295127373176e-294
0.2893617021276596    6.647129720767818e-291
0.29117021276595745    1.931913143368011e-287
0.29297872340425535    3.978525648536738e-284
0.2947872340425532    6.115974939854369e-281
0.2965957446808511    7.293801981075536e-278
0.29840425531914894    6.951365276399184e-275
0.30021276595744684    5.42049457212991e-272
0.3020212765957447    3.525113932665006e-269
0.3038297872340426    1.9425142002156492e-266
0.3056382978723404    9.192165402805568e-264
0.3074468085106383    3.778260902281799e-261
0.30925531914893617    1.3622899196725085e-258
0.31106382978723407    4.345978987439605e-256
0.3128723404255319    1.2360476040411752e-253
0.3146808510638298    3.1552166098014097e-251
0.31648936170212766    7.272337544989799e-249
0.31829787234042556    1.521630814975399e-246
0.3201063829787234    2.9043435207667624e-244
0.3219148936170213    5.079346553287431e-242
0.32372340425531915    8.17216573184812e-240
0.32553191489361705    1.2140489447255589e-237
0.3273404255319149    1.6709948805071902e-235
0.3291489361702128    2.1375152630124055e-233
0.33095744680851064    2.548542056682802e-231
0.33276595744680854    2.8397832807908347e-229
0.3345744680851064    2.9646285554948446e-227
0.3363829787234043    2.906395588374319e-225
0.3381914893617021    2.681514106735322e-223
0.34    2.3330718502568748e-221
0.34180851063829787    1.9179011167575555e-219
0.34361702127659577    1.4922867337125308e-217
0.3454255319148936    1.1008774652966279e-215
0.3472340425531915    7.712187245030243e-214
0.34904255319148936    5.13832095887542e-212
0.35085106382978726    3.260529667934461e-210
0.3526595744680851    1.973168767898047e-208
0.354468085106383    1.1402641792581023e-206
0.35627659574468085    6.299995907152546e-205
0.35808510638297875    3.331741405835895e-203
0.3598936170212766    1.6884078730440113e-201
0.3617021276595745    8.20757989581873e-200
0.36351063829787233    3.8310728244716604e-198
0.36531914893617023    1.7187382086933983e-196
0.3671276595744681    7.417908326007905e-195
0.368936170212766    3.0825986308485984e-193
0.3707446808510638    1.2344733921249038e-191
0.3725531914893617    4.767889545663832e-190
0.37436170212765957    1.77740629879808e-188
0.37617021276595747    6.400095078898668e-187
0.3779787234042553    2.227593327555199e-185
0.3797872340425532    7.49952809413214e-184
0.38159574468085106    2.4438138229586508e-182
0.38340425531914896    7.71286078162229e-181
0.3852127659574468    2.3590823401128978e-179
0.3870212765957447    6.996945501160329e-178
0.38882978723404255    2.0135398131640162e-176
0.39063829787234045    5.625204261708514e-175
0.3924468085106383    1.5264219530885e-173
0.3942553191489362    4.025254064255606e-172
0.39606382978723403    1.0320748093769876e-170
0.39787234042553193    2.574174806613705e-169
0.3996808510638298    6.248517274320006e-168
0.4014893617021277    1.4768103314220113e-166
0.4032978723404255    3.399945157831756e-165
0.4051063829787234    7.627871325705227e-164
0.40691489361702127    1.6683928085929098e-162
0.40872340425531917    3.55902210863711e-161
0.410531914893617    7.407459914724014e-160
0.4123404255319149    1.5047976953290064e-158
0.41414893617021276    2.984807724708161e-157
0.41595744680851066    5.782808315355612e-156
0.4177659574468085    1.0947019079701674e-154
0.4195744680851064    2.0255077110546212e-153
0.42138297872340424    3.6643352657991527e-152
0.42319148936170214    6.483630889600996e-151
0.425    1.1223749548069976e-149
0.4268085106382979    1.9014527631329362e-148
0.42861702127659573    3.1534712931565745e-147
0.43042553191489363    5.121210004619573e-146
0.4322340425531915    8.146256553903447e-145
0.4340425531914894    1.2695907783922281e-143
0.4358510638297872    1.9391216474260364e-142
0.4376595744680851    2.9033177768549814e-141
0.43946808510638297    4.262281993563476e-140
0.44127659574468087    6.1369854183283464e-139
0.4430851063829787    8.668380606509118e-138
0.4448936170212766    1.201414897101201e-136
0.44670212765957445    1.6342557347189342e-135
0.44851063829787235    2.1823101856651355e-134
0.4503191489361702    2.8613939646428755e-133
0.4521276595744681    3.684653410062492e-132
0.45393617021276594    4.660842607221278e-131
0.45574468085106384    5.792552913079464e-130
0.4575531914893617    7.074575129091827e-129
0.4593617021276596    8.492598544388555e-128
0.46117021276595743    1.0022451308085104e-126
0.46297872340425533    1.1630058529963317e-125
0.46478723404255323    1.3272237647270043e-124
0.4665957446808511    1.489836920952547e-123
0.468404255319149    1.6452884263594517e-122
0.4702127659574468    1.7878409515280174e-121
0.4720212765957447    1.9119322685592353e-120
0.47382978723404257    2.012540662262136e-119
0.47563829787234047    2.0855262379762347e-118
0.4774468085106383    2.1279154211979933e-117
0.4792553191489362    2.1381012714826806e-116
0.48106382978723405    2.1159409409977863e-115
0.48287234042553195    2.0627425161004097e-114
0.4846808510638298    1.981145098292186e-113
0.4864893617021277    1.8749067573127384e-112
0.48829787234042554    1.7486235604295873e-111
0.49010638297872344    1.6074082769485032e-110
0.4919148936170213    1.4565591210758893e-109
0.4937234042553192    1.3012471196197007e-108
0.49553191489361703    1.146245943458676e-107
0.49734042553191493    9.957212360878743e-107
0.4991489361702128    8.530886883976901e-106
0.5009574468085106    7.209424121182215e-105
0.5027659574468085    6.010484547121482e-104
0.5045744680851064    4.943932058905324e-103
0.5063829787234043    4.012732859711503e-102
0.5081914893617021    3.214122915896309e-101
0.51    2.5409026954354983e-100
0.5118085106382979    1.982735931824935e-99
0.5136170212765958    1.5273554912657823e-98
0.5154255319148936    1.1616093082830125e-97
0.5172340425531915    8.723087166660308e-97
0.5190425531914894    6.468673032232638e-96
0.5208510638297873    4.737387965381296e-95
0.5226595744680851    3.42676733306194e-94
0.524468085106383    2.4484689572492675e-93
0.5262765957446809    1.7282659904610755e-92
0.5280851063829788    1.2052399858543178e-91
0.5298936170212766    8.304695616759039e-91
0.5317021276595745    5.65458503786921e-90
0.5335106382978724    3.804902385409962e-89
0.5353191489361703    2.5304067236871157e-88
0.5371276595744681    1.6633315124292472e-87
0.538936170212766    1.080801594505864e-86
0.5407446808510639    6.942697021474568e-86
0.5425531914893618    4.4092154467074e-85
0.5443617021276596    2.768729351589996e-84
0.5461702127659575    1.7191762236289384e-83
0.5479787234042554    1.0556381042430817e-82
0.5497872340425533    6.410589959120886e-82
0.551595744680851    3.8503675008258085e-81
0.5534042553191489    2.2874944044295352e-80
0.5552127659574468    1.3443225305776652e-79
0.5570212765957447    7.81562810785523e-79
0.5588297872340425    4.495439466448935e-78
0.5606382978723404    2.558342427446144e-77
0.5624468085106383    1.4406329686484954e-76
0.5642553191489362    8.027597892724446e-76
0.566063829787234    4.426744077340412e-75
0.5678723404255319    2.4158961461360447e-74
0.5696808510638298    1.304953971880178e-73
0.5714893617021277    6.976905047295161e-73
0.5732978723404255    3.6923960698354237e-72
0.5751063829787234    1.9344536510720463e-71
0.5769148936170213    1.0033195336196016e-70
0.5787234042553192    5.152013478018624e-70
0.580531914893617    2.619370799290938e-69
0.5823404255319149    1.3186341627767073e-68
0.5841489361702128    6.5733037398133536e-68
0.5859574468085107    3.2448857514776026e-67
0.5877659574468085    1.586336674580573e-66
0.5895744680851064    7.680599125861408e-66
0.5913829787234043    3.68317008210462e-65
0.5931914893617022    1.749436519818183e-64
0.595    8.230889588153738e-64
0.5968085106382979    3.836097325375725e-63
0.5986170212765958    1.7711218503006816e-62
0.6004255319148937    8.101111906631654e-62
0.6022340425531915    3.6711255032301786e-61
0.6040425531914894    1.648287440793573e-60
0.6058510638297873    7.332737881343721e-60
0.6076595744680852    3.2323539823039477e-59
0.609468085106383    1.411922762955654e-58
0.6112765957446809    6.111694591253145e-58
0.6130851063829788    2.621743029420683e-57
0.6148936170212767    1.114590043265816e-56
0.6167021276595744    4.696293535020766e-56
0.6185106382978723    1.9612299778915604e-55
0.6203191489361702    8.118072084003278e-55
0.6221276595744681    3.330780070137152e-54
0.6239361702127659    1.354643369376899e-53
0.6257446808510638    5.461437397186243e-53
0.6275531914893617    2.1827732697105776e-52
0.6293617021276596    8.64861193886907e-52
0.6311702127659574    3.3973200909175394e-51
0.6329787234042553    1.3231061119079876e-50
0.6347872340425532    5.1090086860638e-50
0.6365957446808511    1.9560398518749146e-49
0.6384042553191489    7.425623331549358e-49
0.6402127659574468    2.795227067406278e-48
0.6420212765957447    1.0433854338806773e-47
0.6438297872340426    3.862159650525702e-47
0.6456382978723404    1.417710221626027e-46
0.6474468085106383    5.1609574345091846e-46
0.6492553191489362    1.8632543789185585e-45
0.6510638297872341    6.671543882231138e-45
0.6528723404255319    2.3692226303864245e-44
0.6546808510638298    8.344945101556773e-44
0.6564893617021277    2.9153566552393e-43
0.6582978723404256    1.0102358203135188e-42
0.6601063829787234    3.4723917713561106e-42
0.6619148936170213    1.1839172194096916e-41
0.6637234042553192    4.004166783957817e-41
0.6655319148936171    1.3434220813655275e-40
0.6673404255319149    4.471295468264003e-40
0.6691489361702128    1.4763374758068623e-39
0.6709574468085107    4.835928759778554e-39
0.6727659574468086    1.5715437410550262e-38
0.6745744680851063    5.066820272164841e-38
0.6763829787234042    1.620753089722416e-37
0.6781914893617021    5.143754138416492e-37
0.68    1.6197013760582705e-36
0.6818085106382978    5.060463473677198e-36
0.6836170212765957    1.5687552399069822e-35
0.6854255319148936    4.825456030739448e-35
0.6872340425531915    1.4728153787535574e-34
0.6890425531914893    4.4606001823945695e-34
0.6908510638297872    1.3405448864668508e-33
0.6926595744680851    3.9977929953895704e-33
0.694468085106383    1.1830897697307511e-32
0.6962765957446809    3.4744086097190325e-32
0.6980851063829787    1.0125512067503772e-31
0.6998936170212766    2.9284167935035967e-31
0.7017021276595745    8.40495166931941e-31
0.7035106382978724    2.3940345106580527e-30
0.7053191489361702    6.767443354590553e-30
0.7071276595744681    1.8985578568724005e-29
0.708936170212766    5.286080108773177e-29
0.7107446808510639    1.4606959237669297e-28
0.7125531914893617    4.005966427971921e-28
0.7143617021276596    1.0903883526810327e-27
0.7161702127659575    2.9456847836095555e-27
0.7179787234042554    7.898179953407472e-27
0.7197872340425532    2.101879120898868e-26
0.7215957446808511    5.551782364576393e-26
0.723404255319149    1.4554754830356408e-25
0.7252127659574469    3.7872907676281643e-25
0.7270212765957447    9.781534126261715e-25
0.7288297872340426    2.5075112614487373e-24
0.7306382978723405    6.3802716047808e-24
0.7324468085106384    1.611381237805129e-23
0.7342553191489362    4.039452823838417e-23
0.7360638297872341    1.0051106033920234e-22
0.737872340425532    2.4824124999096717e-22
0.7396808510638299    6.085611945234259e-22
0.7414893617021276    1.480832464141296e-21
0.7432978723404255    3.576677929167246e-21
0.7451063829787234    8.574850673897164e-21
0.7469148936170213    2.040546123933508e-20
0.7487234042553191    4.819915074046684e-20
0.750531914893617    1.1300695619342493e-19
0.7523404255319149    2.629923923224058e-19
0.7541489361702128    6.07508691081494e-19
0.7559574468085106    1.3929382827189624e-18
0.7577659574468085    3.1701496767141018e-18
0.7595744680851064    7.16133994711765e-18
0.7613829787234043    1.6057325836003375e-17
0.7631914893617021    3.573666265726154e-17
0.765    7.894301158066952e-17
0.7668085106382979    1.7308882759639087e-16
0.7686170212765958    3.7668331674494054e-16
0.7704255319148936    8.136389231267905e-16
0.7722340425531915    1.7443379068853932e-15
0.7740425531914894    3.7116608566606144e-15
0.7758510638297873    7.838618120053467e-15
0.7776595744680851    1.643004100393708e-14
0.779468085106383    3.417902302519713e-14
0.7812765957446809    7.056608013930315e-14
0.7830851063829788    1.4459082383295742e-13
0.7848936170212766    2.9402646918991755e-13
0.7867021276595745    5.933694280064116e-13
0.7885106382978724    1.188361377847716e-12
0.7903191489361703    2.3618242708495544e-12
0.7921276595744681    4.658143422810862e-12
0.793936170212766    9.11663007040719e-12
0.7957446808510639    1.770522364955462e-11
0.7975531914893618    3.411952080281879e-11
0.7993617021276596    6.524196734183213e-11
0.8011702127659575    1.2378309941571882e-10
0.8029787234042554    2.330197497200783e-10
0.8047872340425533    4.352185418878785e-10
0.806595744680851    8.064748230120305e-10
0.808404255319149    1.4826127896975327e-09
0.8102127659574468    2.7039716363871187e-09
0.8120212765957447    4.89212025791469e-09
0.8138297872340425    8.780009992499068e-09
0.8156382978723404    1.563065539817945e-08
0.8174468085106383    2.7600956047006116e-08
0.8192553191489362    4.8340964300118104e-08
0.821063829787234    8.397097623531233e-08
0.8228723404255319    1.4465824367921656e-07
0.8246808510638298    2.471345792636311e-07
0.8264893617021277    4.186732791028855e-07
0.8282978723404255    7.033025101806938e-07
0.8301063829787234    1.171404143274191e-06
0.8319148936170213    1.9343723383044743e-06
0.8337234042553192    3.166734819846455e-06
0.835531914893617    5.139130327753763e-06
0.8373404255319149    8.26685283948762e-06
0.8391489361702128    1.3180381403265108e-05
0.8409574468085107    2.0826467267154e-05
0.8427659574468085    3.2610972139486486e-05
0.8445744680851064    5.0597712658634346e-05
0.8463829787234043    7.778094531771086e-05
0.8481914893617022    0.00011845256464210503
0.85    0.00017868813402257153
0.8518085106382979    0.0002669778190532348
0.8536170212765958    0.00039502813427020787
0.8554255319148937    0.0005787567854717091
0.8572340425531915    0.0008394940843971421
0.8590425531914894    0.001205388443194955
0.8608510638297873    0.0017129882191662575
0.8626595744680852    0.002408935750465954
0.864468085106383    0.0033516605069723246
0.8662765957446809    0.0046128968379061976
0.8680851063829788    0.0062787798183359615
0.8698936170212767    0.008450195061580477
0.8717021276595744    0.011241983674542239
0.8735106382978723    0.014780544707573891
0.8753191489361702    0.0191993518336319
0.8771276595744681    0.02463192964956443
0.8789361702127659    0.03120194087920884
0.8807446808510638    0.03901024048598345
0.8825531914893617    0.048119071822310955
0.8843617021276596    0.05853401691557075
0.8861702127659574    0.07018485244043954
0.8879787234042553    0.08290706425611866
0.8897872340425532    0.09642636631899626
0.8915957446808511    0.11034905382262594
0.8934042553191489    0.12416127030921931
0.8952127659574468    0.1372401474272903
0.8970212765957447    0.14887915738773005
0.8988297872340426    0.15832881515008546
0.9006382978723404    0.1648520670552278
0.9024468085106383    0.1677913992896915
0.9042553191489362    0.16664211887192248
0.9060638297872341    0.16112376442414317
0.9078723404255319    0.15123967118989212
0.9096808510638298    0.1373138800296897
0.9114893617021277    0.11999534528864209
0.9132978723404256    0.10022211052035421
0.9151063829787234    0.07914285164609833
0.9169148936170213    0.05799960958500078
0.9187234042553192    0.03798287288091044
0.9205319148936171    0.020077224810577825
0.9223404255319149    0.0049210496959006984
0.9241489361702128    -0.007294227889207305
0.9259574468085107    -0.01686244517471183
0.9277659574468086    -0.024523243112944803
0.9295744680851065    -0.03134180015741972
0.9313829787234043    -0.038519978265357066
0.9331914893617022    -0.047166680707376715
0.935    -0.05806769339753162
0.936808510638298    -0.07150117987389326
0.9386170212765957    -0.08714166744161994
0.9404255319148936    -0.10408182091727206
0.9422340425531915    -0.12097889891542263
0.9440425531914894    -0.1363053777249661
0.9458510638297872    -0.1486567026537844
0.9476595744680851    -0.15705028241878022
0.949468085106383    -0.16114472309865624
0.9512765957446809    -0.16132038173767638
0.9530851063829787    -0.1585910384646208
0.9548936170212766    -0.15435660802585005
0.9567021276595745    -0.15004906258227851
0.9585106382978724    -0.14675675212005718
0.9603191489361702    -0.14492559813979272
0.9621276595744681    -0.1442228615546659
0.963936170212766    -0.14361076645352167
0.9657446808510639    -0.1416213516188572
0.9675531914893617    -0.13676511609111947
0.9693617021276596    -0.12796177965439137
0.9711702127659575    -0.1148669983040494
0.9729787234042554    -0.097991889831337
0.9747872340425532    -0.07856940653812566
0.9765957446808511    -0.05819810853849661
0.978404255319149    -0.0383667985225354
0.9802127659574469    -0.02000840573701499
0.9820212765957447    -0.003230809282089256
0.9838297872340426    0.01267799192273547
0.9856382978723405    0.028960035025662252
0.9874468085106384    0.046899419975359964
0.9892553191489362    0.06729622396935814
0.9910638297872341    0.09008434702979923
0.992872340425532    0.11423387531730286
0.9946808510638299    0.13798377199071268
0.9964893617021277    0.15933350002694976
0.9982978723404256    0.176624582494494
1.0001063829787233    0.1890032951376198
1.0019148936170212    0.19659281982806961
1.0037234042553191    0.2003080748111092
1.005531914893617    0.20138253119050445
1.007340425531915    0.20079183771765416
1.0091489361702128    0.19880654157490515
1.0109574468085107    0.194862211913818
1.0127659574468086    0.18781221089666136
1.0145744680851063    0.17647218966303932
1.0163829787234042    0.16023914031957
1.0181914893617021    0.13952623793220545
1.02    0.11582013950124989
1.021808510638298    0.091317791596873
1.0236170212765958    0.06827492002190869
1.0254255319148937    0.04832358177417624
1.0272340425531916    0.0320344285077941
1.0290425531914893    0.018897961571642766
1.0308510638297872    0.007718346561959372
1.032659574468085    -0.002768322461769757
1.034468085106383    -0.013339206446568799
1.036276595744681    -0.024049970291885655
1.0380851063829788    -0.034423976408314266
1.0398936170212767    -0.04396256500835519
1.0417021276595746    -0.052709537876291415
1.0435106382978723    -0.06156295245319024
1.0453191489361702    -0.07213697899566407
1.047127659574468    -0.08619001661986639
1.048936170212766    -0.10485334645308267
1.0507446808510639    -0.1280105602889825
1.0525531914893618    -0.15412983569981525
1.0543617021276597    -0.18065480403071987
1.0561702127659576    -0.20480525569547775
1.0579787234042553    -0.22444869303988063
1.0597872340425532    -0.23867245266117448
1.061595744680851    -0.24783162234308875
1.063404255319149    -0.2530994367616588
1.0652127659574468    -0.255778328322658
1.0670212765957447    -0.2567241166795128
1.0688297872340426    -0.25614615904979887
1.0706382978723405    -0.25382287645708623
1.0724468085106382    -0.24953750109012085
1.0742553191489361    -0.2434231328692198
1.076063829787234    -0.23597501308220714
1.077872340425532    -0.22770396332585174
1.0796808510638298    -0.21864494434565013
1.0814893617021277    -0.20805618160366673
1.0832978723404256    -0.19456666614023643
1.0851063829787235    -0.17678443171492725
1.0869148936170212    -0.15409677787348453
1.088723404255319    -0.1272390137050602
1.090531914893617    -0.09828134733801114
1.092340425531915    -0.069961645005399
1.0941489361702128    -0.04463401875968742
1.0959574468085107    -0.02332387859884881
1.0977659574468086    -0.0053517579325696625
1.0995744680851065    0.011283733142552033
1.1013829787234042    0.028949065433334174
1.103191489361702    0.049309862452830686
1.105    0.07265584585512906
1.1068085106382979    0.09789397155803874
1.1086170212765958    0.12313540110592373
1.1104255319148937    0.14651742026375913
1.1122340425531916    0.16683407434001368
1.1140425531914895    0.18371788873110606
1.1158510638297872    0.19740114569062656
1.117659574468085    0.20830979902280378
1.119468085106383    0.21677833887735748
1.1212765957446809    0.2230200392841835
1.1230851063829788    0.22726650466779286
1.1248936170212767    0.22986308800108451
1.1267021276595746    0.23116110899139553
1.1285106382978725    0.23124041211589696
1.1303191489361701    0.22968013217030148
1.132127659574468    0.22562330819192677
1.133936170212766    0.21820933820570915
1.1357446808510638    0.20717890866767497
1.1375531914893617    0.19327523316190637
1.1393617021276596    0.17811966017970193
1.1411702127659575    0.16352814371000363
1.1429787234042554    0.15059432023931152
1.1447872340425531    0.13906373210866962
1.146595744680851    0.12741205180944187
1.148404255319149    0.11365648176606374
1.1502127659574468    0.0964915158957477
1.1520212765957447    0.07611718717940982
1.1538297872340426    0.05427128007499177
1.1556382978723405    0.033417912996758864
1.1574468085106384    0.015528037096889928
1.1592553191489363    0.0011244972188781954
1.161063829787234    -0.010887555247058884
1.162872340425532    -0.02253313855926824
1.1646808510638298    -0.03562815924826686
1.1664893617021277    -0.05082014200101963
1.1682978723404256    -0.06729828613451413
1.1701063829787235    -0.08325812963119653
1.1719148936170214    -0.09679488255956145
1.1737234042553193    -0.10671711625121016
1.175531914893617    -0.11289442959409346
1.1773404255319149    -0.1160645854541805
1.1791489361702128    -0.1173168382158914
1.1809574468085107    -0.11757629209067536
1.1827659574468086    -0.117319295533794
1.1845744680851065    -0.11656178121861907
1.1863829787234044    -0.11502188988016052
1.1881914893617023    -0.11233371540677514
1.19    -0.10824449853791329
1.1918085106382978    -0.102776141905209
1.1936170212765957    -0.09632269011451833
1.1954255319148936    -0.0896180853119577
1.1972340425531915    -0.08351848859539354
1.1990425531914894    -0.07864018338275153
1.2008510638297873    -0.07502656400400567
1.2026595744680852    -0.07207159317209677
1.204468085106383    -0.06881919522623225
1.2062765957446808    -0.06452284189180427
1.2080851063829787    -0.059139381517690257
1.2098936170212766    -0.05341488039082111
1.2117021276595745    -0.04844944320083276
1.2135106382978724    -0.04497499186174787
1.2153191489361703    -0.042808274537272095
1.2171276595744682    -0.04087011124434775
1.218936170212766    -0.03780828202780338
1.2207446808510638    -0.032849593412312986
1.2225531914893617    -0.026322952221192818
1.2243617021276596    -0.019485655241826196
1.2261702127659575    -0.013739705939668223
1.2279787234042554    -0.009741128838243344
1.2297872340425533    -0.006992931873591259
1.2315957446808512    -0.004199860935612459
1.2334042553191489    -0.0001547099438694733
1.2352127659574468    0.0054341381951974336
1.2370212765957447    0.011729239448147515
1.2388297872340426    0.017311900759806823
1.2406382978723405    0.02113301067325325
1.2424468085106384    0.02324445878810721
1.2442553191489363    0.02483674572870573
1.2460638297872342    0.027561016605349573
1.2478723404255319    0.03256665070888207
1.2496808510638298    0.0398479018217299
1.2514893617021277    0.04827738639302119
1.2532978723404256    0.056269498337750606
1.2551063829787235    0.06264774723302696
1.2569148936170214    0.06720563734137008
1.2587234042553193    0.0706744142949716
1.2605319148936172    0.07417806268967864
1.2623404255319148    0.07853622791737877
1.2641489361702127    0.08381900504473014
1.2659574468085106    0.08936923161786023
1.2677659574468085    0.0942227297514931
1.2695744680851064    0.0976444281574946
1.2713829787234043    0.09946617846467762
1.2731914893617022    0.10005837730789252
1.2750000000000001    0.09999518895753662
1.2768085106382978    0.0996490785555629
1.2786170212765957    0.09897641773162247
1.2804255319148936    0.09762083817676942
1.2822340425531915    0.09524842636167574
1.2840425531914894    0.09187288107286773
1.2858510638297873    0.08793387588566415
1.2876595744680852    0.08406129119921013
1.289468085106383    0.08068120175139001
1.2912765957446808    0.07773937192305458
1.2930851063829787    0.0747412476632893
1.2948936170212766    0.07108078107340274
1.2967021276595745    0.06641761666123008
1.2985106382978724    0.06082672749498874
1.3003191489361703    0.05462120490925734
1.3021276595744682    0.048006517234060284
1.303936170212766    0.040860506102794236
1.3057446808510638    0.03283319229339873
1.3075531914893617    0.023696537020671822
1.3093617021276596    0.01365703198068463
1.3111702127659575    0.0033554559898309813
1.3129787234042554    -0.006480135133234507
1.3147872340425533    -0.015479141983774081
1.3165957446808512    -0.02382885852842023
1.318404255319149    -0.032069133842576106
1.3202127659574467    -0.040635391018516306
1.3220212765957446    -0.04950229540462564
1.3238297872340425    -0.058199795496945345
1.3256382978723404    -0.06617754440627396
1.3274468085106383    -0.07322064235099188
1.3292553191489362    -0.07958682564732217
1.3310638297872341    -0.0857632850914207
1.332872340425532    -0.09204118295135758
1.3346808510638297    -0.09823823722396524
1.3364893617021276    -0.10376981546752434
1.3382978723404255    -0.10799547595896808
1.3401063829787234    -0.11057380477979722
1.3419148936170213    -0.11158460265068787
1.3437234042553192    -0.11137799373827137
1.3455319148936171    -0.11030898902734732
1.347340425531915    -0.10856398091274996
1.3491489361702127    -0.1061744711762719
1.3509574468085106    -0.10315893638587484
1.3527659574468085    -0.09965959209292277
1.3545744680851064    -0.095977534043407
1.3563829787234043    -0.09249490168474012
1.3581914893617022    -0.08953140138855492
1.36    -0.08719635694824007
1.361808510638298    -0.08529638388664595
1.3636170212765957    -0.08336022276630933
1.3654255319148936    -0.08081858873760717
1.3672340425531915    -0.07729558860289937
1.3690425531914894    -0.07285914791872836
1.3708510638297873    -0.06803895807702112
1.3726595744680852    -0.0635318904153453
1.374468085106383    -0.059736467112058045
1.376276595744681    -0.0564250928791072
1.3780851063829787    -0.05281348546839491
1.3798936170212766    -0.04801967453033565
1.3817021276595745    -0.041612656477689414
1.3835106382978724    -0.03387371268685807
1.3853191489361703    -0.025608263759658578
1.3871276595744682    -0.01768303194035737
1.388936170212766    -0.010642757676241007
1.390744680851064    -0.0046399378570941095
1.3925531914893619    0.00038533190092664843
1.3943617021276595    0.004532116616736668
1.3961702127659574    0.007948959140034543
1.3979787234042553    0.010950722391084083
1.3997872340425532    0.01400959029489775
1.4015957446808511    0.017506085064152195
1.403404255319149    0.021410122088072858
1.405212765957447    0.02521486208523483
1.4070212765957448    0.0282747546826251
1.4088297872340425    0.03032804140610769
1.4106382978723404    0.0317624086793042
1.4124468085106383    0.03335486456497222
1.4142553191489362    0.0356658613974524
1.416063829787234    0.03859320836864748
1.417872340425532    0.041475906665121826
1.41968085106383    0.04366047668455379
1.4214893617021278    0.04502907830924924
1.4232978723404255    0.04602614721364354
1.4251063829787234    0.04718426638158629
1.4269148936170213    0.04861262574273066
1.4287234042553192    0.04993620167641688
1.430531914893617    0.05073338410191912
1.432340425531915    0.05103243214709047
1.4341489361702129    0.0513633073360872
1.4359574468085108    0.052289419425830125
1.4377659574468085    0.0538551157708327
1.4395744680851064    0.055482310528437134
1.4413829787234043    0.05643120446187036
1.4431914893617022    0.05640493948898535
1.445    0.05574423656226153
1.446808510638298    0.05505602533475769
1.4486170212765959    0.05466050647178651
1.4504255319148938    0.05439448878978087
1.4522340425531914    0.0539289485827439
1.4540425531914893    0.05323079436547885
1.4558510638297872    0.05265753067529293
1.4576595744680851    0.052564834380076364
1.459468085106383    0.052833598028942635
1.461276595744681    0.052838849453479886
1.4630851063829788    0.051950422933744855
1.4648936170212767    0.050100060642777736
1.4667021276595744    0.04784313340375869
1.4685106382978723    0.04581985629028178
1.4703191489361702    0.04412192415420184
1.4721276595744681    0.04218945150737559
1.473936170212766    0.03935949955059069
1.475744680851064    0.03554679794110133
1.4775531914893618    0.03139801190271019
1.4793617021276597    0.0277711580308065
1.4811702127659574    0.02504772195424057
1.4829787234042553    0.02293042289511566
1.4847872340425532    0.020871978386279084
1.486595744680851    0.01864342330766968
1.488404255319149    0.01644241811991627
1.490212765957447    0.014471560948192654
1.4920212765957448    0.012518457022242625
1.4938297872340427    0.010085428408302542
1.4956382978723404    0.007000472069882781
1.4974468085106383    0.0038396528405924505
1.4992553191489362    0.001587133765339443
1.501063829787234    0.0007286931144072232
1.502872340425532    0.0006504408565011655
1.5046808510638299    4.4215051870089396e-05
1.5064893617021278    -0.001923734070612025
1.5082978723404257    -0.004742599973022012
1.5101063829787233    -0.006875860601828534
1.5119148936170212    -0.007074013317449673
1.5137234042553191    -0.005501980835406492
1.515531914893617    -0.0036096238632406692
1.517340425531915    -0.0028337095706527995
1.5191489361702128    -0.003341248086497277
1.5209574468085107    -0.004004255396057514
1.5227659574468086    -0.0036193670791206415
1.5245744680851063    -0.002179479698687172
1.5263829787234042    -0.0009523843845953752
1.5281914893617021    -0.0012888618340323532
1.53    -0.0033303491556939263
1.531808510638298    -0.00588316284682283
1.5336170212765958    -0.007573476380956297
1.5354255319148937    -0.008136225687762021
1.5372340425531916    -0.008572962843043836
1.5390425531914893    -0.010050818725633782
1.5408510638297872    -0.012667412871033224
1.542659574468085    -0.015324634483108092
1.544468085106383    -0.01682980649908422
1.546276595744681    -0.01711247080117008
1.5480851063829788    -0.01734038779181829
1.5498936170212767    -0.0188279820015484
1.5517021276595746    -0.0218247928481327
1.5535106382978723    -0.025356668074436733
1.5553191489361702    -0.02821339128390124
1.557127659574468    -0.030048783588992573
1.558936170212766    -0.03151459523793569
1.5607446808510639    -0.03338817284288666
1.5625531914893618    -0.035676424297889586
1.5643617021276597    -0.037640581172659046
1.5661702127659576    -0.038669367188839426
1.5679787234042553    -0.0390249211808569
1.5697872340425532    -0.03963974045339416
1.571595744680851    -0.04116763198884829
1.573404255319149    -0.04328825107180499
1.5752127659574469    -0.04499236137485829
1.5770212765957448    -0.045534024362713185
1.5788297872340427    -0.04503862541694097
1.5806382978723406    -0.04414095866028467
1.5824468085106382    -0.04307932302272913
1.5842553191489361    -0.04126419816740655
1.586063829787234    -0.03783615225333144
1.587872340425532    -0.03265661316723528
1.5896808510638298    -0.02667458958486
1.5914893617021277    -0.021224126684599734
1.5932978723404256    -0.016902098018244605
1.5951063829787235    -0.01311459396019966
1.5969148936170212    -0.008709556632918072
1.5987234042553191    -0.003035668338682733
1.600531914893617    0.0036059576564300448
1.602340425531915    0.010464810039382034
1.6041489361702128    0.017154898902020543
1.6059574468085107    0.023883573534707415
1.6077659574468086    0.030914297014848033
1.6095744680851065    0.037956199435991975
1.6113829787234042    0.04424770582406681
1.613191489361702    0.04930243751134829
1.615    0.053495999422209506
1.616808510638298    0.05777486200548285
1.6186170212765958    0.06268703564456535
1.6204255319148937    0.06770096213338433
1.6222340425531916    0.07155835376265238
1.6240425531914895    0.07338766597138088
1.6258510638297874    0.07351892551315845
1.627659574468085    0.07319710411126348
1.629468085106383    0.07344527101024065
1.6312765957446809    0.07413793370149663
1.6330851063829788    0.0741289032827781
1.6348936170212767    0.07228108038386602
1.6367021276595746    0.06844803851996961
1.6385106382978725    0.06358068945496231
1.6403191489361704    0.05897201222896768
1.642127659574468    0.05536710762172199
1.643936170212766    0.0526437320262218
1.6457446808510638    0.05016365845141017
1.6475531914893617    0.04735224320933369
1.6493617021276596    0.04402667477402211
1.6511702127659575    0.0403442468462044
1.6529787234042554    0.036557489773947835
1.6547872340425533    0.03280145681864742
1.656595744680851    0.029006289277552944
1.658404255319149    0.024934913347323714
1.6602127659574468    0.020329612775295908
1.6620212765957447    0.015109328005396612
1.6638297872340426    0.009475302394288607
1.6656382978723405    0.003793551502161017
1.6674468085106384    -0.001686606737554872
1.6692553191489363    -0.007008489153415627
1.671063829787234    -0.012353576590289649
1.672872340425532    -0.01766853459700532
1.6746808510638298    -0.022483822543809324
1.6764893617021277    -0.02621733128740652
1.6782978723404256    -0.028762517389106963
1.6801063829787235    -0.030784406163404977
1.6819148936170214    -0.03334043718891012
1.6837234042553193    -0.037083842331370916
1.685531914893617    -0.04175854659643318
1.6873404255319149    -0.04645884097120972
1.6891489361702128    -0.050405156356889004
1.6909574468085107    -0.05350566604021236
1.6927659574468086    -0.056224363742135
1.6945744680851065    -0.0589856197613725
1.6963829787234044    -0.06176448349195909
1.6981914893617023    -0.06422809051381195
1.7    -0.0661651527784177
1.7018085106382979    -0.06767640093577737
1.7036170212765958    -0.06895631245449294
1.7054255319148937    -0.07001032793590364
1.7072340425531916    -0.07069877763035393
1.7090425531914895    -0.0710383895647263
1.7108510638297874    -0.07131322502972781
1.7126595744680853    -0.0717536157085418
1.714468085106383    -0.07211916132599139
1.7162765957446808    -0.07175453131595488
1.7180851063829787    -0.07021372990881097
1.7198936170212766    -0.06785343066618149
1.7217021276595745    -0.06570526821728218
1.7235106382978724    -0.0646495341348694
1.7253191489361703    -0.06469129831889242
1.7271276595744682    -0.06509097640742975
1.728936170212766    -0.0652097181022828
1.7307446808510638    -0.065149173725699
1.7325531914893617    -0.06548519040932865
1.7343617021276596    -0.06641243576383246
1.7361702127659575    -0.06730444618086837
1.7379787234042554    -0.06724647397421102
1.7397872340425533    -0.06597961836868899
1.7415957446808512    -0.0641677231718667
1.7434042553191489    -0.06261113843356145
1.7452127659574468    -0.061233392434334094
1.7470212765957447    -0.05899823764661177
1.7488297872340426    -0.05493828222879392
1.7506382978723405    -0.04922966684789941
1.7524468085106384    -0.04313111198356567
1.7542553191489363    -0.03780649007355533
1.7560638297872342    -0.03327500050990652
1.7578723404255319    -0.028614836459125548
1.7596808510638298    -0.023182548269560406
1.7614893617021277    -0.0174947381560603
1.7632978723404256    -0.012794275243962632
1.7651063829787235    -0.009781580782844853
1.7669148936170214    -0.007909492578424854
1.7687234042553193    -0.005994318154779148
1.7705319148936172    -0.003420468100954371
1.7723404255319148    -0.0005811348732981938
1.7741489361702127    0.0018855158550350986
1.7759574468085106    0.0040983033751052205
1.7777659574468085    0.00693708980837749
1.7795744680851064    0.011000736268410815
1.7813829787234043    0.015742338597354084
1.7831914893617022    0.019861872346517297
1.7850000000000001    0.02260079237535364
1.7868085106382978    0.024497823820094536
1.7886170212765957    0.026717850293052306
1.7904255319148936    0.029675093943005992
1.7922340425531915    0.03250546394214353
1.7940425531914894    0.03400991775834879
1.7958510638297873    0.0340173189148818
1.7976595744680852    0.03361356925141995
1.7994680851063831    0.03396021467087591
1.8012765957446808    0.035044528172764905
1.8030851063829787    0.03579854089054023
1.8048936170212766    0.03545410795471146
1.8067021276595745    0.03455418518318018
1.8085106382978724    0.03440742820559772
1.8103191489361703    0.03557451301986678
1.8121276595744682    0.0371440981801226
1.813936170212766    0.03770103175926379
1.8157446808510638    0.0369372820900207
1.8175531914893617    0.036051558948357224
1.8193617021276596    0.036414906232705754
1.8211702127659575    0.0379806111196716
1.8229787234042554    0.03928281756857156
1.8247872340425533    0.03910363303083719
1.8265957446808512    0.03795043639049868
1.828404255319149    0.037609890620091735
1.8302127659574468    0.03917645494429202
1.8320212765957447    0.04172503397418462
1.8338297872340426    0.04317076806194929
1.8356382978723405    0.042462836327192444
1.8374468085106384    0.04074855655624762
1.8392553191489363    0.04023595763648502
1.8410638297872342    0.041996167504251045
1.842872340425532    0.045091235687451214
1.8446808510638297    0.047913190691459204
1.8464893617021276    0.05015830422124998
1.8482978723404255    0.053192035723446954
1.8501063829787234    0.058415582248636674
1.8519148936170213    0.0655154940037274
1.8537234042553192    0.07260391485959962
1.8555319148936171    0.07811507706107786
1.857340425531915    0.0823463050061103
1.859148936170213    0.08694179663717423
1.8609574468085106    0.092924691924664
1.8627659574468085    0.09947187674097009
1.8645744680851064    0.10473506542529838
1.8663829787234043    0.10770229492347659
1.8681914893617022    0.10899474148647599
1.87    0.10979704304815578
1.871808510638298    0.11026836067725417
1.873617021276596    0.10930798971142637
1.8754255319148936    0.1059066484145172
1.8772340425531915    0.10045362871998124
1.8790425531914894    0.09444482996569496
1.8808510638297873    0.08892311441074942
1.8826595744680852    0.08346305166999891
1.884468085106383    0.0768704601233292
1.886276595744681    0.06876538520394605
1.8880851063829789    0.06018616301582301
1.8898936170212766    0.05248169189332054
1.8917021276595745    0.04573569125011137
1.8935106382978724    0.03851322497843032
1.8953191489361703    0.029223924661167716
1.8971276595744682    0.01759021887267531
1.898936170212766    0.004647008920958987
1.900744680851064    -0.008596123187541176
1.9025531914893619    -0.02221676401636554
1.9043617021276595    -0.03696799077759893
1.9061702127659574    -0.05296384273529762
1.9079787234042553    -0.06907486853514955
1.9097872340425532    -0.08378271626425382
1.9115957446808511    -0.09652361230678344
1.913404255319149    -0.10798688528423211
1.915212765957447    -0.11905270590865255
1.9170212765957448    -0.12960908667607224
1.9188297872340425    -0.1385870290725303
1.9206382978723404    -0.14512420703874512
1.9224468085106383    -0.14949440367404337
1.9242553191489362    -0.15276725628754723
1.9260638297872341    -0.1556480566971623
1.927872340425532    -0.1578421832182773
1.92968085106383    -0.1586036583535817
1.9314893617021278    -0.15773679595080597
1.9332978723404255    -0.15586509599677162
1.9351063829787234    -0.15373037791739896
1.9369148936170213    -0.15144290081780842
1.9387234042553192    -0.14859092124202172
1.940531914893617    -0.14501000950034493
1.942340425531915    -0.14119374958648462
1.944148936170213    -0.13779355382226072
1.9459574468085108    -0.1348174777236636
1.9477659574468085    -0.13155570336433198
1.9495744680851064    -0.12739764686866673
1.9513829787234043    -0.12259156161250276
1.9531914893617022    -0.11799745537952716
1.955    -0.11405008224744032
1.956808510638298    -0.11012388797242359
1.9586170212765959    -0.105099563096475
1.9604255319148938    -0.09857869122565413
1.9622340425531914    -0.09142363242757909
1.9640425531914893    -0.0850129146353861
1.9658510638297872    -0.08000449389674502
1.9676595744680851    -0.0759122343217909
1.969468085106383    -0.07186664992328443
1.971276595744681    -0.06762939303129578
1.9730851063829788    -0.0637233841808093
1.9748936170212767    -0.06060988588685415
1.9767021276595744    -0.057932219615548994
1.9785106382978723    -0.0547273005489298
1.9803191489361702    -0.05036832656356051
1.9821276595744681    -0.04517328710494578
1.983936170212766    -0.04001410239269976
1.985744680851064    -0.03538461591073902
1.9875531914893618    -0.030942647803022486
1.9893617021276597    -0.02594872933544312
1.9911702127659574    -0.020017425392997716
1.9929787234042553    -0.013323160744608535
1.9947872340425532    -0.006106976831443244
1.996595744680851    0.0018542895971516808
1.998404255319149    0.011156257684362235
2.0002127659574467    0.022149512015614436
2.0020212765957446    0.034497980317046394
2.0038297872340425    0.047395892172972486
2.0056382978723404    0.06018392482765344
2.0074468085106383    0.07270019457696988
2.009255319148936    0.08505046970208
2.011063829787234    0.09713558800740893
2.012872340425532    0.10849589342342714
2.01468085106383    0.11863362827824556
2.016489361702128    0.12745393850566608
2.0182978723404257    0.13538246177471788
2.0201063829787236    0.14308431674264502
2.0219148936170215    0.1510703916484117
2.0237234042553194    0.1594821681750209
2.0255319148936173    0.16809949366978064
2.0273404255319147    0.17644894215384402
2.0291489361702126    0.18393333016879945
2.0309574468085105    0.18999064637660454
2.0327659574468084    0.19425691250248026
2.0345744680851063    0.19662350318866859
2.0363829787234042    0.1971247832277934
2.038191489361702    0.19576453511840194
2.04    0.19247398958760578
2.041808510638298    0.1872474720360265
2.043617021276596    0.1802756471453094
2.0454255319148937    0.17187700437519368
2.0472340425531916    0.1622700902968632
2.0490425531914895    0.15145279095682132
2.0508510638297874    0.13936923033931528
2.0526595744680853    0.12621617225449674
2.0544680851063832    0.11254675875106326
2.0562765957446807    0.09902047560683641
2.0580851063829786    0.08603257191112021
2.0598936170212765    0.0735993719258296
2.0617021276595744    0.06160202501441436
2.0635106382978723    0.05010006779792771
2.06531914893617    0.0393598531777164
2.067127659574468    0.029577976592920288
2.068936170212766    0.020634032933217604
2.070744680851064    0.012174778673101752
2.072553191489362    0.003949684190312684
2.0743617021276597    -0.003975741857778543
2.0761702127659576    -0.01136870961393743
2.0779787234042555    -0.01816726853843675
2.0797872340425534    -0.024612095892778848
2.0815957446808513    -0.03100016671086973
2.083404255319149    -0.037313778377331006
2.085212765957447    -0.043131252090665
2.0870212765957445    -0.04793280988695013
2.0888297872340424    -0.051495198103688064
2.0906382978723403    -0.053978593092266006
2.0924468085106382    -0.05564405160885372
2.094255319148936    -0.056534157521975215
2.096063829787234    -0.05648011165526401
2.097872340425532    -0.055437856995856
2.09968085106383    -0.053791554409691036
2.1014893617021277    -0.052277141830749746
2.1032978723404256    -0.0515508411823101
2.1051063829787235    -0.051772440449652554
2.1069148936170214    -0.052553149512559016
2.1087234042553193    -0.053277488970429845
2.1105319148936172    -0.05349875311476274
2.112340425531915    -0.05310995562302798
2.114148936170213    -0.05225359691150515
2.1159574468085105    -0.051163180215893625
2.1177659574468084    -0.05011744507739124
2.1195744680851063    -0.04949813285145217
2.121382978723404    -0.04980149008044707
2.123191489361702    -0.051500774662579255
2.125    -0.05481885640800811
2.126808510638298    -0.05957163717073834
2.128617021276596    -0.06519508745080371
2.1304255319148937    -0.0709335803723059
2.1322340425531916    -0.07606854291065945
2.1340425531914895    -0.0800691765026435
2.1358510638297874    -0.08262544852623818
2.1376595744680853    -0.08361012292831835
2.139468085106383    -0.08305372399004951
2.141276595744681    -0.08117830022783495
2.143085106382979    -0.07844365562652972
2.1448936170212765    -0.07548999245795834
2.1467021276595744    -0.07290396602091939
2.1485106382978723    -0.07089689008540831
2.15031914893617    -0.06913080179024389
2.152127659574468    -0.06688406906498412
2.153936170212766    -0.06349100362135626
2.155744680851064    -0.05873309158414837
2.1575531914893618    -0.05287320914369957
2.1593617021276597    -0.04633904874615773
2.1611702127659576    -0.03938605853459372
2.1629787234042555    -0.03206556694071752
2.1647872340425534    -0.02447943956371422
2.1665957446808513    -0.01698051257403812
2.168404255319149    -0.010036205058645335
2.170212765957447    -0.003859399492999299
2.172021276595745    0.0018006774695436874
2.1738297872340424    0.007456905848750766
2.1756382978723403    0.013448515229352738
2.177446808510638    0.01968805948808028
2.179255319148936    0.025797762183577704
2.181063829787234    0.031427881851274014
2.182872340425532    0.036402972503335684
2.18468085106383    0.04060783731456882
2.1864893617021277    0.04386018346036259
2.1882978723404256    0.04600875322864027
2.1901063829787235    0.04716341694033255
2.1919148936170214    0.04773477303838669
2.1937234042553193    0.04814414558139818
2.195531914893617    0.048460428091394184
2.197340425531915    0.048348541419503
2.199148936170213    0.047398313968215366
2.200957446808511    0.045494905834239555
2.2027659574468084    0.04286164615504691
2.2045744680851063    0.03977994205175944
2.206382978723404    0.036325597513395105
2.208191489361702    0.03238049164268708
2.21    0.027818647830649128
2.211808510638298    0.022585517425240197
2.2136170212765958    0.01659429597793674
2.2154255319148937    0.009659354336777608
2.2172340425531916    0.001668483292720577
2.2190425531914895    -0.00712903966851403
2.2208510638297874    -0.016053655612603173
2.2226595744680853    -0.024284323629866777
2.224468085106383    -0.03125257397245888
2.226276595744681    -0.036776328682493475
2.228085106382979    -0.040873568709127533
2.229893617021277    -0.04354990271933827
2.2317021276595743    -0.04483187582822912
2.233510638297872    -0.044965255866979026
2.23531914893617    -0.04446500279950215
2.237127659574468    -0.04387702052824856
2.238936170212766    -0.0434614618535788
2.240744680851064    -0.043094217305639324
2.2425531914893617    -0.04241998336995033
2.2443617021276596    -0.04103497906174115
2.2461702127659575    -0.03854821321026218
2.2479787234042554    -0.034626535670323214
2.2497872340425533    -0.02917511178996822
2.251595744680851    -0.02254925106720468
2.253404255319149    -0.015502208676179914
2.255212765957447    -0.008783961426565769
2.257021276595745    -0.00272450893774712
2.258829787234043    0.0027766479711606776
2.2606382978723403    0.007863192402553728
2.262446808510638    0.012416466157899982
2.264255319148936    0.016223490471422252
2.266063829787234    0.01941300469211957
2.267872340425532    0.022559590807524055
2.2696808510638298    0.0261947190550211
2.2714893617021277    0.030189063800205997
2.2732978723404256    0.03371493307691523
2.2751063829787235    0.03591138159863666
2.2769148936170214    0.03659495525548516
2.2787234042553193    0.036292983176312646
2.280531914893617    0.035620750792642125
2.282340425531915    0.03472819948588883
2.284148936170213    0.03340332222926859
2.285957446808511    0.031626933002361246
2.2877659574468088    0.02986696760810581
2.2895744680851062    0.0287463749698761
2.291382978723404    0.028462634057331744
2.293191489361702    0.02859239203116868
2.295    0.028433206594331753
2.296808510638298    0.027449821177630854
2.2986170212765957    0.025391286786816486
2.3004255319148936    0.02213734012746233
2.3022340425531915    0.01763902640731229
2.3040425531914894    0.012077090798288781
2.3058510638297873    0.005962587111587866
2.3076595744680852    -7.369314141001271e-05
2.309468085106383    -0.0056346827237742925
2.311276595744681    -0.010651950349351461
2.313085106382979    -0.01512662951740814
2.314893617021277    -0.01888266599497379
2.3167021276595747    -0.02168812966611241
2.3185106382978726    -0.023593051269592838
2.32031914893617    -0.024984212003852986
2.322127659574468    -0.02616644655976727
2.323936170212766    -0.026902769782002928
2.325744680851064    -0.026486505240168393
2.3275531914893617    -0.024341459182972466
2.3293617021276596    -0.02051976082988098
2.3311702127659575    -0.015563452893490391
2.3329787234042554    -0.009922001228443118
2.3347872340425533    -0.0036063021187631925
2.336595744680851    0.003567968544243185
2.338404255319149    0.011515751167608603
2.340212765957447    0.01978871244015587
2.342021276595745    0.027924850999388885
2.343829787234043    0.0357413027106681
2.3456382978723407    0.04317804959477103
2.3474468085106386    0.04993407861611426
2.349255319148936    0.05545743323514906
2.351063829787234    0.059414368548616016
2.352872340425532    0.06210533164273902
2.3546808510638297    0.06426464296564527
2.3564893617021276    0.06636511855502991
2.3582978723404255    0.06814692674557235
2.3601063829787234    0.06888381362438586
2.3619148936170213    0.0681202827730227
2.3637234042553192    0.06614371089966378
2.365531914893617    0.06377734283077502
2.367340425531915    0.06176340273042477
2.369148936170213    0.06029975683885612
2.370957446808511    0.059006769327601044
2.3727659574468087    0.057192371996934
2.3745744680851066    0.05418398113689288
2.3763829787234045    0.04962147669564154
2.378191489361702    0.04363940177264321
2.38    0.0367952776504083
2.381808510638298    0.029696472796430076
2.3836170212765957    0.022585506934187788
2.3854255319148936    0.015287083507332141
2.3872340425531915    0.0075972545593217325
2.3890425531914894    -0.00030435187727506294
2.3908510638297873    -0.007896066020911988
2.392659574468085    -0.014761205977919151
2.394468085106383    -0.020896247139743068
2.396276595744681    -0.026508882778274182
2.398085106382979    -0.03159246643747435
2.399893617021277    -0.03586662150228123
2.4017021276595747    -0.039195362897293015
2.4035106382978726    -0.04192391122702148
2.4053191489361705    -0.04461067579398642
2.407127659574468    -0.04739504817139807
2.408936170212766    -0.049777433797088114
2.4107446808510637    -0.05115244988983304
2.4125531914893616    -0.05150648909154605
2.4143617021276595    -0.05143283708130229
2.4161702127659574    -0.05141174766002908
2.4179787234042553    -0.05120113883356771
2.4197872340425532    -0.05006074998273008
2.421595744680851    -0.04752207003138417
2.423404255319149    -0.04377870050599411
2.425212765957447    -0.03930521680996228
2.427021276595745    -0.03431661309040819
2.4288297872340427    -0.028839810003461433
2.4306382978723406    -0.02326598566888955
2.4324468085106385    -0.018491468651016023
2.4342553191489364    -0.015212827629537469
2.436063829787234    -0.013110236690101341
2.437872340425532    -0.011004611444330282
2.4396808510638297    -0.008021143174586323
2.4414893617021276    -0.004543927592401841
2.4432978723404255    -0.0018748847850128406
2.4451063829787234    -0.0009561327666083382
2.4469148936170213    -0.0015752583277035283
2.448723404255319    -0.0028677125062606967
2.450531914893617    -0.004399306989640734
2.452340425531915    -0.006513105891962211
2.454148936170213    -0.009637093967484488
2.455957446808511    -0.013551035531770828
2.4577659574468087    -0.01757338641831686
2.4595744680851066    -0.02136712921715313
2.4613829787234045    -0.025248499214419993
2.4631914893617024    -0.029570128652323533
2.465    -0.034019264854338996
2.4668085106382978    -0.03783045490038024
2.4686170212765957    -0.04071433914423339
2.4704255319148936    -0.04330213784753789
2.4722340425531915    -0.04645011500272225
2.4740425531914894    -0.05020290957384663
2.4758510638297873    -0.053716117284831374
2.477659574468085    -0.056282161405467865
2.479468085106383    -0.05820057583970849
2.481276595744681    -0.060369010749529745
2.483085106382979    -0.06303400217146503
2.4848936170212768    -0.06521688609480487
2.4867021276595747    -0.0655740549576455
2.4885106382978726    -0.06376342274011905
2.4903191489361705    -0.06080213541884788
2.4921276595744684    -0.05807727076208302
2.493936170212766    -0.05614820136343254
2.4957446808510637    -0.054534627877888486
2.4975531914893616    -0.052422310558390126
2.4993617021276595    -0.04928783752535089
2.5011702127659574    -0.044879819865892484
2.5029787234042553    -0.03900396207841238
2.504787234042553    -0.03172128867141097
2.506595744680851    -0.023750103194477658
2.508404255319149    -0.016318770534450563
2.510212765957447    -0.010314459251458682
2.512021276595745    -0.005566496428576262
2.5138297872340427    -0.0011154787145754514
2.5156382978723406    0.003783253939823535
2.5174468085106385    0.009034491245744639
2.5192553191489364    0.014086590744606109
2.5210638297872343    0.0187295760969885
2.5228723404255318    0.023290878264196534
2.5246808510638297    0.0280796348904681
2.5264893617021276    0.03291313703273656
2.5282978723404255    0.037376829592207075
2.5301063829787234    0.04141479470420803
2.5319148936170213    0.04536933708895889
2.533723404255319    0.04934616393673899
2.535531914893617    0.05275898762318594
2.537340425531915    0.05476246011229978
2.539148936170213    0.05515062105100109
2.5409574468085108    0.05464549155914866
2.5427659574468087    0.05420273828698326
2.5445744680851066    0.054140790560671656
2.5463829787234045    0.0540632666929947
2.5481914893617024    0.05352566304421437
2.5500000000000003    0.052542465247618714
2.551808510638298    0.05140081631641431
2.5536170212765956    0.05023895716963647
2.5554255319148935    0.04906943962984746
2.5572340425531914    0.04812097860227607
2.5590425531914893    0.047764328406287984
2.560851063829787    0.04785621683163452
2.562659574468085    0.04736252962316334
2.564468085106383    0.04507847532601558
2.566276595744681    0.04094688068906871
2.568085106382979    0.03649313552817138
2.5698936170212767    0.03366484309291823
2.5717021276595746    0.03315434997832421
2.5735106382978725    0.03394962557951828
2.5753191489361704    0.03451117804217109
2.5771276595744683    0.03417844729566888
2.578936170212766    0.03330889727748432
2.580744680851064    0.03229474640862093
2.5825531914893616    0.030897146157390337
2.5843617021276595    0.028718929903750245
2.5861702127659574    0.02602334769434192
2.5879787234042553    0.023651889626358162
2.589787234042553    0.02206522915610351
2.591595744680851    0.020788423044728707
2.593404255319149    0.01906280564996579
2.595212765957447    0.01689235825274306
2.5970212765957448    0.015078318683108063
2.5988297872340427    0.01411696494500948
2.6006382978723406    0.01335794651438264
2.6024468085106385    0.011562951158529775
2.6042553191489364    0.008233937546423774
2.6060638297872343    0.0040690989778626
2.607872340425532    -8.02765263992547e-06
2.60968085106383    -0.003989098446069086
2.6114893617021275    -0.008637612034402676
2.6132978723404254    -0.014290542031337951
2.6151063829787233    -0.020212597787802343
2.6169148936170212    -0.0253852418851813
2.618723404255319    -0.029722648181591253
2.620531914893617    -0.03412530429079375
2.622340425531915    -0.0392848116872151
2.624148936170213    -0.04478405707521057
2.6259574468085107    -0.049650492661580094
2.6277659574468086    -0.05360542291107483
2.6295744680851065    -0.05732212008341656
2.6313829787234044    -0.06131268006953814
2.6331914893617023    -0.06492256734880406
2.6350000000000002    -0.0668639262371016
2.636808510638298    -0.06675535032418609
2.638617021276596    -0.06576796309809804
2.6404255319148935    -0.06550800670051879
2.6422340425531914    -0.06643056623051327
2.6440425531914893    -0.06763990852196236
2.645851063829787    -0.06818951356999955
2.647659574468085    -0.06818023059490663
2.649468085106383    -0.0683492662568059
2.651276595744681    -0.06885734781497688
2.653085106382979    -0.06897074235016631
2.6548936170212767    -0.06805407855438672
2.6567021276595746    -0.06648557805669666
2.6585106382978725    -0.06518815493850916
2.6603191489361704    -0.06433521490622193
2.6621276595744683    -0.06296145191926966
2.663936170212766    -0.06009716293183921
2.665744680851064    -0.05605625402011459
2.667553191489362    -0.05223238726141714
2.6693617021276594    -0.04959341666598256
2.6711702127659573    -0.04768516989728991
2.6729787234042552    -0.04530746827238627
2.674787234042553    -0.0419565630577757
2.676595744680851    -0.03826255505065443
2.678404255319149    -0.03500896985805878
2.680212765957447    -0.032083897582333085
2.6820212765957447    -0.028650113062915795
2.6838297872340426    -0.024159013040538024
2.6856382978723405    -0.01882289508535697
2.6874468085106384    -0.013052287371090342
2.6892553191489363    -0.006824108421147945
2.6910638297872342    4.921196329571529e-05
2.692872340425532    0.007181953650564868
2.69468085106383    0.013636155260051352
2.696489361702128    0.018928835992960226
2.6982978723404254    0.023775997169308213
2.7001063829787233    0.029453343543826678
2.701914893617021    0.036376250662101726
2.703723404255319    0.043603472021803306
2.705531914893617    0.04992192564197872
2.707340425531915    0.055218733248513
2.709148936170213    0.060476977190047305
2.7109574468085107    0.06644864717522633
2.7127659574468086    0.07269111437735903
2.7145744680851065    0.07813686468375605
2.7163829787234044    0.0823986674130967
2.7181914893617023    0.08613162396156016
2.72    0.09006377217939474
2.721808510638298    0.09403336562471365
2.723617021276596    0.09729073546772848
2.725425531914894    0.09960679154951879
2.7272340425531914    0.10167610174447023
2.7290425531914893    0.10427340683095587
2.730851063829787    0.10728094762836801
2.732659574468085    0.10983989482771014
2.734468085106383    0.11135573929242801
2.736276595744681    0.11198260967274057
2.7380851063829788    0.11200097660375305
2.7398936170212767    0.11107851402707311
2.7417021276595746    0.10858286356544167
2.7435106382978725    0.10461517555598038
2.7453191489361704    0.100297257091266
2.7471276595744683    0.09670319018748119
2.748936170212766    0.09364019964801604
2.750744680851064    0.08983952315162147
2.752553191489362    0.08442839153377313
2.75436170212766    0.0779275595281809
2.7561702127659573    0.07157004659449243
2.757978723404255    0.06581286109350903
2.759787234042553    0.059888118081115854
2.761595744680851    0.052887422121047425
2.763404255319149    0.044944277266880925
2.765212765957447    0.03702849456973323
2.7670212765957447    0.02969552314935306
2.7688297872340426    0.02244279423707335
2.7706382978723405    0.014461574320679384
2.7724468085106384    0.005738370810450994
2.7742553191489363    -0.002933534710081903
2.776063829787234    -0.010974920468336525
2.777872340425532    -0.01866608999846169
2.77968085106383    -0.026580577242321848
2.781489361702128    -0.03464039507992389
2.783297872340426    -0.04212481815488134
2.7851063829787237    -0.04863223336507631
2.786914893617021    -0.05465107721205227
2.788723404255319    -0.06088411814091424
2.790531914893617    -0.06716724893568773
2.792340425531915    -0.07245137876640587
2.7941489361702128    -0.07598092561882139
2.7959574468085107    -0.07822075352743871
2.7977659574468086    -0.08034246594083017
2.7995744680851065    -0.08288402967605382
2.8013829787234044    -0.08522927808021388
2.8031914893617023    -0.08649692958266453
2.805    -0.08666362641244985
2.806808510638298    -0.08653140105415091
2.808617021276596    -0.08669247439598743
2.810425531914894    -0.08689010257042068
2.8122340425531918    -0.08654262487199502
2.8140425531914897    -0.08561563817059833
2.815851063829787    -0.08462329312413294
2.817659574468085    -0.08379975384235505
2.819468085106383    -0.08265165961440141
2.821276595744681    -0.08058265318067956
2.8230851063829787    -0.07777789285252368
2.8248936170212766    -0.0751018038131005
2.8267021276595745    -0.07302881541135048
2.8285106382978724    -0.07093993497662202
2.8303191489361703    -0.06772264929894575
2.832127659574468    -0.06298464432740852
2.833936170212766    -0.05742752224867785
2.835744680851064    -0.051995977866597515
2.837553191489362    -0.04691931688819513
2.83936170212766    -0.041782623328152524
2.8411702127659577    -0.036363537318285455
2.8429787234042556    -0.03102947457179689
2.844787234042553    -0.026196326575623707
2.846595744680851    -0.021674768661689874
2.848404255319149    -0.016873073511870937
2.8502127659574468    -0.011627625842419047
2.8520212765957447    -0.006542898993784761
2.8538297872340426    -0.0023482197349933565
2.8556382978723405    0.0009274000892256174
2.8574468085106384    0.0039330248553468075
2.8592553191489363    0.007220342002811327
2.861063829787234    0.010760931897517522
2.862872340425532    0.014321271980009683
2.86468085106383    0.01804103014308403
2.866489361702128    0.022290125753413007
2.8682978723404258    0.026938333683605563
2.8701063829787237    0.031100078946060317
2.8719148936170216    0.03389162962462321
2.873723404255319    0.03538836107678969
2.875531914893617    0.03658947669085327
2.877340425531915    0.038361305525081005
2.8791489361702127    0.040587862748533016
2.8809574468085106    0.04249757627247651
2.8827659574468085    0.043682715997552926
2.8845744680851064    0.044524310669104075
2.8863829787234043    0.04556067931540192
2.8881914893617022    0.04668368602884669
2.89    0.04719848062146122
2.891808510638298    0.0466243106278966
2.893617021276596    0.04519530531285443
2.895425531914894    0.043484734887577925
2.8972340425531917    0.041724509555688044
2.8990425531914896    0.039701141676093135
2.9008510638297875    0.03725842137508763
2.902659574468085    0.03463938017154858
2.904468085106383    0.03220545039318978
2.906276595744681    0.0299824560052609
2.9080851063829787    0.027713041150841312
2.9098936170212766    0.025348345577811737
2.9117021276595745    0.023256603878326017
2.9135106382978724    0.021793412891569747
2.9153191489361703    0.020774453172711732
2.917127659574468    0.01957918083450974
2.918936170212766    0.017809100251315255
2.920744680851064    0.01569162021996462
2.922553191489362    0.013739045285971349
2.92436170212766    0.012119821454843215
2.9261702127659577    0.010527980810766897
2.9279787234042556    0.008644051782209197
2.9297872340425535    0.006520306583364416
2.931595744680851    0.004396890671425789
2.933404255319149    0.002276880742459418
2.9352127659574467    -8.814755898718055e-05
2.9370212765957446    -0.0027558636131386
2.9388297872340425    -0.00532803598817704
2.9406382978723404    -0.007297494494719439
2.9424468085106383    -0.008618770181783654
2.9442553191489362    -0.009779512264256903
2.946063829787234    -0.011265146327845083
2.947872340425532    -0.013065362155578011
2.94968085106383    -0.014786025212519658
2.951489361702128    -0.016153672379373638
2.9532978723404257    -0.017269699775531923
2.9551063829787236    -0.018397209861559426
2.9569148936170215    -0.01968581506902716
2.9587234042553194    -0.02120221115406453
2.960531914893617    -0.02307590385643815
2.962340425531915    -0.025374058040207252
2.9641489361702127    -0.027804219836662515
2.9659574468085106    -0.029767598163326456
2.9677659574468085    -0.03091431960752182
2.9695744680851064    -0.03159352984985299
2.9713829787234043    -0.032535507542911596
2.973191489361702    -0.03399615992713523
2.975    -0.03535204865611402
2.976808510638298    -0.03569645076854408
2.978617021276596    -0.03478927624378349
2.980425531914894    -0.0332474606266769
2.9822340425531917    -0.031772556533082044
2.9840425531914896    -0.030393809376572496
2.9858510638297875    -0.028660706940651114
2.9876595744680854    -0.026487493473656323
2.989468085106383    -0.024498744777036854
2.9912765957446807    -0.023353600030676623
2.9930851063829786    -0.02285278724471676
2.9948936170212765    -0.02197082444852555
2.9967021276595744    -0.01986100221957024
2.9985106382978723    -0.01670916579242422
3.0003191489361702    -0.013499204423790826
3.002127659574468    -0.011029333177051515
3.003936170212766    -0.009309014475160617
3.005744680851064    -0.007886689922622907
3.007553191489362    -0.006536105187698546
3.0093617021276597    -0.005446422760802422
3.0111702127659576    -0.004821008253697193
3.0129787234042555    -0.004511433132703722
3.0147872340425534    -0.004132437078900224
3.0165957446808513    -0.003415768568248963
3.0184042553191492    -0.002332630993273915
3.0202127659574467    -0.0009478284572396411
3.0220212765957446    0.000656439022480507
3.0238297872340425    0.002265306114096398
3.0256382978723404    0.003512838618383157
3.0274468085106383    0.00416775617054557
3.029255319148936    0.004431776135484659
3.031063829787234    0.004798675555702973
3.032872340425532    0.005532493579523735
3.03468085106383    0.006362681403806685
3.036489361702128    0.006788425656824393
3.0382978723404257    0.0066321413990805605
3.0401063829787236    0.006159609813262349
3.0419148936170215    0.005646047759267011
3.0437234042553194    0.0049931793739333786
3.0455319148936173    0.003924991675215698
3.047340425531915    0.002498035632508183
3.0491489361702127    0.0012126138635909687
3.0509574468085106    0.0005250270173431577
3.0527659574468085    0.00037072687986743514
3.0545744680851064    0.0003254594793614012
3.0563829787234043    0.0002060834346673655
3.058191489361702    0.00032808959463281374
3.06    0.0010817136301824546
3.061808510638298    0.0023915283545552736
3.063617021276596    0.003788358502923449
3.0654255319148938    0.005011889704509582
3.0672340425531917    0.00633949636106824
3.0690425531914896    0.008173357207965675
3.0708510638297875    0.01039898362115449
3.0726595744680854    0.012369375964561401
3.0744680851063833    0.013593534324855262
3.076276595744681    0.014293099684130513
3.0780851063829786    0.015120688269043218
3.0798936170212765    0.01636692062467157
3.0817021276595744    0.01762159572989634
3.0835106382978723    0.018294992768507226
3.08531914893617    0.018353717298729755
3.087127659574468    0.018387052326424957
3.088936170212766    0.0189567157304201
3.090744680851064    0.02002808581925019
3.092553191489362    0.021116361372395483
3.0943617021276597    0.02188454081188374
3.0961702127659576    0.02244390822716815
3.0979787234042555    0.023070608796273484
3.0997872340425534    0.02379211775076901
3.1015957446808513    0.024377591315052967
3.103404255319149    0.024672995102099964
3.105212765957447    0.024787294581190174
3.1070212765957446    0.02489836680881436
3.1088297872340425    0.024991142705116605
3.1106382978723404    0.024917619562847326
3.1124468085106383    0.0247004556060876
3.114255319148936    0.024640842873452792
3.116063829787234    0.02502484063094896
3.117872340425532    0.025743665625757244
3.11968085106383    0.026281508639952947
3.1214893617021278    0.026113240051589888
3.1232978723404257    0.025107624425918976
3.1251063829787236    0.023561853984495187
3.1269148936170215    0.02190368964682244
3.1287234042553194    0.020384839408931717
3.1305319148936173    0.0189943374677927
3.132340425531915    0.017563202673703204
3.134148936170213    0.015923012023017512
3.1359574468085105    0.014033954641172748
3.1377659574468084    0.012034586885194744
3.1395744680851063    0.01015604614478333
3.141382978723404    0.008521884975088715
3.143191489361702    0.007016363906370265
3.145    0.005413593289708843
3.146808510638298    0.0036891751680040562
3.148617021276596    0.0021553000049246863
3.1504255319148937    0.0011738182877849852
3.1522340425531916    0.0006840052945412162
3.1540425531914895    8.72948707700442e-05
3.1558510638297874    -0.0012815204348903312
3.1576595744680853    -0.0035262429481194096
3.159468085106383    -0.00608231865495119
3.161276595744681    -0.008291347939033489
3.163085106382979    -0.010066718911497482
3.1648936170212765    -0.011931803545532084
3.1667021276595744    -0.014386494434590476
3.1685106382978723    -0.017295310001096298
3.17031914893617    -0.01996359959784101
3.172127659574468    -0.021810657949069168
3.173936170212766    -0.022910923377364723
3.175744680851064    -0.023850375814158865
3.1775531914893618    -0.025101157689290103
3.1793617021276597    -0.026597939622079396
3.1811702127659576    -0.027911932423217822
3.1829787234042555    -0.02874820845310959
3.1847872340425534    -0.029202103932882487
3.1865957446808513    -0.0295634172144245
3.188404255319149    -0.029977340257423414
3.190212765957447    -0.030359151456003874
3.192021276595745    -0.03058426196113572
3.1938297872340424    -0.030643771003359334
3.1956382978723403    -0.030561472240027497
3.1974468085106382    -0.030229119510043874
3.199255319148936    -0.02944185469042669
3.201063829787234    -0.028138061999379738
3.202872340425532    -0.026533796672987983
3.20468085106383    -0.02492332121797592
3.2064893617021277    -0.023330417750362167
3.2082978723404256    -0.02143099266663908
3.2101063829787235    -0.01889468083366176
3.2119148936170214    -0.015796844008345544
3.2137234042553193    -0.012626503746783854
3.2155319148936172    -0.009847475619112124
3.217340425531915    -0.007480509783704785
3.219148936170213    -0.005162877381122094
3.220957446808511    -0.0026060680204277164
3.2227659574468084    6.916535488661396e-05
3.2245744680851063    0.00247588817067933
3.226382978723404    0.004372919432800837
3.228191489361702    0.005848841433019795
3.23    0.007098047503242424
3.231808510638298    0.008117810012428187
3.233617021276596    0.008725012632876544
3.2354255319148937    0.008854258357770189
3.2372340425531916    0.008725505946190114
3.2390425531914895    0.008639312722125949
3.2408510638297874    0.00865149220051507
3.2426595744680853    0.008556502266789504
3.244468085106383    0.008227281513634294
3.246276595744681    0.007891492538486509
3.248085106382979    0.007968846619419028
3.249893617021277    0.008617791322597629
3.251702127659575    0.009507678551475975
3.2535106382978722    0.010092010493811105
3.25531914893617    0.010094305356206885
3.257127659574468    0.009696254375261008
3.258936170212766    0.00927618902884204
3.260744680851064    0.009035333515803337
3.2625531914893617    0.008908665651870255
3.2643617021276596    0.008776302928344783
3.2661702127659575    0.008662026498422164
3.2679787234042554    0.008688391608071413
3.2697872340425533    0.008884633599632232
3.2715957446808512    0.009098244711098734
3.273404255319149    0.009105402059148636
3.275212765957447    0.008791208393956952
3.277021276595745    0.008233811164184281
3.278829787234043    0.0076512265709160025
3.2806382978723407    0.007270638777665402
3.282446808510638    0.007191285296978956
3.284255319148936    0.007311175560369225
3.286063829787234    0.007394890440602155
3.287872340425532    0.00728347834591527
3.28968085106383    0.007083378449941169
3.2914893617021277    0.0071120973913098955
3.2932978723404256    0.007584457421180241
3.2951063829787235    0.008330956403938642
3.2969148936170214    0.008874280037449575
3.2987234042553193    0.008834762854005659
3.300531914893617    0.008257659659376063
3.302340425531915    0.00751358558062582
3.304148936170213    0.0068903332647366825
3.305957446808511    0.006335883102808741
3.307765957446809    0.005618150818024038
3.3095744680851067    0.004666298970361445
3.311382978723404    0.0036578228018968265
3.313191489361702    0.0027546397701711522
3.315    0.0018427249185517924
3.316808510638298    0.0006292829664654599
3.3186170212765957    -0.0009995321879825857
3.3204255319148936    -0.002795765785470531
3.3222340425531915    -0.004380476902827031
3.3240425531914894    -0.005633688830091573
3.3258510638297873    -0.0067970305416594125
3.3276595744680852    -0.008177346607770709
3.329468085106383    -0.009794972912998632
3.331276595744681    -0.011366614342956037
3.333085106382979    -0.012621335221017568
3.334893617021277    -0.013588692426591971
3.3367021276595747    -0.014561317577691376
3.3385106382978726    -0.01580387301568288
3.34031914893617    -0.017324831159742628
3.342127659574468    -0.018914288492803494
3.343936170212766    -0.02035996274353065
3.345744680851064    -0.021608296285622858
3.3475531914893617    -0.02274206776966109
3.3493617021276596    -0.023836681861517127
3.3511702127659575    -0.0248407914891488
3.3529787234042554    -0.025570861828412783
3.3547872340425533    -0.02580805845378254
3.356595744680851    -0.0254230282898757
3.358404255319149    -0.024447035046804455
3.360212765957447    -0.023044271464427404
3.362021276595745    -0.021404401548011126
3.363829787234043    -0.01963235753086419
3.3656382978723407    -0.017716607592531318
3.3674468085106386    -0.015595010027493438
3.369255319148936    -0.013258379026452452
3.371063829787234    -0.010803849588142452
3.372872340425532    -0.008393244600990935
3.3746808510638298    -0.006146555438407319
3.3764893617021277    -0.004051860603940858
3.3782978723404256    -0.0019682171477443614
3.3801063829787235    0.0002633835039627685
3.3819148936170214    0.0026717076600359787
3.3837234042553193    0.005087273660825623
3.385531914893617    0.0072250361216045795
3.387340425531915    0.008866285273509735
3.389148936170213    0.009997520773779205
3.390957446808511    0.010799939852697954
3.3927659574468088    0.011517444927220998
3.3945744680851067    0.01232779120530744
3.3963829787234046    0.013306485775448034
3.398191489361702    0.014461409719727822
3.4    0.01576019951643541
3.401808510638298    0.01711999542064587
3.4036170212765957    0.01839873538171831
3.4054255319148936    0.019428157666205266
3.4072340425531915    0.020075218822141222
3.4090425531914894    0.02028906774559558
3.4108510638297873    0.02011045535865026
3.412659574468085    0.01964430459284957
3.414468085106383    0.01899923647623375
3.416276595744681    0.018213807435199722
3.418085106382979    0.01722840668526971
3.419893617021277    0.015956108938530687
3.4217021276595747    0.014407706831837824
3.4235106382978726    0.01273012625501347
3.4253191489361705    0.011077796853935555
3.427127659574468    0.009435468623285082
3.428936170212766    0.007611419891351553
3.4307446808510638    0.0054492836134975645
3.4325531914893617    0.0030323816190101858
3.4343617021276596    0.0006297884112975074
3.4361702127659575    -0.0015651154344621964
3.4379787234042554    -0.0035860008059073515
3.4397872340425533    -0.005549988250002106
3.441595744680851    -0.007424859207524221
3.443404255319149    -0.009043632307972166
3.445212765957447    -0.010362989178166747
3.447021276595745    -0.011587343339140336
3.4488297872340428    -0.01291629066677019
3.4506382978723407    -0.014202794382648003
3.4524468085106386    -0.015021323122725713
3.4542553191489365    -0.015165889625156208
3.456063829787234    -0.014984640553885703
3.457872340425532    -0.015057115349220595
3.4596808510638297    -0.015520772520535771
3.4614893617021276    -0.015868928054586395
3.4632978723404255    -0.015532618370021706
3.4651063829787234    -0.014573388405124881
3.4669148936170213    -0.013606224332822298
3.468723404255319    -0.012995512830357485
3.470531914893617    -0.012313466801617299
3.472340425531915    -0.010785423922187082
3.474148936170213    -0.00822704495389194
3.475957446808511    -0.0053238396149000965
3.4777659574468087    -0.0028875883287349073
3.4795744680851066    -0.0010000508667852262
3.4813829787234045    0.0009001856637840125
3.4831914893617024    0.0031316484185907488
3.4850000000000003    0.005252429397736594
3.4868085106382978    0.006596961218362355
3.4886170212765957    0.007167289429889762
3.4904255319148936    0.007687252335626925
3.4922340425531915    0.008699517435132378
3.4940425531914894    0.00985326170681752
3.4958510638297873    0.010330548760024767
3.497659574468085    0.009906627281282086
3.499468085106383    0.00929550597075289
3.501276595744681    0.009314613520494612
3.503085106382979    0.00991012998057585
3.5048936170212768    0.010283633796612662
3.5067021276595747    0.00997332647406659
3.5085106382978726    0.009526185864779615
3.5103191489361705    0.009901316824139184
3.5121276595744684    0.011330411099475295
3.5139361702127663    0.01302404234154016
3.5157446808510637    0.01404123487303819
3.5175531914893616    0.014219680012770648
3.5193617021276595    0.014072126336069815
3.5211702127659574    0.013908237827617086
3.5229787234042553    0.01337620848610404
3.5247872340425532    0.01198829567693472
3.526595744680851    0.009888903922357976
3.528404255319149    0.007838302966717007
3.530212765957447    0.006427394031125008
3.532021276595745    0.0055135048073158745
3.5338297872340427    0.0045429461913765925
3.5356382978723406    0.003289575920486244
3.5374468085106385    0.002070410445077507
3.5392553191489364    0.0012342569192515334
3.5410638297872343    0.0006404116422907733
3.5428723404255322    -0.00021178593775601523
3.5446808510638297    -0.0016085002030902297
3.5464893617021276    -0.0033246287060739207
3.5482978723404255    -0.004901217320455266
3.5501063829787234    -0.006079594452646645
3.5519148936170213    -0.00689289059512707
3.553723404255319    -0.007449097707783474
3.555531914893617    -0.0077943700798042085
3.557340425531915    -0.008001837462331731
3.559148936170213    -0.008246946060113567
3.560957446808511    -0.00868542156490921
3.5627659574468087    -0.009307355708710491
3.5645744680851066    -0.010010693044148271
3.5663829787234045    -0.010793923871647204
3.5681914893617024    -0.01174756678076806
3.5700000000000003    -0.012811783309337714
3.571808510638298    -0.013673820981278261
3.5736170212765956    -0.01406314468222167
3.5754255319148935    -0.014135095258482866
3.5772340425531914    -0.014396115501960722
3.5790425531914893    -0.015142508973504063
3.5808510638297872    -0.01605551080579659
3.582659574468085    -0.01650308256090667
3.584468085106383    -0.01625925633236714
3.586276595744681    -0.015792355411042396
3.588085106382979    -0.015747340287551613
3.5898936170212767    -0.016220293007408557
3.5917021276595746    -0.016692158567577685
3.5935106382978725    -0.016697409068705163
3.5953191489361704    -0.016414263777723634
3.5971276595744683    -0.016466730402808896
3.5989361702127662    -0.017186251343223123
3.600744680851064    -0.01821302347771849
3.6025531914893616    -0.01887748799882147
3.6043617021276595    -0.018870757804711633
3.6061702127659574    -0.01842755269257844
3.6079787234042553    -0.017895121579652624
3.609787234042553    -0.017293463028529105
3.611595744680851    -0.016403191301278867
3.613404255319149    -0.01520293481132659
3.615212765957447    -0.014042334565263416
