0.0    0.0
0.0018085106382978724    0.0
0.003617021276595745    0.0
0.005425531914893617    0.0
0.00723404255319149    0.0
0.009042553191489363    0.0
0.010851063829787235    0.0
0.012659574468085107    0.0
0.01446808510638298    0.0
0.016276595744680853    0.0
0.018085106382978725    0.0
0.019893617021276597    0.0
0.02170212765957447    0.0
0.023510638297872342    0.0
0.025319148936170214    0.0
0.027127659574468086    0.0
0.02893617021276596    0.0
0.03074468085106383    0.0
0.032553191489361706    0.0
0.03436170212765958    0.0
0.03617021276595745    0.0
0.03797872340425532    0.0
0.039787234042553195    0.0
0.04159574468085107    0.0
0.04340425531914894    0.0
0.04521276595744681    0.0
0.047021276595744683    0.0
0.048829787234042556    0.0
0.05063829787234043    0.0
0.0524468085106383    0.0
0.05425531914893617    0.0
0.056063829787234044    0.0
0.05787234042553192    0.0
0.05968085106382979    0.0
0.06148936170212766    0.0
0.06329787234042554    0.0
0.06510638297872341    0.0
0.06691489361702128    0.0
0.06872340425531916    0.0
0.07053191489361703    0.0
0.0723404255319149    0.0
0.07414893617021277    0.0
0.07595744680851065    0.0
0.07776595744680852    0.0
0.07957446808510639    0.0
0.08138297872340426    0.0
0.08319148936170213    0.0
0.085    0.0
0.08680851063829788    0.0
0.08861702127659575    0.0
0.09042553191489362    0.0
0.0922340425531915    0.0
0.09404255319148937    0.0
0.09585106382978724    0.0
0.09765957446808511    0.0
0.09946808510638298    0.0
0.10127659574468086    0.0
0.10308510638297873    0.0
0.1048936170212766    0.0
0.10670212765957447    0.0
0.10851063829787234    0.0
0.11031914893617022    0.0
0.11212765957446809    0.0
0.11393617021276596    0.0
0.11574468085106383    0.0
0.1175531914893617    0.0
0.11936170212765958    0.0
0.12117021276595745    0.0
0.12297872340425532    0.0
0.1247872340425532    0.0
0.12659574468085108    0.0
0.12840425531914895    0.0
0.13021276595744682    0.0
0.1320212765957447    0.0
0.13382978723404257    0.0
0.13563829787234044    0.0
0.1374468085106383    0.0
0.13925531914893619    0.0
0.14106382978723406    0.0
0.14287234042553193    0.0
0.1446808510638298    0.0
0.14648936170212767    0.0
0.14829787234042555    0.0
0.15010638297872342    0.0
0.1519148936170213    0.0
0.15372340425531916    0.0
0.15553191489361703    0.0
0.1573404255319149    0.0
0.15914893617021278    0.0
0.16095744680851065    0.0
0.16276595744680852    0.0
0.1645744680851064    0.0
0.16638297872340427    0.0
0.16819148936170214    0.0
0.17    0.0
0.17180851063829788    0.0
0.17361702127659576    0.0
0.17542553191489363    0.0
0.1772340425531915    0.0
0.17904255319148937    0.0
0.18085106382978725    0.0
0.18265957446808512    0.0
0.184468085106383    0.0
0.18627659574468086    0.0
0.18808510638297873    0.0
0.1898936170212766    0.0
0.19170212765957448    0.0
0.19351063829787235    0.0
0.19531914893617022    0.0
0.1971276595744681    0.0
0.19893617021276597    0.0
0.20074468085106384    0.0
0.2025531914893617    0.0
0.20436170212765958    0.0
0.20617021276595746    0.0
0.20797872340425533    0.0
0.2097872340425532    0.0
0.21159574468085107    0.0
0.21340425531914894    0.0
0.21521276595744682    0.0
0.2170212765957447    0.0
0.21882978723404256    0.0
0.22063829787234043    0.0
0.2224468085106383    0.0
0.22425531914893618    0.0
0.22606382978723405    0.0
0.22787234042553192    0.0
0.2296808510638298    0.0
0.23148936170212767    0.0
0.23329787234042554    0.0
0.2351063829787234    0.0
0.23691489361702128    0.0
0.23872340425531915    0.0
0.24053191489361703    0.0
0.2423404255319149    0.0
0.24414893617021277    0.0
0.24595744680851064    0.0
0.24776595744680852    0.0
0.2495744680851064    0.0
0.25138297872340426    0.0
0.25319148936170216    0.0
0.255    0.0
0.2568085106382979    0.0
0.25861702127659575    0.0
0.26042553191489365    0.0
0.2622340425531915    0.0
0.2640425531914894    0.0
0.26585106382978724    0.0
0.26765957446808514    0.0
0.269468085106383    0.0
0.2712765957446809    0.0
0.2730851063829787    0.0
0.2748936170212766    0.0
0.27670212765957447    0.0
0.27851063829787237    0.0
0.2803191489361702    0.0
0.2821276595744681    0.0
0.28393617021276596    0.0
0.28574468085106386    0.0
0.2875531914893617    0.0
0.2893617021276596    0.0
0.29117021276595745    0.0
0.29297872340425535    0.0
0.2947872340425532    0.0
0.2965957446808511    9.5834e-320
0.29840425531914894    2.75667978e-315
0.30021276595744684    3.186867883956e-311
0.3020212765957447    1.9829618561234947e-307
0.3038297872340426    7.713311428808404e-304
0.3056382978723404    2.0552186679002705e-300
0.3074468085106383    3.990168844563228e-297
0.30925531914893617    5.90187032824917e-294
0.31106382978723407    6.878193643351717e-291
0.3128723404255319    6.484627869037693e-288
0.3146808510638298    5.0514614167322475e-285
0.31648936170212766    3.308440028059878e-282
0.31829787234042556    1.8484948593545907e-279
0.3201063829787234    8.919891002055208e-277
0.3219148936170213    3.757075427803998e-274
0.32372340425531915    1.3940751574700326e-271
0.32553191489361705    4.593793255822664e-269
0.3273404255319149    1.353945126473892e-266
0.3291489361702128    3.591946588612006e-264
0.33095744680851064    8.626315103997269e-262
0.33276595744680854    1.8849946696957218e-259
0.3345744680851064    3.7652766034489195e-257
0.3363829787234043    6.904248746495302e-255
0.3381914893617021    1.1666519733285638e-252
0.34    1.823078837901954e-250
0.34180851063829787    2.6431422719503195e-248
0.34361702127659577    3.566072094632882e-246
0.3454255319148936    4.489742600951353e-244
0.3472340425531915    5.288539310545065e-242
0.34904255319148936    5.842208082090362e-240
0.35085106382978726    6.066242692920798e-238
0.3526595744680851    5.933017745526698e-236
0.354468085106383    5.476451533314803e-234
0.35627659574468085    4.779619900817403e-232
0.35808510638297875    3.9510584406922693e-230
0.3598936170212766    3.098644261314655e-228
0.3617021276595745    2.309088951829202e-226
0.36351063829787233    1.6374056899503958e-224
0.36531914893617023    1.1064225086224835e-222
0.3671276595744681    7.133556720626992e-221
0.368936170212766    4.393941227375904e-219
0.3707446808510638    2.5886976699164662e-217
0.3725531914893617    1.4604227641248068e-215
0.37436170212765957    7.897946802799635e-214
0.37617021276595747    4.098593763989962e-212
0.3779787234042553    2.0429948686428558e-210
0.3797872340425532    9.790826102965379e-209
0.38159574468085106    4.515246251594256e-207
0.38340425531914896    2.0055223852871734e-205
0.3852127659574468    8.58649718298709e-204
0.3870212765957447    3.546426328111672e-202
0.38882978723404255    1.414107800925679e-200
0.39063829787234045    5.447636758646318e-199
0.3924468085106383    2.0289578944920893e-197
0.3942553191489362    7.310901451611655e-196
0.39606382978723403    2.550261400097255e-194
0.39787234042553193    8.617611779539564e-193
0.3996808510638298    2.822542290658926e-191
0.4014893617021277    8.966003404035647e-190
0.4032978723404255    2.763802999334734e-188
0.4051063829787234    8.271828294703053e-187
0.40691489361702127    2.4049760506594883e-185
0.40872340425531917    6.796038848056978e-184
0.410531914893617    1.8674571772212965e-182
0.4123404255319149    4.992317024808977e-181
0.41414893617021276    1.29900504686623e-179
0.41595744680851066    3.291326259164424e-178
0.4177659574468085    8.12401517544564e-177
0.4195744680851064    1.954307051617887e-175
0.42138297872340424    4.583680039465972e-174
0.42319148936170214    1.0485934464769523e-172
0.425    2.3406596428716358e-171
0.4268085106382979    5.099995903265543e-170
0.42861702127659573    1.0850740545319145e-168
0.43042553191489363    2.2550702712038178e-167
0.4322340425531915    4.579529479290582e-166
0.4340425531914894    9.090475214063325e-165
0.4358510638297872    1.7644048040999512e-163
0.4376595744680851    3.3496004687968637e-162
0.43946808510638297    6.22163493490858e-161
0.44127659574468087    1.1310007979639274e-159
0.4430851063829787    2.012773729873436e-158
0.4448936170212766    3.507714357234004e-157
0.44670212765957445    5.987853445594661e-156
0.44851063829787235    1.001505277368628e-154
0.4503191489361702    1.641666856519495e-153
0.4521276595744681    2.6380213634083737e-152
0.45393617021276594    4.1566376213085986e-151
0.45574468085106384    6.423667966158543e-150
0.4575531914893617    9.738790937334744e-149
0.4593617021276596    1.448803820399074e-147
0.46117021276595743    2.1154165454088355e-146
0.46297872340425533    3.032221383590619e-145
0.46478723404255323    4.2677535366990547e-144
0.4665957446808511    5.899344552272696e-143
0.468404255319149    8.010594120550016e-142
0.4702127659574468    1.068736785511966e-140
0.4720212765957447    1.4012268385126844e-139
0.47382978723404257    1.8057703251057228e-138
0.47563829787234047    2.287788375792187e-137
0.4774468085106383    2.850031037983141e-136
0.4792553191489362    3.49175007856109e-135
0.48106382978723405    4.207986032856953e-134
0.48287234042553195    4.98906479277789e-133
0.4846808510638298    5.820392700223907e-132
0.4864893617021277    6.682620032449947e-131
0.48829787234042554    7.552211700740751e-130
0.49010638297872344    8.40242372433711e-129
0.4919148936170213    9.204639178363514e-128
0.4937234042553192    9.929973648495486e-127
0.49553191489361703    1.055102389917079e-125
0.49734042553191493    1.1043609960751894e-124
0.4991489361702128    1.138835404469006e-123
0.5009574468085106    1.1571951175607365e-122
0.5027659574468085    1.158801512491566e-121
0.5045744680851064    1.1437425579492258e-120
0.5063829787234043    1.1128152975449312e-119
0.5081914893617021    1.0674589505268556e-118
0.51    1.0096461878400468e-117
0.5118085106382979    9.417437871818459e-117
0.5136170212765958    8.663560706539538e-116
0.5154255319148936    7.861651205514893e-115
0.5172340425531915    7.037808182487656e-114
0.5190425531914894    6.216115207151416e-113
0.5208510638297873    5.417630803860743e-112
0.5226595744680851    4.6597039396642454e-111
0.524468085106383    3.955621928519074e-110
0.5262765957446809    3.3145674981928826e-109
0.5280851063829788    2.7418384747086713e-108
0.5298936170212766    2.2392687513967187e-107
0.5317021276595745    1.8057830537095603e-106
0.5335106382978724    1.4380195460755095e-105
0.5353191489361703    1.1309618739338067e-104
0.5371276595744681    8.785337442382155e-104
0.538936170212766    6.741225468912175e-103
0.5407446808510639    5.110119790061372e-102
0.5425531914893618    3.827157451637652e-101
0.5443617021276596    2.8321425728397944e-100
0.5461702127659575    2.071034199253739e-99
0.5479787234042554    1.496690454617848e-98
0.5497872340425533    1.069024870450266e-97
0.551595744680851    7.547317887982177e-97
0.5534042553191489    5.2672482107890865e-96
0.5552127659574468    3.634108793939763e-95
0.5570212765957447    2.4789693766672685e-94
0.5588297872340425    1.6720105530317339e-93
0.5606382978723404    1.1151580688432518e-92
0.5624468085106383    7.355256197981203e-92
0.5642553191489362    4.7979639477472995e-91
0.566063829787234    3.0956173187426775e-90
0.5678723404255319    1.9756110687956582e-89
0.5696808510638298    1.2472450750900066e-88
0.5714893617021277    7.789867509527046e-88
0.5732978723404255    4.813572720718536e-87
0.5751063829787234    2.9430319358111756e-86
0.5769148936170213    1.7805028965554845e-85
0.5787234042553192    1.0659589926118703e-84
0.580531914893617    6.315646078583174e-84
0.5823404255319149    3.703424223602566e-83
0.5841489361702128    2.1494433591541616e-82
0.5859574468085107    1.2348478445181259e-81
0.5877659574468085    7.0225266774962585e-81
0.5895744680851064    3.953602834630973e-80
0.5913829787234043    2.203632371854429e-79
0.5931914893617022    1.2160685955071834e-78
0.595    6.644706307105335e-78
0.5968085106382979    3.5951570155866934e-77
0.5986170212765958    1.9262358932482415e-76
0.6004255319148937    1.0220577016935165e-75
0.6022340425531915    5.370814080665148e-75
0.6040425531914894    2.795294933083392e-74
0.6058510638297873    1.4409923076840326e-73
0.6076595744680852    7.358097339226856e-73
0.609468085106383    3.7218787309626647e-72
0.6112765957446809    1.8649808103824937e-71
0.6130851063829788    9.25815122031588e-71
0.6148936170212767    4.55337988439491e-70
0.6167021276595744    2.2188341313129534e-69
0.6185106382978723    1.0713180700593756e-68
0.6203191489361702    5.125492954550828e-68
0.6221276595744681    2.4299488475725963e-67
0.6239361702127659    1.1416244231169678e-66
0.6257446808510638    5.315376612730079e-66
0.6275531914893617    2.4527271506450565e-65
0.6293617021276596    1.1217298594101764e-64
0.6311702127659574    5.084758238742013e-64
0.6329787234042553    2.284621042737443e-63
0.6347872340425532    1.017509409124507e-62
0.6365957446808511    4.492223650552522e-62
0.6384042553191489    1.9660790583584334e-61
0.6402127659574468    8.53050958742696e-61
0.6420212765957447    3.6694486097224055e-60
0.6438297872340426    1.5649326652001068e-59
0.6456382978723404    6.617232913690454e-59
0.6474468085106383    2.774340425412086e-58
0.6492553191489362    1.1533524042725114e-57
0.6510638297872341    4.75444000596921e-57
0.6528723404255319    1.9435139344035807e-56
0.6546808510638298    7.878481216803313e-56
0.6564893617021277    3.167227611166702e-55
0.6582978723404256    1.2627375404830994e-54
0.6601063829787234    4.992968561116858e-54
0.6619148936170213    1.9580831371493927e-53
0.6637234042553192    7.616305817629323e-53
0.6655319148936171    2.938412267490185e-52
0.6673404255319149    1.1244757986549497e-51
0.6691489361702128    4.2684501733664683e-51
0.6709574468085107    1.6072613328685308e-50
0.6727659574468086    6.003606011275586e-50
0.6745744680851063    2.224642757172418e-49
0.6763829787234042    8.177933277539544e-49
0.6781914893617021    2.982459718264828e-48
0.68    1.0791099183699861e-47
0.6818085106382978    3.873726624258429e-47
0.6836170212765957    1.3796735366781477e-46
0.6854255319148936    4.875503351863793e-46
0.6872340425531915    1.7095027610935633e-45
0.6890425531914893    5.947557161931732e-45
0.6908510638297872    2.0532269214525793e-44
0.6926595744680851    7.033566650829225e-44
0.694468085106383    2.3909209150662215e-43
0.6962765957446809    8.065219049788822e-43
0.6980851063829787    2.6998440143976335e-42
0.6998936170212766    8.968973058208562e-42
0.7017021276595745    2.956909893472801e-41
0.7035106382978724    9.674630007095236e-41
0.7053191489361702    3.141527876495214e-40
0.7071276595744681    1.012434461448348e-39
0.708936170212766    3.238331743408205e-39
0.7107446808510639    1.0280469179678961e-38
0.7125531914893617    3.239293332769672e-38
0.7143617021276596    1.013075290572394e-37
0.7161702127659575    3.1448173856409914e-37
0.7179787234042554    9.689901492497495e-37
0.7197872340425532    2.9636114964461308e-36
0.7215957446808511    8.997227757619524e-36
0.723404255319149    2.7113716350487015e-35
0.7252127659574469    8.110907104033301e-35
0.7270212765957447    2.4085563153927435e-34
0.7288297872340426    7.099993228460294e-34
0.7306382978723405    2.0776833845845918e-33
0.7324468085106384    6.0356973039429905e-33
0.7342553191489362    1.7406375013034843e-32
0.7360638297872341    4.983425445673844e-32
0.737872340425532    1.416420100506205e-31
0.7396808510638299    3.996742982881037e-31
0.7414893617021276    1.119633071513664e-30
0.7432978723404255    3.1139074424280234e-30
0.7451063829787234    8.598072170138705e-30
0.7469148936170213    2.3570380386049415e-29
0.7487234042553191    6.415148581746395e-29
0.750531914893617    1.7335076605244605e-28
0.7523404255319149    4.6508015792525355e-28
0.7541489361702128    1.2388443027826059e-27
0.7559574468085106    3.276394368753461e-27
0.7577659574468085    8.603389386726672e-27
0.7595744680851064    2.2430563032033356e-26
0.7613829787234043    5.806453589039433e-26
0.7631914893617021    1.4923981807009246e-25
0.765    3.808587920312427e-25
0.7668085106382979    9.650528807727769e-25
0.7686170212765958    2.4279972342378446e-24
0.7704255319148936    6.0653669664362016e-24
0.7722340425531915    1.504455776308505e-23
0.7740425531914894    3.705242324052739e-23
0.7758510638297873    9.060868060339206e-23
0.7776595744680851    2.200087265297453e-22
0.779468085106383    5.304293923526185e-22
0.7812765957446809    1.2697939119906752e-21
0.7830851063829788    3.0182627320559583e-21
0.7848936170212766    7.123589434306266e-21
0.7867021276595745    1.6693922530174582e-20
0.7885106382978724    3.884498385273014e-20
0.7903191489361703    8.974858882380188e-20
0.7921276595744681    2.05890002614146e-19
0.793936170212766    4.689822101815445e-19
0.7957446808510639    1.0606917765813937e-18
0.7975531914893618    2.381944876137313e-18
0.7993617021276596    5.3110639645976074e-18
0.8011702127659575    1.1758069395455029e-17
0.8029787234042554    2.584593188405972e-17
0.8047872340425533    5.64087878627075e-17
0.806595744680851    1.2223515094351534e-16
0.808404255319149    2.629882067312566e-16
0.8102127659574468    5.617756950363917e-16
0.8120212765957447    1.1914380676209502e-15
0.8138297872340425    2.508746808448777e-15
0.8156382978723404    5.244615279467894e-15
0.8174468085106383    1.088519229181216e-14
0.8192553191489362    2.242942151954376e-14
0.821063829787234    4.5883122336010805e-14
0.8228723404255319    9.318237764454473e-14
0.8246808510638298    1.8786813477983008e-13
0.8264893617021277    3.7601321414901784e-13
0.8282978723404255    7.470942921881514e-13
0.8301063829787234    1.4735377382234233e-12
0.8319148936170213    2.885036815925955e-12
0.8337234042553192    5.6070692813311534e-12
0.835531914893617    1.0816945525168465e-11
0.8373404255319149    2.071317481989719e-11
0.8391489361702128    3.9368656635833886e-11
0.8409574468085107    7.426846108327472e-11
0.8427659574468085    1.390578662091788e-10
0.8445744680851064    2.5841087000060176e-10
0.8463829787234043    4.765804220249608e-10
0.8481914893617022    8.722827005622667e-10
0.85    1.5843776072968637e-09
0.8518085106382979    2.8557783602055225e-09
0.8536170212765958    5.1078470916224175e-09
0.8554255319148937    9.065281141077744e-09
0.8572340425531915    1.596379849125691e-08
0.8590425531914894    2.7892243842937193e-08
0.8608510638297873    4.835069113668024e-08
0.8626595744680852    8.315200494291147e-08
0.864468085106383    1.418637182631729e-07
0.8662765957446809    2.4009063581857206e-07
0.8680851063829788    4.030509422810503e-07
0.8698936170212767    6.711195209433701e-07
0.8717021276595744    1.1083275604246304e-06
0.8735106382978723    1.815250300716076e-06
0.8753191489361702    2.9483253952493882e-06
0.8771276595744681    4.748470249592805e-06
0.8789361702127659    7.5829600024403195e-06
0.8807446808510638    1.2005940658729308e-05
0.8825531914893617    1.8844727769416438e-05
0.8843617021276596    2.932120116970621e-05
0.8861702127659574    4.522012932967842e-05
0.8879787234042553    6.911905121623703e-05
0.8897872340425532    0.0001046972114033478
0.8915957446808511    0.00015714363846029982
0.8934042553191489    0.00023368623395728203
0.8952127659574468    0.0003442639147553903
0.8970212765957447    0.0005023613650888711
0.8988297872340426    0.00072601946756275
0.9006382978723404    0.0010390224150688809
0.9024468085106383    0.0014722431541755688
0.9042553191489362    0.0020651005536533313
0.9060638297872341    0.0028670433208726523
0.9078723404255319    0.0039389268688289885
0.9096808510638298    0.005354091191844303
0.9114893617021277    0.007198883594299819
0.9132978723404256    0.009572305898231595
0.9151063829787234    0.012584410953518357
0.9169148936170213    0.01635304089953904
0.9187234042553192    0.020998505962911064
0.9205319148936171    0.02663586605809142
0.9223404255319149    0.03336461652469288
0.9241489361702128    0.041255809116091995
0.9259574468085107    0.05033696724061592
0.9277659574468086    0.06057557488514493
0.9295744680851065    0.07186240776057062
0.9313829787234043    0.08399648644414065
0.9331914893617022    0.09667389336427173
0.935    0.10948301428276805
0.936808510638298    0.12190883102011446
0.9386170212765957    0.13334859473438204
0.9404255319148936    0.1431404565909638
0.9422340425531915    0.1506053787742529
0.9440425531914894    0.1551009199723728
0.9458510638297872    0.15608340932103143
0.9476595744680851    0.15317282596809711
0.949468085106383    0.14621272955663023
0.9512765957446809    0.1353162600361103
0.9530851063829787    0.12088898491617217
0.9548936170212766    0.10362059839147661
0.9567021276595745    0.08444038737096288
0.9585106382978724    0.064435928226321
0.9603191489361702    0.04474027664222288
0.9621276595744681    0.02639920233588232
0.963936170212766    0.01023571794232675
0.9657446808510639    -0.003267012011497654
0.9675531914893617    -0.014042550261863282
0.9693617021276596    -0.02245926992907446
0.9711702127659575    -0.02926857479508567
0.9729787234042554    -0.03548338789860911
0.9747872340425532    -0.04220036499253764
0.9765957446808511    -0.050392335239126076
0.978404255319149    -0.06070733104553029
0.9802127659574469    -0.07331441265207587
0.9820212765957447    -0.0878322805152429
0.9838297872340426    -0.10336384262344374
0.9856382978723405    -0.11863987550657644
0.9874468085106384    -0.13225115148420968
0.9892553191489362    -0.14292597772717258
0.9910638297872341    -0.14979471368848796
0.992872340425532    -0.15257946356689123
0.9946808510638299    -0.15165851134744557
0.9964893617021277    -0.14798049725796564
0.9982978723404256    -0.14283826519551285
1.0001063829787233    -0.13754884517035781
1.0019148936170212    -0.1331145666514958
1.0037234042553191    -0.12995195781385793
1.005531914893617    -0.1277644386717791
1.007340425531915    -0.12560204094305272
1.0091489361702128    -0.12210313973630449
1.0109574468085107    -0.11586162103506384
1.0127659574468086    -0.10582283845350929
1.0145744680851063    -0.09159640164793523
1.0163829787234042    -0.07359063597639254
1.0181914893617021    -0.05292070307254604
1.02    -0.031108300728291446
1.021808510638298    -0.009656594979830395
1.0236170212765958    0.01037153503428382
1.0254255319148937    0.028637232333994296
1.0272340425531916    0.04557356883198795
1.0290425531914893    0.06217189852219716
1.0308510638297872    0.07956696893223791
1.032659574468085    0.09855285538207323
1.034468085106383    0.11919317213823014
1.036276595744681    0.14066568036725377
1.0380851063829788    0.16140719467608264
1.0398936170212767    0.17952219039566916
1.0417021276595746    0.19332273307131567
1.0435106382978723    0.2018139082913051
1.0453191489361702    0.2049506951394349
1.047127659574468    0.20356936023146258
1.048936170212766    0.19901416091593851
1.0507446808510639    0.1925959967912129
1.0525531914893618    0.18508860564348165
1.0543617021276597    0.17645997323516002
1.0561702127659576    0.16595020423642606
1.0579787234042553    0.15247203416447155
1.0597872340425532    0.1351782030722021
1.061595744680851    0.11396516782502414
1.063404255319149    0.0896992234809724
1.0652127659574468    0.06405726693420447
1.0670212765957447    0.03903050324461216
1.0688297872340426    0.016281934711264295
1.0706382978723405    -0.0033840730053850947
1.0724468085106382    -0.020222217747055203
1.0742553191489361    -0.03533443250006173
1.076063829787234    -0.050139253939465
1.077872340425532    -0.06575532628419335
1.0796808510638298    -0.08257112488422681
1.0814893617021277    -0.10018978554531784
1.0832978723404256    -0.11776534910785964
1.0851063829787235    -0.13456096856422067
1.0869148936170212    -0.15044724977786378
1.088723404255319    -0.16607673892871766
1.090531914893617    -0.18261686751444123
1.092340425531915    -0.2011351975766849
1.0941489361702128    -0.22190941139206327
1.0959574468085107    -0.24399228765473147
1.0977659574468086    -0.26526454081123585
1.0995744680851065    -0.28299484080618653
1.1013829787234042    -0.29469384408636046
1.103191489361702    -0.2989084650329693
1.105    -0.29562424307880575
1.1068085106382979    -0.28612073957407
1.1086170212765958    -0.27237387797433776
1.1104255319148937    -0.2562989861359154
1.1122340425531916    -0.239180688817981
1.1140425531914895    -0.22151612913931817
1.1158510638297872    -0.20327005151316302
1.117659574468085    -0.1843249617855326
1.119468085106383    -0.1648220682923846
1.1212765957446809    -0.14517617805474575
1.1230851063829788    -0.12576148109335228
1.1248936170212767    -0.10648421495344645
1.1267021276595746    -0.08655408814511376
1.1285106382978725    -0.06467541321912365
1.1303191489361701    -0.03964211329721096
1.132127659574468    -0.011066518027706272
1.133936170212766    0.020151943288334986
1.1357446808510638    0.05192142049152815
1.1375531914893617    0.08164625320630678
1.1393617021276596    0.10722353131098944
1.1411702127659575    0.12787406164830495
1.1429787234042554    0.14438763458493747
1.1447872340425531    0.15864172869749527
1.146595744680851    0.1726174482470657
1.148404255319149    0.18739377466152862
1.1502127659574468    0.20261138117237693
1.1520212765957447    0.2166527723864532
1.1538297872340426    0.22741773232188633
1.1556382978723405    0.2332804067971943
1.1574468085106384    0.23375129944846862
1.1592553191489363    0.22955797678594425
1.161063829787234    0.2221842654608992
1.162872340425532    0.21318005797325362
1.1646808510638298    0.2036242081051396
1.1664893617021277    0.19396973305348753
1.1682978723404256    0.184236579482358
1.1701063829787235    0.17431548921078494
1.1719148936170214    0.16412939096994572
1.1737234042553193    0.15356130717200916
1.175531914893617    0.14227409107597216
1.1773404255319149    0.12965664314112874
1.1791489361702128    0.11504844423095437
1.1809574468085107    0.09817137849977961
1.1827659574468086    0.07949367836507251
1.1845744680851065    0.060224672629749926
1.1863829787234044    0.041837199470942193
1.1881914893617023    0.02532715679913576
1.19    0.010641989723598429
1.1918085106382978    -0.0033254075994540947
1.1936170212765957    -0.018085361083957176
1.1954255319148936    -0.03455627637828475
1.1972340425531915    -0.05229345461176761
1.1990425531914894    -0.06943389837093296
1.2008510638297873    -0.08346185325979998
1.2026595744680852    -0.09241873899582463
1.204468085106383    -0.09589708792821865
1.2062765957446808    -0.09525461942331968
1.2080851063829787    -0.09291734362157049
1.2098936170212766    -0.09115734811434097
1.2117021276595745    -0.09102358828170386
1.2135106382978724    -0.09199913771767558
1.2153191489361703    -0.09252490566446807
1.2171276595744682    -0.09103455239977477
1.218936170212766    -0.08688425825539735
1.2207446808510638    -0.0806755523140577
1.2225531914893617    -0.07386511594324092
1.2243617021276596    -0.06797284773833497
1.2261702127659575    -0.06388621562991527
1.2279787234042554    -0.06162776104404706
1.2297872340425533    -0.0606226441193457
1.2315957446808512    -0.06020427567100506
1.2334042553191489    -0.06000921410075025
1.2352127659574468    -0.060056854261453935
1.2370212765957447    -0.060550235901207894
1.2388297872340426    -0.06159500290299211
1.2406382978723405    -0.06302444689406186
1.2424468085106384    -0.0643879374212421
1.2442553191489363    -0.06503700258454084
1.2460638297872342    -0.06422489429866024
1.2478723404255319    -0.061210171771744565
1.2496808510638298    -0.05542263403745361
1.2514893617021277    -0.0467189961093394
1.2532978723404256    -0.03563309994373311
1.2551063829787235    -0.0234222777321035
1.2569148936170214    -0.01175202173087795
1.2587234042553193    -0.0020668457358116784
1.2605319148936172    0.005057789773823735
1.2623404255319148    0.010191597873345535
1.2641489361702127    0.014730072719446163
1.2659574468085106    0.02011322049442878
1.2677659574468085    0.02703162360008071
1.2695744680851064    0.035109850249616936
1.2713829787234043    0.043265231742638785
1.2731914893617022    0.05049464640352419
1.2750000000000001    0.056548835171984335
1.2768085106382978    0.062029501815317314
1.2786170212765957    0.06785122693640426
1.2804255319148936    0.07446826205321021
1.2822340425531915    0.08144587932076587
1.2840425531914894    0.08771663916107221
1.2858510638297873    0.09236347608556698
1.2876595744680852    0.09536893297160377
1.289468085106383    0.09776115380299776
1.2912765957446808    0.10099406228662537
1.2930851063829787    0.10594283806421272
1.2948936170212766    0.11219107853350523
1.2967021276595745    0.11811597785201298
1.2985106382978724    0.12175169337805773
1.3003191489361703    0.12188963550905378
1.3021276595744682    0.11871610995013333
1.303936170212766    0.11359751604992678
1.3057446808510638    0.1081834340012033
1.3075531914893617    0.10342617918461113
1.3093617021276596    0.09913288098282723
1.3111702127659575    0.09428305865097582
1.3129787234042554    0.08783799448066294
1.3147872340425533    0.07947818158173674
1.3165957446808512    0.06980273435822422
1.318404255319149    0.059911924260819635
1.3202127659574467    0.0506938171500423
1.3220212765957446    0.04229215198410352
1.3238297872340425    0.03407365821424847
1.3256382978723404    0.02507499196468356
1.3274468085106383    0.014621733855511604
1.3292553191489362    0.0027409726053453966
1.3310638297872341    -0.00985254604469726
1.332872340425532    -0.0221515044400576
1.3346808510638297    -0.03337834701356536
1.3364893617021276    -0.043334944362658376
1.3382978723404255    -0.05240107332761293
1.3401063829787234    -0.061210548996028874
1.3419148936170213    -0.07021168561473026
1.3437234042553192    -0.07937427940383171
1.3455319148936171    -0.08821021457056391
1.347340425531915    -0.0960810049120881
1.3491489361702127    -0.10258497151087606
1.3509574468085106    -0.10776378032505948
1.3527659574468085    -0.11198721852624294
1.3545744680851064    -0.11559881415355064
1.3563829787234043    -0.11858310231748709
1.3581914893617022    -0.12051320117026701
1.36    -0.12083992597441073
1.361808510638298    -0.11932405864166565
1.3636170212765957    -0.1162873677653328
1.3654255319148936    -0.11247599105941217
1.3672340425531915    -0.10861897546689578
1.3690425531914894    -0.10500854539306459
1.3708510638297873    -0.10142816955536801
1.3726595744680852    -0.09749184720941598
1.374468085106383    -0.0931265673808801
1.376276595744681    -0.0887937450500359
1.3780851063829787    -0.08522968983959597
1.3798936170212766    -0.08286395530063781
1.3817021276595745    -0.08135598922097179
1.3835106382978724    -0.07964233812213131
1.3853191489361703    -0.07652532542078891
1.3871276595744682    -0.07142423460356437
1.388936170212766    -0.06476528231176934
1.390744680851064    -0.05772593695633203
1.3925531914893619    -0.051500638226550655
1.3943617021276595    -0.046586039213116215
1.3961702127659574    -0.042554927149863836
1.3979787234042553    -0.0384313537525819
1.3997872340425532    -0.03336640823997783
1.4015957446808511    -0.027141799884801837
1.403404255319149    -0.020199149853001183
1.405212765957447    -0.013252886539975237
1.4070212765957448    -0.006818895786202102
1.4088297872340425    -0.0009958882274882612
1.4106382978723404    0.004396978769055473
1.4124468085106383    0.009496384070523991
1.4142553191489362    0.014168422913979512
1.416063829787234    0.018056187060747478
1.417872340425532    0.020855307944361683
1.41968085106383    0.022603099908909623
1.4214893617021278    0.023763082282413625
1.4232978723404255    0.025032807981024897
1.4251063829787234    0.026989099872051066
1.4269148936170213    0.029788924084248332
1.4287234042553192    0.03310704322224111
1.430531914893617    0.036343409973537334
1.432340425531915    0.038968221779665906
1.4341489361702129    0.04079283168737841
1.4359574468085108    0.042010884245345916
1.4377659574468085    0.04301106164537282
1.4395744680851064    0.044115246673475834
1.4413829787234043    0.0454343552117625
1.4431914893617022    0.046926774881054935
1.445    0.04857190778207595
1.446808510638298    0.05047437969575715
1.4486170212765959    0.052781000553056824
1.4504255319148938    0.055474163281605766
1.4522340425531914    0.058244277071465254
1.4540425531914893    0.060603943001137604
1.4558510638297872    0.06220244515484064
1.4576595744680851    0.06310124364764558
1.459468085106383    0.06376545000129258
1.461276595744681    0.06474183272235062
1.4630851063829788    0.06625833302805009
1.4648936170212767    0.06805938400564332
1.4667021276595744    0.06960160075352262
1.4685106382978723    0.07043178260922783
1.4703191489361702    0.07042191333292036
1.4721276595744681    0.06968153934999577
1.473936170212766    0.06827731934782055
1.475744680851064    0.06607442360605395
1.4775531914893618    0.06289303949736488
1.4793617021276597    0.0588496729334439
1.4811702127659574    0.054533228802458034
1.4829787234042553    0.05077482239525237
1.4847872340425532    0.04812998110678832
1.486595744680851    0.046478260545725625
1.488404255319149    0.045083676727524974
1.490212765957447    0.04308747700245463
1.4920212765957448    0.04004957108583462
1.4938297872340427    0.036134123179273905
1.4956382978723404    0.031859608595919256
1.4974468085106383    0.027697621433286912
1.4992553191489362    0.023875238487270717
1.501063829787234    0.020471362422683312
1.502872340425532    0.017582622586874992
1.5046808510638299    0.015293386385241768
1.5064893617021278    0.013453361193136518
1.5082978723404257    0.011551633816196265
1.5101063829787233    0.008950795735834398
1.5119148936170212    0.005393604112880149
1.5137234042553191    0.0013555167176066583
1.515531914893617    -0.0021418507316183864
1.517340425531915    -0.004200332615508902
1.5191489361702128    -0.0046876485381009015
1.5209574468085107    -0.00431450685096193
1.5227659574468086    -0.004069136413931845
1.5245744680851063    -0.0044812066874257515
1.5263829787234042    -0.005323406256008205
1.5281914893617021    -0.005955921405844531
1.53    -0.0059523140236935855
1.531808510638298    -0.005438173658883957
1.5336170212765958    -0.0048980218046925025
1.5354255319148937    -0.004723100927991851
1.5372340425531916    -0.004975051828170523
1.5390425531914893    -0.005553466580595351
1.5408510638297872    -0.006502259965369597
1.542659574468085    -0.008052930046414091
1.544468085106383    -0.010322912957429254
1.546276595744681    -0.013014709807036784
1.5480851063829788    -0.015518899397834112
1.5498936170212767    -0.017415621769654475
1.5517021276595746    -0.018905336973924828
1.5535106382978723    -0.020689278587566782
1.5553191489361702    -0.023330001007352805
1.557127659574468    -0.02666910894456168
1.558936170212766    -0.029892440313119526
1.5607446808510639    -0.0322451658835006
1.5625531914893618    -0.03375527978662937
1.5643617021276597    -0.03526684736340288
1.5661702127659576    -0.03770870065885594
1.5679787234042553    -0.04125016823885924
1.5697872340425532    -0.04511759719055759
1.571595744680851    -0.04823085500629251
1.573404255319149    -0.05005498051131127
1.5752127659574469    -0.050888131633933825
1.5770212765957448    -0.051383204128852514
1.5788297872340427    -0.0518461493840162
1.5806382978723406    -0.05202745089215555
1.5824468085106382    -0.05156768892916162
1.5842553191489361    -0.05055826243935875
1.586063829787234    -0.04956161246399084
1.587872340425532    -0.04902304999822264
1.5896808510638298    -0.04868319468789421
1.5914893617021277    -0.047646152736234335
1.5932978723404256    -0.045101906947355525
1.5951063829787235    -0.04101010732341785
1.5969148936170212    -0.036054860466010905
1.5987234042553191    -0.030902473765673483
1.600531914893617    -0.025510112059920417
1.602340425531915    -0.019198611567381993
1.6041489361702128    -0.011430385518297458
1.6059574468085107    -0.0025026591955454765
1.6077659574468086    0.006566434346543905
1.6095744680851065    0.014868592553081456
1.6113829787234042    0.022329855017977233
1.613191489361702    0.029610552804867976
1.615    0.03730530109573724
1.616808510638298    0.04528074117667838
1.6186170212765958    0.052827994585752006
1.6204255319148937    0.05943406904401023
1.6222340425531916    0.0653075391998237
1.6240425531914895    0.07104866631930694
1.6258510638297874    0.07678759478417695
1.627659574468085    0.0817442522123585
1.629468085106383    0.08478810588931911
1.6312765957446809    0.08553328388435787
1.6330851063829788    0.08486525197763149
1.6348936170212767    0.08426850085754782
1.6367021276595746    0.08449575528446242
1.6385106382978725    0.08482615443577556
1.6403191489361704    0.08365944404962956
1.642127659574468    0.07993638582943959
1.643936170212766    0.07408480864748702
1.6457446808510638    0.06764522034846508
1.6475531914893617    0.06198242144537612
1.6493617021276596    0.05731247150788042
1.6511702127659575    0.05288649616342418
1.6529787234042554    0.048005673791028866
1.6547872340425533    0.042777456574409525
1.656595744680851    0.03789082046827741
1.658404255319149    0.03375107455660055
1.6602127659574468    0.02995680726567386
1.6620212765957447    0.025688094459276792
1.6638297872340426    0.020581340314486836
1.6656382978723405    0.015148008751665602
1.6674468085106384    0.010279833229511991
1.6692553191489363    0.0063426392303817525
1.671063829787234    0.0027878694211956583
1.672872340425532    -0.0013239176810928728
1.6746808510638298    -0.006416582680328888
1.6764893617021277    -0.011998139829982584
1.6782978723404256    -0.01711422389087322
1.6801063829787235    -0.02115317708237123
1.6819148936170214    -0.02421467285363889
1.6837234042553193    -0.02677362489741772
1.685531914893617    -0.029101258723632825
1.6873404255319149    -0.03108274902971085
1.6891489361702128    -0.03256672106163028
1.6909574468085107    -0.03378784192427613
1.6927659574468086    -0.03535652269240171
1.6945744680851065    -0.03781431777864737
1.6963829787234044    -0.041224219834441925
1.6981914893617023    -0.0451970035595234
1.7    -0.04926499635279946
1.7018085106382979    -0.05317186448911439
1.7036170212765958    -0.05681565592848899
1.7054255319148937    -0.06002829377853393
1.7072340425531916    -0.06256005977352694
1.7090425531914895    -0.06434893587716653
1.7108510638297874    -0.06574494897955191
1.7126595744680853    -0.06733455492213763
1.714468085106383    -0.06943576203439603
1.7162765957446808    -0.07174468791858912
1.7180851063829787    -0.07352772056460652
1.7198936170212766    -0.07422478689664949
1.7217021276595745    -0.07390832418043461
1.7235106382978724    -0.07318099303902748
1.7253191489361703    -0.072652046566972
1.7271276595744682    -0.07252489049107183
1.728936170212766    -0.07266063285927632
1.7307446808510638    -0.0729608371600475
1.7325531914893617    -0.07360343611475942
1.7343617021276596    -0.07487539646561195
1.7361702127659575    -0.07680983780718206
1.7379787234042554    -0.07903848291217269
1.7397872340425533    -0.08101745312272945
1.7415957446808512    -0.08238636634133092
1.7434042553191489    -0.08311506696869522
1.7452127659574468    -0.08335540030504524
1.7470212765957447    -0.08321494000849558
1.7488297872340426    -0.08267831143254062
1.7506382978723405    -0.081667254330869
1.7524468085106384    -0.08007661752873196
1.7542553191489363    -0.0777306772718395
1.7560638297872342    -0.07439283186168252
1.7578723404255319    -0.06993961617640013
1.7596808510638298    -0.06456966574748493
1.7614893617021277    -0.05877544322656654
1.7632978723404256    -0.053005705946050294
1.7651063829787235    -0.047315305599931315
1.7669148936170214    -0.04139528989066772
1.7687234042553193    -0.03501615693664306
1.7705319148936172    -0.028449312322199882
1.7723404255319148    -0.022392373855381988
1.7741489361702127    -0.017416466236649178
1.7759574468085106    -0.013474297433474346
1.7777659574468085    -0.009971736087266467
1.7795744680851064    -0.006317417091678733
1.7813829787234043    -0.0023578320661013785
1.7831914893617022    0.0017463086963856933
1.7850000000000001    0.005992682241571434
1.7868085106382978    0.010730229423731143
1.7886170212765957    0.016263741949115687
1.7904255319148936    0.022285966239745485
1.7922340425531915    0.02784630002504787
1.7940425531914894    0.03203564446736801
1.7958510638297873    0.034756657488829446
1.7976595744680852    0.036771565223139874
1.7994680851063831    0.0389330207170968
1.8012765957446808    0.04136939115693143
1.8030851063829787    0.043461314428263176
1.8048936170212766    0.044608416625123035
1.8067021276595745    0.04494171913111247
1.8085106382978724    0.04521460832705135
1.8103191489361703    0.046022075615843885
1.8121276595744682    0.04723744445714223
1.813936170212766    0.0482931484839694
1.8157446808510638    0.04896534617743556
1.8175531914893617    0.0497462766394266
1.8193617021276596    0.05135989034847466
1.8211702127659575    0.053961221469963655
1.8229787234042554    0.056931907723379305
1.8247872340425533    0.05951078079134439
1.8265957446808512    0.06154717917799381
1.828404255319149    0.0635320486489795
1.8302127659574468    0.06590673392989381
1.8320212765957447    0.0684929062287042
1.8338297872340426    0.07073672266901142
1.8356382978723405    0.07247629267774912
1.8374468085106384    0.07427953160572075
1.8392553191489363    0.07687234889407442
1.8410638297872342    0.08027214560461392
1.842872340425532    0.08366980311757809
1.8446808510638297    0.08629822958893398
1.8464893617021276    0.08836152393483736
1.8482978723404255    0.0909387076482691
1.8501063829787234    0.09488454110770932
1.8519148936170213    0.09991191871793169
1.8537234042553192    0.10489979719338009
1.8555319148936171    0.10911316297233799
1.857340425531915    0.11295735379680831
1.859148936170213    0.11736992415472665
1.8609574468085106    0.12250056995400625
1.8627659574468085    0.12720016159138586
1.8645744680851064    0.12998617323418793
1.8663829787234043    0.13047333604590872
1.8681914893617022    0.12965711925700074
1.87    0.12866619670517387
1.871808510638298    0.12733593043165148
1.873617021276596    0.12422707226458723
1.8754255319148936    0.1181411323056451
1.8772340425531915    0.10948265134089546
1.8790425531914894    0.09992433737109513
1.8808510638297873    0.09069328011573713
1.8826595744680852    0.08136194932096572
1.884468085106383    0.07050962480953665
1.886276595744681    0.05754019924769338
1.8880851063829789    0.043610205936478436
1.8898936170212766    0.030564827873516318
1.8917021276595745    0.018995102027508634
1.8935106382978724    0.007553610941551794
1.8953191489361703    -0.005675228606620387
1.8971276595744682    -0.021201035451317837
1.898936170212766    -0.037662485865083785
1.900744680851064    -0.053323037126156984
1.9025531914893619    -0.06784209044218356
1.9043617021276595    -0.08239284208428904
1.9061702127659574    -0.09808424037180527
1.9079787234042553    -0.1145165503012586
1.9097872340425532    -0.1300681433062988
1.9115957446808511    -0.14349350268093813
1.913404255319149    -0.15494186191849008
1.915212765957447    -0.16525011111200943
1.9170212765957448    -0.17442608493342115
1.9188297872340425    -0.18120848066082523
1.9206382978723404    -0.18433045342362697
1.9224468085106383    -0.18408007518590724
1.9242553191489362    -0.1823151469491811
1.9260638297872341    -0.18079783365736707
1.927872340425532    -0.17963166037161105
1.92968085106383    -0.17750315096098712
1.9314893617021278    -0.1734167941386353
1.9332978723404255    -0.16794710036810145
1.9351063829787234    -0.16261131298149034
1.9369148936170213    -0.15812648876598728
1.9387234042553192    -0.15358606362795252
1.940531914893617    -0.14752571726488967
1.942340425531915    -0.13967479355158463
1.944148936170213    -0.13139841063098928
1.9459574468085108    -0.12432363091557641
1.9477659574468085    -0.11869668012317316
1.9495744680851064    -0.11329289939089796
1.9513829787234043    -0.10691050270494015
1.9531914893617022    -0.09969950144818668
1.955    -0.09283762901702963
1.956808510638298    -0.0870199138008051
1.9586170212765959    -0.08158965691494899
1.9604255319148938    -0.07534263706759597
1.9622340425531914    -0.06804316227050947
1.9640425531914893    -0.06084069821198029
1.9658510638297872    -0.055057453067336004
1.9676595744680851    -0.05072649966619765
1.969468085106383    -0.04656658115028328
1.971276595744681    -0.04142746990468134
1.9730851063829788    -0.035551759157492285
1.9748936170212767    -0.0302294186372436
1.9767021276595744    -0.026285017622877986
1.9785106382978723    -0.023159070168027852
1.9803191489361702    -0.019605098078767952
1.9821276595744681    -0.015119900977971092
1.983936170212766    -0.010397767159433729
1.985744680851064    -0.006301510482021544
1.9875531914893618    -0.0026298589099435794
1.9893617021276597    0.0017958306318232205
1.9911702127659574    0.0077986604398882844
1.9929787234042553    0.014881506170217367
1.9947872340425532    0.02187278476870372
1.996595744680851    0.02852282002120495
1.998404255319149    0.03617462775553906
2.0002127659574467    0.04657695536714637
2.0020212765957446    0.05999837232744701
2.0038297872340425    0.07466492434008595
2.0056382978723404    0.08816455400691617
2.0074468085106383    0.09936022632312794
2.009255319148936    0.10886650770963086
2.011063829787234    0.11777801604852442
2.012872340425532    0.12622586382222672
2.01468085106383    0.13338602243344844
2.016489361702128    0.1388041781170482
2.0182978723404257    0.14338650769217848
2.0201063829787236    0.14882685611317747
2.0219148936170215    0.15604408478639736
2.0237234042553194    0.1643079100564101
2.0255319148936173    0.1719369320964283
2.0273404255319147    0.17774041109058009
2.0291489361702126    0.18168701796724945
2.0309574468085105    0.1842877630784192
2.0327659574468084    0.18561374467402536
2.0345744680851063    0.18510516413766842
2.0363829787234042    0.18224146555542542
2.038191489361702    0.1771236492356144
2.04    0.1702448386770083
2.041808510638298    0.16180559850753218
2.043617021276596    0.1514916601672291
2.0454255319148937    0.13901839589327047
2.0472340425531916    0.12476880914666333
2.0490425531914895    0.10973125231887082
2.0508510638297874    0.09480619040957877
2.0526595744680853    0.08031026670012203
2.0544680851063832    0.06622534815403305
2.0562765957446807    0.05278699378953644
2.0580851063829786    0.040580870502825314
2.0598936170212765    0.029958063357066148
2.0617021276595744    0.02049708286541222
2.0635106382978723    0.011273320064194868
2.06531914893617    0.0017554771651117386
2.067127659574468    -0.0076480423744748425
2.068936170212766    -0.01603378029905763
2.070744680851064    -0.022964197936476367
2.072553191489362    -0.02887752490631438
2.0743617021276597    -0.03451814362791123
2.0761702127659576    -0.0400896330934104
2.0779787234042555    -0.045128225645362945
2.0797872340425534    -0.049210739838546326
2.0815957446808513    -0.0525972926245984
2.083404255319149    -0.05597226144935364
2.085212765957447    -0.05952590999096797
2.0870212765957445    -0.06245016840485864
2.0888297872340424    -0.06351742286693707
2.0906382978723403    -0.062213450782522356
2.0924468085106382    -0.05926435441048501
2.094255319148936    -0.05604029632239878
2.096063829787234    -0.05349651810579473
2.097872340425532    -0.05171351799882952
2.09968085106383    -0.05033858133504597
2.1014893617021277    -0.049238721570721566
2.1032978723404256    -0.04857166972222933
2.1051063829787235    -0.048298920329873485
2.1069148936170214    -0.04787739543670888
2.1087234042553193    -0.046634476151470705
2.1105319148936172    -0.04446714433828407
2.112340425531915    -0.04206037686865538
2.114148936170213    -0.040328624034352556
2.1159574468085105    -0.03965765482021434
2.1177659574468084    -0.03975578186158854
2.1195744680851063    -0.04025161339773625
2.121382978723404    -0.04135663191314083
2.123191489361702    -0.043841052646981765
2.125    -0.048299251176506575
2.126808510638298    -0.05440865089992426
2.128617021276596    -0.06087779553941458
2.1304255319148937    -0.06611594091935977
2.1322340425531916    -0.06905003791992456
2.1340425531914895    -0.06950545249866533
2.1358510638297874    -0.06803026500088599
2.1376595744680853    -0.06545997833974437
2.139468085106383    -0.0625670836182565
2.141276595744681    -0.05992590948020751
2.143085106382979    -0.057925329235261905
2.1448936170212765    -0.056804444177172175
2.1467021276595744    -0.056619832621492464
2.1485106382978723    -0.057127402781580905
2.15031914893617    -0.05767601293525407
2.152127659574468    -0.05729857632885123
2.153936170212766    -0.05510432710088356
2.155744680851064    -0.0507961728588312
2.1575531914893618    -0.0449012736481299
2.1593617021276597    -0.03842854512431344
2.1611702127659576    -0.032147913886748536
2.1629787234042555    -0.026084050147960905
2.1647872340425534    -0.01967629938078337
2.1665957446808513    -0.012441355073742277
2.168404255319149    -0.004486229638368162
2.170212765957447    0.003617836441396422
2.172021276595745    0.011418944005739349
2.1738297872340424    0.0189673172122007
2.1756382978723403    0.026570492078900797
2.177446808510638    0.03418899624306114
2.179255319148936    0.04114888664254547
2.181063829787234    0.046527708472132875
2.182872340425532    0.049867642855541724
2.18468085106383    0.05153202922731387
2.1864893617021277    0.05238857581315816
2.1882978723404256    0.053160945666093626
2.1901063829787235    0.05405169488850281
2.1919148936170214    0.0548829647180875
2.1937234042553193    0.05546496938388967
2.195531914893617    0.05575798605687671
2.197340425531915    0.05572854728818481
2.199148936170213    0.05518026662657967
2.200957446808511    0.0538362475233969
2.2027659574468084    0.05160823842878991
2.2045744680851063    0.04872880090157655
2.206382978723404    0.04554575356520335
2.208191489361702    0.0421405778457493
2.21    0.03813739662356057
2.211808510638298    0.03290606923585404
2.2136170212765958    0.026009037181437003
2.2154255319148937    0.01754341398827345
2.2172340425531916    0.0081457385747459
2.2190425531914895    -0.0012919882614586629
2.2208510638297874    -0.009962938613398337
2.2226595744680853    -0.017345788949815828
2.224468085106383    -0.023232117798440425
2.226276595744681    -0.027674215075872793
2.228085106382979    -0.03094546301748385
2.229893617021277    -0.033513551613442535
2.2317021276595743    -0.03594797558885911
2.233510638297872    -0.0387029517483521
2.23531914893617    -0.04183863291385824
2.237127659574468    -0.04487081857771531
2.238936170212766    -0.04693200130610349
2.240744680851064    -0.047227437845716355
2.2425531914893617    -0.045505533077579166
2.2443617021276596    -0.04218016878862489
2.2461702127659575    -0.03798343048398435
2.2479787234042554    -0.03343051604455127
2.2497872340425533    -0.028572414205268695
2.251595744680851    -0.023263256328006687
2.253404255319149    -0.01766597817850154
2.255212765957447    -0.012447657915082785
2.257021276595745    -0.008386051520030875
2.258829787234043    -0.0057009729883456955
2.2606382978723403    -0.0037540940544428768
2.262446808510638    -0.001461218424893461
2.264255319148936    0.0019090259963699923
2.266063829787234    0.006255089499896549
2.267872340425532    0.01087885513141136
2.2696808510638298    0.01514257856328215
2.2714893617021277    0.018874883417952414
2.2732978723404256    0.022174800044774578
2.2751063829787235    0.024927260629167208
2.2769148936170214    0.026639676139502796
2.2787234042553193    0.02682826200642587
2.280531914893617    0.025551576333030023
2.282340425531915    0.02350245108391834
2.284148936170213    0.021528984759199853
2.285957446808511    0.0200499541467264
2.2877659574468088    0.01890984170854088
2.2895744680851062    0.017717840041472876
2.291382978723404    0.016214322401183433
2.293191489361702    0.014265736095580486
2.295    0.011604359886191747
2.296808510638298    0.007770860394332699
2.2986170212765957    0.002466972733721453
2.3004255319148936    -0.004022914774548626
2.3022340425531915    -0.01086020893397739
2.3040425531914894    -0.017203950944320354
2.3058510638297873    -0.022773689223245866
2.3076595744680852    -0.027861900033650182
2.309468085106383    -0.03280508057462414
2.311276595744681    -0.037488629425201175
2.313085106382979    -0.04139526037263032
2.314893617021277    -0.044095039611629916
2.3167021276595747    -0.04561031440669869
2.3185106382978726    -0.04627420637762569
2.32031914893617    -0.04628849392316885
2.322127659574468    -0.04549175396908611
2.323936170212766    -0.043554864952470296
2.325744680851064    -0.040318378100207886
2.3275531914893617    -0.03587210147123113
2.3293617021276596    -0.030343308378082412
2.3311702127659575    -0.023720700332569546
2.3329787234042554    -0.01595702889317125
2.3347872340425533    -0.007203751607561336
2.336595744680851    0.0021487704225060487
2.338404255319149    0.011694613342579744
2.340212765957447    0.021215713404378896
2.342021276595745    0.03060035859588269
2.343829787234043    0.03958858494532141
2.3456382978723407    0.04770816872071864
2.3474468085106386    0.05455121211384351
2.349255319148936    0.060109257584129265
2.351063829787234    0.06477442681857021
2.352872340425532    0.06898177793934004
2.3546808510638297    0.07287758731155053
2.3564893617021276    0.07635194033920689
2.3582978723404255    0.07933035253101034
2.3601063829787234    0.08192378775931713
2.3619148936170213    0.08424645252144242
2.3637234042553192    0.08615276652625795
2.365531914893617    0.08726013396308019
2.367340425531915    0.08726906377061905
2.369148936170213    0.08621639964191696
2.370957446808511    0.08437503627724513
2.3727659574468087    0.08194448536407045
2.3745744680851066    0.07891459402749204
2.3763829787234045    0.07523167236328648
2.378191489361702    0.07098493064540362
2.38    0.06630355155911302
2.381808510638298    0.061064124137564235
2.3836170212765957    0.05483154629051831
2.3854255319148936    0.04724588052549451
2.3872340425531915    0.038531777362213346
2.3890425531914894    0.029585240257473513
2.3908510638297873    0.021481839491538278
2.392659574468085    0.014833570781055579
2.394468085106383    0.009553716804394919
2.396276595744681    0.0051508542166225895
2.398085106382979    0.0011807715773628456
2.399893617021277    -0.002545546878670828
2.4017021276595747    -0.006035643984129547
2.4035106382978726    -0.009240369997429072
2.4053191489361705    -0.01209710071265431
2.407127659574468    -0.014581873247228934
2.408936170212766    -0.01684616006324522
2.4107446808510637    -0.019290933455780777
2.4125531914893616    -0.022368759744935303
2.4143617021276595    -0.026178680470133164
2.4161702127659574    -0.030224230712337555
2.4179787234042553    -0.03362719979640787
2.4197872340425532    -0.035656952746351805
2.421595744680851    -0.03612486800842164
2.423404255319149    -0.0353569139867828
2.425212765957447    -0.0338874874556095
2.427021276595745    -0.03221318785225684
2.4288297872340427    -0.03073309301481579
2.4306382978723406    -0.02972254442946222
2.4324468085106385    -0.029218909735643978
2.4342553191489364    -0.028955758275816493
2.436063829787234    -0.02855131163606852
2.437872340425532    -0.027877162145490214
2.4396808510638297    -0.027248050668987736
2.4414893617021276    -0.027194112850378524
2.4432978723404255    -0.02801811759615326
2.4451063829787234    -0.02958463130825139
2.4469148936170213    -0.03152844468551276
2.448723404255319    -0.033610343470067985
2.450531914893617    -0.035835518316710516
2.452340425531915    -0.03828927563574497
2.454148936170213    -0.04098051313800004
2.455957446808511    -0.04389572412678841
2.4577659574468087    -0.04711146212953263
2.4595744680851066    -0.05070215399843399
2.4613829787234045    -0.054484560116280584
2.4631914893617024    -0.05794590893910677
2.465    -0.060554409961956115
2.4668085106382978    -0.0621831184192705
2.4686170212765957    -0.06318436025784775
2.4704255319148936    -0.06402248763542019
2.4722340425531915    -0.06488286188368957
2.4740425531914894    -0.06568967575762909
2.4758510638297873    -0.0664487453037143
2.477659574468085    -0.06742120023529767
2.479468085106383    -0.06885227663028494
2.481276595744681    -0.070565120209812
2.483085106382979    -0.07194888457458755
2.4848936170212768    -0.07243249628591812
2.4867021276595747    -0.07196225926379439
2.4885106382978726    -0.07098307328614271
2.4903191489361705    -0.06996960666574371
2.4921276595744684    -0.06900562179891907
2.493936170212766    -0.06776927793778366
2.4957446808510637    -0.06579918169756106
2.4975531914893616    -0.06270629813308608
2.4993617021276595    -0.058236897400064006
2.5011702127659574    -0.05234891255129376
2.5029787234042553    -0.04534945405347765
2.504787234042553    -0.03786628233017193
2.506595744680851    -0.030489718471007357
2.508404255319149    -0.023353049885989033
2.510212765957447    -0.016146985276974807
2.512021276595745    -0.008662408268644967
2.5138297872340427    -0.001306793650265316
2.5156382978723406    0.005045792397300964
2.5174468085106385    0.009818979683892115
2.5192553191489364    0.013340164355006817
2.5210638297872343    0.01663177526629016
2.5228723404255318    0.020593526523240698
2.5246808510638297    0.02540701016843871
2.5264893617021276    0.030675770006484544
2.5282978723404255    0.03597181698012154
2.5301063829787234    0.041108450278725936
2.5319148936170213    0.045955674828722176
2.533723404255319    0.050250521590626734
2.535531914893617    0.053796961957728234
2.537340425531915    0.056813140700387704
2.539148936170213    0.05986086920030663
2.5409574468085108    0.06327083585605114
2.5427659574468087    0.06667325903002741
2.5445744680851066    0.06923517143663341
2.5463829787234045    0.07043054922844211
2.5481914893617024    0.07054633851104825
2.5500000000000003    0.07041653815215537
2.551808510638298    0.0707257753613057
2.5536170212765956    0.07161369705941537
2.5554255319148935    0.0728313812151572
2.5572340425531914    0.0740301891299682
2.5590425531914893    0.07475991642768656
2.560851063829787    0.07434349310622362
2.562659574468085    0.07210471400008334
2.564468085106383    0.06796519647590732
2.566276595744681    0.06277995096439282
2.568085106382979    0.05786569417377897
2.5698936170212767    0.054021616721414575
2.5717021276595746    0.050972069562476297
2.5735106382978725    0.04777769691225964
2.5753191489361704    0.043758876135823535
2.5771276595744683    0.03898898230714268
2.578936170212766    0.03396526330640752
2.580744680851064    0.028963953118348068
2.5825531914893616    0.023809730615673264
2.5843617021276595    0.018192351414184613
2.5861702127659574    0.012050356477798556
2.5879787234042553    0.005604977727553799
2.589787234042553    -0.0008563823952953756
2.591595744680851    -0.007101730288109193
2.593404255319149    -0.01290380175131655
2.595212765957447    -0.01804608880972172
2.5970212765957448    -0.022497623811949714
2.5988297872340427    -0.02652726086363873
2.6006382978723406    -0.030506929505926008
2.6024468085106385    -0.03454288959242749
2.6042553191489364    -0.038355152949115595
2.6060638297872343    -0.041578273346686415
2.607872340425532    -0.044159469913684996
2.60968085106383    -0.04641257153165555
2.6114893617021275    -0.048697900671343095
2.6132978723404254    -0.051112177653688265
2.6151063829787233    -0.05348937946114342
2.6169148936170212    -0.05560571566283373
2.618723404255319    -0.05731348853948433
2.620531914893617    -0.05856152294676861
2.622340425531915    -0.059463282104453674
2.624148936170213    -0.0603979499194872
2.6259574468085107    -0.061866133877864785
2.6277659574468086    -0.0639978952810777
2.6295744680851065    -0.06614453365700611
2.6313829787234044    -0.06714483077662144
2.6331914893617023    -0.06622841769615735
2.6350000000000002    -0.06372358469473528
2.636808510638298    -0.06079059208118889
2.638617021276596    -0.05839876936571568
2.6404255319148935    -0.05660189419766076
2.6422340425531914    -0.05482041377904698
2.6440425531914893    -0.052683107190451856
2.645851063829787    -0.050397638566352015
2.647659574468085    -0.048301468897869376
2.649468085106383    -0.04630346237289171
2.651276595744681    -0.044005411585498186
2.653085106382979    -0.0413124815404213
2.6548936170212767    -0.038622793374093786
2.6567021276595746    -0.03622970073760892
2.6585106382978725    -0.03369828963674777
2.6603191489361704    -0.030159887064620847
2.6621276595744683    -0.02534103530651015
2.663936170212766    -0.020094635423136026
2.665744680851064    -0.015653695965485465
2.667553191489362    -0.01235199331481518
2.6693617021276594    -0.009287315877059558
2.6711702127659573    -0.005359699040417137
2.6729787234042552    -0.00050359687431241
2.674787234042553    0.004291220927701291
2.676595744680851    0.008130812625080096
2.678404255319149    0.011156019519996178
2.680212765957447    0.014254291689921431
2.6820212765957447    0.01807132424011675
2.6838297872340426    0.022596207957549724
2.6856382978723405    0.027673013908752004
2.6874468085106384    0.033503994618367575
2.6892553191489363    0.040288519602514325
2.6910638297872342    0.047465061533974034
2.692872340425532    0.05376559113020658
2.69468085106383    0.05834492804965041
2.696489361702128    0.06175648700912684
2.6982978723404254    0.06549741999840991
2.7001063829787233    0.07047131506932736
2.701914893617021    0.0760708236305809
2.703723404255319    0.0809379051385227
2.705531914893617    0.08451712504665729
2.707340425531915    0.08760540365186167
2.709148936170213    0.09131383173204471
2.7109574468085107    0.09571109666176084
2.7127659574468086    0.09970087206244987
2.7145744680851065    0.1021562565238553
2.7163829787234044    0.10292262303432159
2.7181914893617023    0.10264735613218828
2.72    0.10189198756216403
2.721808510638298    0.10070151500207417
2.723617021276596    0.09898789984561374
2.725425531914894    0.09696761025599579
2.7272340425531914    0.0949525352272984
2.7290425531914893    0.09282039603505537
2.730851063829787    0.08999717822918465
2.732659574468085    0.08607417436406589
2.734468085106383    0.0812658753860534
2.736276595744681    0.07608515923402809
2.7380851063829788    0.07066088850834676
2.7398936170212767    0.0646190534930928
2.7417021276595746    0.057692135488653096
2.7435106382978725    0.05021900999080581
2.7453191489361704    0.042820194671004425
2.7471276595744683    0.03564867895478098
2.748936170212766    0.028228531359341127
2.750744680851064    0.02014051133986751
2.752553191489362    0.011664497179518812
2.75436170212766    0.0034924508273364366
2.7561702127659573    -0.004162072115947169
2.757978723404255    -0.011884183265614738
2.759787234042553    -0.0203069033631198
2.761595744680851    -0.029166581100238655
2.763404255319149    -0.03735161863457017
2.765212765957447    -0.04394088485542843
2.7670212765957447    -0.049027902092148835
2.7688297872340426    -0.05342021495312362
2.7706382978723405    -0.0576812524498689
2.7724468085106384    -0.06168526096275236
2.7742553191489363    -0.06506406816075938
2.776063829787234    -0.06776684601678556
2.777872340425532    -0.06995421733632343
2.77968085106383    -0.07150583127114926
2.781489361702128    -0.07201132900761664
2.783297872340426    -0.07139926369962157
2.7851063829787237    -0.07034027141820878
2.786914893617021    -0.06971568343685097
2.788723404255319    -0.06966591998837954
2.790531914893617    -0.06940201183466238
2.792340425531915    -0.06809846629101743
2.7941489361702128    -0.06582981206894914
2.7959574468085107    -0.06342848432776069
2.7977659574468086    -0.06148267128540151
2.7995744680851065    -0.05974903883921745
2.8013829787234044    -0.0576661298073745
2.8031914893617023    -0.055203786838731256
2.805    -0.05288333869629043
2.806808510638298    -0.050967841667092145
2.808617021276596    -0.048978288553525845
2.810425531914894    -0.04626664846343671
2.8122340425531918    -0.042916231863369916
2.8140425531914897    -0.03972043367965655
2.815851063829787    -0.03717928178776421
2.817659574468085    -0.03481666413343358
2.819468085106383    -0.03180261783831258
2.821276595744681    -0.028177465759179496
2.8230851063829787    -0.02509093218203093
2.8248936170212766    -0.023617932163683103
2.8267021276595745    -0.023509599279445806
2.8285106382978724    -0.02339507883530595
2.8303191489361703    -0.02221411370763758
2.832127659574468    -0.02018429031228161
2.833936170212766    -0.018225429366360554
2.835744680851064    -0.016668352687092235
2.837553191489362    -0.014868015088879943
2.83936170212766    -0.012095463108767184
2.8411702127659577    -0.008467401051090905
2.8429787234042556    -0.004736577126565231
2.844787234042553    -0.0013183170842230325
2.846595744680851    0.0021168862030506194
2.848404255319149    0.005998017797098999
2.8502127659574468    0.010103839943672581
2.8520212765957447    0.013753237007394049
2.8538297872340426    0.01666041154377057
2.8556382978723405    0.019268837583615084
2.8574468085106384    0.022107336153951024
2.8592553191489363    0.025064899979973777
2.861063829787234    0.027591988642596613
2.862872340425532    0.029539711110780312
2.86468085106383    0.03142492306720097
2.866489361702128    0.033668859292880084
2.8682978723404258    0.03581469402471669
2.8701063829787237    0.03687836703183258
2.8719148936170216    0.03652081369259697
2.873723404255319    0.0355528044078282
2.875531914893617    0.03503053545435631
2.877340425531915    0.03500334371008614
2.8791489361702127    0.03449795396861816
2.8809574468085106    0.0328048516942251
2.8827659574468085    0.030461295071974044
2.8845744680851064    0.02866244063285204
2.8863829787234043    0.027801685117748498
2.8881914893617022    0.026959263613823302
2.89    0.02499330420703437
2.891808510638298    0.021900898471647834
2.893617021276596    0.01880249228893094
2.895425531914894    0.016621981054580875
2.8972340425531917    0.015098130480774519
2.8990425531914896    0.013251265694775863
2.9008510638297875    0.010590722708092953
2.902659574468085    0.007539776874772995
2.904468085106383    0.004694756258742699
2.906276595744681    0.00203151072063838
2.9080851063829787    -0.000899175779768179
2.9098936170212766    -0.0041594581146923194
2.9117021276595745    -0.007175437133134127
2.9135106382978724    -0.009402445743098035
2.9153191489361703    -0.010984143005169018
2.917127659574468    -0.012502459848103007
2.918936170212766    -0.014161330832344684
2.920744680851064    -0.015507113184751372
2.922553191489362    -0.016044062003934087
2.92436170212766    -0.01588978739868223
2.9261702127659577    -0.015587416671078463
2.9279787234042556    -0.015370565054631146
2.9297872340425535    -0.014937147920664924
2.931595744680851    -0.014074811834388724
2.933404255319149    -0.013259230620869256
2.9352127659574467    -0.013305672065542198
2.9370212765957446    -0.014409052552883456
2.9388297872340425    -0.015799518246573496
2.9406382978723404    -0.01653462850292739
2.9424468085106383    -0.016508742033341073
2.9442553191489362    -0.016450473203510972
2.946063829787234    -0.016927307847296832
2.947872340425532    -0.01760087710727231
2.94968085106383    -0.017632762076545988
2.951489361702128    -0.01669958894320237
2.9532978723404257    -0.015371022764851264
2.9551063829787236    -0.014459416617978036
2.9569148936170215    -0.014197196345418182
2.9587234042553194    -0.014179237186544656
2.960531914893617    -0.013963928670309083
2.962340425531915    -0.0134949226222867
2.9641489361702127    -0.012940989900865459
2.9659574468085106    -0.012390998230288948
2.9677659574468085    -0.01189810057130207
2.9695744680851064    -0.01168677524945844
2.9713829787234043    -0.012022312543700273
2.973191489361702    -0.012795395349735863
2.975    -0.013448900523969073
2.976808510638298    -0.013520091252198628
2.978617021276596    -0.013184497815024732
2.980425531914894    -0.013044086682229734
2.9822340425531917    -0.013343249739131278
2.9840425531914896    -0.013614357416999383
2.9858510638297875    -0.013269544879380053
2.9876595744680854    -0.012402775231757816
2.989468085106383    -0.011711006284539555
2.9912765957446807    -0.011557930116309074
2.9930851063829786    -0.011384533667927653
2.9948936170212765    -0.010311742817842293
2.9967021276595744    -0.008249067656717766
2.9985106382978723    -0.0060943694853247445
3.0003191489361702    -0.004706799434848681
3.002127659574468    -0.003909011550073253
3.003936170212766    -0.0027825451141162277
3.005744680851064    -0.0008936290645562891
3.007553191489362    0.001109817680797747
3.0093617021276597    0.0022994954499110727
3.0111702127659576    0.0026499395466223576
3.0129787234042555    0.0030929322745039335
3.0147872340425534    0.004365544205809266
3.0165957446808513    0.006095465082439588
3.0184042553191492    0.007241172184543343
3.0202127659574467    0.00728658261441714
3.0220212765957446    0.0066984773690346375
3.0238297872340425    0.006181694050331978
3.0256382978723404    0.005808531630083703
3.0274468085106383    0.005152538679184892
3.029255319148936    0.00413747182406801
3.031063829787234    0.0033575602536231154
3.032872340425532    0.0033861819402931093
3.03468085106383    0.003998408826294609
3.036489361702128    0.0043780953254182724
3.0382978723404257    0.004074279009743168
3.0401063829787236    0.0034751350601546155
3.0419148936170215    0.0032122660382359752
3.0437234042553194    0.0033206394010711245
3.0455319148936173    0.0032709558672718124
3.047340425531915    0.0027913199566941705
3.0491489361702127    0.002331886810217624
3.0509574468085106    0.002526381373893184
3.0527659574468085    0.0033796140655293254
3.0545744680851064    0.004293659442407554
3.0563829787234043    0.004911180602543885
3.058191489361702    0.0056307443973963546
3.06    0.007066119150227702
3.061808510638298    0.00914484478427004
3.063617021276596    0.011066986057524542
3.0654255319148938    0.012241152793585595
3.0672340425531917    0.01301810750551461
3.0690425531914896    0.014269025294470862
3.0708510638297875    0.01632899921783133
3.0726595744680854    0.018632587321821718
3.0744680851063833    0.020467504724206272
3.076276595744681    0.02184979251696163
3.0780851063829786    0.02341536495664016
3.0798936170212765    0.02552251290005889
3.0817021276595744    0.027747214634766437
3.0835106382978723    0.02938099109137275
3.08531914893617    0.030230013158528028
3.087127659574468    0.030694269138206148
3.088936170212766    0.03112184545307813
3.090744680851064    0.031367981990616384
3.092553191489362    0.03111906737681633
3.0943617021276597    0.03044977278933276
3.0961702127659576    0.029787061272501317
3.0979787234042555    0.02932586123216461
3.0997872340425534    0.028733199878645595
3.1015957446808513    0.02758164367840981
3.103404255319149    0.025924902668782397
3.105212765957447    0.02420945802781918
3.1070212765957446    0.022631147869488173
3.1088297872340425    0.020837929182763372
3.1106382978723404    0.018431465911933544
3.1124468085106383    0.015609846597046242
3.114255319148936    0.013043237992820568
3.116063829787234    0.011074392760510195
3.117872340425532    0.009271261145680432
3.11968085106383    0.006950955127849583
3.1214893617021278    0.004039688637196569
3.1232978723404257    0.0011803632732823996
3.1251063829787236    -0.0010383202532687
3.1269148936170215    -0.002733824337920168
3.1287234042553194    -0.0044507271019825125
3.1305319148936173    -0.006372879951786765
3.132340425531915    -0.008093838865413386
3.134148936170213    -0.009230768017311628
3.1359574468085105    -0.010023431292594219
3.1377659574468084    -0.011084847257577211
3.1395744680851063    -0.012616115166627417
3.141382978723404    -0.014120158575145873
3.143191489361702    -0.0149860245407742
3.145    -0.01516963265864121
3.146808510638298    -0.015106357633467543
3.148617021276596    -0.015054602531846095
3.1504255319148937    -0.01482527882160662
3.1522340425531916    -0.014267910818392023
3.1540425531914895    -0.013770735140019981
3.1558510638297874    -0.013951485155772346
3.1576595744680853    -0.01483765866975766
3.159468085106383    -0.015648982551821313
3.161276595744681    -0.015618945073333789
3.163085106382979    -0.014921830908046045
3.1648936170212765    -0.014513482054803701
3.1667021276595744    -0.014988536033027914
3.1685106382978723    -0.015815882766051254
3.17031914893617    -0.01591245599103861
3.172127659574468    -0.014898752268504078
3.173936170212766    -0.013544934618933982
3.175744680851064    -0.012899453781413463
3.1775531914893618    -0.013165273830197225
3.1793617021276597    -0.013622300010769778
3.1811702127659576    -0.013568125862165346
3.1829787234042555    -0.013060747777504184
3.1847872340425534    -0.012625921716781747
3.1865957446808513    -0.01244802111997238
3.188404255319149    -0.012142992633282553
3.190212765957447    -0.011357901042519922
3.192021276595745    -0.01034284358260329
3.1938297872340424    -0.00971567053482525
3.1956382978723403    -0.009724925683389282
3.1974468085106382    -0.009965968710530685
3.199255319148936    -0.009901652470678292
3.201063829787234    -0.009503804789869254
3.202872340425532    -0.009202679791922661
3.20468085106383    -0.009239492199976562
3.2064893617021277    -0.009274624054506818
3.2082978723404256    -0.00876089117518207
3.2101063829787235    -0.007615479934134115
3.2119148936170214    -0.006353033836145541
3.2137234042553193    -0.005513875803433569
3.2155319148936172    -0.005077180444289323
3.217340425531915    -0.004548246354622422
3.219148936170213    -0.0035910236003989637
3.220957446808511    -0.002445347527356894
3.2227659574468084    -0.0016467380360877717
3.2245744680851063    -0.001383590988586537
3.226382978723404    -0.0012277871948416525
3.228191489361702    -0.0005414722368092156
3.23    0.0008790938877421581
3.231808510638298    0.002599795501966465
3.233617021276596    0.003980744465006014
3.2354255319148937    0.004781300052337808
3.2372340425531916    0.005320065353845519
3.2390425531914895    0.0060523353580066944
3.2408510638297874    0.007034044503582908
3.2426595744680853    0.007851200338787915
3.244468085106383    0.008091652370629627
3.246276595744681    0.007841237920099364
3.248085106382979    0.0076412459777576505
3.249893617021277    0.007929248352547075
3.251702127659575    0.008578172013225038
3.2535106382978722    0.00906466786244664
3.25531914893617    0.00908618290916463
3.257127659574468    0.008907833822630891
3.258936170212766    0.009015454134241537
3.260744680851064    0.009476725216764653
3.2625531914893617    0.00978872355840835
3.2643617021276596    0.009425031540807816
3.2661702127659575    0.00843804504520956
3.2679787234042554    0.007377874137526264
3.2697872340425533    0.006614074764358166
3.2715957446808512    0.005895792739918667
3.273404255319149    0.004713249769872151
3.275212765957447    0.0030325168139873383
3.277021276595745    0.0014879591177223107
3.278829787234043    0.0007597123054890378
3.2806382978723407    0.000860678346909843
3.282446808510638    0.0011758874573628768
3.284255319148936    0.0011874048645112048
3.286063829787234    0.0010050532626924885
3.287872340425532    0.0010974292487748636
3.28968085106383    0.0016081366535028586
3.2914893617021277    0.002113102709489397
3.2932978723404256    0.0020850934440400505
3.2951063829787235    0.0014677580919900653
3.2969148936170214    0.0006885308341319598
3.2987234042553193    0.00016837704669873596
3.300531914893617    -5.072933865066264e-05
3.302340425531915    -0.00019632092468655502
3.304148936170213    -0.000446264582944514
3.305957446808511    -0.0008394665690063062
3.307765957446809    -0.0014310737015868521
3.3095744680851067    -0.0023597562294048386
3.311382978723404    -0.0036936380027441603
3.313191489361702    -0.005307599946553327
3.315    -0.007011693300482126
3.316808510638298    -0.008748393726145371
3.3186170212765957    -0.010533293222665637
3.3204255319148936    -0.012193302287008807
3.3222340425531915    -0.013324258565272985
3.3240425531914894    -0.013655407777098996
3.3258510638297873    -0.013418572444019896
3.3276595744680852    -0.013197717824341327
3.329468085106383    -0.013341660924655411
3.331276595744681    -0.013612940979603519
3.333085106382979    -0.01350930980477418
3.334893617021277    -0.012874168669157174
3.3367021276595747    -0.012052470190017534
3.3385106382978726    -0.011431571506886779
3.34031914893617    -0.01098489951346777
3.342127659574468    -0.010396495417693387
3.343936170212766    -0.009553475127438206
3.345744680851064    -0.008717128106694299
3.3475531914893617    -0.008155739439409218
3.3493617021276596    -0.007782370188159053
3.3511702127659575    -0.007328059233869944
3.3529787234042554    -0.00679967355616329
3.3547872340425533    -0.006518626799604492
3.356595744680851    -0.0065988136418897465
3.358404255319149    -0.006571693342881983
3.360212765957447    -0.005788654382097962
3.362021276595745    -0.004210409440012098
3.363829787234043    -0.002558110145884476
3.3656382978723407    -0.001501121408835294
3.3674468085106386    -0.0008061303557520042
3.369255319148936    0.00045287763875775017
3.371063829787234    0.0027742638056393915
3.372872340425532    0.00552188327802924
3.3746808510638298    0.007533311182036689
3.3764893617021277    0.008364842420314395
3.3782978723404256    0.008694010163438275
3.3801063829787235    0.009405434136157704
3.3819148936170214    0.010484887791170162
3.3837234042553193    0.011066716520041153
3.385531914893617    0.010549716684510144
3.387340425531915    0.009390344169481833
3.389148936170213    0.008603920351543722
3.390957446808511    0.008601850320115081
3.3927659574468088    0.00877972994549521
3.3945744680851067    0.00831370070411265
3.3963829787234046    0.007154425476403643
3.398191489361702    0.006033082725262229
3.4    0.005549575317052413
3.401808510638298    0.005491242668613741
3.4036170212765957    0.005146956239905071
3.4054255319148936    0.004125399214589331
3.4072340425531915    0.002659568864825256
3.4090425531914894    0.0011467433496064384
3.4108510638297873    -0.0003517890941153115
3.412659574468085    -0.0019886095984921414
3.414468085106383    -0.003642488720836745
3.416276595744681    -0.004829001086084184
3.418085106382979    -0.005212046151198611
3.419893617021277    -0.005069600920217923
3.4217021276595747    -0.0050727787398253295
3.4235106382978726    -0.005599681098585689
3.4253191489361705    -0.00640390741925384
3.427127659574468    -0.007017729967461939
3.428936170212766    -0.00735535281646767
3.4307446808510638    -0.007753095428883203
3.4325531914893617    -0.00841581797363178
3.4343617021276596    -0.008994461580088221
3.4361702127659575    -0.008853227866650085
3.4379787234042554    -0.0077236910775024935
3.4397872340425533    -0.005968675848131124
3.441595744680851    -0.0041627593811763945
3.443404255319149    -0.0025163404914347494
3.445212765957447    -0.0008190302221040857
3.447021276595745    0.001092188252940115
3.4488297872340428    0.0029720952243500534
3.4506382978723407    0.0043789449298228
3.4524468085106386    0.005191549085375746
3.4542553191489365    0.005779421604877442
3.456063829787234    0.0065933491325707244
3.457872340425532    0.00764220852261917
3.4596808510638297    0.008460360495894763
3.4614893617021276    0.008602721348800156
3.4632978723404255    0.00811406103242274
3.4651063829787234    0.007477043584378541
3.4669148936170213    0.007140540333447997
3.468723404255319    0.007158951088037666
3.470531914893617    0.007281534230867786
3.472340425531915    0.007303744254644497
3.474148936170213    0.007253154571753736
3.475957446808511    0.007250178994947934
3.4777659574468087    0.007278982193606693
3.4795744680851066    0.007161026523039321
3.4813829787234045    0.006736222460900842
3.4831914893617024    0.006016144663125934
3.4850000000000003    0.005149933829940395
3.4868085106382978    0.004284160823038761
3.4886170212765957    0.0034835976224992307
3.4904255319148936    0.0027472575430585976
3.4922340425531915    0.0020319276008668877
3.4940425531914894    0.0012497987946226922
3.4958510638297873    0.0003122857524359877
3.497659574468085    -0.0007568565512981146
3.499468085106383    -0.0017699508816792961
3.501276595744681    -0.0025148963783619967
3.503085106382979    -0.0029817371742922173
3.5048936170212768    -0.003393863672022548
3.5067021276595747    -0.003937886367369484
3.5085106382978726    -0.004472190689285314
3.5103191489361705    -0.004597882561719226
3.5121276595744684    -0.0040843365489043465
3.5139361702127663    -0.0031794821798170917
3.5157446808510637    -0.0024032160025620596
3.5175531914893616    -0.002016154505119918
3.5193617021276595    -0.0017794867803379187
3.5211702127659574    -0.0013125480111767793
3.5229787234042553    -0.0006341698054630953
3.5247872340425532    -0.0002210829481319571
3.526595744680851    -0.0004846251291517029
3.528404255319149    -0.0012876516393454276
3.530212765957447    -0.0020949136491109164
3.532021276595745    -0.0025773566126752493
3.5338297872340427    -0.00292564313659798
3.5356382978723406    -0.003492740942633241
3.5374468085106385    -0.004237332104333852
3.5392553191489364    -0.004699620976062925
3.5410638297872343    -0.004561059856801336
3.5428723404255322    -0.004074801089134453
3.5446808510638297    -0.0037931010413269177
3.5464893617021276    -0.003907648553722911
3.5482978723404255    -0.0040287304986046345
3.5501063829787234    -0.003689832779408108
3.5519148936170213    -0.002946132147071342
3.553723404255319    -0.0023132502591017984
3.555531914893617    -0.002136066387291154
3.557340425531915    -0.002209812560017581
3.559148936170213    -0.0021457649444473655
3.560957446808511    -0.001993967678446196
3.5627659574468087    -0.002275166958171473
3.5645744680851066    -0.003326781444866569
3.5663829787234045    -0.004785550291856957
3.5681914893617024    -0.005914356681806306
3.5700000000000003    -0.006432908198161342
3.571808510638298    -0.00684336587010835
3.5736170212765956    -0.007826109032237412
3.5754255319148935    -0.009422002258338977
3.5772340425531914    -0.010995283703426458
3.5790425531914893    -0.012019705949677037
3.5808510638297872    -0.01271511885431123
3.582659574468085    -0.013740039760797653
3.584468085106383    -0.015305993339908262
3.586276595744681    -0.01679958323252447
3.588085106382979    -0.017397624718373066
3.5898936170212767    -0.016970686218219923
3.5917021276595746    -0.016224868030665942
3.5935106382978725    -0.01592636792311922
3.5953191489361704    -0.016103411462045903
3.5971276595744683    -0.016100432241905566
3.5989361702127662    -0.015350940750839485
3.600744680851064    -0.013955748372709936
3.6025531914893616    -0.012467524932308297
3.6043617021276595    -0.011233309850448195
3.6061702127659574    -0.01009323301441398
3.6079787234042553    -0.00872522036576609
3.609787234042553    -0.007146999564841546
3.611595744680851    -0.005756494845329271
3.613404255319149    -0.004887477974903298
3.615212765957447    -0.004422308248190744
