0.0    0.0
0.0018085106382978724    0.0
0.003617021276595745    0.0
0.005425531914893617    0.0
0.00723404255319149    0.0
0.009042553191489363    0.0
0.010851063829787235    0.0
0.012659574468085107    0.0
0.01446808510638298    0.0
0.016276595744680853    0.0
0.018085106382978725    0.0
0.019893617021276597    0.0
0.02170212765957447    0.0
0.023510638297872342    0.0
0.025319148936170214    0.0
0.027127659574468086    0.0
0.02893617021276596    0.0
0.03074468085106383    0.0
0.032553191489361706    0.0
0.03436170212765958    0.0
0.03617021276595745    0.0
0.03797872340425532    0.0
0.039787234042553195    0.0
0.04159574468085107    0.0
0.04340425531914894    0.0
0.04521276595744681    0.0
0.047021276595744683    0.0
0.048829787234042556    0.0
0.05063829787234043    0.0
0.0524468085106383    0.0
0.05425531914893617    0.0
0.056063829787234044    0.0
0.05787234042553192    0.0
0.05968085106382979    0.0
0.06148936170212766    0.0
0.06329787234042554    0.0
0.06510638297872341    0.0
0.06691489361702128    0.0
0.06872340425531916    0.0
0.07053191489361703    0.0
0.0723404255319149    0.0
0.07414893617021277    0.0
0.07595744680851065    0.0
0.07776595744680852    0.0
0.07957446808510639    0.0
0.08138297872340426    0.0
0.08319148936170213    0.0
0.085    0.0
0.08680851063829788    0.0
0.08861702127659575    0.0
0.09042553191489362    0.0
0.0922340425531915    0.0
0.09404255319148937    0.0
0.09585106382978724    0.0
0.09765957446808511    0.0
0.09946808510638298    0.0
0.10127659574468086    0.0
0.10308510638297873    0.0
0.1048936170212766    0.0
0.10670212765957447    0.0
0.10851063829787234    0.0
0.11031914893617022    0.0
0.11212765957446809    0.0
0.11393617021276596    0.0
0.11574468085106383    0.0
0.1175531914893617    0.0
0.11936170212765958    0.0
0.12117021276595745    0.0
0.12297872340425532    0.0
0.1247872340425532    0.0
0.12659574468085108    0.0
0.12840425531914895    0.0
0.13021276595744682    0.0
0.1320212765957447    0.0
0.13382978723404257    0.0
0.13563829787234044    0.0
0.1374468085106383    0.0
0.13925531914893619    0.0
0.14106382978723406    0.0
0.14287234042553193    0.0
0.1446808510638298    0.0
0.14648936170212767    0.0
0.14829787234042555    0.0
0.15010638297872342    0.0
0.1519148936170213    0.0
0.15372340425531916    0.0
0.15553191489361703    0.0
0.1573404255319149    0.0
0.15914893617021278    0.0
0.16095744680851065    0.0
0.16276595744680852    0.0
0.1645744680851064    0.0
0.16638297872340427    0.0
0.16819148936170214    0.0
0.17    0.0
0.17180851063829788    0.0
0.17361702127659576    0.0
0.17542553191489363    0.0
0.1772340425531915    0.0
0.17904255319148937    0.0
0.18085106382978725    0.0
0.18265957446808512    0.0
0.184468085106383    0.0
0.18627659574468086    0.0
0.18808510638297873    0.0
0.1898936170212766    0.0
0.19170212765957448    0.0
0.19351063829787235    0.0
0.19531914893617022    0.0
0.1971276595744681    0.0
0.19893617021276597    0.0
0.20074468085106384    0.0
0.2025531914893617    0.0
0.20436170212765958    0.0
0.20617021276595746    0.0
0.20797872340425533    0.0
0.2097872340425532    0.0
0.21159574468085107    0.0
0.21340425531914894    0.0
0.21521276595744682    0.0
0.2170212765957447    0.0
0.21882978723404256    0.0
0.22063829787234043    0.0
0.2224468085106383    0.0
0.22425531914893618    0.0
0.22606382978723405    0.0
0.22787234042553192    0.0
0.2296808510638298    0.0
0.23148936170212767    0.0
0.23329787234042554    0.0
0.2351063829787234    0.0
0.23691489361702128    0.0
0.23872340425531915    0.0
0.24053191489361703    0.0
0.2423404255319149    0.0
0.24414893617021277    0.0
0.24595744680851064    0.0
0.24776595744680852    0.0
0.2495744680851064    0.0
0.25138297872340426    0.0
0.25319148936170216    0.0
0.255    0.0
0.2568085106382979    0.0
0.25861702127659575    0.0
0.26042553191489365    0.0
0.2622340425531915    0.0
0.2640425531914894    0.0
0.26585106382978724    0.0
0.26765957446808514    0.0
0.269468085106383    0.0
0.2712765957446809    0.0
0.2730851063829787    0.0
0.2748936170212766    0.0
0.27670212765957447    0.0
0.27851063829787237    0.0
0.2803191489361702    0.0
0.2821276595744681    0.0
0.28393617021276596    0.0
0.28574468085106386    0.0
0.2875531914893617    0.0
0.2893617021276596    0.0
0.29117021276595745    0.0
0.29297872340425535    0.0
0.2947872340425532    0.0
0.2965957446808511    0.0
0.29840425531914894    0.0
0.30021276595744684    0.0
0.3020212765957447    2.1e-322
0.3038297872340426    3.80742e-318
0.3056382978723404    3.248120187e-314
0.3074468085106383    1.6238839504004e-310
0.30925531914893617    5.338435014487361e-307
0.31106382978723407    1.2431655057377505e-303
0.3128723404255319    2.1603737508458893e-300
0.3146808510638298    2.9117267914615865e-297
0.31648936170212766    3.135294520221712e-294
0.31829787234042556    2.7614545798397288e-291
0.3201063829787234    2.0278841201813195e-288
0.3219148936170213    1.2614976210106766e-285
0.32372340425531915    6.737125353844145e-283
0.32553191489361705    3.124400085153382e-280
0.3273404255319149    1.2707101375109676e-277
0.3291489361702128    4.5714313057566597e-275
0.33095744680851064    1.4657968136483297e-272
0.33276595744680854    4.217247910610412e-270
0.3345744680851064    1.0952763882794792e-267
0.3363829787234043    2.581654324155691e-265
0.3381914893617021    5.549657903580055e-263
0.34    1.0928154242307205e-260
0.34180851063829787    1.979197582691521e-258
0.34361702127659577    3.3089822030531864e-256
0.3454255319148936    5.124291092543084e-254
0.3472340425531915    7.3733266031402065e-252
0.34904255319148936    9.886389209250187e-250
0.35085106382978726    1.2385677375070777e-247
0.3526595744680851    1.4534211085905188e-245
0.354468085106383    1.6012582522700167e-243
0.35627659574468085    1.6598620986177027e-241
0.35808510638297875    1.6222060019317988e-239
0.3598936170212766    1.4975856799961764e-237
0.3617021276595745    1.3083014786334014e-235
0.36351063829787233    1.0833980049180973e-233
0.36531914893617023    8.517740610165206e-232
0.3671276595744681    6.367530822407716e-230
0.368936170212766    4.532596243841742e-228
0.3707446808510638    3.076373822564766e-226
0.3725531914893617    1.9934445951323194e-224
0.37436170212765957    1.2347284459831181e-222
0.37617021276595747    7.318878166003009e-221
0.3779787234042553    4.156263281004904e-219
0.3797872340425532    2.263625144166113e-217
0.38159574468085106    1.1835472857351477e-215
0.38340425531914896    5.94653125326963e-214
0.3852127659574468    2.873677289305799e-212
0.3870212765957447    1.3368746964858097e-210
0.38882978723404255    5.992224888962478e-209
0.39063829787234045    2.589891038920958e-207
0.3924468085106383    1.0802096946383961e-205
0.3942553191489362    4.351026841009092e-204
0.39606382978723403    1.6937291971015511e-202
0.39787234042553193    6.376234667665664e-201
0.3996808510638298    2.322956796455657e-199
0.4014893617021277    8.195063872123344e-198
0.4032978723404255    2.801339605975939e-196
0.4051063829787234    9.284098503929932e-195
0.40691489361702127    2.9848576630211917e-193
0.40872340425531917    9.3144715359173e-192
0.410531914893617    2.822774555877048e-190
0.4123404255319149    8.311941747988228e-189
0.41414893617021276    2.379330064484513e-187
0.41595744680851066    6.6243514690688145e-186
0.4177659574468085    1.7946195555911674e-184
0.4195744680851064    4.7330302371547245e-183
0.42138297872340424    1.2157252073297036e-181
0.42319148936170214    3.042610821427243e-180
0.425    7.422534820914582e-179
0.4268085106382979    1.7657435154115841e-177
0.42861702127659573    4.0977184621100246e-176
0.43042553191489363    9.280266040291651e-175
0.4322340425531915    2.05183558364568e-173
0.4340425531914894    4.430411042687291e-172
0.4358510638297872    9.34578993612101e-171
0.4376595744680851    1.9266622815903094e-169
0.43946808510638297    3.8828966871312855e-168
0.44127659574468087    7.652546609685717e-167
0.4430851063829787    1.4753382667262716e-165
0.4448936170212766    2.7832020293821115e-164
0.44670212765957445    5.139181736025778e-163
0.44851063829787235    9.291047274162972e-162
0.4503191489361702    1.6450495439155547e-160
0.4521276595744681    2.853356456419588e-159
0.45393617021276594    4.849667745168623e-158
0.45574468085106384    8.07904794845895e-157
0.4575531914893617    1.3195055542834728e-155
0.4593617021276596    2.1133578596125343e-154
0.46117021276595743    3.320099022939588e-153
0.46297872340425533    5.117385342272973e-152
0.46478723404255323    7.740425290145634e-151
0.4665957446808511    1.1492099052372308e-149
0.468404255319149    1.6751269013829584e-148
0.4702127659574468    2.3977488781087617e-147
0.4720212765957447    3.3710021547561433e-146
0.47382978723404257    4.655897424043392e-145
0.47563829787234047    6.318653486808668e-144
0.4774468085106383    8.427684199240872e-143
0.4792553191489362    1.104939535086326e-141
0.48106382978723405    1.424286942745401e-140
0.48287234042553195    1.8053675338097645e-139
0.4846808510638298    2.250721017045935e-138
0.4864893617021277    2.760213756728582e-137
0.48829787234042554    3.330460558322848e-136
0.49010638297872344    3.954397971262561e-135
0.4919148936170213    4.621079349333246e-134
0.4937234042553192    5.315748919310821e-133
0.49553191489361703    6.020229780006977e-132
0.49734042553191493    6.713630928561357e-131
0.4991489361702128    7.373344331964953e-130
0.5009574468085106    7.976268983810334e-129
0.5027659574468085    8.500169461219012e-128
0.5045744680851064    8.9250560385823e-127
0.5063829787234043    9.23446517372583e-126
0.5081914893617021    9.416524770543204e-125
0.51    9.46470770259413e-124
0.5118085106382979    9.378207384423463e-123
0.5136170212765958    9.161906843351143e-122
0.5154255319148936    8.825952936802565e-121
0.5172340425531915    8.384985020020566e-120
0.5190425531914894    7.857097983568273e-119
0.5208510638297873    7.262639825169965e-118
0.5226595744680851    6.622952072916876e-117
0.524468085106383    5.95915744292961e-116
0.5262765957446809    5.291084676305459e-115
0.5280851063829788    4.636398332694153e-114
0.5298936170212766    4.0099748656045153e-113
0.5317021276595745    3.4235391198280716e-112
0.5335106382978724    2.8855506311839973e-111
0.5353191489361703    2.401309162964778e-110
0.5371276595744681    1.9732352030977122e-109
0.538936170212766    1.6012740962998409e-108
0.5407446808510639    1.2833716466330023e-107
0.5425531914893618    1.0159732964109585e-106
0.5443617021276596    7.94506885677823e-106
0.5461702127659575    6.138189292277586e-105
0.5479787234042554    4.68544836819871e-104
0.5497872340425533    3.5340334263449404e-103
0.551595744680851    2.6341375724999144e-102
0.5534042553191489    1.940410400332714e-101
0.5552127659574468    1.4127797980229587e-100
0.5570212765957447    1.0167609975278894e-99
0.5588297872340425    7.233757896490174e-99
0.5606382978723404    5.087990829024829e-98
0.5624468085106383    3.5383591723367886e-97
0.5642553191489362    2.4331347848912326e-96
0.566063829787234    1.654527258149536e-95
0.5678723404255319    1.1126523524319705e-94
0.5696808510638298    7.400424249662157e-94
0.5714893617021277    4.868537684189772e-93
0.5732978723404255    3.168239133836478e-92
0.5751063829787234    2.0396097080983183e-91
0.5769148936170213    1.2990252224384623e-90
0.5787234042553192    8.185791925571658e-90
0.580531914893617    5.1039586698370595e-89
0.5823404255319149    3.1491052808428776e-88
0.5841489361702128    1.9227843729884166e-87
0.5859574468085107    1.1618944922997356e-86
0.5877659574468085    6.949033309059505e-86
0.5895744680851064    4.113695398738447e-85
0.5913829787234043    2.410559855596523e-84
0.5931914893617022    1.398328951809476e-83
0.595    8.030333713339474e-83
0.5968085106382979    4.5658055771317696e-82
0.5986170212765958    2.5703198621077026e-81
0.6004255319148937    1.432744769270255e-80
0.6022340425531915    7.908387974419598e-80
0.6040425531914894    4.322846061248394e-79
0.6058510638297873    2.340125001730516e-78
0.6076595744680852    1.2546432956308188e-77
0.609468085106383    6.662504127371978e-77
0.6112765957446809    3.5044062009413174e-76
0.6130851063829788    1.8258894750175727e-75
0.6148936170212767    9.424116506840345e-75
0.6167021276595744    4.818763385886325e-74
0.6185106382978723    2.4410781981471962e-73
0.6203191489361702    1.2251828972686406e-72
0.6221276595744681    6.092772819435248e-72
0.6239361702127659    3.002238771630937e-71
0.6257446808510638    1.465928204703172e-70
0.6275531914893617    7.093133421939537e-70
0.6293617021276596    3.401276470925232e-69
0.6311702127659574    1.6163828541517512e-68
0.6329787234042553    7.613158067372125e-68
0.6347872340425532    3.554048024153669e-67
0.6365957446808511    1.6445186386114519e-66
0.6384042553191489    7.542760420012822e-66
0.6402127659574468    3.4293869478845544e-65
0.6420212765957447    1.5456661987006967e-64
0.6438297872340426    6.906310064387758e-64
0.6456382978723404    3.059323534849531e-63
0.6474468085106383    1.3436039581332957e-62
0.6492553191489362    5.850607535021461e-62
0.6510638297872341    2.5259893345844152e-61
0.6528723404255319    1.0813833635912337e-60
0.6546808510638298    4.5905211643506196e-60
0.6564893617021277    1.9323896496693334e-59
0.6582978723404256    8.066661235521295e-59
0.6601063829787234    3.339451218129813e-58
0.6619148936170213    1.371052462984589e-57
0.6637234042553192    5.582721982155236e-57
0.6655319148936171    2.2545813971089987e-56
0.6673404255319149    9.030849919214475e-56
0.6691489361702128    3.587968970921948e-55
0.6709574468085107    1.4139706939741813e-54
0.6727659574468086    5.52736204586083e-54
0.6745744680851063    2.1433596937720516e-53
0.6763829787234042    8.244901928713529e-53
0.6781914893617021    3.1463181525199506e-52
0.68    1.1911314249825435e-51
0.6818085106382978    4.473728372574349e-51
0.6836170212765957    1.6670367870020013e-50
0.6854255319148936    6.16309612226193e-50
0.6872340425531915    2.260701453130669e-49
0.6890425531914893    8.227921058684806e-49
0.6908510638297872    2.971334559800294e-48
0.6926595744680851    1.064729341392812e-47
0.694468085106383    3.785860498373774e-47
0.6962765957446809    1.3357924607453296e-46
0.6980851063829787    4.677065363438015e-46
0.6998936170212766    1.6250952880211075e-45
0.7017021276595745    5.603583269794379e-45
0.7035106382978724    1.9175420704850304e-44
0.7053191489361702    6.512178685609513e-44
0.7071276595744681    2.1949271816917284e-43
0.708936170212766    7.342368742677832e-43
0.7107446808510639    2.437722132990016e-42
0.7125531914893617    8.032923191047424e-42
0.7143617021276596    2.627324451351169e-41
0.7161702127659575    8.529303320756936e-41
0.7179787234042554    2.7484133721233445e-40
0.7197872340425532    8.790789453561064e-40
0.7215957446808511    2.790998041530719e-39
0.723404255319149    8.7960019129061e-39
0.7252127659574469    2.7517776447889925e-38
0.7270212765957447    8.545776248961025e-38
0.7288297872340426    2.634556871754207e-37
0.7306382978723405    8.062858749448038e-37
0.7324468085106384    2.4496457164538968e-36
0.7342553191489362    7.388519207222572e-36
0.7360638297872341    2.212373217036619e-35
0.737872340425532    6.576775224070716e-35
0.7396808510638299    1.9410101158260345e-34
0.7414893617021276    5.687339714031956e-34
0.7432978723404255    1.6544867721937416e-33
0.7451063829787234    4.778550488165013e-33
0.7469148936170213    1.370293533074127e-32
0.7487234042553191    3.901406395166366e-32
0.750531914893617    1.102870039456584e-31
0.7523404255319149    3.095481865829263e-31
0.7541489361702128    8.626566707488167e-31
0.7559574468085106    2.3870324421847335e-30
0.7577659574468085    6.558339515368874e-30
0.7595744680851064    1.789159792545437e-29
0.7613829787234043    4.8465003188660467e-29
0.7631914893617021    1.3035727193875925e-28
0.765    3.481560921285924e-28
0.7668085106382979    9.233111177960424e-28
0.7686170212765958    2.4314249389776384e-27
0.7704255319148936    6.35792795279971e-27
0.7722340425531915    1.650879059498136e-26
0.7740425531914894    4.25659776401176e-26
0.7758510638297873    1.0898336817777837e-25
0.7776595744680851    2.770833596544253e-25
0.779468085106383    6.995445824300413e-25
0.7812765957446809    1.7537875845010668e-24
0.7830851063829788    4.366132486410986e-24
0.7848936170212766    1.0793855783991929e-23
0.7867021276595745    2.6498257995012774e-23
0.7885106382978724    6.459814482843592e-23
0.7903191489361703    1.563815587810211e-22
0.7921276595744681    3.7593635233136765e-22
0.793936170212766    8.974426044801792e-22
0.7957446808510639    2.1274661185235326e-21
0.7975531914893618    5.008204063921312e-21
0.7993617021276596    1.1707503761888583e-20
0.8011702127659575    2.7177455555371856e-20
0.8029787234042554    6.264905010918991e-20
0.8047872340425533    1.4341023153645248e-19
0.806595744680851    3.2598994324274604e-19
0.808404255319149    7.358425161536708e-19
0.8102127659574468    1.6493775101275262e-18
0.8120212765957447    3.671194490704257e-18
0.8138297872340425    8.114171291674412e-18
0.8156382978723404    1.7808503357812345e-17
0.8174468085106383    3.8810912603815055e-17
0.8192553191489362    8.398850696174542e-17
0.821063829787234    1.8047685275200282e-16
0.8228723404255319    3.85083166711286e-16
0.8246808510638298    8.158575431732554e-16
0.8264893617021277    1.7163108615505315e-15
0.8282978723404255    3.585040569842224e-15
0.8301063829787234    7.435377507137052e-15
0.8319148936170213    1.5311464669864003e-14
0.8337234042553192    3.1306085332611266e-14
0.835531914893617    6.355244399554967e-14
0.8373404255319149    1.280913928320104e-13
0.8391489361702128    2.5632097650060703e-13
0.8409574468085107    5.092332226330023e-13
0.8427659574468085    1.0044055562234335e-12
0.8445744680851064    1.9667638990956168e-12
0.8463829787234043    3.8232839842818915e-12
0.8481914893617022    7.378227759728874e-12
0.85    1.4134751273912134e-11
0.8518085106382979    2.6880280896562812e-11
0.8536170212765958    5.0743135672904906e-11
0.8554255319148937    9.508377896006075e-11
0.8572340425531915    1.7685134546287911e-10
0.8590425531914894    3.2648982117640164e-10
0.8608510638297873    5.982409786572617e-10
0.8626595744680852    1.0879604762328434e-09
0.864468085106383    1.963654303916514e-09
0.8662765957446809    3.5173507198160987e-09
0.8680851063829788    6.252418530141537e-09
0.8698936170212767    1.1029208098131205e-08
0.8717021276595744    1.930571531910097e-08
0.8735106382978723    3.3531518031460826e-08
0.8753191489361702    5.778642563831261e-08
0.8771276595744681    9.88057747739826e-08
0.8789361702127659    1.6761012996471965e-07
0.8807446808510638    2.82069497625483e-07
0.8825531914893617    4.7089629597493007e-07
0.8843617021276596    7.797975755145208e-07
0.8861702127659574    1.2808517257336178e-06
0.8879787234042553    2.0866412694471006e-06
0.8897872340425532    3.3713113858727602e-06
0.8915957446808511    5.401579544921186e-06
0.8934042553191489    8.581844356211236e-06
0.8952127659574468    1.3518978512940897e-05
0.8970212765957447    2.1114177104138864e-05
0.8988297872340426    3.269137818875142e-05
0.9006382978723404    5.017424024559104e-05
0.9024468085106383    7.632633905395291e-05
0.9042553191489362    0.00011507191273431662
0.9060638297872341    0.0001719167646310302
0.9078723404255319    0.00025449026067623246
0.9096808510638298    0.00037322892703830146
0.9114893617021277    0.0005422189013959773
0.9132978723404256    0.0007802070979679376
0.9151063829787234    0.0011117778920320788
0.9169148936170213    0.00156867181831217
0.9187234042553192    0.002191193759443757
0.9205319148936171    0.0030296194075018342
0.9223404255319149    0.004145460384474108
0.9241489361702128    0.005612391784521115
0.9259574468085107    0.007516584669272222
0.9277659574468086    0.009956126576798691
0.9295744680851065    0.013039164975237025
0.9313829787234043    0.016880384714135166
0.9331914893617022    0.021595446703414747
0.935    0.02729308874648708
0.936808510638298    0.03406473758043535
0.9386170212765957    0.04197171678812375
0.9404255319148936    0.051030463254601505
0.9422340425531915    0.06119657707766936
0.9440425531914894    0.07234900018965466
0.9458510638297872    0.08427609954551148
0.9476595744680851    0.09666585064564086
0.949468085106383    0.10910258498369209
0.9512765957446809    0.12107277678414032
0.9530851063829787    0.13198199770470137
0.9548936170212766    0.1411843822646015
0.9567021276595745    0.14802468708200595
0.9585106382978724    0.15189133089862933
0.9603191489361702    0.15227680063469273
0.9621276595744681    0.1488397365797975
0.963936170212766    0.14146120031646964
0.9657446808510639    0.13028648286069716
0.9675531914893617    0.11574374000639928
0.9693617021276596    0.09853209050493866
0.9711702127659575    0.0795747604312203
0.9729787234042554    0.05993732694647683
0.9747872340425532    0.04071670365298126
0.9765957446808511    0.022912468860439433
0.978404255319149    0.007297424287660913
0.9802127659574469    -0.005692315588811689
0.9820212765957447    -0.016027005066105087
0.9838297872340426    -0.024095446646581
0.9856382978723405    -0.03064984500951157
0.9874468085106384    -0.036684361975137414
0.9892553191489362    -0.04326112120849565
0.9910638297872341    -0.05130969324727325
0.992872340425532    -0.06143518038985016
0.9946808510638299    -0.07377327517772783
0.9964893617021277    -0.08792622311898557
0.9982978723404256    -0.10300104029435839
1.0001063829787233    -0.11775204180755136
1.0019148936170212    -0.13080707241297146
1.0037234042553191    -0.14093562974494594
1.005531914893617    -0.14730272166928693
1.007340425531915    -0.14964944615534798
1.0091489361702128    -0.14835243810535742
1.0109574468085107    -0.14433877841220694
1.0127659574468086    -0.13886633942309906
1.0145744680851063    -0.1332143541084828
1.0163829787234042    -0.12835615366321523
1.0181914893617021    -0.1246971321971419
1.02    -0.12195091605643418
1.021808510638298    -0.11919556940496207
1.0236170212765958    -0.11510569589934383
1.0254255319148937    -0.10830695559118658
1.0272340425531916    -0.0977608230609949
1.0290425531914893    -0.0830720313021491
1.0308510638297872    -0.06462625314002424
1.032659574468085    -0.04350980892978762
1.034468085106383    -0.021225892970381327
1.036276595744681    0.0007148232615794385
1.0380851063829788    0.021207415503648176
1.0398936170212767    0.039839489270904596
1.0417021276595746    0.05695434028709995
1.0435106382978723    0.07346082417653652
1.0453191489361702    0.09044265085327002
1.047127659574468    0.10869040769594251
1.048936170212766    0.12831313570896968
1.0507446808510639    0.1485679663525279
1.0525531914893618    0.16797836766215535
1.0543617021276597    0.18471415240561395
1.0561702127659576    0.19711230537857355
1.0579787234042553    0.20416135433492905
1.0597872340425532    0.2057769249349557
1.061595744680851    0.20276483778754317
1.063404255319149    0.19647924640158188
1.0652127659574468    0.1882975426648218
1.0670212765957447    0.17910742936262997
1.0688297872340426    0.1690034968000415
1.0706382978723405    0.1573156028628825
1.0724468085106382    0.14296438303227416
1.0742553191489361    0.1250080494075832
1.076063829787234    0.10316208156925738
1.077872340425532    0.07807596520493182
1.0796808510638298    0.05124250421724988
1.0814893617021277    0.024562246887178715
1.0832978723404256    -0.00027053988829165224
1.0851063829787235    -0.02231424276342176
1.0869148936170212    -0.04163428008925343
1.088723404255319    -0.05915976587295991
1.090531914893617    -0.07620495094608368
1.092340425531915    -0.0938638566213906
1.0941489361702128    -0.11254420139436938
1.0959574468085107    -0.13184635006957476
1.0977659574468086    -0.15083688205930193
1.0995744680851065    -0.16858204974087934
1.1013829787234042    -0.18467834101156524
1.103191489361702    -0.1995085541656221
1.105    -0.21407269345682753
1.1068085106382979    -0.22944317273645284
1.1086170212765958    -0.2460820813031668
1.1104255319148937    -0.26334376523494896
1.1122340425531916    -0.2794219302547911
1.1140425531914895    -0.29180942545952426
1.1158510638297872    -0.2981057424238788
1.117659574468085    -0.2968413968350375
1.119468085106383    -0.28797127963028735
1.1212765957446809    -0.27283315355237636
1.1230851063829788    -0.2536069316342612
1.1248936170212767    -0.23253098846518366
1.1267021276595746    -0.21122648585485454
1.1285106382978725    -0.19040401130127288
1.1303191489361701    -0.17001959142191114
1.132127659574468    -0.1497175619030317
1.133936170212766    -0.12926626478679054
1.1357446808510638    -0.10872800123851017
1.1375531914893617    -0.08828594746937635
1.1393617021276596    -0.06787548413714248
1.1411702127659575    -0.0469058799342949
1.1429787234042554    -0.02432508109204813
1.1447872340425531    0.0009150255781840734
1.146595744680851    0.029188683136126322
1.148404255319149    0.0596828871712647
1.1502127659574468    0.09037336248056195
1.1520212765957447    0.1185974427489981
1.1538297872340426    0.14201862265439108
1.1556382978723405    0.15954492063677728
1.1574468085106384    0.17174609614596165
1.1592553191489363    0.1805381295184133
1.161063829787234    0.1882611155991915
1.162872340425532    0.19658383791045664
1.1646808510638298    0.20575982734174758
1.1664893617021277    0.21458271815937807
1.1682978723404256    0.22103461857843
1.1701063829787235    0.22327799467349635
1.1719148936170214    0.2204905737380461
1.1737234042553193    0.21315788812773806
1.175531914893617    0.20274532565835462
1.1773404255319149    0.19099334352473596
1.1791489361702128    0.17923841303682508
1.1809574468085107    0.16808340668148564
1.1827659574468086    0.1574922293570546
1.1845744680851065    0.14712858061898448
1.1863829787234044    0.136654146148391
1.1881914893617023    0.12579862591379265
1.19    0.11422992735816448
1.1918085106382978    0.10142804579488321
1.1936170212765957    0.08677244461776684
1.1954255319148936    0.06988160665790075
1.1972340425531915    0.051015224132084036
1.1990425531914894    0.03123461014541505
1.2008510638297873    0.012118139551923174
1.2026595744680852    -0.004897268628909509
1.204468085106383    -0.019202508882436173
1.2062765957446808    -0.031301965813920196
1.2080851063829787    -0.042463904317581666
1.2098936170212766    -0.05387657507363698
1.2117021276595745    -0.06578161222434514
1.2135106382978724    -0.07712166381907162
1.2153191489361703    -0.08597150669878789
1.2171276595744682    -0.09056245545471617
1.218936170212766    -0.09033325366662448
1.2207446808510638    -0.08638723203682633
1.2225531914893617    -0.08105625299513372
1.2243617021276596    -0.07678656251813754
1.2261702127659575    -0.07496280251621076
1.2279787234042554    -0.07532841400822324
1.2297872340425533    -0.07631430769291686
1.2315957446808512    -0.07606131036495645
1.2334042553191489    -0.0735327174138527
1.2352127659574468    -0.06909001678919699
1.2370212765957447    -0.06424761030047882
1.2388297872340426    -0.060808876123847944
1.2406382978723405    -0.05991780806486939
1.2424468085106384    -0.061552258347813804
1.2442553191489363    -0.0646726249152621
1.2460638297872342    -0.06784280434198173
1.2478723404255319    -0.0699072231594276
1.2496808510638298    -0.0703565199370994
1.2514893617021277    -0.06927028169934743
1.2532978723404256    -0.06699271319514771
1.2551063829787235    -0.06380534993784479
1.2569148936170214    -0.05977570041851732
1.2587234042553193    -0.05478749154323129
1.2605319148936172    -0.04864391872643471
1.2623404255319148    -0.041150717414208796
1.2641489361702127    -0.03218001193941386
1.2659574468085106    -0.021773715507476872
1.2677659574468085    -0.010296543177084672
1.2695744680851064    0.0014643943663490075
1.2713829787234043    0.012412179183972104
1.2731914893617022    0.02152984955755126
1.2750000000000001    0.02840199276022868
1.2768085106382978    0.03355018485316146
1.2786170212765957    0.03829278440185133
1.2804255319148936    0.044102282222164675
1.2822340425531915    0.05177950312047976
1.2840425531914894    0.06094721114519624
1.2858510638297873    0.07022252527256781
1.2876595744680852    0.07801493021536121
1.289468085106383    0.08347711858183274
1.2912765957446808    0.08700505029301914
1.2930851063829787    0.08995583295463691
1.2948936170212766    0.09376221583496366
1.2967021276595745    0.09902648086707982
1.2985106382978724    0.10518913387823009
1.3003191489361703    0.1109709055858824
1.3021276595744682    0.11525230559175931
1.303936170212766    0.11775894171357895
1.3057446808510638    0.11907423000169146
1.3075531914893617    0.11999541073400527
1.3093617021276596    0.12072930486890618
1.3111702127659575    0.12054395245507837
1.3129787234042554    0.11816298044771967
1.3147872340425533    0.11264723345016253
1.3165957446808512    0.1041433447892795
1.318404255319149    0.09395468272346572
1.3202127659574467    0.08385344559379149
1.3220212765957446    0.07507496430321434
1.3238297872340425    0.06765034094600994
1.3256382978723404    0.060498157668866015
1.3274468085106383    0.052184738179922766
1.3292553191489362    0.041834160060661665
1.3310638297872341    0.02960863932740275
1.332872340425532    0.016504145213069102
1.3346808510638297    0.0036696256597334373
1.3364893617021276    -0.00825936202917945
1.3382978723404255    -0.01939037001199113
1.3401063829787234    -0.030281802364966675
1.3419148936170213    -0.04139531500853895
1.3437234042553192    -0.05269251457253919
1.3455319148936171    -0.06362978235614335
1.347340425531915    -0.07351191134897057
1.3491489361702127    -0.08193415346245174
1.3509574468085106    -0.08901251830552608
1.3527659574468085    -0.09526512191189417
1.3545744680851064    -0.10123720220261027
1.3563829787234043    -0.10711342624310151
1.3581914893617022    -0.11255606021799698
1.36    -0.1168664794425655
1.361808510638298    -0.11937836770359848
1.3636170212765957    -0.11985618022076532
1.3654255319148936    -0.11866213274731545
1.3672340425531915    -0.1165789447327998
1.3690425531914894    -0.11437547541849667
1.3708510638297873    -0.1123698594165606
1.3726595744680852    -0.11027142305523706
1.374468085106383    -0.10742880687217603
1.376276595744681    -0.10335135368512015
1.3780851063829787    -0.09816728419024796
1.3798936170212766    -0.09268839220034066
1.3817021276595745    -0.08799257108937687
1.3835106382978724    -0.08476775196374971
1.3853191489361703    -0.08285147367991245
1.3871276595744682    -0.08129497331380049
1.388936170212766    -0.07893135086634094
1.390744680851064    -0.07507427735962054
1.3925531914893619    -0.06987723868376604
1.3943617021276595    -0.06412459391121832
1.3961702127659574    -0.058633328443179936
1.3979787234042553    -0.05371523729702114
1.3997872340425532    -0.04907957517139733
1.4015957446808511    -0.044202868432534265
1.403404255319149    -0.03883278555509659
1.405212765957447    -0.03320756818072344
1.4070212765957448    -0.02782321604035895
1.4088297872340425    -0.022960555436419415
1.4106382978723404    -0.018384622890906074
1.4124468085106383    -0.013487854769503052
1.4142553191489362    -0.007782211854578478
1.416063829787234    -0.0013519294836806892
1.417872340425532    0.005103425015582865
1.41968085106383    0.0106900185010091
1.4214893617021278    0.014897911274607186
1.4232978723404255    0.017908195097795038
1.4251063829787234    0.02041162585561386
1.4269148936170213    0.023092681727343467
1.4287234042553192    0.026174244942358572
1.430531914893617    0.02934998775158547
1.432340425531915    0.032120811949127276
1.4341489361702129    0.034247300182746715
1.4359574468085108    0.03596206442082639
1.4377659574468085    0.03779103945618191
1.4395744680851064    0.04013989528884186
1.4413829787234043    0.042974559728542555
1.4431914893617022    0.04584253034994104
1.445    0.048218948325648214
1.446808510638298    0.04991929110863294
1.4486170212765959    0.05127274951902523
1.4504255319148938    0.052923153608467485
1.4522340425531914    0.0553889833650259
1.4540425531914893    0.0586846767100694
1.4558510638297872    0.062266884626793514
1.4576595744680851    0.06535000706373435
1.459468085106383    0.06738450558472651
1.461276595744681    0.06837941988455208
1.4630851063829788    0.06885550265243419
1.4648936170212767    0.06946839783509527
1.4667021276595744    0.07056757066729481
1.4685106382978723    0.0719941726107594
1.4703191489361702    0.07323933213212407
1.4721276595744681    0.07381619318171538
1.473936170212766    0.0735485702021439
1.475744680851064    0.07256524126565463
1.4775531914893618    0.07104362447496355
1.4793617021276597    0.0689598816179295
1.4811702127659574    0.06609147859402649
1.4829787234042553    0.06228629783103533
1.4847872340425532    0.05775752286758333
1.486595744680851    0.05311458803159742
1.488404255319149    0.04905403248926425
1.490212765957447    0.04593253400846291
1.4920212765957448    0.04356316836256015
1.4938297872340427    0.04139966702202692
1.4956382978723404    0.038949187342815245
1.4974468085106383    0.03606874737606161
1.4992553191489362    0.03292220198820056
1.501063829787234    0.02969278072902394
1.502872340425532    0.026365346231924845
1.5046808510638299    0.022804962919287554
1.5064893617021278    0.019044911913103313
1.5082978723404257    0.015460887253134499
1.5101063829787233    0.012590276169875299
1.5119148936170212    0.010697529080041547
1.5137234042553191    0.009469209009148053
1.515531914893617    0.008159869695286981
1.517340425531915    0.00613017147358935
1.5191489361702128    0.003355792399893462
1.5209574468085107    0.0004791610000761501
1.5227659574468086    -0.0016502708406411911
1.5245744680851063    -0.0025736989938392194
1.5263829787234042    -0.0024844618116834465
1.5281914893617021    -0.0019892370697641186
1.53    -0.001633901510865345
1.531808510638298    -0.00161649463977585
1.5336170212765958    -0.001873477099916167
1.5354255319148937    -0.0023491656779237213
1.5372340425531916    -0.0031153421801285177
1.5390425531914893    -0.004223364125158247
1.5408510638297872    -0.005502523850441152
1.542659574468085    -0.006606710980695613
1.544468085106383    -0.007350212778719899
1.546276595744681    -0.008026362363484241
1.5480851063829788    -0.009342753937410984
1.5498936170212767    -0.011932497175736134
1.5517021276595746    -0.015817445388667386
1.5535106382978723    -0.020295379900717104
1.5553191489361702    -0.024380043672116266
1.557127659574468    -0.027446116626255092
1.558936170212766    -0.029563694375017272
1.5607446808510639    -0.03129968467720805
1.5625531914893618    -0.033229373282706476
1.5643617021276597    -0.03559979982922426
1.5661702127659576    -0.038358112660685104
1.5679787234042553    -0.04137065114968154
1.5697872340425532    -0.04451905998868483
1.571595744680851    -0.04758892058092286
1.573404255319149    -0.050178625068473995
1.5752127659574469    -0.05187446598366456
1.5770212765957448    -0.05261498425169844
1.5788297872340427    -0.05286036634888269
1.5806382978723406    -0.05327813764359983
1.5824468085106382    -0.054129362428124494
1.5842553191489361    -0.05492385830207912
1.586063829787234    -0.05475934553432993
1.587872340425532    -0.05313286904649829
1.5896808510638298    -0.05049574508828587
1.5914893617021277    -0.04796758239008633
1.5932978723404256    -0.04637223065087777
1.5951063829787235    -0.04543142987512713
1.5969148936170212    -0.04387926436696368
1.5987234042553191    -0.04045138844679769
1.600531914893617    -0.034889660204845185
1.602340425531915    -0.028065049020253488
1.6041489361702128    -0.02112482659744195
1.6059574468085107    -0.01447083485047939
1.6077659574468086    -0.00751855893973951
1.6095744680851065    0.0005680650560374138
1.6113829787234042    0.009901006592062772
1.613191489361702    0.019599760072951347
1.615    0.028479501492465538
1.616808510638298    0.036022521729734185
1.6186170212765958    0.0427077062437907
1.6204255319148937    0.04941693049100191
1.6222340425531916    0.05652633763293095
1.6240425531914895    0.06355477816153185
1.6258510638297874    0.06965253017487
1.627659574468085    0.07438742843083346
1.629468085106383    0.07804395414087947
1.6312765957446809    0.08119547880808667
1.6330851063829788    0.08404869719446734
1.6348936170212767    0.08623891282500246
1.6367021276595746    0.08723239448203474
1.6385106382978725    0.08685251467229677
1.6403191489361704    0.08536401744125346
1.642127659574468    0.08307826427686257
1.643936170212766    0.07998016046104853
1.6457446808510638    0.07583172134703081
1.6475531914893617    0.07063800737261408
1.6493617021276596    0.06491299080592669
1.6511702127659575    0.05937532864754014
1.6529787234042554    0.05434789909101059
1.6547872340425533    0.049517983006780786
1.656595744680851    0.044375593429937285
1.658404255319149    0.03890749129203892
1.6602127659574468    0.033782292577336656
1.6620212765957447    0.029740351354675926
1.6638297872340426    0.026752799275030367
1.6656382978723405    0.023842242703132073
1.6674468085106384    0.019858444276892095
1.6692553191489363    0.014532258655248577
1.671063829787234    0.008780943977073193
1.672872340425532    0.003914772619001592
1.6746808510638298    0.00046400793649005543
1.6764893617021277    -0.0022606043373086145
1.6782978723404256    -0.005459609130318426
1.6801063829787235    -0.009687983942494746
1.6819148936170214    -0.014369588645371401
1.6837234042553193    -0.0184149301555122
1.685531914893617    -0.021277883925702696
1.6873404255319149    -0.023387661025568374
1.6891489361702128    -0.025575094855903594
1.6909574468085107    -0.028156682850171536
1.6927659574468086    -0.030668435301316316
1.6945744680851065    -0.032529117791349704
1.6963829787234044    -0.03391151428084359
1.6981914893617023    -0.035855110902406465
1.7    -0.03942102076842288
1.7018085106382979    -0.044681619558596605
1.7036170212765958    -0.050537902109069874
1.7054255319148937    -0.05556433023964989
1.7072340425531916    -0.0590966286229728
1.7090425531914895    -0.06157813147143909
1.7108510638297874    -0.06392978151661613
1.7126595744680853    -0.0666299376248096
1.714468085106383    -0.06938177337146592
1.7162765957446808    -0.07158397293602409
1.7180851063829787    -0.0730260886437647
1.7198936170212766    -0.074089697535582
1.7217021276595745    -0.07531598791594737
1.7235106382978724    -0.07684703040505844
1.7253191489361703    -0.07831462059138056
1.7271276595744682    -0.07924263037801302
1.728936170212766    -0.07952349770826966
1.7307446808510638    -0.079523845556422
1.7325531914893617    -0.07979354054185847
1.7343617021276596    -0.08070928770561084
1.7361702127659575    -0.08234249570235927
1.7379787234042554    -0.08454064791160548
1.7397872340425533    -0.08703179278573506
1.7415957446808512    -0.08946227594088277
1.7434042553191489    -0.09145342716984117
1.7452127659574468    -0.09274859047450898
1.7470212765957447    -0.09334129682468773
1.7488297872340426    -0.09340231804980162
1.7506382978723405    -0.09301292645564091
1.7524468085106384    -0.09196827852914213
1.7542553191489363    -0.08990382310585351
1.7560638297872342    -0.08666575573599644
1.7578723404255319    -0.08253830159512635
1.7596808510638298    -0.07803281518267405
1.7614893617021277    -0.07339380855487954
1.7632978723404256    -0.06831933010679303
1.7651063829787235    -0.062229694286199955
1.7669148936170214    -0.05487701870881506
1.7687234042553193    -0.04672014753727448
1.7705319148936172    -0.03869179766490764
1.7723404255319148    -0.0315642738660659
1.7741489361702127    -0.025488999098884024
1.7759574468085106    -0.020081237148914688
1.7777659574468085    -0.014882062281574564
1.7795744680851064    -0.009717784662932806
1.7813829787234043    -0.0046735048886856825
1.7831914893617022    0.00016946340858216974
1.7850000000000001    0.004894179717442294
1.7868085106382978    0.009674264252673263
1.7886170212765957    0.014626983627352628
1.7904255319148936    0.01977937296506452
1.7922340425531915    0.02511079099235119
1.7940425531914894    0.030505280196464504
1.7958510638297873    0.03561059581374991
1.7976595744680852    0.0398399430394986
1.7994680851063831    0.042696163033148965
1.8012765957446808    0.044222156686601705
1.8030851063829787    0.04511133286548592
1.8048936170212766    0.04624485836107246
1.8067021276595745    0.04800317733054446
1.8085106382978724    0.050008077827403866
1.8103191489361703    0.051581650661162895
1.8121276595744682    0.052483351256903094
1.813936170212766    0.053175926604532256
1.8157446808510638    0.054351939851144754
1.8175531914893617    0.056241888854064184
1.8193617021276596    0.058462146185534705
1.8211702127659575    0.060559838318345494
1.8229787234042554    0.06261904637796739
1.8247872340425533    0.0652030029790795
1.8265957446808512    0.06865487917256302
1.828404255319149    0.0725458623564341
1.8302127659574468    0.0759582137812011
1.8320212765957447    0.07838315349180808
1.8338297872340426    0.08028760812990288
1.8356382978723405    0.08269845849668087
1.8374468085106384    0.08619420950156564
1.8392553191489363    0.09035312432763043
1.8410638297872342    0.0942369736685515
1.842872340425532    0.09737940232929207
1.8446808510638297    0.10021142752999712
1.8464893617021276    0.1034910735204824
1.8482978723404255    0.10740934857490686
1.8501063829787234    0.11138866953938648
1.8519148936170213    0.1147876446972092
1.8537234042553192    0.1176836250438863
1.8555319148936171    0.12080612106525379
1.857340425531915    0.12466091466900206
1.859148936170213    0.12882333500164508
1.8609574468085106    0.13221462562862787
1.8627659574468085    0.13407930260393428
1.8645744680851064    0.13459193803458377
1.8663829787234043    0.13443931686523894
1.8681914893617022    0.1338769533206247
1.87    0.13233367074360483
1.871808510638298    0.1289825803803615
1.873617021276596    0.12357686232288498
1.8754255319148936    0.11656765985278489
1.8772340425531915    0.10840421397022693
1.8790425531914894    0.09891640669434223
1.8808510638297873    0.08759309443108171
1.8826595744680852    0.07446613980745331
1.884468085106383    0.06049548886105477
1.886276595744681    0.04684972538430589
1.8880851063829789    0.03378173993556717
1.8898936170212766    0.020387627602884872
1.8917021276595745    0.005632207387663204
1.8935106382978724    -0.010422845249586485
1.8953191489361703    -0.02657393415003853
1.8971276595744682    -0.04173183050835261
1.898936170212766    -0.056107664678411676
1.900744680851064    -0.07095846980887845
1.9025531914893619    -0.087101416273258
1.9043617021276595    -0.10382956930727762
1.9061702127659574    -0.11948454426465417
1.9079787234042553    -0.1331073765745852
1.9097872340425532    -0.1453312691520478
1.9115957446808511    -0.1574625139368876
1.913404255319149    -0.16971309989479577
1.915212765957447    -0.1805557284169103
1.9170212765957448    -0.18799127499135565
1.9188297872340425    -0.19141352596488953
1.9206382978723404    -0.19206960375470483
1.9224468085106383    -0.19164437499243486
1.9242553191489362    -0.1905594916165771
1.9260638297872341    -0.18786527497209132
1.927872340425532    -0.18278417162157956
1.92968085106383    -0.17608194887817574
1.9314893617021278    -0.16962959247959075
1.9332978723404255    -0.16457922732174757
1.9351063829787234    -0.16018649867804902
1.9369148936170213    -0.1546353000474876
1.9387234042553192    -0.14700093913448725
1.940531914893617    -0.13822001682636503
1.942340425531915    -0.1300477979415442
1.944148936170213    -0.12321779383340314
1.9459574468085108    -0.11685512674016083
1.9477659574468085    -0.10971557772578469
1.9495744680851064    -0.10174041836912792
1.9513829787234043    -0.09411153643342873
1.9531914893617022    -0.0877828825169486
1.955    -0.08226051050950453
1.956808510638298    -0.07611672866343089
1.9586170212765959    -0.06868364266393934
1.9604255319148938    -0.060950239029219144
1.9622340425531914    -0.054559920192109784
1.9640425531914893    -0.04999612020456895
1.9658510638297872    -0.04602610969151731
1.9676595744680851    -0.04107948401657188
1.969468085106383    -0.035030396421773996
1.971276595744681    -0.029358667786685277
1.9730851063829788    -0.025479063540049113
1.9748936170212767    -0.023107215052248095
1.9767021276595744    -0.02050929322902168
1.9785106382978723    -0.01637132167906489
1.9803191489361702    -0.011205523505136934
1.9821276595744681    -0.006733640380343922
1.983936170212766    -0.003946249050622217
1.985744680851064    -0.0019815176113635747
1.9875531914893618    0.000997698870654516
1.9893617021276597    0.005981854014650291
1.9911702127659574    0.012372729203563403
1.9929787234042553    0.01902743822823378
1.9947872340425532    0.025767258910761315
1.996595744680851    0.03360688507074667
1.998404255319149    0.043531098195180785
2.0002127659574467    0.05531385576858568
2.0020212765957446    0.06772156284161568
2.0038297872340425    0.07974336707516427
2.0056382978723404    0.0913127378820516
2.0074468085106383    0.10270274678962113
2.009255319148936    0.11347152372968536
2.011063829787234    0.12242510587347219
2.012872340425532    0.12881668160472495
2.01468085106383    0.1334089536051086
2.016489361702128    0.13803660706519652
2.0182978723404257    0.14398197785944158
2.0201063829787236    0.15088209060465105
2.0219148936170215    0.1573446597809259
2.0237234042553194    0.16254108717040724
2.0255319148936173    0.1669572922367
2.0273404255319147    0.17148232842504932
2.0291489361702126    0.1759529371391743
2.0309574468085105    0.17890848811961543
2.0327659574468084    0.17890683871615318
2.0345744680851063    0.17592982063076593
2.0363829787234042    0.17127286380411896
2.038191489361702    0.16602365606327282
2.04    0.15982708407956467
2.041808510638298    0.15129693055240903
2.043617021276596    0.13958079319421848
2.0454255319148937    0.12533910612928048
2.0472340425531916    0.11013958879542374
2.0490425531914895    0.0950761030668194
2.0508510638297874    0.08020269237447389
2.0526595744680853    0.06529659371057253
2.0544680851063832    0.05086430625551197
2.0562765957446807    0.038066901853676574
2.0580851063829786    0.027594931831226716
2.0598936170212765    0.018829137913120998
2.0617021276595744    0.010335176853510878
2.0635106382978723    0.0012112545037898485
2.06531914893617    -0.008165845478535414
2.067127659574468    -0.016751208933259966
2.068936170212766    -0.02402468948505599
2.070744680851064    -0.030408499209984834
2.072553191489362    -0.03653778596971461
2.0743617021276597    -0.04236019002529048
2.0761702127659576    -0.04717417480027356
2.0779787234042555    -0.050535230271392166
2.0797872340425534    -0.052901870513528536
2.0815957446808513    -0.05520511529165257
2.083404255319149    -0.05780868175071439
2.085212765957447    -0.06005560884852495
2.0870212765957445    -0.06092865572308893
2.0888297872340424    -0.060089204197345154
2.0906382978723403    -0.05816663212081361
2.0924468085106382    -0.056058584561557816
2.094255319148936    -0.05410148779691188
2.096063829787234    -0.05202586059536222
2.097872340425532    -0.04963180023005057
2.09968085106383    -0.04729546342921576
2.1014893617021277    -0.04567957461200443
2.1032978723404256    -0.04499230403323475
2.1051063829787235    -0.044656264446581835
2.1069148936170214    -0.04375793855750693
2.1087234042553193    -0.04178879407134039
2.1105319148936172    -0.03895850540872444
2.112340425531915    -0.03592854711050792
2.114148936170213    -0.03341795116106303
2.1159574468085105    -0.032078041652703164
2.1177659574468084    -0.03251711938005803
2.1195744680851063    -0.035129039516045256
2.121382978723404    -0.0397395337150044
2.123191489361702    -0.04550500982661541
2.125    -0.051342799917496414
2.126808510638298    -0.05655660809487988
2.128617021276596    -0.0610155418317899
2.1304255319148937    -0.06470351010923003
2.1322340425531916    -0.06719488788834543
2.1340425531914895    -0.0677462413247665
2.1358510638297874    -0.066007594312425
2.1376595744680853    -0.06261034126286788
2.139468085106383    -0.058950489611548626
2.141276595744681    -0.056309015843023655
2.143085106382979    -0.055118449368607395
2.1448936170212765    -0.05497190528769577
2.1467021276595744    -0.05516983863223493
2.1485106382978723    -0.05514031215938785
2.15031914893617    -0.05441283653588204
2.152127659574468    -0.05246409787581183
2.153936170212766    -0.048874326886299224
2.155744680851064    -0.043721592498797215
2.1575531914893618    -0.0376936655583124
2.1593617021276597    -0.03162965245306158
2.1611702127659576    -0.025870516770920393
2.1629787234042555    -0.020080195681604712
2.1647872340425534    -0.013714275647667452
2.1665957446808513    -0.0066052368380918325
2.168404255319149    0.0009640125119482574
2.170212765957447    0.008694794800645698
2.172021276595745    0.016604528459420426
2.1738297872340424    0.02479292385103097
2.1756382978723403    0.03291206190403385
2.177446808510638    0.040043819235466925
2.179255319148936    0.04527521985197982
2.181063829787234    0.04845265635629133
2.182872340425532    0.05032808763456229
2.18468085106383    0.051919429233785556
2.1864893617021277    0.05372677509660403
2.1882978723404256    0.05556590301844334
2.1901063829787235    0.05708175762987649
2.1919148936170214    0.05828151084579113
2.1937234042553193    0.059474908718368406
2.195531914893617    0.06073746217629595
2.197340425531915    0.06157553562112592
2.199148936170213    0.061243485191594664
2.200957446808511    0.05941778791485878
2.2027659574468084    0.05650991554059737
2.2045744680851063    0.053257793096423235
2.206382978723404    0.049977433700824934
2.208191489361702    0.04619834665722022
2.21    0.041023151518811383
2.211808510638298    0.03387002970771507
2.2136170212765958    0.024950632796054
2.2154255319148937    0.015138345927245306
2.2172340425531916    0.005427788503368794
2.2190425531914895    -0.0035399547657926087
2.2208510638297874    -0.011578572873735943
2.2226595744680853    -0.01873822693957054
2.224468085106383    -0.025042071740656546
2.226276595744681    -0.030406464349739124
2.228085106382979    -0.034772100536061695
2.229893617021277    -0.03829237686712088
2.2317021276595743    -0.04137587826227716
2.233510638297872    -0.044482527035424574
2.23531914893617    -0.04776827960465228
2.237127659574468    -0.05083083632885735
2.238936170212766    -0.05278905223313482
2.240744680851064    -0.052707995266194366
2.2425531914893617    -0.050117514503311214
2.2443617021276596    -0.04529021640271359
2.2461702127659575    -0.03912227121681443
2.2479787234042554    -0.03273823810675568
2.2497872340425533    -0.02707951764583117
2.251595744680851    -0.022656098852347595
2.253404255319149    -0.019481601587225242
2.255212765957447    -0.017143905738289333
2.257021276595745    -0.014994593536156266
2.258829787234043    -0.012439028192404385
2.2606382978723403    -0.009213292766595514
2.262446808510638    -0.005462161212575716
2.264255319148936    -0.0015369281621236113
2.266063829787234    0.002326139800174708
2.267872340425532    0.006148931753780484
2.2696808510638298    0.01003075396904748
2.2714893617021277    0.01382548832802804
2.2732978723404256    0.017028562290894694
2.2751063829787235    0.01903897275435488
2.2769148936170214    0.019587362707169945
2.2787234042553193    0.018940407927689223
2.280531914893617    0.017696999199422414
2.282340425531915    0.016375673670612566
2.284148936170213    0.015163729379123275
2.285957446808511    0.013994282196440916
2.2877659574468088    0.01277188508317452
2.2895744680851062    0.01145122919840906
2.291382978723404    0.00989559955233317
2.293191489361702    0.007739499416168388
2.295    0.004511810769885527
2.296808510638298    -5.3995361973535605e-06
2.2986170212765957    -0.005502716778821965
2.3004255319148936    -0.01125641149391641
2.3022340425531915    -0.016592066334221965
2.3040425531914894    -0.021325661568166086
2.3058510638297873    -0.0258050302693592
2.3076595744680852    -0.030513712895086947
2.309468085106383    -0.035570626435570685
2.311276595744681    -0.04053466236832025
2.313085106382979    -0.044655738881987
2.314893617021277    -0.04735166826148052
2.3167021276595747    -0.04853351661336591
2.3185106382978726    -0.04855009022646467
2.32031914893617    -0.04782709058826533
2.322127659574468    -0.04649640172291543
2.323936170212766    -0.044296533142178365
2.325744680851064    -0.0408038008754692
2.3275531914893617    -0.03579227218461353
2.3293617021276596    -0.029415504220260347
2.3311702127659575    -0.022049880591878193
2.3329787234042554    -0.013941033284213644
2.3347872340425533    -0.00499926021765032
2.336595744680851    0.005015681577455433
2.338404255319149    0.01604622980205303
2.340212765957447    0.027450627516064433
2.342021276595745    0.038213765708009176
2.343829787234043    0.047540005083155965
2.3456382978723407    0.055320106651930295
2.3474468085106386    0.06204604671582839
2.349255319148936    0.06826332629886384
2.351063829787234    0.07409294302185762
2.352872340425532    0.07925964984160802
2.3546808510638297    0.08352140576599806
2.3564893617021276    0.08698671665536675
2.3582978723404255    0.08997408095162351
2.3601063829787234    0.09261253156434798
2.3619148936170213    0.09467587473115585
2.3637234042553192    0.09584686141979681
2.365531914893617    0.09607813122420661
2.367340425531915    0.09559899451053297
2.369148936170213    0.09456890793559017
2.370957446808511    0.09285140932462738
2.3727659574468087    0.09026213658640134
2.3745744680851066    0.08702282732359781
2.3763829787234045    0.0837817287180945
2.378191489361702    0.08097376154126892
2.38    0.07810706928902067
2.381808510638298    0.0738324726371048
2.3836170212765957    0.0669564829063615
2.3854255319148936    0.057559948135363526
2.3872340425531915    0.0471637098068286
2.3890425531914894    0.037737671442440834
2.3908510638297873    0.03042511955326957
2.392659574468085    0.025054355995196155
2.394468085106383    0.020682428812214805
2.396276595744681    0.016477334061520084
2.398085106382979    0.012133346298568319
2.399893617021277    0.0076879600559961285
2.4017021276595747    0.0032108735355093933
2.4035106382978726    -0.0012537173030254703
2.4053191489361705    -0.005607967039718772
2.407127659574468    -0.009788488668271745
2.408936170212766    -0.013990717409405891
2.4107446808510637    -0.018663750215362165
2.4125531914893616    -0.024103697879648472
2.4143617021276595    -0.03000354877012036
2.4161702127659574    -0.03549148603632403
2.4179787234042553    -0.03971068886755871
2.4197872340425532    -0.04238623244639414
2.421595744680851    -0.04382229512441557
2.423404255319149    -0.04440740527556207
2.425212765957447    -0.04423727628291467
2.427021276595745    -0.04326719712122487
2.4288297872340427    -0.04172925759983952
2.4306382978723406    -0.040220698181968884
2.4324468085106385    -0.03928587240488657
2.4342553191489364    -0.03896153577545253
2.436063829787234    -0.03883755923688621
2.437872340425532    -0.03859408581217291
2.4396808510638297    -0.038417285952398
2.4414893617021276    -0.0388317961669213
2.4432978723404255    -0.040149512557058425
2.4451063829787234    -0.04214575764000336
2.4469148936170213    -0.04428592867075577
2.448723404255319    -0.04621621841172578
2.450531914893617    -0.04800458523783242
2.452340425531915    -0.04996439987946695
2.454148936170213    -0.05233624558312386
2.455957446808511    -0.05514276742540089
2.4577659574468087    -0.0582305631642281
2.4595744680851066    -0.06132262778432056
2.4613829787234045    -0.06403207858224365
2.4631914893617024    -0.06596425506818777
2.465    -0.0669472513401368
2.4668085106382978    -0.06718916708346918
2.4686170212765957    -0.0671442584787134
2.4704255319148936    -0.06717652480472837
2.4722340425531915    -0.06736716213482001
2.4740425531914894    -0.06765669227349884
2.4758510638297873    -0.0681001130911852
2.477659574468085    -0.06886656584060467
2.479468085106383    -0.06995114667895493
2.481276595744681    -0.07097894225044683
2.483085106382979    -0.0714263174720582
2.4848936170212768    -0.07108546466782893
2.4867021276595747    -0.07025778768326295
2.4885106382978726    -0.06942499661479502
2.4903191489361705    -0.0687284593370268
2.4921276595744684    -0.06779991444452314
2.493936170212766    -0.06608130789394671
2.4957446808510637    -0.06324279411373084
2.4975531914893616    -0.05927670318425507
2.4993617021276595    -0.05429575871759927
2.5011702127659574    -0.048394158168903995
2.5029787234042553    -0.041739567038719644
2.504787234042553    -0.03466066536254077
2.506595744680851    -0.02746903996156165
2.508404255319149    -0.020173285268197318
2.510212765957447    -0.012527619184400617
2.512021276595745    -0.004533800515514538
2.5138297872340427    0.003106698979093662
2.5156382978723406    0.00922659912824326
2.5174468085106385    0.013101059304673595
2.5192553191489364    0.015233850210117481
2.5210638297872343    0.01720268889312837
2.5228723404255318    0.02059459540629595
2.5246808510638297    0.025932197425678122
2.5264893617021276    0.03248994170187561
2.5282978723404255    0.03905274186492194
2.5301063829787234    0.0448560014773956
2.5319148936170213    0.049926142369010926
2.533723404255319    0.05470988278431861
2.535531914893617    0.05949983480568427
2.537340425531915    0.06419064380563123
2.539148936170213    0.06846062863219189
2.5409574468085108    0.07208131586237561
2.5427659574468087    0.0750357007669444
2.5445744680851066    0.07738509460821323
2.5463829787234045    0.07907495624531972
2.5481914893617024    0.07991481105205274
2.5500000000000003    0.07979597940150963
2.551808510638298    0.07895818165545197
2.5536170212765956    0.07799606816053402
2.5554255319148935    0.07747291513522954
2.5572340425531914    0.07739874218631256
2.5590425531914893    0.07706949139814324
2.560851063829787    0.07552420199263353
2.562659574468085    0.07229149652849647
2.564468085106383    0.06774763248473102
2.566276595744681    0.06273377330322889
2.568085106382979    0.05781083838270622
2.5698936170212767    0.05289291727587736
2.5717021276595746    0.047572972001389977
2.5735106382978725    0.041700196041763934
2.5753191489361704    0.0355418862373411
2.5771276595744683    0.029408715070567706
2.578936170212766    0.023268899693335565
2.580744680851064    0.016842839265032925
2.5825531914893616    0.010025104941623151
2.5843617021276595    0.0030580994212488985
2.5861702127659574    -0.0037761582039864913
2.5879787234042553    -0.010520511056965836
2.589787234042553    -0.017435404776916838
2.591595744680851    -0.024509951219553038
2.593404255319149    -0.03122780542051825
2.595212765957447    -0.036955366341807745
2.5970212765957448    -0.041531131727626104
2.5988297872340427    -0.04533395194434329
2.6006382978723406    -0.048727452966441744
2.6024468085106385    -0.05157074396437535
2.6042553191489364    -0.05343072279650684
2.6060638297872343    -0.05425040777985673
2.607872340425532    -0.05461543644673763
2.60968085106383    -0.05522366520114914
2.6114893617021275    -0.05616259302630849
2.6132978723404254    -0.05688236405490215
2.6151063829787233    -0.05692573174896031
2.6169148936170212    -0.05654412242386025
2.618723404255319    -0.05645918299941694
2.620531914893617    -0.057075606703731
2.622340425531915    -0.05810935351834296
2.624148936170213    -0.05903942413982761
2.6259574468085107    -0.059732382654128106
2.6277659574468086    -0.060389043923150275
2.6295744680851065    -0.060893887959484826
2.6313829787234044    -0.060510828172091434
2.6331914893617023    -0.05850265837648055
2.6350000000000002    -0.055047201053853446
2.636808510638298    -0.05129851200463422
2.638617021276596    -0.048347042208987674
2.6404255319148935    -0.04615006706794172
2.6422340425531914    -0.04363454401499516
2.6440425531914893    -0.039896312809205324
2.645851063829787    -0.03519734429943074
2.647659574468085    -0.030710377491757472
2.649468085106383    -0.027362716944426213
2.651276595744681    -0.025053890595343263
2.653085106382979    -0.022970587021441752
2.6548936170212767    -0.02045763192452764
2.6567021276595746    -0.017427456299761633
2.6585106382978725    -0.014031841824497723
2.6603191489361704    -0.010238423363361573
2.6621276595744683    -0.005928188710495785
2.663936170212766    -0.0013149964215017273
2.665744680851064    0.00299507144452531
2.667553191489362    0.006522578842068625
2.6693617021276594    0.009443575853429139
2.6711702127659573    0.012466531888414935
2.6729787234042552    0.016121923175027152
2.674787234042553    0.02020354883715453
2.676595744680851    0.02394895478113516
2.678404255319149    0.026779351890923547
2.680212765957447    0.02889188078516013
2.6820212765957447    0.031193748151596905
2.6838297872340426    0.03467313029738536
2.6856382978723405    0.03971000749522957
2.6874468085106384    0.045798973720036246
2.6892553191489363    0.05185506335365073
2.6910638297872342    0.05692161666754854
2.692872340425532    0.060817997853953365
2.69468085106383    0.06422125994518893
2.696489361702128    0.06804233750918495
2.6982978723404254    0.07257582564478746
2.7001063829787233    0.07720086940321902
2.701914893617021    0.08095724752477906
2.703723404255319    0.08345546899002232
2.705531914893617    0.08520884344554694
2.707340425531915    0.08706536055041708
2.709148936170213    0.08936203183928107
2.7109574468085107    0.0916740885416012
2.7127659574468086    0.09332332781042424
2.7145744680851065    0.09399460063012163
2.7163829787234044    0.0938193888364017
2.7181914893617023    0.09300971865353955
2.72    0.09160729159359388
2.721808510638298    0.08960020707373298
2.723617021276596    0.08708054771523727
2.725425531914894    0.08410551854378231
2.7272340425531914    0.08046527083148794
2.7290425531914893    0.07581646389140442
2.730851063829787    0.07015662061699518
2.732659574468085    0.06402597982010386
2.734468085106383    0.05803323290040542
2.736276595744681    0.05217392975231501
2.7380851063829788    0.04581094440971241
2.7398936170212767    0.038458342429925144
2.7417021276595746    0.030470655646896175
2.7435106382978725    0.022749426080106085
2.7453191489361704    0.015752840363437735
2.7471276595744683    0.009008236207330694
2.748936170212766    0.0017642931614948055
2.750744680851064    -0.006001353507605416
2.752553191489362    -0.013496454146978202
2.75436170212766    -0.02009595851155083
2.7561702127659573    -0.0261538519063436
2.757978723404255    -0.032554324365554485
2.759787234042553    -0.039484707206798114
2.761595744680851    -0.045958570502127316
2.763404255319149    -0.05076464630926958
2.765212765957447    -0.05376590575092066
2.7670212765957447    -0.05600482710289953
2.7688297872340426    -0.05850443698321964
2.7706382978723405    -0.06122312146359771
2.7724468085106384    -0.06337273381662699
2.7742553191489363    -0.0645771262026358
2.776063829787234    -0.065334335925943
2.777872340425532    -0.06622038920897196
2.77968085106383    -0.06695321415525494
2.781489361702128    -0.06663437848183672
2.783297872340426    -0.06493307467232738
2.7851063829787237    -0.06268162777959081
2.786914893617021    -0.06102573191989491
2.788723404255319    -0.06010271777130716
2.790531914893617    -0.058878113218955946
2.792340425531915    -0.056381882025811916
2.7941489361702128    -0.05286930452645129
2.7959574468085107    -0.049530048966333035
2.7977659574468086    -0.0471438699814416
2.7995744680851065    -0.04531207144948737
2.8013829787234044    -0.043098547025570186
2.8031914893617023    -0.040175092165558646
2.805    -0.03707319857343423
2.806808510638298    -0.034401648317898534
2.808617021276596    -0.032173469660580115
2.810425531914894    -0.030070108601593676
2.8122340425531918    -0.028109216386864443
2.8140425531914897    -0.02666855347184323
2.815851063829787    -0.02581392180066041
2.817659574468085    -0.02495636443475442
2.819468085106383    -0.023477578980155456
2.821276595744681    -0.02158377489013931
2.8230851063829787    -0.020176488453751515
2.8248936170212766    -0.019726493512416066
2.8267021276595745    -0.019510515128619794
2.8285106382978724    -0.018263925569108413
2.8303191489361703    -0.015576056225615142
2.832127659574468    -0.01236318520447386
2.833936170212766    -0.009815241399171584
2.835744680851064    -0.008062963806034731
2.837553191489362    -0.00615170841104108
2.83936170212766    -0.003302111630374265
2.8411702127659577    0.00011923759180769693
2.8429787234042556    0.003088496700614257
2.844787234042553    0.005221288868252004
2.846595744680851    0.007269233828045733
2.848404255319149    0.010244154022276391
2.8502127659574468    0.014262849609121931
2.8520212765957447    0.018449506565467188
2.8538297872340426    0.02187937817160877
2.8556382978723405    0.024370668601240594
2.8574468085106384    0.026312751722840543
2.8592553191489363    0.02798485453769575
2.861063829787234    0.02929918885743005
2.862872340425532    0.03013728380287097
2.86468085106383    0.030629569653118163
2.866489361702128    0.03095212284044575
2.8682978723404258    0.03102686608878132
2.8701063829787237    0.030669160139939883
2.8719148936170216    0.030003978046283613
2.873723404255319    0.02946556920721875
2.875531914893617    0.029227887063601504
2.877340425531915    0.02879701800101153
2.8791489361702127    0.027438247013868693
2.8809574468085106    0.025046925686831926
2.8827659574468085    0.022383534292907268
2.8845744680851064    0.020286533072690325
2.8863829787234043    0.018755730731448244
2.8881914893617022    0.017014956029381464
2.89    0.014476486959058111
2.891808510638298    0.011421042471210986
2.893617021276596    0.008589380603581432
2.895425531914894    0.0062588436815033816
2.8972340425531917    0.0039817233680459405
2.8990425531914896    0.001250698776558117
2.9008510638297875    -0.0018388265379721185
2.902659574468085    -0.004781104357216639
2.904468085106383    -0.007369556486031066
2.906276595744681    -0.00991003779062962
2.9080851063829787    -0.012652219661387857
2.9098936170212766    -0.015261161243667762
2.9117021276595745    -0.017109652652807915
2.9135106382978724    -0.01803221792619819
2.9153191489361703    -0.0185115551204292
2.917127659574468    -0.01901399582986736
2.918936170212766    -0.019360403061880825
2.920744680851064    -0.019003593519873865
2.922553191489362    -0.01785984306028142
2.92436170212766    -0.016557596286701573
2.9261702127659577    -0.015725569064525477
2.9279787234042556    -0.015260747025880084
2.9297872340425535    -0.014590983748868674
2.931595744680851    -0.01360706700364453
2.933404255319149    -0.012967142376383082
2.9352127659574467    -0.013254368933960748
2.9370212765957446    -0.014048148512013373
2.9388297872340425    -0.014224378411201524
2.9406382978723404    -0.013260507952180759
2.9424468085106383    -0.011928215460282825
2.9442553191489362    -0.011403275748371692
2.946063829787234    -0.011808509395316129
2.947872340425532    -0.012009132370828124
2.94968085106383    -0.01098273986879627
2.951489361702128    -0.009107738482985316
2.9532978723404257    -0.007767395062351783
2.9551063829787236    -0.007738636850764327
2.9569148936170215    -0.0083411412821379
2.9587234042553194    -0.008365215576839693
2.960531914893617    -0.007583773436706673
2.962340425531915    -0.006968715214708966
2.9641489361702127    -0.007404276356770188
2.9659574468085106    -0.008568987135046856
2.9677659574468085    -0.009381734285920248
2.9695744680851064    -0.009390519505661134
2.9713829787234043    -0.009320169462985216
2.973191489361702    -0.010118843746104354
2.975    -0.011748951930486643
2.976808510638298    -0.013226486911851285
2.978617021276596    -0.013779594042598653
2.980425531914894    -0.013626077846822213
2.9822340425531917    -0.013467326329323598
2.9840425531914896    -0.013478770109762464
2.9858510638297875    -0.013136999039903414
2.9876595744680854    -0.012026667812718037
2.989468085106383    -0.010478877836495246
2.9912765957446807    -0.009188383056671114
2.9930851063829786    -0.00835645289154216
2.9948936170212765    -0.007507993549885569
2.9967021276595744    -0.006182591747111622
2.9985106382978723    -0.00453391804781292
3.0003191489361702    -0.003052750110452319
3.002127659574468    -0.0018559162109660935
3.003936170212766    -0.0005602605418655359
3.005744680851064    0.0010824504225964006
3.007553191489362    0.002697914263325014
3.0093617021276597    0.0036815469769410614
3.0111702127659576    0.003991331756787583
3.0129787234042555    0.0042634406796122
3.0147872340425534    0.005032478793600853
3.0165957446808513    0.006039580408742402
3.0184042553191492    0.0065491632556653225
3.0202127659574467    0.006312932554718844
3.0220212765957446    0.0059712975530504305
3.0238297872340425    0.006369349264829349
3.0256382978723404    0.00760813633037421
3.0274468085106383    0.008952509786213344
3.029255319148936    0.009642405825976317
3.031063829787234    0.009603879989192333
3.032872340425532    0.009302962820301826
3.03468085106383    0.009091354040980016
3.036489361702128    0.008905694376648945
3.0382978723404257    0.00856330683818904
3.0401063829787236    0.008104288763653539
3.0419148936170215    0.007708264152603396
3.0437234042553194    0.007415959530097093
3.0455319148936173    0.0071465550480573105
3.047340425531915    0.006987148659371514
3.0491489361702127    0.007257652775318776
3.0509574468085106    0.008158277244050115
3.0527659574468085    0.009457349670278305
3.0545744680851064    0.010697043578736846
3.0563829787234043    0.011692845011421177
3.058191489361702    0.012660510576294325
3.06    0.01379693866218077
3.061808510638298    0.01492437925470334
3.063617021276596    0.015756840414216523
3.0654255319148938    0.01645659103646467
3.0672340425531917    0.017636467355074556
3.0690425531914896    0.01963239304759315
3.0708510638297875    0.021914276887994022
3.0726595744680854    0.02348709891804926
3.0744680851063833    0.023939175841778605
3.076276595744681    0.023906444389696205
3.0780851063829786    0.024346327973974666
3.0798936170212765    0.025448083088630585
3.0817021276595744    0.026458327398821938
3.0835106382978723    0.026583890814783732
3.08531914893617    0.025846304065170515
3.087127659574468    0.02490381641124329
3.088936170212766    0.0241884530928412
3.090744680851064    0.023496764561300627
3.092553191489362    0.02246507551733859
3.0943617021276597    0.02116834225338153
3.0961702127659576    0.019992234691004328
3.0979787234042555    0.01899476583901403
3.0997872340425534    0.017704298372204892
3.1015957446808513    0.01569917691311489
3.103404255319149    0.013214611456827778
3.105212765957447    0.010937757119785473
3.1070212765957446    0.009216665250360943
3.1088297872340425    0.007695418404183682
3.1106382978723404    0.005834883653457152
3.1124468085106383    0.0036219698643485555
3.114255319148936    0.0015502817771221077
3.116063829787234    -5.3715737174659826e-05
3.117872340425532    -0.0014282161030044758
3.11968085106383    -0.002983438650031204
3.1214893617021278    -0.0046984470011411286
3.1232978723404257    -0.0061554868628305726
3.1251063829787236    -0.007149576673018182
3.1269148936170215    -0.007992527666907924
3.1287234042553194    -0.00905041509876289
3.1305319148936173    -0.010146347313365455
3.132340425531915    -0.010704067466627793
3.134148936170213    -0.010517014203773222
3.1359574468085105    -0.01012658509973052
3.1377659574468084    -0.010244500954246838
3.1395744680851063    -0.01091219282390005
3.141382978723404    -0.011479749988574497
3.143191489361702    -0.011446126812365384
3.145    -0.011080108439570451
3.146808510638298    -0.011030059753674631
3.148617021276596    -0.011462373809129536
3.1504255319148937    -0.011878116982671653
3.1522340425531916    -0.011829731246433346
3.1540425531914895    -0.011536682242793767
3.1558510638297874    -0.011533530057461078
3.1576595744680853    -0.011815019429862565
3.159468085106383    -0.01167927801677967
3.161276595744681    -0.01057905073435321
3.163085106382979    -0.008916371392956864
3.1648936170212765    -0.007700797239889531
3.1667021276595744    -0.0074219050776704095
3.1685106382978723    -0.007526247766359826
3.17031914893617    -0.0071627058039601
3.172127659574468    -0.006272355565627346
3.173936170212766    -0.005677766415226812
3.175744680851064    -0.006097067162975207
3.1775531914893618    -0.007328135000616395
3.1793617021276597    -0.008557925718270163
3.1811702127659576    -0.00930131263514693
3.1829787234042555    -0.009765408286636683
3.1847872340425534    -0.010309855159009607
3.1865957446808513    -0.010873869721077904
3.188404255319149    -0.011164182460706124
3.190212765957447    -0.011236454987531931
3.192021276595745    -0.011516558095240909
3.1938297872340424    -0.012126371358518108
3.1956382978723403    -0.012459192560077915
3.1974468085106382    -0.011740489029113739
3.199255319148936    -0.009999101526090765
3.201063829787234    -0.008205415884402774
3.202872340425532    -0.007285419131215901
3.20468085106383    -0.007140406532359547
3.2064893617021277    -0.006854436180135301
3.2082978723404256    -0.0058335812099323415
3.2101063829787235    -0.00448672086105518
3.2119148936170214    -0.003650416745398821
3.2137234042553193    -0.003517961191801252
3.2155319148936172    -0.003399720143774954
3.217340425531915    -0.0025591520838817456
3.219148936170213    -0.001052276906465771
3.220957446808511    0.00042351678090137837
3.2227659574468084    0.0013901301566998244
3.2245744680851063    0.0020627146042824533
3.226382978723404    0.002935455566920493
3.228191489361702    0.004105096062414854
3.23    0.005178544788456958
3.231808510638298    0.005774986064990131
3.233617021276596    0.005921739214212379
3.2354255319148937    0.005916485977680786
3.2372340425531916    0.005971407634504574
3.2390425531914895    0.0061284021096005975
3.2408510638297874    0.006418375417181975
3.2426595744680853    0.00687730445657222
3.244468085106383    0.007349099454249847
3.246276595744681    0.007460476014753104
3.248085106382979    0.006982214955350513
3.249893617021277    0.006176527567154179
3.251702127659575    0.00559186149563249
3.2535106382978722    0.005430649380018577
3.25531914893617    0.005248454516576658
3.257127659574468    0.004428759460365044
3.258936170212766    0.0029191870495535134
3.260744680851064    0.0013352942763673152
3.2625531914893617    0.00028526040796600133
3.2643617021276596    -0.0002665818691988599
3.2661702127659575    -0.0008311808683096229
3.2679787234042554    -0.0016721326114598981
3.2697872340425533    -0.0024645384976005446
3.2715957446808512    -0.0027499810405443833
3.273404255319149    -0.0025618990391683702
3.275212765957447    -0.0023886061084433573
3.277021276595745    -0.0025270330898797544
3.278829787234043    -0.002693135671730371
3.2806382978723407    -0.002427238413924784
3.282446808510638    -0.0017851483086038242
3.284255319148936    -0.0014006447811963944
3.286063829787234    -0.001781556238702913
3.287872340425532    -0.0026810873644044493
3.28968085106383    -0.0033247738472699765
3.2914893617021277    -0.003241628388273145
3.2932978723404256    -0.0027263091787271053
3.2951063829787235    -0.002422320647918265
3.2969148936170214    -0.0025676681700653394
3.2987234042553193    -0.002800604698155498
3.300531914893617    -0.002700365347684187
3.302340425531915    -0.0023608071956765504
3.304148936170213    -0.002306528217125674
3.305957446808511    -0.0028787644523916643
3.307765957446809    -0.003825977702362026
3.3095744680851067    -0.004552322018874998
3.311382978723404    -0.00471271277816147
3.313191489361702    -0.004501466733253559
3.315    -0.004383666083544258
3.316808510638298    -0.0046251348949729425
3.3186170212765957    -0.0051123447888833246
3.3204255319148936    -0.005561592258928006
3.3222340425531915    -0.005809075052863521
3.3240425531914894    -0.00587581656200984
3.3258510638297873    -0.005820819657335725
3.3276595744680852    -0.0056238819628212314
3.329468085106383    -0.005245288707250667
3.331276595744681    -0.004753316102170259
3.333085106382979    -0.004313634429338067
3.334893617021277    -0.004012193157255272
3.3367021276595747    -0.0037228343896312495
3.3385106382978726    -0.003228348431797456
3.34031914893617    -0.0025151466634598203
3.342127659574468    -0.0019000608492853307
3.343936170212766    -0.0017644287530538868
3.345744680851064    -0.002114809238927839
3.3475531914893617    -0.0024711335283863524
3.3493617021276596    -0.002297675152284763
3.3511702127659575    -0.0015706645445404677
3.3529787234042554    -0.0008340875857633595
3.3547872340425533    -0.0006104865145857151
3.356595744680851    -0.0007916737987001988
3.358404255319149    -0.0007275676267981847
3.360212765957447    4.268764720095734e-05
3.362021276595745    0.0012524498119580616
3.363829787234043    0.00221569025325677
3.3656382978723407    0.002636419918374179
3.3674468085106386    0.002940655649957956
3.369255319148936    0.0036986724676417683
3.371063829787234    0.004821286122892361
3.372872340425532    0.005535466500757111
3.3746808510638298    0.005228461231233523
3.3764893617021277    0.004179263575230682
3.3782978723404256    0.0032914000597151763
3.3801063829787235    0.003118423164046343
3.3819148936170214    0.0033145492815541827
3.3837234042553193    0.003127492657505335
3.385531914893617    0.002313237533451526
3.387340425531915    0.0013913048510044205
3.389148936170213    0.0009916455572458352
3.390957446808511    0.0011134251387763228
3.3927659574468088    0.0011444240592891459
3.3945744680851067    0.0005354605138740622
3.3963829787234046    -0.0006922300212305994
3.398191489361702    -0.0021025417370882328
3.4    -0.003329279215723133
3.401808510638298    -0.004286960766782979
3.4036170212765957    -0.00500469860519693
3.4054255319148936    -0.005468149595339583
3.4072340425531915    -0.005704401093552737
3.4090425531914894    -0.005889863327402922
3.4108510638297873    -0.006217160744300096
3.412659574468085    -0.0066682051011295205
3.414468085106383    -0.0070510816470802555
3.416276595744681    -0.007304051422899077
3.418085106382979    -0.007642991312127497
3.419893617021277    -0.008285013455050415
3.4217021276595747    -0.009066734068455116
3.4235106382978726    -0.009481784747178743
3.4253191489361705    -0.00914821124845884
3.427127659574468    -0.008140099049348093
3.428936170212766    -0.006775818013894652
3.4307446808510638    -0.0051710153376199625
3.4325531914893617    -0.003176825123362195
3.4343617021276596    -0.0007842342103730124
3.4361702127659575    0.0016006525639582522
3.4379787234042554    0.0034744580442874697
3.4397872340425533    0.004801262453863168
3.441595744680851    0.006072978723458834
3.443404255319149    0.007710903203604555
3.445212765957447    0.009513607858525442
3.447021276595745    0.010840501179963092
3.4488297872340428    0.011310677196519386
3.4506382978723407    0.011159246602645112
3.4524468085106386    0.010855883476208
3.4542553191489365    0.010539446912227093
3.456063829787234    0.010009494993842957
3.457872340425532    0.009217070365686374
3.4596808510638297    0.008510274854567155
3.4614893617021276    0.008250290478950262
3.4632978723404255    0.00832184687726191
3.4651063829787234    0.008253794632907992
3.4669148936170213    0.007840652063918825
3.468723404255319    0.007427324806707224
3.470531914893617    0.007422854617158799
3.472340425531915    0.007659775410273613
3.474148936170213    0.007494540279639748
3.475957446808511    0.006603400178568773
3.4777659574468087    0.005465489817323475
3.4795744680851066    0.00485066306977841
3.4813829787234045    0.004895322163130317
3.4831914893617024    0.0049241655595399746
3.4850000000000003    0.004262082286849706
3.4868085106382978    0.003014876930834136
3.4886170212765957    0.0018270682995573367
3.4904255319148936    0.0009520722188514422
3.4922340425531915    -0.00011014827676520018
3.4940425531914894    -0.0018694007657084548
3.4958510638297873    -0.003931256514209076
3.497659574468085    -0.005168796839269397
3.499468085106383    -0.0049160926260534855
3.501276595744681    -0.003783143819714462
3.503085106382979    -0.0030554892217391763
3.5048936170212768    -0.003321828316284219
3.5067021276595747    -0.003919490999596157
3.5085106382978726    -0.003824095104808813
3.5103191489361705    -0.002900642027689068
3.5121276595744684    -0.002044552003494642
3.5139361702127663    -0.0021057144724413827
3.5157446808510637    -0.0029200168295892203
3.5175531914893616    -0.003570908957023224
3.5193617021276595    -0.003496837238430468
3.5211702127659574    -0.0031069266758804977
3.5229787234042553    -0.0032457388880095927
3.5247872340425532    -0.004228855601227301
3.526595744680851    -0.0055769974343576854
3.528404255319149    -0.006635858354830649
3.530212765957447    -0.0072344801747948155
3.532021276595745    -0.0076318295129309995
3.5338297872340427    -0.00796879115679081
3.5356382978723406    -0.008009186066280592
3.5374468085106385    -0.007480589025599855
3.5392553191489364    -0.006515759780870958
3.5410638297872343    -0.005592284895847732
3.5428723404255322    -0.005040079994810423
3.5446808510638297    -0.004733250108236031
3.5464893617021276    -0.0043314274862547575
3.5482978723404255    -0.003749934653190016
3.5501063829787234    -0.003285908102628827
3.5519148936170213    -0.0032801488564243595
3.553723404255319    -0.0037502055306385474
3.555531914893617    -0.004418975885694932
3.557340425531915    -0.0050554013791578424
3.559148936170213    -0.005691507388688549
3.560957446808511    -0.006481168147850619
3.5627659574468087    -0.007421519145420012
3.5645744680851066    -0.00830195275293244
3.5663829787234045    -0.008940051354327409
3.5681914893617024    -0.009411059780514243
3.5700000000000003    -0.009991989328880499
3.571808510638298    -0.01087379759708735
3.5736170212765956    -0.011946002864031826
3.5754255319148935    -0.012866958748471758
3.5772340425531914    -0.013337703542447607
3.5790425531914893    -0.013320792659698811
3.5808510638297872    -0.01303152107021512
3.582659574468085    -0.012743629119620965
3.584468085106383    -0.012584560821233815
3.586276595744681    -0.012468879756485633
3.588085106382979    -0.012198102436712877
3.5898936170212767    -0.011637735669391518
3.5917021276595746    -0.010830278651328
3.5935106382978725    -0.009949077218928116
3.5953191489361704    -0.009130177951282799
3.5971276595744683    -0.008342893699529754
3.5989361702127662    -0.007441880711260184
3.600744680851064    -0.006362107094509397
3.6025531914893616    -0.005243611113550891
3.6043617021276595    -0.004319384168346558
3.6061702127659574    -0.003659923606243466
3.6079787234042553    -0.003061908673670488
3.609787234042553    -0.0022391566136424276
3.611595744680851    -0.0011254170945729468
3.613404255319149    6.546149906869864e-05
3.615212765957447    0.0011171815603236988
