0.0    0.0
0.0018085106382978724    0.0
0.003617021276595745    0.0
0.005425531914893617    0.0
0.00723404255319149    0.0
0.009042553191489363    0.0
0.010851063829787235    0.0
0.012659574468085107    0.0
0.01446808510638298    0.0
0.016276595744680853    0.0
0.018085106382978725    0.0
0.019893617021276597    0.0
0.02170212765957447    0.0
0.023510638297872342    0.0
0.025319148936170214    0.0
0.027127659574468086    0.0
0.02893617021276596    0.0
0.03074468085106383    0.0
0.032553191489361706    0.0
0.03436170212765958    0.0
0.03617021276595745    0.0
0.03797872340425532    0.0
0.039787234042553195    0.0
0.04159574468085107    0.0
0.04340425531914894    0.0
0.04521276595744681    0.0
0.047021276595744683    0.0
0.048829787234042556    0.0
0.05063829787234043    0.0
0.0524468085106383    0.0
0.05425531914893617    0.0
0.056063829787234044    0.0
0.05787234042553192    0.0
0.05968085106382979    0.0
0.06148936170212766    0.0
0.06329787234042554    0.0
0.06510638297872341    0.0
0.06691489361702128    0.0
0.06872340425531916    0.0
0.07053191489361703    0.0
0.0723404255319149    0.0
0.07414893617021277    0.0
0.07595744680851065    0.0
0.07776595744680852    0.0
0.07957446808510639    0.0
0.08138297872340426    0.0
0.08319148936170213    0.0
0.085    0.0
0.08680851063829788    0.0
0.08861702127659575    0.0
0.09042553191489362    0.0
0.0922340425531915    0.0
0.09404255319148937    0.0
0.09585106382978724    0.0
0.09765957446808511    0.0
0.09946808510638298    0.0
0.10127659574468086    0.0
0.10308510638297873    0.0
0.1048936170212766    0.0
0.10670212765957447    0.0
0.10851063829787234    0.0
0.11031914893617022    0.0
0.11212765957446809    0.0
0.11393617021276596    0.0
0.11574468085106383    0.0
0.1175531914893617    0.0
0.11936170212765958    0.0
0.12117021276595745    0.0
0.12297872340425532    0.0
0.1247872340425532    0.0
0.12659574468085108    0.0
0.12840425531914895    0.0
0.13021276595744682    0.0
0.1320212765957447    0.0
0.13382978723404257    0.0
0.13563829787234044    0.0
0.1374468085106383    0.0
0.13925531914893619    0.0
0.14106382978723406    0.0
0.14287234042553193    0.0
0.1446808510638298    0.0
0.14648936170212767    0.0
0.14829787234042555    0.0
0.15010638297872342    0.0
0.1519148936170213    0.0
0.15372340425531916    0.0
0.15553191489361703    0.0
0.1573404255319149    0.0
0.15914893617021278    0.0
0.16095744680851065    0.0
0.16276595744680852    0.0
0.1645744680851064    0.0
0.16638297872340427    0.0
0.16819148936170214    0.0
0.17    0.0
0.17180851063829788    0.0
0.17361702127659576    0.0
0.17542553191489363    0.0
0.1772340425531915    0.0
0.17904255319148937    0.0
0.18085106382978725    0.0
0.18265957446808512    0.0
0.184468085106383    0.0
0.18627659574468086    0.0
0.18808510638297873    0.0
0.1898936170212766    0.0
0.19170212765957448    0.0
0.19351063829787235    0.0
0.19531914893617022    0.0
0.1971276595744681    0.0
0.19893617021276597    0.0
0.20074468085106384    0.0
0.2025531914893617    0.0
0.20436170212765958    0.0
0.20617021276595746    0.0
0.20797872340425533    0.0
0.2097872340425532    0.0
0.21159574468085107    0.0
0.21340425531914894    0.0
0.21521276595744682    0.0
0.2170212765957447    0.0
0.21882978723404256    0.0
0.22063829787234043    0.0
0.2224468085106383    0.0
0.22425531914893618    0.0
0.22606382978723405    0.0
0.22787234042553192    0.0
0.2296808510638298    0.0
0.23148936170212767    0.0
0.23329787234042554    0.0
0.2351063829787234    0.0
0.23691489361702128    0.0
0.23872340425531915    0.0
0.24053191489361703    0.0
0.2423404255319149    0.0
0.24414893617021277    0.0
0.24595744680851064    0.0
0.24776595744680852    0.0
0.2495744680851064    0.0
0.25138297872340426    0.0
0.25319148936170216    0.0
0.255    0.0
0.2568085106382979    0.0
0.25861702127659575    0.0
0.26042553191489365    0.0
0.2622340425531915    0.0
0.2640425531914894    0.0
0.26585106382978724    0.0
0.26765957446808514    0.0
0.269468085106383    0.0
0.2712765957446809    0.0
0.2730851063829787    0.0
0.2748936170212766    0.0
0.27670212765957447    0.0
0.27851063829787237    0.0
0.2803191489361702    0.0
0.2821276595744681    0.0
0.28393617021276596    0.0
0.28574468085106386    0.0
0.2875531914893617    0.0
0.2893617021276596    0.0
0.29117021276595745    0.0
0.29297872340425535    0.0
0.2947872340425532    0.0
0.2965957446808511    0.0
0.29840425531914894    0.0
0.30021276595744684    0.0
0.3020212765957447    0.0
0.3038297872340426    0.0
0.3056382978723404    0.0
0.3074468085106383    0.0
0.30925531914893617    4.516e-321
0.31106382978723407    2.983873e-317
0.3128723404255319    1.2322071799e-313
0.3146808510638298    3.4851274299201e-310
0.31648936170212766    7.181431839110981e-307
0.31829787234042556    1.1272245878776185e-303
0.3201063829787234    1.39392232731668e-300
0.3219148936170213    1.394233361502087e-297
0.32372340425531915    1.152118152189342e-294
0.32553191489361705    8.003438675309248e-292
0.3273404255319149    4.74230259079914e-289
0.3291489361702128    2.426570846630026e-286
0.33095744680851064    1.0836548484637976e-283
0.33276595744680854    4.262658842491949e-281
0.3345744680851064    1.488899230376254e-278
0.3363829787234043    4.6509428397025104e-276
0.3381914893617021    1.3075639863439361e-273
0.34    3.327354357284392e-271
0.34180851063829787    7.703223242852211e-269
0.34361702127659577    1.63003254272462e-266
0.3454255319148936    3.1659328928995173e-264
0.3472340425531915    5.665806997859401e-262
0.34904255319148936    9.375853672227766e-260
0.35085106382978726    1.4393320436312864e-257
0.3526595744680851    2.0559675528048769e-255
0.354468085106383    2.7402128289703076e-253
0.35627659574468085    3.4165419782237783e-251
0.35808510638297875    3.99455219748763e-249
0.3598936170212766    4.38938040245778e-247
0.3617021276595745    4.542596588737232e-245
0.36351063829787233    4.4363519933480946e-243
0.36531914893617023    4.096112638652112e-241
0.3671276595744681    3.5817703193255093e-239
0.368936170212766    2.9710921923895115e-237
0.3707446808510638    2.341531396270331e-235
0.3725531914893617    1.755843169737475e-233
0.37436170212765957    1.2545157821923668e-231
0.37617021276595747    8.551512612271824e-230
0.3779787234042553    5.568383709222642e-228
0.3797872340425532    3.4677766891301004e-226
0.38159574468085106    2.0677615169193795e-224
0.38340425531914896    1.18180466725674e-222
0.3852127659574468    6.480880020351975e-221
0.3870212765957447    3.413440591670279e-219
0.38882978723404255    1.7283397526624377e-217
0.39063829787234045    8.420445306177226e-216
0.3924468085106383    3.950794850037686e-214
0.3942553191489362    1.786636632434908e-212
0.39606382978723403    7.793537910015828e-211
0.39787234042553193    3.2817869389387287e-209
0.3996808510638298    1.3349997449033453e-207
0.4014893617021277    5.249919554165979e-206
0.4032978723404255    1.997187711931658e-204
0.4051063829787234    7.354669021651428e-203
0.40691489361702127    2.6233627553199313e-201
0.40872340425531917    9.0691741807093e-200
0.410531914893617    3.040501954858121e-198
0.4123404255319149    9.89090835893684e-197
0.41414893617021276    3.1237572617355736e-195
0.41595744680851066    9.582912562587258e-194
0.4177659574468085    2.857053098456044e-192
0.4195744680851064    8.282355095643193e-191
0.42138297872340424    2.335670037402123e-189
0.42319148936170214    6.410502423328373e-188
0.425    1.7131294264390793e-186
0.4268085106382979    4.459584960387299e-185
0.42861702127659573    1.1313261057642403e-183
0.43042553191489363    2.7980003580463197e-182
0.4322340425531915    6.74911129129728e-181
0.4340425531914894    1.5883695856998915e-179
0.4358510638297872    3.6485909806160074e-178
0.4376595744680851    8.183241129694688e-177
0.43946808510638297    1.7926915398788566e-175
0.44127659574468087    3.83720600763043e-174
0.4430851063829787    8.027849120434955e-173
0.4448936170212766    1.6420982418527371e-171
0.44670212765957445    3.2851293648529573e-170
0.44851063829787235    6.429736398305958e-169
0.4503191489361702    1.2315489652305692e-167
0.4521276595744681    2.309165959863778e-166
0.45393617021276594    4.239625137514265e-165
0.45574468085106384    7.624114533321529e-164
0.4575531914893617    1.3432560442526093e-162
0.4593617021276596    2.319265880030037e-161
0.46117021276595743    3.9253350654940954e-160
0.46297872340425533    6.513985843079482e-159
0.46478723404255323    1.0601506602275716e-157
0.4665957446808511    1.6925572711437527e-156
0.468404255319149    2.6514048087366193e-155
0.4702127659574468    4.0762903725751096e-154
0.4720212765957447    6.151879847474625e-153
0.47382978723404257    9.115894380498039e-152
0.47563829787234047    1.3265766653207998e-150
0.4774468085106383    1.8962601106437242e-149
0.4792553191489362    2.663083665887618e-148
0.48106382978723405    3.6751915599346093e-147
0.48287234042553195    4.985037887494051e-146
0.4846808510638298    6.647119463524984e-145
0.4864893617021277    8.714781465780213e-144
0.48829787234042554    1.1236143045135385e-142
0.49010638297872344    1.424931020583654e-141
0.4919148936170213    1.7777173584813233e-140
0.4937234042553192    2.1822212188023285e-139
0.49553191489361703    2.636182059882149e-138
0.49734042553191493    3.1344726569946216e-137
0.4991489361702128    3.668905171738168e-136
0.5009574468085106    4.228248084857456e-135
0.5027659574468085    4.798484583152291e-134
0.5045744680851064    5.363320975087059e-133
0.5063829787234043    5.904927915325755e-132
0.5081914893617021    6.404870750641189e-131
0.51    6.845161663230704e-130
0.5118085106382979    7.209348848871675e-129
0.5136170212765958    7.483549403372487e-128
0.5154255319148936    7.657334426985423e-127
0.5172340425531915    7.7243871850315e-126
0.5190425531914894    7.682876596806355e-125
0.5208510638297873    7.535516199058186e-124
0.5226595744680851    7.289309515058672e-123
0.524468085106383    6.955012607709643e-122
0.5262765957446809    6.546369921208662e-121
0.5280851063829788    6.079197514066888e-120
0.5298936170212766    5.570396789154108e-119
0.5317021276595745    5.036981462976695e-118
0.5335106382978724    4.495191656051382e-117
0.5353191489361703    3.9597534977861343e-116
0.5371276595744681    3.4433230234404146e-115
0.538936170212766    2.9561321109616133e-114
0.5407446808510639    2.5058342909106225e-113
0.5425531914893618    2.097531493465475e-112
0.5443617021276596    1.7339505090429233e-111
0.5461702127659575    1.415730712511638e-110
0.5479787234042554    1.141782312401158e-109
0.5497872340425533    9.096763554612562e-109
0.551595744680851    7.160329000791093e-108
0.5534042553191489    5.568809691114306e-107
0.5552127659574468    4.2797193039785737e-106
0.5570212765957447    3.25035825345853e-105
0.5588297872340425    2.4397711869530822e-104
0.5606382978723404    1.8101190596516585e-103
0.5624468085106383    1.327525893919123e-102
0.5642553191489362    9.624844323573303e-102
0.566063829787234    6.899152199767673e-101
0.5678723404255319    4.889730285650938e-100
0.5696808510638298    3.426861475121634e-99
0.5714893617021277    2.3750097900235145e-98
0.5732978723404255    1.6278922969960587e-97
0.5751063829787234    1.1035982560591524e-96
0.5769148936170213    7.400389131973518e-96
0.5787234042553192    4.908953836119822e-95
0.580531914893617    3.221412219426499e-94
0.5823404255319149    2.0915018128673698e-93
0.5841489361702128    1.3435564590595374e-92
0.5859574468085107    8.54023841341174e-92
0.5877659574468085    5.371933956743034e-91
0.5895744680851064    3.344010790246054e-90
0.5913829787234043    2.0602043482941973e-89
0.5931914893617022    1.256282756307827e-88
0.595    7.582761197616601e-88
0.5968085106382979    4.5306261223767675e-87
0.5986170212765958    2.6798315771344413e-86
0.6004255319148937    1.569286931089477e-85
0.6022340425531915    9.098494673458411e-85
0.6040425531914894    5.223185027274672e-84
0.6058510638297873    2.96910743021562e-83
0.6076595744680852    1.6713469802689444e-82
0.609468085106383    9.31714237810835e-82
0.6112765957446809    5.14397757410175e-81
0.6130851063829788    2.812807941019423e-80
0.6148936170212767    1.523455825083359e-79
0.6167021276595744    8.17320073612641e-79
0.6185106382978723    4.343605455111272e-78
0.6203191489361702    2.2867965414836517e-77
0.6221276595744681    1.1927415417642292e-76
0.6239361702127659    6.163525579216746e-76
0.6257446808510638    3.15571770907054e-75
0.6275531914893617    1.6009394408049712e-74
0.6293617021276596    8.047868683205497e-74
0.6311702127659574    4.009010309922732e-73
0.6329787234042553    1.9790855342208416e-72
0.6347872340425532    9.682411499207194e-72
0.6365957446808511    4.6947694386483245e-71
0.6384042553191489    2.2561950785070892e-70
0.6402127659574468    1.0747074649328257e-69
0.6420212765957447    5.074280002143155e-69
0.6438297872340426    2.3749154754630257e-68
0.6456382978723404    1.1018695844375744e-67
0.6474468085106383    5.0680280153263116e-67
0.6492553191489362    2.310961902527602e-66
0.6510638297872341    1.0447429671082502e-65
0.6528723404255319    4.682811502231469e-65
0.6546808510638298    2.081142616895645e-64
0.6564893617021277    9.170902836353408e-64
0.6582978723404256    4.0073226091491163e-63
0.6601063829787234    1.7363813591426881e-62
0.6619148936170213    7.4610662422661176e-62
0.6637234042553192    3.179345915479455e-61
0.6655319148936171    1.3436051569954282e-60
0.6673404255319149    5.631423426912903e-60
0.6691489361702128    2.3409533237405784e-59
0.6709574468085107    9.651849665483007e-59
0.6727659574468086    3.947176135776326e-58
0.6745744680851063    1.6011622278961907e-57
0.6763829787234042    6.442753556069187e-57
0.6781914893617021    2.571634894374127e-56
0.68    1.0182695090165359e-55
0.6818085106382978    3.9998676095174825e-55
0.6836170212765957    1.55873229099453e-54
0.6854255319148936    6.026343161629005e-54
0.6872340425531915    2.3115630929290105e-53
0.6890425531914893    8.7971127129242e-53
0.6908510638297872    3.3217718790895017e-52
0.6926595744680851    1.2445352940571679e-51
0.694468085106383    4.626629366039588e-51
0.6962765957446809    1.7066890024614506e-50
0.6980851063829787    6.247239562569029e-50
0.6998936170212766    2.2692258395188804e-49
0.7017021276595745    8.179647122202508e-49
0.7035106382978724    2.9259708948339184e-48
0.7053191489361702    1.0387119302332214e-47
0.7071276595744681    3.6594921785111756e-47
0.708936170212766    1.2795516377937708e-46
0.7107446808510639    4.440343936817658e-46
0.7125531914893617    1.529352226670391e-45
0.7143617021276596    5.228061248209869e-45
0.7161702127659575    1.7738871289884411e-44
0.7179787234042554    5.974109886047066e-44
0.7197872340425532    1.9970635660161328e-43
0.7215957446808511    6.62660965165341e-43
0.723404255319149    2.182633812764571e-42
0.7252127659574469    7.136238287378431e-42
0.7270212765957447    2.3161441158089e-41
0.7288297872340426    7.462394354994682e-41
0.7306382978723405    2.3867977477952262e-40
0.7324468085106384    7.578549442741377e-40
0.7342553191489362    2.388898274906938e-39
0.7360638297872341    7.475808954397952e-39
0.737872340425532    2.322605157253579e-38
0.7396808510638299    7.16401906219961e-38
0.7414893617021276    2.1938632414933833e-37
0.7432978723404255    6.670232552259757e-37
0.7451063829787234    2.013529301639095e-36
0.7469148936170213    6.03486073647173e-36
0.7487234042553191    1.7958723036928187e-35
0.750531914893617    5.306265205147735e-35
0.7523404255319149    1.5567323978288945e-34
0.7541489361702128    4.534783069811436e-34
0.7559574468085106    1.3116635621555225e-33
0.7577659574468085    3.767189219139177e-33
0.7595744680851064    1.074352825888373e-32
0.7613829787234043    3.042399406671544e-32
0.7631914893617021    8.555205085672223e-32
0.765    2.3888805416068024e-31
0.7668085106382979    6.62388789778868e-31
0.7686170212765958    1.823856142109756e-30
0.7704255319148936    4.9869107216649674e-30
0.7722340425531915    1.3540670299371323e-29
0.7740425531914894    3.651070744428638e-29
0.7758510638297873    9.776324526060348e-29
0.7776595744680851    2.59961967665451e-28
0.779468085106383    6.864773874446006e-28
0.7812765957446809    1.8002302011486465e-27
0.7830851063829788    4.6883303811498574e-27
0.7848936170212766    1.2125495665330264e-26
0.7867021276595745    3.114400682699334e-26
0.7885106382978724    7.944115018531202e-26
0.7903191489361703    2.0124021133292384e-25
0.7921276595744681    5.0627228206782735e-25
0.793936170212766    1.264897720861572e-24
0.7957446808510639    3.138557253581092e-24
0.7975531914893618    7.734092860440454e-24
0.7993617021276596    1.8927552723098991e-23
0.8011702127659575    4.6002999899625136e-23
0.8029787234042554    1.110414367272049e-22
0.8047872340425533    2.661899258356537e-22
0.806595744680851    6.33732445141995e-22
0.808404255319149    1.498400731059017e-21
0.8102127659574468    3.5184987350798886e-21
0.8120212765957447    8.205284578747341e-21
0.8138297872340425    1.9003601297165954e-20
0.8156382978723404    4.3710232803920095e-20
0.8174468085106383    9.984675425025414e-20
0.8192553191489362    2.2650970720420977e-19
0.821063829787234    5.103167982008107e-19
0.8228723404255319    1.1418024183508058e-18
0.8246808510638298    2.537100621134851e-18
0.8264893617021277    5.598573299532025e-18
0.8282978723404255    1.226893886887441e-17
0.8301063829787234    2.6700740645093468e-17
0.8319148936170213    5.77062290778026e-17
0.8337234042553192    1.2385149719337835e-16
0.835531914893617    2.639701272426576e-16
0.8373404255319149    5.587000451761035e-16
0.8391489361702128    1.1742704903458468e-15
0.8409574468085107    2.4508564237130164e-15
0.8427659574468085    5.079515466716509e-15
0.8445744680851064    1.0453830274020517e-14
0.8463829787234043    2.136343161269561e-14
0.8481914893617022    4.335131571536537e-14
0.85    8.734984468192077e-14
0.8518085106382979    1.7476041035332484e-13
0.8536170212765958    3.4716592749358603e-13
0.8554255319148937    6.847560439291341e-13
0.8572340425531915    1.3410055131843663e-12
0.8590425531914894    2.6074252480248506e-12
0.8608510638297873    5.033499232612759e-12
0.8626595744680852    9.647053982595245e-12
0.864468085106383    1.8355878795481223e-11
0.8662765957446809    3.46736929165658e-11
0.8680851063829788    6.502158913082071e-11
0.8698936170212767    1.2104174245997825e-10
0.8717021276595744    2.2367621514100864e-10
0.8735106382978723    4.102965039076271e-10
0.8753191489361702    7.470589511665986e-10
0.8771276595744681    1.3501312082589018e-09
0.8789361702127659    2.4218398336060362e-09
0.8807446808510638    4.31168236680962e-09
0.8825531914893617    7.618382853332957e-09
0.8843617021276596    1.3359048014206964e-08
0.8861702127659574    2.324695425698032e-08
0.8879787234042553    4.014345201068892e-08
0.8897872340425532    6.878612150287688e-08
0.8915957446808511    1.1695068275514677e-07
0.8934042553191489    1.9728673908210904e-07
0.8952127659574468    3.3018893248404705e-07
0.8970212765957447    5.48241336387211e-07
0.8988297872340426    9.030247710118268e-07
0.9006382978723404    1.475430946536477e-06
0.9024468085106383    2.391117078397454e-06
0.9042553191489362    3.843399306186315e-06
0.9060638297872341    6.126767242693811e-06
0.9078723404255319    9.685351322969241e-06
0.9096808510638298    1.5182130952309988e-05
0.9114893617021277    2.359646199578021e-05
0.9132978723404256    3.635962463281045e-05
0.9151063829787234    5.554049398390875e-05
0.9169148936170213    8.409598436253742e-05
0.9187234042553192    0.00012620336825875327
0.9205319148936171    0.00018769352511231833
0.9223404255319149    0.0002766050413291966
0.9241489361702128    0.0004038780433509523
0.9259574468085107    0.0005842026371149541
0.9277659574468086    0.0008370285578053946
0.9295744680851065    0.0011877286477345427
0.9313829787234043    0.0016688875964208261
0.9331914893617022    0.002321657720172736
0.935    0.003197084699300446
0.936808510638298    0.0043572583978996465
0.9386170212765957    0.005876088976530037
0.9404255319148936    0.007839450420225172
0.9422340425531915    0.010344378974905352
0.9440425531914894    0.013496972499866096
0.9458510638297872    0.017408621155732013
0.9476595744680851    0.02219022542630188
0.949468085106383    0.027944140680241075
0.9512765957446809    0.03475374369894034
0.9530851063829787    0.04267075686979549
0.9548936170212766    0.0517007926224039
0.9567021276595745    0.06178798360121385
0.9585106382978724    0.07280001490803803
0.9603191489361702    0.08451532465414618
0.9621276595744681    0.09661461774928126
0.963936170212766    0.10867905682278942
0.9657446808510639    0.12019745502040308
0.9675531914893617    0.13058440393585125
0.9693617021276596    0.1392104556268084
0.9711702127659575    0.14544421703313942
0.9729787234042554    0.14870455531622306
0.9747872340425532    0.1485191905183202
0.9765957446808511    0.14458400229456686
0.978404255319149    0.13681572411492032
0.9802127659574469    0.125389722878413
0.9820212765957447    0.1107546481460654
0.9838297872340426    0.0936171921838124
0.9856382978723405    0.0748931746670218
0.9874468085106384    0.05562554960266605
0.9892553191489362    0.03687531197045002
0.9910638297872341    0.019596920487925995
0.992872340425532    0.004514747184569755
0.9946808510638299    -0.00797992048954075
0.9964893617021277    -0.017891720230538005
0.9982978723404256    -0.02562787260740914
1.0001063829787233    -0.03193999925894471
1.0019148936170212    -0.03780294977475243
1.0037234042553191    -0.04424462624089921
1.005531914893617    -0.05215234957305305
1.007340425531915    -0.062089675747482684
1.0091489361702128    -0.07416027750116412
1.0109574468085107    -0.08795086108414478
1.0127659574468086    -0.10257275601077435
1.0145744680851063    -0.11680322800171934
1.0163829787234042    -0.12930595050177018
1.0181914893617021    -0.1388900313721857
1.02    -0.14475361526134956
1.021808510638298    -0.1466557147155947
1.0236170212765958    -0.14497087321569957
1.0254255319148937    -0.14060478473938465
1.0272340425531916    -0.1347809021481195
1.0290425531914893    -0.1287412432118375
1.0308510638297872    -0.12343044375352896
1.032659574468085    -0.11924268018183201
1.034468085106383    -0.1159015082781133
1.036276595744681    -0.11251303654041925
1.0380851063829788    -0.10778902835553583
1.0398936170212767    -0.1003893112246198
1.0417021276595746    -0.08929553731107859
1.0435106382978723    -0.07411296945329116
1.0453191489361702    -0.055210551519302764
1.047127659574468    -0.033651046261479495
1.048936170212766    -0.010922659158242094
1.0507446808510639    0.011455396944153845
1.0525531914893618    0.032337609898451414
1.0543617021276597    0.051241290379959226
1.0561702127659576    0.068423827948138
1.0579787234042553    0.08471496635456993
1.0597872340425532    0.10114975224772291
1.061595744680851    0.11851703125156765
1.063404255319149    0.13697361322900042
1.0652127659574468    0.15586047293599498
1.0670212765957447    0.17379534202801794
1.0688297872340426    0.18902377000697634
1.0706382978723405    0.19991872707381264
1.0724468085106382    0.20546030226809386
1.0742553191489361    0.2055258642296221
1.076063829787234    0.2008818218405834
1.077872340425532    0.1928726174933147
1.0796808510638298    0.18291450387890468
1.0814893617021277    0.1719789375294567
1.0832978723404256    0.1602611136012309
1.0851063829787235    0.1471648841350685
1.0869148936170212    0.1316166176540992
1.088723404255319    0.11259121045513568
1.090531914893617    0.08964457614824739
1.092340425531915    0.06323674396109147
1.0941489361702128    0.03470672178438966
1.0959574468085107    0.005897518332241745
1.0977659574468086    -0.02142672272274021
1.0995744680851065    -0.04613955655893007
1.1013829787234042    -0.0680594632824916
1.103191489361702    -0.08787911967203824
1.105    -0.10674912852120547
1.1068085106382979    -0.12569807103851577
1.1086170212765958    -0.14514441964749347
1.1104255319148937    -0.1647174560709344
1.1122340425531916    -0.18346622454503053
1.1140425531914895    -0.2003562728128081
1.1158510638297872    -0.21481438093887067
1.117659574468085    -0.22704881450724507
1.119468085106383    -0.23796800445017458
1.1212765957446809    -0.24870606660766947
1.1230851063829788    -0.25995635110424875
1.1248936170212767    -0.27142286203531474
1.1267021276595746    -0.2816671290663053
1.1285106382978725    -0.28846218010898383
1.1303191489361701    -0.2895372902537535
1.132127659574468    -0.28341228033011046
1.133936170212766    -0.2699677358886714
1.1357446808510638    -0.2505070321129196
1.1375531914893617    -0.227289772586439
1.1393617021276596    -0.20274965915137216
1.1411702127659575    -0.17874127356648917
1.1429787234042554    -0.15612652005200883
1.1447872340425531    -0.13483089814406718
1.146595744680851    -0.1142649416891694
1.148404255319149    -0.09383780086717844
1.1502127659574468    -0.07327437369302392
1.1520212765957447    -0.052589909221451514
1.1538297872340426    -0.03179599327634894
1.1556382978723405    -0.010584333587891327
1.1574468085106384    0.011741751535464563
1.1592553191489363    0.03596384153613429
1.161063829787234    0.06238640526190912
1.162872340425532    0.09032409719230944
1.1646808510638298    0.11797664908487368
1.1664893617021277    0.1428612601967905
1.1682978723404256    0.16268202503568022
1.1701063829787235    0.17625702498997822
1.1719148936170214    0.18404491662765635
1.1737234042553193    0.18797381250963
1.175531914893617    0.1906069533383137
1.1773404255319149    0.19401475183405695
1.1791489361702128    0.1988828080292351
1.1809574468085107    0.20427893601313798
1.1827659574468086    0.2081783667521808
1.1845744680851065    0.20847241406765885
1.1863829787234044    0.2039579794750623
1.1881914893617023    0.19484047392260748
1.19    0.18255455802840256
1.1918085106382978    0.1690611787843649
1.1936170212765957    0.15602185652836778
1.1954255319148936    0.14425909413937585
1.1972340425531915    0.13370097340091228
1.1990425531914894    0.12371841626890087
1.2008510638297873    0.11357112676373746
1.2026595744680852    0.10268696691170409
1.204468085106383    0.09068068519406464
1.2062765957446808    0.07723360735138199
1.2080851063829787    0.06205250005936397
1.2098936170212766    0.0450372369308842
1.2117021276595745    0.026580088616445743
1.2135106382978724    0.0077505704071193435
1.2153191489361703    -0.009872689596124331
1.2171276595744682    -0.024757001973721996
1.218936170212766    -0.03611186813676952
1.2207446808510638    -0.04431812293399605
1.2225531914893617    -0.050770991274201205
1.2243617021276596    -0.05713721276319696
1.2261702127659575    -0.06439415379191468
1.2279787234042554    -0.07220019990555984
1.2297872340425533    -0.07900259027196987
1.2315957446808512    -0.08287970583348281
1.2334042553191489    -0.08267344680996663
1.2352127659574468    -0.07876576759816561
1.2370212765957447    -0.07303085372238893
1.2388297872340426    -0.06796112057061951
1.2406382978723405    -0.06544789763183093
1.2424468085106384    -0.06590369836043039
1.2442553191489363    -0.06821293410933399
1.2460638297872342    -0.07051005238601152
1.2478723404255319    -0.07130394699753337
1.2496808510638298    -0.07028480396274275
1.2514893617021277    -0.06836774705996293
1.2532978723404256    -0.0670017179875059
1.2551063829787235    -0.0672041080675578
1.2569148936170214    -0.06891163422322719
1.2587234042553193    -0.07100492545362608
1.2605319148936172    -0.07193552686945923
1.2623404255319148    -0.07053683049175863
1.2641489361702127    -0.06653946985250497
1.2659574468085106    -0.06054430559475352
1.2677659574468085    -0.05355452990938468
1.2695744680851064    -0.04640239723454001
1.2713829787234043    -0.03939866623373833
1.2731914893617022    -0.03233163357666628
1.2750000000000001    -0.02471456994713088
1.2768085106382978    -0.016079456486955246
1.2786170212765957    -0.006174877532932152
1.2804255319148936    0.0049456264744709485
1.2822340425531915    0.016888161095920298
1.2840425531914894    0.028917781130915053
1.2858510638297873    0.04005687914724799
1.2876595744680852    0.0493588920299716
1.289468085106383    0.056320888002551577
1.2912765957446808    0.06123289736228232
1.2930851063829787    0.06519477069506105
1.2948936170212766    0.0696685881402723
1.2967021276595745    0.07572857830409568
1.2985106382978724    0.08342667183901226
1.3003191489361703    0.09170067181864752
1.3021276595744682    0.0989555972287798
1.303936170212766    0.10401225740793121
1.3057446808510638    0.1068359478660603
1.3075531914893617    0.1085525052930301
1.3093617021276596    0.1107012521345987
1.3111702127659575    0.11418419208379968
1.3129787234042554    0.11859673523859113
1.3147872340425533    0.12239337074158665
1.3165957446808512    0.12379209104328837
1.318404255319149    0.12182435365086014
1.3202127659574467    0.11683919187477726
1.3220212765957446    0.11014527637093804
1.3238297872340425    0.10306580900154752
1.3256382978723404    0.09607562016605639
1.3274468085106383    0.08861220947388543
1.3292553191489362    0.0796616151925793
1.3310638297872341    0.06866781074897002
1.332872340425532    0.05609333566517613
1.3346808510638297    0.0432210880927064
1.3364893617021276    0.031337877459039334
1.3382978723404255    0.020882366243056165
1.3401063829787234    0.011161745951517109
1.3419148936170213    0.0008372611991557116
1.3437234042553192    -0.011155524862174072
1.3455319148936171    -0.024872728439678537
1.347340425531915    -0.03928660599497591
1.3491489361702127    -0.052880744201468585
1.3509574468085106    -0.0644901678024078
1.3527659574468085    -0.07383963963097814
1.3545744680851064    -0.08148420486529664
1.3563829787234043    -0.08827410926578966
1.3581914893617022    -0.0947536620885929
1.36    -0.10088431380941518
1.361808510638298    -0.10620951974807319
1.3636170212765957    -0.11027065103373529
1.3654255319148936    -0.11295010597557281
1.3672340425531915    -0.11452065980200424
1.3690425531914894    -0.11541194055866527
1.3708510638297873    -0.11589152759210578
1.3726595744680852    -0.11588673360066654
1.374468085106383    -0.11505413574483025
1.376276595744681    -0.11303761944333254
1.3780851063829787    -0.1097484720435554
1.3798936170212766    -0.10550108551680365
1.3817021276595745    -0.10092592922014831
1.3835106382978724    -0.0967022157369341
1.3853191489361703    -0.09324861619448033
1.3871276595744682    -0.09053916237736398
1.388936170212766    -0.08815408134923067
1.390744680851064    -0.08554816512175564
1.3925531914893619    -0.08238312224519609
1.3943617021276595    -0.07871199206427115
1.3961702127659574    -0.07488204657933875
1.3979787234042553    -0.07121058313228909
1.3997872340425532    -0.06766564961380186
1.4015957446808511    -0.06381041404403431
1.403404255319149    -0.05909626857612914
1.405212765957447    -0.05332000405059366
1.4070212765957448    -0.04689679366507349
1.4088297872340425    -0.04069332495556098
1.4106382978723404    -0.03547830252704859
1.4124468085106383    -0.03135952855743844
1.4142553191489362    -0.027637176276645005
1.416063829787234    -0.023232961071626083
1.417872340425532    -0.017432065652070845
1.41968085106383    -0.010415853150119597
1.4214893617021278    -0.0031836012983280475
1.4232978723404255    0.003105914671701898
1.4251063829787234    0.007911828517429418
1.4269148936170213    0.0116470437735837
1.4287234042553192    0.0153293152078183
1.430531914893617    0.01980607440793484
1.432340425531915    0.02512095569293573
1.4341489361702129    0.03047568006497632
1.4359574468085108    0.034795308982507794
1.4377659574468085    0.03746948342231418
1.4395744680851064    0.03874045222246526
1.4413829787234043    0.03949844001403521
1.4431914893617022    0.04068577975053736
1.445    0.04276433870262551
1.446808510638298    0.0455949115587162
1.4486170212765959    0.0487287437024595
1.4504255319148938    0.051811217326710984
1.4522340425531914    0.054770192537380885
1.4540425531914893    0.05769397317232733
1.4558510638297872    0.06057885835084055
1.4576595744680851    0.06321431847106433
1.459468085106383    0.06532035549000274
1.461276595744681    0.06680693324666494
1.4630851063829788    0.0679059066588467
1.4648936170212767    0.06903094297356017
1.4667021276595744    0.07045681693838478
1.4685106382978723    0.07207504120792126
1.4703191489361702    0.07343768495815102
1.4721276595744681    0.07407784270478825
1.473936170212766    0.07386959030984964
1.475744680851064    0.07314190923301465
1.4775531914893618    0.07243425870733543
1.4793617021276597    0.07205200689189543
1.4811702127659574    0.07174724908839185
1.4829787234042553    0.07078452717729579
1.4847872340425532    0.06838778418208057
1.486595744680851    0.06428555009569774
1.488404255319149    0.058977513578180096
1.490212765957447    0.05351633070231397
1.4920212765957448    0.04892662633298542
1.4938297872340427    0.04564096396511705
1.4956382978723404    0.043329693105961034
1.4974468085106383    0.04122816722041106
1.4992553191489362    0.03871183485094973
1.501063829787234    0.03569790476016789
1.502872340425532    0.03259580079120962
1.5046808510638299    0.029882174794751068
1.5064893617021278    0.027665348298769786
1.5082978723404257    0.025597785216861846
1.5101063829787233    0.023197162039100216
1.5119148936170212    0.020291594463426196
1.5137234042553191    0.01720174125721801
1.515531914893617    0.014500718454700592
1.517340425531915    0.012557981579658314
1.5191489361702128    0.011259449263115753
1.5209574468085107    0.010139356739445382
1.5227659574468086    0.008796709205632774
1.5245744680851063    0.007222530359729036
1.5263829787234042    0.005753842938367696
1.5281914893617021    0.004714228755568496
1.53    0.00408456699669886
1.531808510638298    0.0035106258352242143
1.5336170212765958    0.0026319232978378633
1.5354255319148937    0.0014108702184910688
1.5372340425531916    0.00014158432999928435
1.5390425531914893    -0.000873919054622811
1.5408510638297872    -0.0016700234600454393
1.542659574468085    -0.002642302871404232
1.544468085106383    -0.0042152481157352525
1.546276595744681    -0.006463410319423065
1.5480851063829788    -0.009053460884395821
1.5498936170212767    -0.011576090255796192
1.5517021276595746    -0.013960179744565255
1.5535106382978723    -0.01656850480547259
1.5553191489361702    -0.019862857529852417
1.557127659574468    -0.023931515675861673
1.558936170212766    -0.028311462617278356
1.5607446808510639    -0.032276805675934606
1.5625531914893618    -0.035346437935281055
1.5643617021276597    -0.03757805396221485
1.5661702127659576    -0.039427165571093964
1.5679787234042553    -0.04134555250182473
1.5697872340425532    -0.04349524779445123
1.571595744680851    -0.04578725331923601
1.573404255319149    -0.04811013785052312
1.5752127659574469    -0.05044739928909474
1.5770212765957448    -0.052751465227757546
1.5788297872340427    -0.05475131744477621
1.5806382978723406    -0.05597920014132647
1.5824468085106382    -0.05608113925744369
1.5842553191489361    -0.055150145522982835
1.586063829787234    -0.053740142419543224
1.587872340425532    -0.052492684951108315
1.5896808510638298    -0.051679233731624585
1.5914893617021277    -0.0510554379265243
1.5932978723404256    -0.0501344643058215
1.5951063829787235    -0.048594841819585705
1.5969148936170212    -0.04643488162591214
1.5987234042553191    -0.04377079892871087
1.600531914893617    -0.0405505593270892
1.602340425531915    -0.03652711524041913
1.6041489361702128    -0.03152772160433412
1.6059574468085107    -0.025701603713121753
1.6077659574468086    -0.01942221479810744
1.6095744680851065    -0.012895199716695886
1.6113829787234042    -0.005888539773737687
1.613191489361702    0.002060445399960504
1.615    0.01108374322020686
1.616808510638298    0.020610442915778807
1.6186170212765958    0.029624056228152937
1.6204255319148937    0.03740179499805056
1.6222340425531916    0.044073687846031995
1.6240425531914895    0.05044041198672937
1.6258510638297874    0.05716519920809909
1.627659574468085    0.06407510384937179
1.629468085106383    0.07024526392715441
1.6312765957446809    0.07481327295932502
1.6330851063829788    0.07776146658435523
1.6348936170212767    0.07991242933165629
1.6367021276595746    0.08212622312889209
1.6385106382978725    0.08445892894730109
1.6403191489361704    0.08608628293543916
1.642127659574468    0.08605986611091984
1.643936170212766    0.08416179707350105
1.6457446808510638    0.08104325152298811
1.6475531914893617    0.07754891503226394
1.6493617021276596    0.07392971194001854
1.6511702127659575    0.06973486100787038
1.6529787234042554    0.06447060634600635
1.6547872340425533    0.058330831432370084
1.656595744680851    0.052233341723507604
1.658404255319149    0.047102800336916384
1.6602127659574468    0.043106856893733655
1.6620212765957447    0.03959965125102388
1.6638297872340426    0.03581253314057142
1.6656382978723405    0.031585632596801
1.6674468085106384    0.027413419323189032
1.6692553191489363    0.02379533607262691
1.671063829787234    0.020598226403878157
1.672872340425532    0.017117928153490745
1.6746808510638298    0.01279764705633446
1.6764893617021277    0.00787195350866816
1.6782978723404256    0.003261974676062502
1.6801063829787235    -0.00021096204744237108
1.6819148936170214    -0.002552988365694594
1.6837234042553193    -0.0045917642707418126
1.685531914893617    -0.007276959600274507
1.6873404255319149    -0.010960053933483666
1.6891489361702128    -0.015268115401812232
1.6909574468085107    -0.01955760064696861
1.6927659574468086    -0.023415787379650704
1.6945744680851065    -0.026770898146796913
1.6963829787234044    -0.029691289933248124
1.6981914893617023    -0.032275932473690594
1.7    -0.034813835539489996
1.7018085106382979    -0.03792722279376057
1.7036170212765958    -0.04231117151564444
1.7054255319148937    -0.04812639499184748
1.7072340425531916    -0.05461368357258822
1.7090425531914895    -0.060446184841687345
1.7108510638297874    -0.06466265556165104
1.7126595744680853    -0.06738510427075667
1.714468085106383    -0.06962623772681278
1.7162765957446808    -0.07232076515778324
1.7180851063829787    -0.07547838382044775
1.7198936170212766    -0.07826717008827994
1.7217021276595745    -0.07993782953844197
1.7235106382978724    -0.08066673239815214
1.7253191489361703    -0.08146833999648428
1.7271276595744682    -0.08324920614481177
1.728936170212766    -0.0859324307205529
1.7307446808510638    -0.0885175370991628
1.7325531914893617    -0.0900225806379453
1.7343617021276596    -0.09040062389982384
1.7361702127659575    -0.09057060407275222
1.7379787234042554    -0.09157756481221643
1.7397872340425533    -0.0937119984343153
1.7415957446808512    -0.09638656724791009
1.7434042553191489    -0.09878006290421404
1.7452127659574468    -0.10053848919959568
1.7470212765957447    -0.10186522847847418
1.7488297872340426    -0.10301858866731095
1.7506382978723405    -0.10382043242914418
1.7524468085106384    -0.10369324007803796
1.7542553191489363    -0.10214656168336311
1.7560638297872342    -0.09918572355617289
1.7578723404255319    -0.09525022728590557
1.7596808510638298    -0.09079780572251006
1.7614893617021277    -0.08596945548637741
1.7632978723404256    -0.08060866232657898
1.7651063829787235    -0.07451204566384925
1.7669148936170214    -0.06761031340540741
1.7687234042553193    -0.05995895194623618
1.7705319148936172    -0.05167747051090742
1.7723404255319148    -0.04298876533370119
1.7741489361702127    -0.03429564460660012
1.7759574468085106    -0.026103130518331442
1.7777659574468085    -0.018751898452660204
1.7795744680851064    -0.012193800740889958
1.7813829787234043    -0.006069385833260669
1.7831914893617022    -5.502186357130359e-05
1.7850000000000001    0.005856573955349546
1.7868085106382978    0.011432053205696603
1.7886170212765957    0.01654057788195852
1.7904255319148936    0.02137384946505838
1.7922340425531915    0.026276744494587632
1.7940425531914894    0.031354420450269385
1.7958510638297873    0.03628702914689444
1.7976595744680852    0.040575273434619114
1.7994680851063831    0.04397513723059411
1.8012765957446808    0.04666974498338118
1.8030851063829787    0.049009777349850264
1.8048936170212766    0.05112411792476597
1.8067021276595745    0.05284036965364618
1.8085106382978724    0.05400563458958567
1.8103191489361703    0.054845180895281384
1.8121276595744682    0.055938669297180846
1.813936170212766    0.05779436381775303
1.8157446808510638    0.06042700534521091
1.8175531914893617    0.0633461786791598
1.8193617021276596    0.06595842706277037
1.8211702127659575    0.0680156457388169
1.8229787234042554    0.06976131895427261
1.8247872340425533    0.07174433000178305
1.8265957446808512    0.0745122448489428
1.828404255319149    0.0783613552862857
1.8302127659574468    0.08317481177814486
1.8320212765957447    0.08837248611287123
1.8338297872340426    0.09309537297840993
1.8356382978723405    0.0966855796767543
1.8374468085106384    0.09921131396759521
1.8392553191489363    0.10154756228164231
1.8410638297872342    0.10476355051543972
1.842872340425532    0.10921551652385343
1.8446808510638297    0.11416613023597295
1.8464893617021276    0.11838929180365994
1.8482978723404255    0.1212865933616518
1.8501063829787234    0.12345366577871032
1.8519148936170213    0.12608478339582935
1.8537234042553192    0.12974543002059225
1.8555319148936171    0.13373059800881953
1.857340425531915    0.13668909799537798
1.859148936170213    0.1379125826780816
1.8609574468085106    0.13797672424071517
1.8627659574468085    0.13806108171977605
1.8645744680851064    0.13863660999720046
1.8663829787234043    0.13887353553401677
1.8681914893617022    0.13737335902424053
1.87    0.13344791712821719
1.871808510638298    0.1276183662048342
1.873617021276596    0.12086400474597483
1.8754255319148936    0.11348053844534983
1.8772340425531915    0.10477901526237182
1.8790425531914894    0.09389876656337945
1.8808510638297873    0.08079797966404595
1.8826595744680852    0.06634682174151571
1.884468085106383    0.051488519716675854
1.886276595744681    0.03645481961052209
1.8880851063829789    0.02088582983223293
1.8898936170212766    0.004612240448842422
1.8917021276595745    -0.01190302693717868
1.8935106382978724    -0.02801679207804946
1.8953191489361703    -0.04368790684041638
1.8971276595744682    -0.059579002212682745
1.898936170212766    -0.07624976505474998
1.900744680851064    -0.09333078856470337
1.9025531914893619    -0.10968120603354312
1.9043617021276595    -0.12444099958315669
1.9061702127659574    -0.13781657162158245
1.9079787234042553    -0.15066328778283705
1.9097872340425532    -0.1632732503801781
1.9115957446808511    -0.17473500019493204
1.913404255319149    -0.18365993552853743
1.915212765957447    -0.1895387168680676
1.9170212765957448    -0.19321471983052618
1.9188297872340425    -0.19587764509000266
1.9206382978723404    -0.1976325879291811
1.9224468085106383    -0.19724644437691957
1.9242553191489362    -0.1934456776483649
1.9260638297872341    -0.18644080529188717
1.927872340425532    -0.1780532390975319
1.92968085106383    -0.17027706961412364
1.9314893617021278    -0.16374686540659517
1.9332978723404255    -0.1576277712040992
1.9351063829787234    -0.15088330567927838
1.9369148936170213    -0.14345158948268794
1.9387234042553192    -0.13610946702282967
1.940531914893617    -0.1293599785087074
1.942340425531915    -0.12274148715175981
1.944148936170213    -0.1153624973295084
1.9459574468085108    -0.10698185073336078
1.9477659574468085    -0.09833513410901248
1.9495744680851064    -0.0903433530627536
1.9513829787234043    -0.08317681769029442
1.9531914893617022    -0.07628402315887614
1.955    -0.06928720569283589
1.956808510638298    -0.06257227576189298
1.9586170212765959    -0.05678647316181118
1.9604255319148938    -0.05185767940233828
1.9622340425531914    -0.04684369412566192
1.9640425531914893    -0.04097785598408875
1.9658510638297872    -0.03475288395454844
1.9676595744680851    -0.029644489554118206
1.969468085106383    -0.026562159428237635
1.971276595744681    -0.024687791240087652
1.9730851063829788    -0.022121509884907083
1.9748936170212767    -0.017800867944708643
1.9767021276595744    -0.012640971159369272
1.9785106382978723    -0.008566608252327055
1.9803191489361702    -0.0063999669178663385
1.9821276595744681    -0.00489937747127576
1.983936170212766    -0.0020466980737108833
1.985744680851064    0.0028022772628330623
1.9875531914893618    0.008297783810408771
1.9893617021276597    0.012742659842334508
1.9911702127659574    0.0162088980092476
1.9929787234042553    0.020748504731998036
1.9947872340425532    0.028393417517634658
1.996595744680851    0.039088274910476076
1.998404255319149    0.05079539094241481
2.0002127659574467    0.06162637157756111
2.0020212765957446    0.07163592060495362
2.0038297872340425    0.08232857462351921
2.0056382978723404    0.0945017455859795
2.0074468085106383    0.10689509809615573
2.009255319148936    0.11718680572494854
2.011063829787234    0.12424408929634052
2.012872340425532    0.12915964484586023
2.01468085106383    0.1339946026804778
2.016489361702128    0.139690865731802
2.0182978723404257    0.1454469518059206
2.0201063829787236    0.1500984142264037
2.0219148936170215    0.15376051786809336
2.0237234042553194    0.15777117482822872
2.0255319148936173    0.16300384629741216
2.0273404255319147    0.16852931985180586
2.0291489361702126    0.17221237388244154
2.0309574468085105    0.17262383194553937
2.0327659574468084    0.17017336325861093
2.0345744680851063    0.16628115901041257
2.0363829787234042    0.16161598394596832
2.038191489361702    0.15540307357958166
2.04    0.14649290086129757
2.041808510638298    0.13485510780563686
2.043617021276596    0.12174945595009629
2.0454255319148937    0.10843213468449825
2.0472340425531916    0.09496406574875427
2.0490425531914895    0.08052909957101873
2.0508510638297874    0.0648811047451763
2.0526595744680853    0.04922095223522477
2.0544680851063832    0.035456071559853294
2.0562765957446807    0.024619736526888453
2.0580851063829786    0.01612566413417601
2.0598936170212765    0.008546703170459854
2.0617021276595744    0.0009481002849484194
2.0635106382978723    -0.0066353369708452604
2.06531914893617    -0.01383852767539917
2.067127659574468    -0.020703829703596258
2.068936170212766    -0.027575239373506463
2.070744680851064    -0.03440879121196794
2.072553191489362    -0.04052962296151444
2.0743617021276597    -0.045266152833605355
2.0761702127659576    -0.04871672652229657
2.0779787234042555    -0.0516589322302661
2.0797872340425534    -0.054635406624853694
2.0815957446808513    -0.05728973453458622
2.083404255319149    -0.05877510043518619
2.085212765957447    -0.05877618341981418
2.0870212765957445    -0.05791634185180171
2.0888297872340424    -0.05703263841487742
2.0906382978723403    -0.05617589892891267
2.0924468085106382    -0.05457593375103613
2.094255319148936    -0.05169239213943738
2.096063829787234    -0.04813982740995432
2.097872340425532    -0.04532881881832061
2.09968085106383    -0.04410566490865146
2.1014893617021277    -0.04385858379078546
2.1032978723404256    -0.04309753880673152
2.1051063829787235    -0.040902257372002995
2.1069148936170214    -0.03769726086095265
2.1087234042553193    -0.03460878219883447
2.1105319148936172    -0.0322550401880243
2.112340425531915    -0.030388628065302847
2.114148936170213    -0.028732405946802618
2.1159574468085105    -0.02791262486508697
2.1177659574468084    -0.029266127832445123
2.1195744680851063    -0.03361101897198863
2.121382978723404    -0.040292573778133896
2.123191489361702    -0.04755012928765181
2.125    -0.05382195978008857
2.126808510638298    -0.05864151516058753
2.128617021276596    -0.06232245103597329
2.1304255319148937    -0.06499233463050871
2.1322340425531916    -0.06615987675035456
2.1340425531914895    -0.06526137719146935
2.1358510638297874    -0.06246981452533265
2.1376595744680853    -0.05879993008802148
2.139468085106383    -0.055399944746766586
2.141276595744681    -0.052816197189221384
2.143085106382979    -0.05094170591639241
2.1448936170212765    -0.049508550981468266
2.1467021276595744    -0.048419309637380115
2.1485106382978723    -0.0475533104581963
2.15031914893617    -0.046422854339085565
2.152127659574468    -0.044257137481507114
2.153936170212766    -0.0405410132120311
2.155744680851064    -0.03544304446686612
2.1575531914893618    -0.029657484566521217
2.1593617021276597    -0.02382712977117881
2.1611702127659576    -0.01813251265672615
2.1629787234042555    -0.012372466905325695
2.1647872340425534    -0.006298599596199498
2.1665957446808513    0.00021422002002012813
2.168404255319149    0.00723615103629888
2.170212765957447    0.01481377752491896
2.172021276595745    0.0227954671418673
2.1738297872340424    0.03066348497761989
2.1756382978723403    0.037685162788555035
2.177446808510638    0.04333522213142672
2.179255319148936    0.047575461838558486
2.181063829787234    0.05070590073202326
2.182872340425532    0.052999679000139854
2.18468085106383    0.05458057431310806
2.1864893617021277    0.05566301407557166
2.1882978723404256    0.056759766549502724
2.1901063829787235    0.05844243217584462
2.1919148936170214    0.06079427076514693
2.1937234042553193    0.06316309990777154
2.195531914893617    0.06458646342990544
2.197340425531915    0.06453122180557651
2.199148936170213    0.06320402375200591
2.200957446808511    0.061130203346463574
2.2027659574468084    0.05849051953125227
2.2045744680851063    0.05494388783608814
2.206382978723404    0.05007759181553152
2.208191489361702    0.04390397057224284
2.21    0.03680841693126714
2.211808510638298    0.029049643833834696
2.2136170212765958    0.020477567617018556
2.2154255319148937    0.010881543200426141
2.2172340425531916    0.0006014869382000802
2.2190425531914895    -0.00934527529309909
2.2208510638297874    -0.017875373220133026
2.2226595744680853    -0.02462172986226258
2.224468085106383    -0.030103886236899195
2.226276595744681    -0.035137970571009786
2.228085106382979    -0.04010973412543428
2.229893617021277    -0.044802395390605085
2.2317021276595743    -0.04881406071014427
2.233510638297872    -0.05199129275061058
2.23531914893617    -0.05439827129518948
2.237127659574468    -0.05594852550590142
2.238936170212766    -0.05620943808821657
2.240744680851064    -0.05464515131533729
2.2425531914893617    -0.051046195842275904
2.2443617021276596    -0.04572623536529023
2.2461702127659575    -0.03938345576773611
2.2479787234042554    -0.0328722605618265
2.2497872340425533    -0.027083991743203792
2.251595744680851    -0.022828282850823993
2.253404255319149    -0.020524180193347945
2.255212765957447    -0.019823005334414737
2.257021276595745    -0.019590086213539658
2.258829787234043    -0.018487499018658142
2.2606382978723403    -0.015810867271308794
2.262446808510638    -0.011875862168971785
2.264255319148936    -0.0075938799477973
2.266063829787234    -0.003637033690360605
2.267872340425532    1.248155574354098e-05
2.2696808510638298    0.0037370766786969547
2.2714893617021277    0.007583971513977123
2.2732978723404256    0.010952129258187442
2.2751063829787235    0.01299690389765458
2.2769148936170214    0.01333875298313373
2.2787234042553193    0.012379473043222733
2.280531914893617    0.010959793009204064
2.282340425531915    0.009738646451509573
2.284148936170213    0.008867971826130933
2.285957446808511    0.008145076986339272
2.2877659574468088    0.007331891841429105
2.2895744680851062    0.006260805511898882
2.291382978723404    0.004703989205487306
2.293191489361702    0.002305049283786875
2.295    -0.0012158457617038525
2.296808510638298    -0.005746012054555489
2.2986170212765957    -0.010722822632094597
2.3004255319148936    -0.015484535547805557
2.3022340425531915    -0.019755195736164625
2.3040425531914894    -0.023816114423760165
2.3058510638297873    -0.028188781144679327
2.3076595744680852    -0.03310469325251465
2.309468085106383    -0.03822329164271196
2.311276595744681    -0.042814980778407744
2.313085106382979    -0.046212095079090354
2.314893617021277    -0.04814315418045917
2.3167021276595747    -0.04873911685376116
2.3185106382978726    -0.04830936972553847
2.32031914893617    -0.04711832971619796
2.322127659574468    -0.04527825118905544
2.323936170212766    -0.04270919371485707
2.325744680851064    -0.039109102326859005
2.3275531914893617    -0.03399576232256396
2.3293617021276596    -0.026918614968090185
2.3311702127659575    -0.017782900118037667
2.3329787234042554    -0.007037240498892754
2.3347872340425533    0.004492616350599241
2.336595744680851    0.016044369983730027
2.338404255319149    0.027268283376500512
2.340212765957447    0.03816799456487448
2.342021276595745    0.048703348607793615
2.343829787234043    0.05847969936491802
2.3456382978723407    0.06688690935156559
2.3474468085106386    0.07359819242989159
2.349255319148936    0.07893751182353216
2.351063829787234    0.0837005503618476
2.352872340425532    0.08852672589603457
2.3546808510638297    0.09337420847051502
2.3564893617021276    0.09758612338693769
2.3582978723404255    0.10049637785836567
2.3601063829787234    0.10202203094507085
2.3619148936170213    0.10270771201397012
2.3637234042553192    0.10320459491985291
2.365531914893617    0.1036854028344421
2.367340425531915    0.10373449479256854
2.369148936170213    0.10279444831178002
2.370957446808511    0.10074182802190344
2.3727659574468087    0.09806696834824517
2.3745744680851066    0.09550200575586255
2.3763829787234045    0.09341559705872897
2.378191489361702    0.09145905547348872
2.38    0.08871280719767576
2.381808510638298    0.08419946556339068
2.3836170212765957    0.0774200076813268
2.3854255319148936    0.06863076354322233
2.3872340425531915    0.0587699949559103
2.3890425531914894    0.04909281436293143
2.3908510638297873    0.04065217325073568
2.392659574468085    0.033833620798838906
2.394468085106383    0.028199804505528545
2.396276595744681    0.022805448425156118
2.398085106382979    0.01685035962896985
2.399893617021277    0.01023039148691519
2.4017021276595747    0.003542022135256973
2.4035106382978726    -0.002494634673144306
2.4053191489361705    -0.0077143517413256054
2.407127659574468    -0.012680830962494942
2.408936170212766    -0.01819086653740439
2.4107446808510637    -0.02456338483956499
2.4125531914893616    -0.03136039644900236
2.4143617021276595    -0.03775197812701775
2.4161702127659574    -0.04312009906528416
2.4179787234042553    -0.04732894011975909
2.4197872340425532    -0.05051216230536705
2.421595744680851    -0.052741650181091934
2.423404255319149    -0.0539811755131145
2.425212765957447    -0.05430187034375321
2.427021276595745    -0.05399641339023968
2.4288297872340427    -0.053392540445953665
2.4306382978723406    -0.05260520147034127
2.4324468085106385    -0.051592264636824134
2.4342553191489364    -0.05049324603773919
2.436063829787234    -0.04980956476249068
2.437872340425532    -0.05010336090305591
2.4396808510638297    -0.05147294762381932
2.4414893617021276    -0.053406143033480055
2.4432978723404255    -0.055238052485979364
2.4451063829787234    -0.05673527247928928
2.4469148936170213    -0.05814778640603671
2.448723404255319    -0.05969140573805147
2.450531914893617    -0.06113637515010355
2.452340425531915    -0.06208385768764166
2.454148936170213    -0.0626476462865595
2.455957446808511    -0.06364618355758048
2.4577659574468087    -0.06587231974217167
2.4595744680851066    -0.06911087773558827
2.4613829787234045    -0.07202921614872673
2.4631914893617024    -0.07323019444401507
2.465    -0.07247818237280754
2.4668085106382978    -0.0708382313377306
2.4686170212765957    -0.06958518535452798
2.4704255319148936    -0.06904342303301181
2.4722340425531915    -0.06855434012346653
2.4740425531914894    -0.06749591739934369
2.4758510638297873    -0.06613500643859091
2.477659574468085    -0.06535433025807189
2.479468085106383    -0.06562076072098313
2.481276595744681    -0.06641015916274276
2.483085106382979    -0.06673314227483651
2.4848936170212768    -0.06612971134053278
2.4867021276595747    -0.06500777805666255
2.4885106382978726    -0.06400907080479834
2.4903191489361705    -0.06319399371062803
2.4921276595744684    -0.06196263118140899
2.493936170212766    -0.059708414817665326
2.4957446808510637    -0.0563802924233687
2.4975531914893616    -0.05234286853594182
2.4993617021276595    -0.0478173547145848
2.5011702127659574    -0.04263783232202341
2.5029787234042553    -0.03657583862698989
2.504787234042553    -0.029750229935875075
2.506595744680851    -0.02258185283322705
2.508404255319149    -0.015393534247186133
2.510212765957447    -0.00823008523672717
2.512021276595745    -0.0011622094319079929
2.5138297872340427    0.005348256435477186
2.5156382978723406    0.010605507313612227
2.5174468085106385    0.014334464407324016
2.5192553191489364    0.017155486829340098
2.5210638297872343    0.020306372618927707
2.5228723404255318    0.02480298536664138
2.5246808510638297    0.030789940438790398
2.5264893617021276    0.03759742475439681
2.5282978723404255    0.044321703022583314
2.5301063829787234    0.050366241168947404
2.5319148936170213    0.05561283244222638
2.533723404255319    0.060310427383150136
2.535531914893617    0.0648756307195671
2.537340425531915    0.06963973312367243
2.539148936170213    0.07454822556614273
2.5409574468085108    0.0790156190747764
2.5427659574468087    0.08219721554809596
2.5445744680851066    0.08359514363306277
2.5463829787234045    0.0834851083032589
2.5481914893617024    0.08270818131963477
2.5500000000000003    0.08198095684880764
2.551808510638298    0.08139371445304643
2.5536170212765956    0.08056740584751697
2.5554255319148935    0.0792138053601019
2.5572340425531914    0.07742052722986902
2.5590425531914893    0.07535917927779824
2.560851063829787    0.07283777124806133
2.562659574468085    0.06931556268552315
2.564468085106383    0.0644294599006308
2.566276595744681    0.05843317176215182
2.568085106382979    0.05201192241339701
2.5698936170212767    0.04564575042245572
2.5717021276595746    0.03921685523245175
2.5735106382978725    0.03227862650822967
2.5753191489361704    0.024656111121118464
2.5771276595744683    0.016695663016930547
2.578936170212766    0.008908329415097796
2.580744680851064    0.001439544715175661
2.5825531914893616    -0.006034836786523919
2.5843617021276595    -0.013888712317454298
2.5861702127659574    -0.022076003116051117
2.5879787234042553    -0.03010161515711208
2.589787234042553    -0.03742210902186239
2.591595744680851    -0.04382909006752717
2.593404255319149    -0.04944148619778523
2.595212765957447    -0.05437423995880953
2.5970212765957448    -0.05846718284423882
2.5988297872340427    -0.06135559002051206
2.6006382978723406    -0.06280122022370055
2.6024468085106385    -0.06295590491704153
2.6042553191489364    -0.06230940463754195
2.6060638297872343    -0.061371933809485385
2.607872340425532    -0.060378458407654004
2.60968085106383    -0.05927154226647596
2.6114893617021275    -0.05795257037304473
2.6132978723404254    -0.05653114980595059
2.6151063829787233    -0.05530577343420409
2.6169148936170212    -0.05449405037245959
2.618723404255319    -0.05401553196207998
2.620531914893617    -0.05359017269710492
2.622340425531915    -0.05305690319477134
2.624148936170213    -0.052530957252632154
2.6259574468085107    -0.052169633578355024
2.6277659574468086    -0.051782172544536084
2.6295744680851065    -0.050765371015470906
2.6313829787234044    -0.04853235727659329
2.6331914893617023    -0.045035583634836326
2.6350000000000002    -0.04082207396131618
2.636808510638298    -0.03653314973749308
2.638617021276596    -0.032362370953137196
2.6404255319148935    -0.02802694810050218
2.6422340425531914    -0.023238743797503812
2.6440425531914893    -0.01813742363518594
2.645851063829787    -0.013251344263576832
2.647659574468085    -0.009104088272637801
2.649468085106383    -0.0059074091762266485
2.651276595744681    -0.003552082659281291
2.653085106382979    -0.001720736290503868
2.6548936170212767    6.818252869293835e-05
2.6567021276595746    0.0023779882702697403
2.6585106382978725    0.005550177027834745
2.6603191489361704    0.009351763812033093
2.6621276595744683    0.01303712450274136
2.663936170212766    0.015968002853765796
2.665744680851064    0.018246850037024573
2.667553191489362    0.020633210399019934
2.6693617021276594    0.02372372306179918
2.6711702127659573    0.027250244952177982
2.6729787234042552    0.03030831061466332
2.674787234042553    0.032306357809686624
2.676595744680851    0.03358519784738077
2.678404255319149    0.03502978954170636
2.680212765957447    0.03717567850686999
2.6820212765957447    0.03987695332073759
2.6838297872340426    0.04284963996678536
2.6856382978723405    0.04627153719550494
2.6874468085106384    0.05055551412131972
2.6892553191489363    0.05553950950118796
2.6910638297872342    0.06022151052153118
2.692872340425532    0.06359837903718113
2.69468085106383    0.0657490938339434
2.696489361702128    0.06781599839127525
2.6982978723404254    0.07073025733121219
2.7001063829787233    0.07406851887909055
2.701914893617021    0.07642296284291128
2.703723404255319    0.07698576218403325
2.705531914893617    0.07659848367787855
2.707340425531915    0.07703035316400089
2.709148936170213    0.0792012484121252
2.7109574468085107    0.08224073310271643
2.7127659574468086    0.0843459853843567
2.7145744680851065    0.084455064992148
2.7163829787234044    0.08297845402446491
2.7181914893617023    0.08099222916731619
2.72    0.0789566959151852
2.721808510638298    0.07634232502094399
2.723617021276596    0.07236453718186645
2.725425531914894    0.06685134662738978
2.7272340425531914    0.06035021281539946
2.7290425531914893    0.053572649990018206
2.730851063829787    0.04689909760281079
2.732659574468085    0.04034758484724146
2.734468085106383    0.033786282754139044
2.736276595744681    0.027057546608741156
2.7380851063829788    0.02002665379235858
2.7398936170212767    0.01272090413076133
2.7417021276595746    0.005462997697057801
2.7435106382978725    -0.0012796501057628319
2.7453191489361704    -0.007305597686555857
2.7471276595744683    -0.012899620961529384
2.748936170212766    -0.018523516737937708
2.750744680851064    -0.024268686699253424
2.752553191489362    -0.02972063103488752
2.75436170212766    -0.03443404121967532
2.7561702127659573    -0.03845617631006852
2.757978723404255    -0.042237976789680304
2.759787234042553    -0.04601967765209489
2.761595744680851    -0.049460590848480604
2.763404255319149    -0.05201773023894002
2.765212765957447    -0.0536523321421466
2.7670212765957447    -0.05499720142688749
2.7688297872340426    -0.056727156897638395
2.7706382978723405    -0.05881903800963864
2.7724468085106384    -0.06053206043067859
2.7742553191489363    -0.06112300483704655
2.776063829787234    -0.060513299191140735
2.777872340425532    -0.05924799569165806
2.77968085106383    -0.057902036543496266
2.781489361702128    -0.05661333959439355
2.783297872340426    -0.05514016965523548
2.7851063829787237    -0.053223021564805045
2.786914893617021    -0.05081770680598739
2.788723404255319    -0.04805921504529846
2.790531914893617    -0.045121885854100985
2.792340425531915    -0.042126528812081135
2.7941489361702128    -0.039097982751164745
2.7959574468085107    -0.035977747860864634
2.7977659574468086    -0.03275533344074347
2.7995744680851065    -0.02965680757149409
2.8013829787234044    -0.027132857122705877
2.8031914893617023    -0.025507366843671053
2.805    -0.024594827677506613
2.806808510638298    -0.023799547698321342
2.808617021276596    -0.022734734916265945
2.810425531914894    -0.021694488304431145
2.8122340425531918    -0.021319023266355673
2.8140425531914897    -0.021704679353006268
2.815851063829787    -0.022001537506499788
2.817659574468085    -0.021125396935745742
2.819468085106383    -0.018905237075816907
2.821276595744681    -0.01633512530557623
2.8230851063829787    -0.014525709111701621
2.8248936170212766    -0.013480658028181203
2.8267021276595745    -0.012117498259816277
2.8285106382978724    -0.009552012921417111
2.8303191489361703    -0.00617534849805346
2.832127659574468    -0.0032702231521386706
2.833936170212766    -0.0016167343419707268
2.835744680851064    -0.000702413698420788
2.837553191489362    0.0006074406901001922
2.83936170212766    0.002815777136175057
2.8411702127659577    0.0054382890710293185
2.8429787234042556    0.007838257359521256
2.844787234042553    0.010094643361787342
2.846595744680851    0.0128140176992037
2.848404255319149    0.016198578602690736
2.8502127659574468    0.019599046655805016
2.8520212765957447    0.02210624543727488
2.8538297872340426    0.023419729384358254
2.8556382978723405    0.023966923244340167
2.8574468085106384    0.024275132594610782
2.8592553191489363    0.024498459825871996
2.861063829787234    0.02462767542411958
2.862872340425532    0.024880761947062555
2.86468085106383    0.025550021650126716
2.866489361702128    0.02645734128131788
2.8682978723404258    0.02687051745524923
2.8701063829787237    0.026197725585491417
2.8719148936170216    0.02466680615888605
2.873723404255319    0.023061314078608473
2.875531914893617    0.02174174186627599
2.877340425531915    0.020168454993076762
2.8791489361702127    0.01759710452836634
2.8809574468085106    0.014132220433899723
2.8827659574468085    0.010794091757233486
2.8845744680851064    0.008434450784946257
2.8863829787234043    0.006790416837839175
2.8881914893617022    0.004839728412949062
2.89    0.002028699837969312
2.891808510638298    -0.0011252083523193323
2.893617021276596    -0.0037540169330016835
2.895425531914894    -0.005726254136363714
2.8972340425531917    -0.007724552168352579
2.8990425531914896    -0.010258477929958208
2.9008510638297875    -0.01291234757723486
2.902659574468085    -0.01480166773228943
2.904468085106383    -0.015657000272979664
2.906276595744681    -0.016168522351853294
2.9080851063829787    -0.017176603642696485
2.9098936170212766    -0.018726386528009238
2.9117021276595745    -0.02010744441520594
2.9135106382978724    -0.020722614242844738
2.9153191489361703    -0.020657578859782304
2.917127659574468    -0.020339650881024872
2.918936170212766    -0.019889233417071564
2.920744680851064    -0.0190621838761708
2.922553191489362    -0.017764605968295266
2.92436170212766    -0.01632371712002873
2.9261702127659577    -0.015102004707416489
2.9279787234042556    -0.014026888948484615
2.9297872340425535    -0.012757213840841986
2.931595744680851    -0.011291320340328894
2.933404255319149    -0.010129587176157296
2.9352127659574467    -0.009662183003956114
2.9370212765957446    -0.009556753260569376
2.9388297872340425    -0.009037328896276318
2.9406382978723404    -0.007811897190467442
2.9424468085106383    -0.006481313813564314
2.9442553191489362    -0.005834540393347607
2.946063829787234    -0.00585440313183261
2.947872340425532    -0.005695519230431174
2.94968085106383    -0.004719402751645528
2.951489361702128    -0.0033322442768986844
2.9532978723404257    -0.0025808106396828998
2.9551063829787236    -0.002985078183897272
2.9569148936170215    -0.004014132923376742
2.9587234042553194    -0.004792708859198721
2.960531914893617    -0.0051181371199582335
2.962340425531915    -0.005560702165658952
2.9641489361702127    -0.006630265603956356
2.9659574468085106    -0.008126396708304413
2.9677659574468085    -0.009445522409289569
2.9695744680851064    -0.010343719491233593
2.9713829787234043    -0.0111311948192656
2.973191489361702    -0.012105284896194186
2.975    -0.01303548672587478
2.976808510638298    -0.01338282325385251
2.978617021276596    -0.012929839442549537
2.980425531914894    -0.011998829493566784
2.9822340425531917    -0.011047941412412735
2.9840425531914896    -0.01024344851899036
2.9858510638297875    -0.009519099162826263
2.9876595744680854    -0.008873528324288858
2.989468085106383    -0.00836410634255233
2.9912765957446807    -0.007824091057223655
2.9930851063829786    -0.006857530117412084
2.9948936170212765    -0.0052950120488327816
2.9967021276595744    -0.0035172932531700157
2.9985106382978723    -0.002072354081496937
3.0003191489361702    -0.000963052733132728
3.002127659574468    0.00041530306999831856
3.003936170212766    0.002441309181677565
3.005744680851064    0.004541861388370712
3.007553191489362    0.0056383772923387365
3.0093617021276597    0.005410531388301427
3.0111702127659576    0.0048581054417002854
3.0129787234042555    0.005340473269544234
3.0147872340425534    0.0071232045064324664
3.0165957446808513    0.009153516892943407
3.0184042553191492    0.010342286715910753
3.0202127659574467    0.010780195481757994
3.0220212765957446    0.011400869010854756
3.0238297872340425    0.012570587027828064
3.0256382978723404    0.01346091731560162
3.0274468085106383    0.013070734379652948
3.029255319148936    0.011632612719994717
3.031063829787234    0.010581804866808025
3.032872340425532    0.011029297507193336
3.03468085106383    0.012555854331724563
3.036489361702128    0.013763654736139011
3.0382978723404257    0.013870343422001497
3.0401063829787236    0.013415443514632391
3.0419148936170215    0.01335001988789844
3.0437234042553194    0.01380304403974279
3.0455319148936173    0.014094574190835204
3.047340425531915    0.013844076000133283
3.0491489361702127    0.013605444101361386
3.0509574468085106    0.014164169840098006
3.0527659574468085    0.015457095354542951
3.0545744680851064    0.016587184166085418
3.0563829787234043    0.016948338371602225
3.058191489361702    0.016994918321698794
3.06    0.017642921740756438
3.061808510638298    0.01907347268449967
3.063617021276596    0.020482291066283614
3.0654255319148938    0.02108138605994193
3.0672340425531917    0.021042947917259133
3.0690425531914896    0.02118104897881513
3.0708510638297875    0.02182412526898084
3.0726595744680854    0.022361824377088908
3.0744680851063833    0.022035862539309763
3.076276595744681    0.020919335134974393
3.0780851063829786    0.019815040928635518
3.0798936170212765    0.019236223803723213
3.0817021276595744    0.01880752329057481
3.0835106382978723    0.01782869727649006
3.08531914893617    0.016212199021777746
3.087127659574468    0.01455950748384182
3.088936170212766    0.01332128492211837
3.090744680851064    0.0121948187719275
3.092553191489362    0.010563691246968824
3.0943617021276597    0.00837949034961371
3.0961702127659576    0.006297441863138695
3.0979787234042555    0.00486701239574811
3.0997872340425534    0.003824924377928902
3.1015957446808513    0.002412945142471358
3.103404255319149    0.0003304145512793826
3.105212765957447    -0.001862573218760359
3.1070212765957446    -0.0033647136662046644
3.1088297872340425    -0.00399121669820382
3.1106382978723404    -0.004266819555194711
3.1124468085106383    -0.004753346956753597
3.114255319148936    -0.005492561800928006
3.116063829787234    -0.006155685238068134
3.117872340425532    -0.0065508982222399915
3.11968085106383    -0.0068019053728417735
3.1214893617021278    -0.007083521386194386
3.1232978723404257    -0.007386177207910495
3.1251063829787236    -0.007615334564208714
3.1269148936170215    -0.007781365840350338
3.1287234042553194    -0.007948054190420792
3.1305319148936173    -0.008057940484180936
3.132340425531915    -0.00799323526558429
3.134148936170213    -0.007853591451537406
3.1359574468085105    -0.008004937110317476
3.1377659574468084    -0.008688318055098567
3.1395744680851063    -0.009627510676768312
3.141382978723404    -0.01020212039227769
3.143191489361702    -0.010068069065128629
3.145    -0.009479047772267555
3.146808510638298    -0.008888905726347441
3.148617021276596    -0.008341018506471376
3.1504255319148937    -0.007453594590574127
3.1522340425531916    -0.006033957957140099
3.1540425531914895    -0.004494583562633941
3.1558510638297874    -0.0034667384337583127
3.1576595744680853    -0.0030677524495528645
3.159468085106383    -0.0027791617582001663
3.161276595744681    -0.002130723075550486
3.163085106382979    -0.0013282105853189962
3.1648936170212765    -0.0010117639420753584
3.1667021276595744    -0.0014545091788821483
3.1685106382978723    -0.002245389056970349
3.17031914893617    -0.0028676634542238325
3.172127659574468    -0.0034029339101837638
3.173936170212766    -0.004416603155208067
3.175744680851064    -0.0061557401604910075
3.1775531914893618    -0.008106308475768481
3.1793617021276597    -0.009504180844186262
3.1811702127659576    -0.01015977820142242
3.1829787234042555    -0.010554008196734547
3.1847872340425534    -0.011113381414985456
3.1865957446808513    -0.011624342801127953
3.188404255319149    -0.011533947909291709
3.190212765957447    -0.01071118348694521
3.192021276595745    -0.009659131970830135
3.1938297872340424    -0.008914632715574083
3.1956382978723403    -0.008434111406234875
3.1974468085106382    -0.0077466513897526835
3.199255319148936    -0.006623130740158077
3.201063829787234    -0.005357315139850334
3.202872340425532    -0.00432410904822848
3.20468085106383    -0.0034656760859702596
3.2064893617021277    -0.002423433199751624
3.2082978723404256    -0.0011172255483139206
3.2101063829787235    6.18939693701121e-05
3.2119148936170214    0.0007586503201965067
3.2137234042553193    0.001195572082241889
3.2155319148936172    0.0019783927336432076
3.217340425531915    0.0033353688320585948
3.219148936170213    0.004732031980252761
3.220957446808511    0.0053862435326288835
3.2227659574468084    0.005115472637196168
3.2245744680851063    0.004544381479465479
3.226382978723404    0.004459772013392627
3.228191489361702    0.005057498930875243
3.23    0.005856788447131688
3.231808510638298    0.006243621001344375
3.233617021276596    0.0059876581827437445
3.2354255319148937    0.005283020002535623
3.2372340425531916    0.0044526158084839005
3.2390425531914895    0.0036846467583977445
3.2408510638297874    0.0029513854167275656
3.2426595744680853    0.00205799371196105
3.244468085106383    0.000796858066786085
3.246276595744681    -0.0008187660532628796
3.248085106382979    -0.002442304385842875
3.249893617021277    -0.003629464100099365
3.251702127659575    -0.004276455844113564
3.2535106382978722    -0.004745048800110809
3.25531914893617    -0.005412702372790453
3.257127659574468    -0.006122769520647428
3.258936170212766    -0.006279602734546929
3.260744680851064    -0.005607815100259232
3.2625531914893617    -0.004671920616316395
3.2643617021276596    -0.004394376268372319
3.2661702127659575    -0.005026043753982771
3.2679787234042554    -0.005827261315621566
3.2697872340425533    -0.005953274608309427
3.2715957446808512    -0.0055182619823437255
3.273404255319149    -0.0054746669158901515
3.275212765957447    -0.0063672572435990935
3.277021276595745    -0.007500891798048165
3.278829787234043    -0.0076571364854562726
3.2806382978723407    -0.006577716138306719
3.282446808510638    -0.00538055264591856
3.284255319148936    -0.0053055510466788365
3.286063829787234    -0.00625626527525093
3.287872340425532    -0.0069149253799380105
3.28968085106383    -0.00630448686607776
3.2914893617021277    -0.0048943273443092655
3.2932978723404256    -0.003925591264470117
3.2951063829787235    -0.0038488686440768605
3.2969148936170214    -0.003836338935163733
3.2987234042553193    -0.0029270080910638735
3.300531914893617    -0.0012965958895419577
3.302340425531915    -3.592125384550317e-05
3.304148936170213    0.0002339845851492141
3.305957446808511    0.0001049719302511755
3.307765957446809    0.0005437827793185395
3.3095744680851067    0.001586234121174914
3.311382978723404    0.0022621056430876772
3.313191489361702    0.0018425593588637275
3.315    0.0008008493457647928
3.316808510638298    0.00025978184090373916
3.3186170212765957    0.0006366146287148113
3.3204255319148936    0.0011909008449816811
3.3222340425531915    0.00100208526368585
3.3240425531914894    0.00011092146867390518
3.3258510638297873    -0.0005749362914632698
3.3276595744680852    -0.00040286368641173414
3.329468085106383    0.00032499510570859044
3.331276595744681    0.000875890584879724
3.333085106382979    0.0010479291513560696
3.334893617021277    0.0013178468165724031
3.3367021276595747    0.002075036101908214
3.3385106382978726    0.0030166114608397745
3.34031914893617    0.0034835571558180334
3.342127659574468    0.0032553006233994063
3.343936170212766    0.002782500610806296
3.345744680851064    0.002637747360613707
3.3475531914893617    0.0029427068222271095
3.3493617021276596    0.0034246598407368166
3.3511702127659575    0.0038514400138731724
3.3529787234042554    0.004187777377683541
3.3547872340425533    0.004374215148104507
3.356595744680851    0.004230734453309024
3.358404255319149    0.003730646451320735
3.360212765957447    0.0032039086284460496
3.362021276595745    0.00301582509772794
3.363829787234043    0.00304566177655726
3.3656382978723407    0.0027346622069615942
3.3674468085106386    0.0018056226447481956
3.369255319148936    0.0007719076178313022
3.371063829787234    0.00045677003308198486
3.372872340425532    0.0009802325106474284
3.3746808510638298    0.0014793095138476038
3.3764893617021277    0.001031511200197215
3.3782978723404256    -0.0002705054414542295
3.3801063829787235    -0.0014423198562073577
3.3819148936170214    -0.0018461483344743988
3.3837234042553193    -0.002029575446547666
3.385531914893617    -0.003070016185395458
3.387340425531915    -0.00517240930501614
3.389148936170213    -0.007254404839280974
3.390957446808511    -0.008096195170088546
3.3927659574468088    -0.007709937702152421
3.3945744680851067    -0.007278598129638722
3.3963829787234046    -0.007737764802679703
3.398191489361702    -0.008720431558168767
3.4    -0.009127470861071013
3.401808510638298    -0.008590461991512198
3.4036170212765957    -0.008011901270582851
3.4054255319148936    -0.008511552638017542
3.4072340425531915    -0.010053970020629034
3.4090425531914894    -0.011407877567258756
3.4108510638297873    -0.011474898063628466
3.412659574468085    -0.010412575532814402
3.414468085106383    -0.00928519396238772
3.416276595744681    -0.008754155449842782
3.418085106382979    -0.008390275253906924
3.419893617021277    -0.007335454778305174
3.4217021276595747    -0.00540046519287519
3.4235106382978726    -0.0032567153868645685
3.4253191489361705    -0.0015814191750899292
3.427127659574468    -0.000288469837328622
3.428936170212766    0.0012175041199746996
3.4307446808510638    0.0031558546742543993
3.4325531914893617    0.005016673405243244
3.4343617021276596    0.006191506918622978
3.4361702127659575    0.0067795741763611765
3.4379787234042554    0.007529380195932785
3.4397872340425533    0.00894557637652513
3.441595744680851    0.010632354208005176
3.443404255319149    0.011679777472284214
3.445212765957447    0.011653850880891915
3.447021276595745    0.011034276150065608
3.4488297872340428    0.010611014282079001
3.4506382978723407    0.01058465559996425
3.4524468085106386    0.01043386002227309
3.4542553191489365    0.009657690768425427
3.456063829787234    0.008448893787627709
3.457872340425532    0.007476252527107312
3.4596808510638297    0.007075776293811927
3.4614893617021276    0.0068808466942165275
3.4632978723404255    0.006361563618620614
3.4651063829787234    0.0055904111347170014
3.4669148936170213    0.005243109517817188
3.468723404255319    0.00578218710654986
3.470531914893617    0.006807397964956474
3.472340425531915    0.00739573432134503
3.474148936170213    0.007064017186308717
3.475957446808511    0.006221684898001253
3.4777659574468087    0.0055920887933192005
3.4795744680851066    0.0053275331778511546
3.4813829787234045    0.004894957004748467
3.4831914893617024    0.0038384586500828898
3.4850000000000003    0.0024420470121091463
3.4868085106382978    0.0014600880270700042
3.4886170212765957    0.001253661776435897
3.4904255319148936    0.0013957476297471226
3.4922340425531915    0.0012013032991493797
3.4940425531914894    0.000497476359663717
3.4958510638297873    -0.0002897436527483336
3.497659574468085    -0.0007462376081354247
3.499468085106383    -0.0009423616134646771
3.501276595744681    -0.0012087654493306253
3.503085106382979    -0.0016198180871542798
3.5048936170212768    -0.001932002426927626
3.5067021276595747    -0.0020294372810005386
3.5085106382978726    -0.0021935851043955244
3.5103191489361705    -0.0027677814907209795
3.5121276595744684    -0.0036728453418028843
3.5139361702127663    -0.004490775648470575
3.5157446808510637    -0.0050566652986631135
3.5175531914893616    -0.005735872665888535
3.5193617021276595    -0.006921673104084827
3.5211702127659574    -0.00836538986830762
3.5229787234042553    -0.009285759902606406
3.5247872340425532    -0.009242841328996677
3.526595744680851    -0.008705159453602033
3.528404255319149    -0.008529076719936612
3.530212765957447    -0.008934174076338208
3.532021276595745    -0.009255142173479234
3.5338297872340427    -0.008813865661019415
3.5356382978723406    -0.0078299280558054
3.5374468085106385    -0.007213213276383865
3.5392553191489364    -0.007493850747767454
3.5410638297872343    -0.008241807932053218
3.5428723404255322    -0.008688926021574778
3.5446808510638297    -0.008715831406513537
3.5464893617021276    -0.008922435288898642
3.5482978723404255    -0.009733253724811873
3.5501063829787234    -0.01076281974532895
3.5519148936170213    -0.01129638450310858
3.553723404255319    -0.011228543936991848
3.555531914893617    -0.01117927555083409
3.557340425531915    -0.011623051257465338
3.559148936170213    -0.01222739333620416
3.560957446808511    -0.012341765567108252
3.5627659574468087    -0.01200049010778585
3.5645744680851066    -0.012024548009632584
3.5663829787234045    -0.012951959100326942
3.5681914893617024    -0.014145428341309005
3.5700000000000003    -0.014336420530022624
3.571808510638298    -0.013064715532845087
3.5736170212765956    -0.011253818037353184
3.5754255319148935    -0.010164691329095464
3.5772340425531914    -0.0099848069280971
3.5790425531914893    -0.009769439763583387
3.5808510638297872    -0.008745485269986272
3.582659574468085    -0.007287393503584176
3.584468085106383    -0.0063521832009304745
3.586276595744681    -0.006176646427985492
3.588085106382979    -0.005972778218020995
3.5898936170212767    -0.005010861046340088
3.5917021276595746    -0.0036348182185420765
3.5935106382978725    -0.0028369453245237226
3.5953191489361704    -0.0029236778677745687
3.5971276595744683    -0.0030291166493394183
3.5989361702127662    -0.0021546484458957052
3.600744680851064    -0.00042018293978791704
3.6025531914893616    0.001093056738789414
3.6043617021276595    0.0017262780905965263
3.6061702127659574    0.002084227399468648
3.6079787234042553    0.003249286251289242
3.609787234042553    0.005366261522747729
3.611595744680851    0.0074000306929645505
3.613404255319149    0.008371381474896031
3.615212765957447    0.008507051302513722
