0.0    0.0
0.0018085106382978724    0.0
0.003617021276595745    0.0
0.005425531914893617    0.0
0.00723404255319149    0.0
0.009042553191489363    0.0
0.010851063829787235    0.0
0.012659574468085107    0.0
0.01446808510638298    0.0
0.016276595744680853    0.0
0.018085106382978725    0.0
0.019893617021276597    0.0
0.02170212765957447    0.0
0.023510638297872342    0.0
0.025319148936170214    0.0
0.027127659574468086    0.0
0.02893617021276596    0.0
0.03074468085106383    0.0
0.032553191489361706    0.0
0.03436170212765958    0.0
0.03617021276595745    0.0
0.03797872340425532    0.0
0.039787234042553195    0.0
0.04159574468085107    0.0
0.04340425531914894    0.0
0.04521276595744681    0.0
0.047021276595744683    0.0
0.048829787234042556    0.0
0.05063829787234043    0.0
0.0524468085106383    0.0
0.05425531914893617    0.0
0.056063829787234044    0.0
0.05787234042553192    0.0
0.05968085106382979    0.0
0.06148936170212766    0.0
0.06329787234042554    0.0
0.06510638297872341    0.0
0.06691489361702128    0.0
0.06872340425531916    0.0
0.07053191489361703    0.0
0.0723404255319149    0.0
0.07414893617021277    0.0
0.07595744680851065    0.0
0.07776595744680852    0.0
0.07957446808510639    0.0
0.08138297872340426    0.0
0.08319148936170213    0.0
0.085    0.0
0.08680851063829788    0.0
0.08861702127659575    0.0
0.09042553191489362    0.0
0.0922340425531915    0.0
0.09404255319148937    0.0
0.09585106382978724    0.0
0.09765957446808511    0.0
0.09946808510638298    0.0
0.10127659574468086    0.0
0.10308510638297873    0.0
0.1048936170212766    0.0
0.10670212765957447    0.0
0.10851063829787234    0.0
0.11031914893617022    0.0
0.11212765957446809    0.0
0.11393617021276596    0.0
0.11574468085106383    0.0
0.1175531914893617    0.0
0.11936170212765958    0.0
0.12117021276595745    0.0
0.12297872340425532    0.0
0.1247872340425532    0.0
0.12659574468085108    0.0
0.12840425531914895    0.0
0.13021276595744682    0.0
0.1320212765957447    0.0
0.13382978723404257    0.0
0.13563829787234044    0.0
0.1374468085106383    0.0
0.13925531914893619    0.0
0.14106382978723406    0.0
0.14287234042553193    0.0
0.1446808510638298    0.0
0.14648936170212767    0.0
0.14829787234042555    0.0
0.15010638297872342    0.0
0.1519148936170213    0.0
0.15372340425531916    0.0
0.15553191489361703    0.0
0.1573404255319149    0.0
0.15914893617021278    0.0
0.16095744680851065    0.0
0.16276595744680852    0.0
0.1645744680851064    0.0
0.16638297872340427    0.0
0.16819148936170214    0.0
0.17    0.0
0.17180851063829788    0.0
0.17361702127659576    0.0
0.17542553191489363    0.0
0.1772340425531915    0.0
0.17904255319148937    0.0
0.18085106382978725    0.0
0.18265957446808512    0.0
0.184468085106383    0.0
0.18627659574468086    0.0
0.18808510638297873    0.0
0.1898936170212766    0.0
0.19170212765957448    0.0
0.19351063829787235    0.0
0.19531914893617022    0.0
0.1971276595744681    0.0
0.19893617021276597    0.0
0.20074468085106384    0.0
0.2025531914893617    0.0
0.20436170212765958    0.0
0.20617021276595746    0.0
0.20797872340425533    0.0
0.2097872340425532    0.0
0.21159574468085107    0.0
0.21340425531914894    0.0
0.21521276595744682    0.0
0.2170212765957447    0.0
0.21882978723404256    0.0
0.22063829787234043    0.0
0.2224468085106383    0.0
0.22425531914893618    0.0
0.22606382978723405    0.0
0.22787234042553192    0.0
0.2296808510638298    0.0
0.23148936170212767    0.0
0.23329787234042554    0.0
0.2351063829787234    0.0
0.23691489361702128    0.0
0.23872340425531915    0.0
0.24053191489361703    0.0
0.2423404255319149    0.0
0.24414893617021277    0.0
0.24595744680851064    0.0
0.24776595744680852    0.0
0.2495744680851064    0.0
0.25138297872340426    0.0
0.25319148936170216    0.0
0.255    0.0
0.2568085106382979    0.0
0.25861702127659575    0.0
0.26042553191489365    0.0
0.2622340425531915    0.0
0.2640425531914894    0.0
0.26585106382978724    0.0
0.26765957446808514    0.0
0.269468085106383    0.0
0.2712765957446809    0.0
0.2730851063829787    0.0
0.2748936170212766    0.0
0.27670212765957447    0.0
0.27851063829787237    0.0
0.2803191489361702    0.0
0.2821276595744681    0.0
0.28393617021276596    0.0
0.28574468085106386    0.0
0.2875531914893617    0.0
0.2893617021276596    0.0
0.29117021276595745    0.0
0.29297872340425535    0.0
0.2947872340425532    0.0
0.2965957446808511    0.0
0.29840425531914894    0.0
0.30021276595744684    0.0
0.3020212765957447    0.0
0.3038297872340426    0.0
0.3056382978723404    0.0
0.3074468085106383    0.0
0.30925531914893617    0.0
0.31106382978723407    0.0
0.3128723404255319    0.0
0.3146808510638298    5e-324
0.31648936170212766    2.5084e-320
0.31829787234042556    8.7454367e-317
0.3201063829787234    2.1597558878e-313
0.3219148936170213    3.97975264007733e-310
0.32372340425531915    5.686866930171127e-307
0.32553191489361705    6.49142870942158e-304
0.3273404255319149    6.0601596985791705e-301
0.3291489361702128    4.7164874694905265e-298
0.33095744680851064    3.109116518317205e-295
0.33276595744680854    1.7593258354704274e-292
0.3345744680851064    8.643823907086881e-290
0.3363829787234043    3.7239201174913273e-287
0.3381914893617021    1.4189531910868668e-284
0.34    4.818362960317013e-282
0.34180851063829787    1.4679559823593857e-279
0.34361702127659577    4.0365888863734653e-277
0.3454255319148936    1.007267778433164e-274
0.3472340425531915    2.2920216212557197e-272
0.34904255319148936    4.776997103577547e-270
0.35085106382978726    9.155950151434747e-268
0.3526595744680851    1.6198159353938172e-265
0.354468085106383    2.6540755242273585e-263
0.35627659574468085    4.040200341993586e-261
0.35808510638297875    5.730456077168209e-259
0.3598936170212766    7.593392035786696e-257
0.3617021276595745    9.423777552560041e-255
0.36351063829787233    1.0979075751677146e-252
0.36531914893617023    1.2033749993448467e-250
0.3671276595744681    1.2434081067944107e-248
0.368936170212766    1.213479995494396e-246
0.3707446808510638    1.1205647607496438e-244
0.3725531914893617    9.807553233820181e-243
0.37436170212765957    8.148849316884338e-241
0.37617021276595747    6.437218885442909e-239
0.3779787234042553    4.841568681817471e-237
0.3797872340425532    3.47173761168319e-235
0.38159574468085106    2.376500708644672e-233
0.38340425531914896    1.5548513369768878e-231
0.3852127659574468    9.734274795622973e-230
0.3870212765957447    5.83797466738455e-228
0.38882978723404255    3.3575502158973945e-226
0.39063829787234045    1.8536239260966487e-224
0.3924468085106383    9.832800992640193e-223
0.3942553191489362    5.016363114834565e-221
0.39606382978723403    2.4634251052785258e-219
0.39787234042553193    1.1654538563646036e-217
0.3996808510638298    5.3162792542212296e-216
0.4014893617021277    2.3399955613078357e-214
0.4032978723404255    9.945831877291992e-213
0.4051063829787234    4.085053899977505e-211
0.40691489361702127    1.6225011387050193e-209
0.40872340425531917    6.2357908880624e-208
0.410531914893617    2.3205749062721817e-206
0.4123404255319149    8.366914824982324e-205
0.41414893617021276    2.9245531222552954e-203
0.41595744680851066    9.915800716829254e-202
0.4177659574468085    3.2629567885097077e-200
0.4195744680851064    1.0426610065395683e-198
0.42138297872340424    3.2370432865983096e-197
0.42319148936170214    9.768893464755506e-196
0.425    2.8671119006793326e-194
0.4268085106382979    8.187485426722814e-193
0.42861702127659573    2.275940496241455e-191
0.43042553191489363    6.161230807906449e-190
0.4322340425531915    1.6250105496855356e-188
0.4340425531914894    4.1774126018752066e-187
0.4358510638297872    1.047119051751775e-185
0.4376595744680851    2.5603077329284063e-184
0.43946808510638297    6.108867691071665e-183
0.44127659574468087    1.4228596200500113e-181
0.4430851063829787    3.2363241779065993e-180
0.4448936170212766    7.190881584201304e-179
0.44670212765957445    1.5613483073041587e-177
0.44851063829787235    3.31396868051655e-176
0.4503191489361702    6.878084725920838e-175
0.4521276595744681    1.3963460332710406e-173
0.45393617021276594    2.7736863837085955e-172
0.45574468085106384    5.392490135718925e-171
0.4575531914893617    1.026395469675449e-169
0.4593617021276596    1.9131805052072202e-168
0.46117021276595743    3.493272457390594e-167
0.46297872340425533    6.249722880209812e-166
0.46478723404255323    1.0958585622819138e-164
0.4665957446808511    1.883755820915552e-163
0.468404255319149    3.1752602963559403e-162
0.4702127659574468    5.249577968746444e-161
0.4720212765957447    8.514575790286915e-160
0.47382978723404257    1.3551770998890859e-158
0.47563829787234047    2.117005762380324e-157
0.4774468085106383    3.2466634377062313e-156
0.4792553191489362    4.889178307957026e-155
0.48106382978723405    7.231192009663142e-154
0.48287234042553195    1.050628860939903e-152
0.4846808510638298    1.4998306117269111e-151
0.4864893617021277    2.1041402480700484e-150
0.48829787234042554    2.901556416083296e-149
0.49010638297872344    3.933631818349519e-148
0.4919148936170213    5.243768370262253e-147
0.4937234042553192    6.874790273458134e-146
0.49553191489361703    8.865821691372969e-145
0.49734042553191493    1.1248586336039755e-143
0.4991489361702128    1.4043346083175921e-142
0.5009574468085106    1.7254792196947328e-141
0.5027659574468085    2.086828085948666e-140
0.5045744680851064    2.484684908859445e-139
0.5063829787234043    2.9129444672881e-138
0.5081914893617021    3.363074629618403e-137
0.51    3.824283659682194e-136
0.5118085106382979    4.283882899926416e-135
0.5136170212765958    4.727835459588743e-134
0.5154255319148936    5.141461069128546e-133
0.5172340425531915    5.510248412410433e-132
0.5190425531914894    5.820711624090275e-131
0.5208510638297873    6.0612194155858074e-130
0.5226595744680851    6.222724842905614e-129
0.524468085106383    6.299331381664022e-128
0.5262765957446809    6.288645934218455e-127
0.5280851063829788    6.191889851606399e-126
0.5298936170212766    6.013762458842407e-125
0.5317021276595745    5.762075026054976e-124
0.5335106382978724    5.4471938156256935e-123
0.5353191489361703    5.081346433351308e-122
0.5371276595744681    4.677854693323837e-121
0.538936170212766    4.250359005504975e-120
0.5407446808510639    3.8120943088282256e-119
0.5425531914893618    3.37526701784547e-118
0.5443617021276596    2.95056811198175e-117
0.5461702127659575    2.546841417701945e-116
0.5479787234042554    2.170910311355482e-115
0.5497872340425533    1.8275521923220406e-114
0.551595744680851    1.5195993451916398e-113
0.5534042553191489    1.2481378630655273e-112
0.5552127659574468    1.0127732255225475e-111
0.5570212765957447    8.119315329299636e-111
0.5588297872340425    6.431685827637992e-110
0.5606382978723404    5.03464047652342e-109
0.5624468085106383    3.894840646724231e-108
0.5642553191489362    2.978017470447803e-107
0.566063829787234    2.2507082934206722e-106
0.5678723404255319    1.68152411713977e-105
0.5696808510638298    1.241983452275922e-104
0.5714893617021277    9.069715291374259e-104
0.5732978723404255    6.548960613734819e-103
0.5751063829787234    4.676136336927087e-102
0.5769148936170213    3.30196637339321e-101
0.5787234042553192    2.3060191843952865e-100
0.580531914893617    1.5929111031989234e-99
0.5823404255319149    1.0884075944645948e-98
0.5841489361702128    7.356911408927752e-98
0.5859574468085107    4.919664286920015e-97
0.5877659574468085    3.2549396353776945e-96
0.5895744680851064    2.130831013631886e-95
0.5913829787234043    1.3803342955610687e-94
0.5931914893617022    8.848688024050974e-94
0.595    5.613872011108091e-93
0.5968085106382979    3.5250427319417145e-92
0.5986170212765958    2.190853409182755e-91
0.6004255319148937    1.3478379409911658e-90
0.6022340425531915    8.208530306192964e-90
0.6040425531914894    4.949075023938555e-89
0.6058510638297873    2.954205456806172e-88
0.6076595744680852    1.745991420352502e-87
0.609468085106383    1.0217734059749703e-86
0.6112765957446809    5.921123337613349e-86
0.6130851063829788    3.397943904388596e-85
0.6148936170212767    1.9311502943453788e-84
0.6167021276595744    1.0869974768332971e-83
0.6185106382978723    6.060075658285636e-83
0.6203191489361702    3.346483641166655e-82
0.6221276595744681    1.830561258182215e-81
0.6239361702127659    9.919462339490185e-81
0.6257446808510638    5.325046085721199e-80
0.6275531914893617    2.832126919107264e-79
0.6293617021276596    1.4923770411770884e-78
0.6311702127659574    7.79189319827809e-78
0.6329787234042553    4.031138941613393e-77
0.6347872340425532    2.0665900442828872e-76
0.6365957446808511    1.0498900587866875e-75
0.6384042553191489    5.28587720201653e-75
0.6402127659574468    2.6375129538723586e-74
0.6420212765957447    1.3043575368144858e-73
0.6438297872340426    6.393566154007787e-73
0.6456382978723404    3.1063743283131784e-72
0.6474468085106383    1.4960561626495221e-71
0.6492553191489362    7.142406761818562e-71
0.6510638297872341    3.380357623407656e-70
0.6528723404255319    1.5860637716528249e-69
0.6546808510638298    7.377969259078242e-69
0.6564893617021277    3.402743741287767e-68
0.6582978723404256    1.556021514567659e-67
0.6601063829787234    7.055265942104256e-67
0.6619148936170213    3.172048716484565e-66
0.6637234042553192    1.4142036577330488e-65
0.6655319148936171    6.252395496097737e-65
0.6673404255319149    2.7413203433356333e-64
0.6691489361702128    1.1919779996145897e-63
0.6709574468085107    5.140292053599406e-63
0.6727659574468086    2.198539223739681e-62
0.6745744680851063    9.326593300112822e-62
0.6763829787234042    3.924366456509316e-61
0.6781914893617021    1.6379054711013347e-60
0.68    6.781030788188592e-60
0.6818085106382978    2.7848693124893285e-59
0.6836170212765957    1.1345680206062738e-58
0.6854255319148936    4.585503688124828e-58
0.6872340425531915    1.8386044358777855e-57
0.6890425531914893    7.313883691014648e-57
0.6908510638297872    2.88655484918412e-56
0.6926595744680851    1.1303082947601617e-55
0.694468085106383    4.391495675699849e-55
0.6962765957446809    1.6929313581443994e-54
0.6980851063829787    6.475753074270349e-54
0.6998936170212766    2.457976599689687e-53
0.7017021276595745    9.257932933184817e-53
0.7035106382978724    3.460279891574702e-52
0.7053191489361702    1.283456728383906e-51
0.7071276595744681    4.7242810979390553e-51
0.708936170212766    1.7257831556568062e-50
0.7107446808510639    6.256681119198665e-50
0.7125531914893617    2.2512318683450428e-49
0.7143617021276596    8.039439412366272e-49
0.7161702127659575    2.849517751815749e-48
0.7179787234042554    1.0024611943780557e-47
0.7197872340425532    3.500456854903454e-47
0.7215957446808511    1.213257573798998e-46
0.723404255319149    4.174095652778806e-46
0.7252127659574469    1.4254851045206602e-45
0.7270212765957447    4.832406763790674e-45
0.7288297872340426    1.6262010127948565e-44
0.7306382978723405    5.432555388281559e-44
0.7324468085106384    1.8016165299934675e-43
0.7342553191489362    5.9314066388493406e-43
0.7360638297872341    1.9386476954108105e-42
0.737872340425532    6.290634736981028e-42
0.7396808510638299    2.02652877701692e-41
0.7414893617021276    6.481596388605446e-41
0.7432978723404255    2.05821191881803e-40
0.7451063829787234    6.48910657289448e-40
0.7469148936170213    2.031300043098099e-39
0.7487234042553191    6.313425572192717e-39
0.750531914893617    1.9483418343065832e-38
0.7523404255319149    5.970098005885437e-38
0.7541489361702128    1.816439404583504e-37
0.7559574468085106    5.487698925787191e-37
0.7577659574468085    1.646251292155805e-36
0.7595744680851064    4.9039369568849146e-36
0.7613829787234043    1.4505835745901688e-35
0.7631914893617021    4.260845766330298e-35
0.765    1.2428248572724058e-34
0.7668085106382979    3.5999030613878862e-34
0.7686170212765958    1.0354853586706112e-33
0.7704255319148936    2.95784045361541e-33
0.7722340425531915    8.390509196527901e-33
0.7740425531914894    2.3636853827712145e-32
0.7758510638297873    6.61277287722085e-32
0.7776595744680851    1.8372774961983893e-31
0.779468085106383    5.069528412284467e-31
0.7812765957446809    1.389204836281015e-30
0.7830851063829788    3.780724314163545e-30
0.7848936170212766    1.021874654025401e-29
0.7867021276595745    2.743076039589903e-29
0.7885106382978724    7.313060907102494e-29
0.7903191489361703    1.9363550504993143e-28
0.7921276595744681    5.092117274401595e-28
0.793936170212766    1.3299715684572943e-27
0.7957446808510639    3.45000426341314e-27
0.7975531914893618    8.888588213586069e-27
0.7993617021276596    2.2744908332088506e-26
0.8011702127659575    5.780641198499167e-26
0.8029787234042554    1.4591845581740623e-25
0.8047872340425533    3.658378123832311e-25
0.806595744680851    9.10988037615489e-25
0.808404255319149    2.2531174299687568e-24
0.8102127659574468    5.534816082523442e-24
0.8120212765957447    1.3504288443647992e-23
0.8138297872340425    3.272578526893866e-23
0.8156382978723404    7.876962944789516e-23
0.8174468085106383    1.8831207011016317e-22
0.8192553191489362    4.471448059349001e-22
0.821063829787234    1.0545537495614776e-21
0.8228723404255319    2.470241048121231e-21
0.8246808510638298    5.747240651627932e-21
0.8264893617021277    1.3280914328811254e-20
0.8282978723404255    3.0482036380766986e-20
0.8301063829787234    6.948739066793515e-20
0.8319148936170213    1.573303165920717e-19
0.8337234042553192    3.5380284273885062e-19
0.835531914893617    7.902246017917426e-19
0.8373404255319149    1.7529828598423554e-18
0.8391489361702128    3.862246437517601e-18
0.8409574468085107    8.451513556803545e-18
0.8427659574468085    1.836783320326401e-17
0.8445744680851064    3.964666982424594e-17
0.8463829787234043    8.499179109843217e-17
0.8481914893617022    1.8095248377899637e-16
0.85    3.826175778306311e-16
0.8518085106382979    8.034766644218289e-16
0.8536170212765958    1.675654370180498e-15
0.8554255319148937    3.470507186292432e-15
0.8572340425531915    7.13826938368837e-15
0.8590425531914894    1.4580693810457232e-14
0.8608510638297873    2.957618384115959e-14
0.8626595744680852    5.9576887544459e-14
0.864468085106383    1.1917299477018266e-13
0.8662765957446809    2.3671975343579765e-13
0.8680851063829788    4.669168716945112e-13
0.8698936170212767    9.145015346487265e-13
0.8717021276595744    1.7785253126240906e-12
0.8735106382978723    3.4344474613714966e-12
0.8753191489361702    6.5851385050115245e-12
0.8771276595744681    1.2536423689953445e-11
0.8789361702127659    2.369583991292481e-11
0.8807446808510638    4.4468113582774907e-11
0.8825531914893617    8.284978047985465e-11
0.8843617021276596    1.5324538481778212e-10
0.8861702127659574    2.8139965838086324e-10
0.8879787234042553    5.129629059064846e-10
0.8897872340425532    9.282395251221615e-10
0.8915957446808511    1.6673648783756397e-09
0.8934042553191489    2.972910471058421e-09
0.8952127659574468    5.261347199393826e-09
0.8970212765957447    9.241844112438582e-09
0.8988297872340426    1.6111970398497886e-08
0.9006382978723404    2.7877124095485186e-08
0.9024468085106383    4.7867049232221157e-08
0.9042553191489362    8.156312854934887e-08
0.9060638297872341    1.3791065363584718e-07
0.9078723404255319    2.3137991211989862e-07
0.9096808510638298    3.851709129754021e-07
0.9114893617021277    6.36145244801737e-07
0.9132978723404256    1.0423362544787476e-06
0.9151063829787234    1.694262457599255e-06
0.9169148936170213    2.7317818680672643e-06
0.9187234042553192    4.368915348012831e-06
0.9205319148936171    6.929977537351328e-06
0.9223404255319149    1.0901526886279089e-05
0.9241489361702128    1.7006117611938085e-05
0.9259574468085107    2.630562458041564e-05
0.9277659574468086    4.03440027731073e-05
0.9295744680851065    6.134166718657149e-05
0.9313829787234043    9.24560853455856e-05
0.9331914893617022    0.00013812539558402301
0.935    0.0002045134789779295
0.936808510638298    0.00030007531049469735
0.9386170212765957    0.0004362597664792822
0.9404255319148936    0.0006283623145198986
0.9422340425531915    0.0008965308988976069
0.9440425531914894    0.0012669134754755285
0.9458510638297872    0.0017729136826564458
0.9476595744680851    0.0024564909614701673
0.949468085106383    0.003369402564576534
0.9512765957446809    0.004574237876550447
0.9530851063829787    0.006145042433642091
0.9548936170212766    0.008167274228314588
0.9567021276595745    0.01073678516427519
0.9585106382978724    0.013957485631835364
0.9603191489361702    0.017937342643557178
0.9621276595744681    0.022782396497598226
0.963936170212766    0.028588572952507083
0.9657446808510639    0.03543123127180886
0.9675531914893617    0.04335263231603863
0.9693617021276596    0.05234783544677764
0.9711702127659575    0.062349925587945734
0.9729787234042554    0.07321590251050662
0.9747872340425532    0.08471498369612891
0.9765957446808511    0.09652141062515258
0.978404255319149    0.10821402061143491
0.9802127659574469    0.11928475955055269
0.9820212765957447    0.12915787894016567
0.9838297872340426    0.1372207225590485
0.9856382978723405    0.14286575103229676
0.9874468085106384    0.14554183215385563
0.9892553191489362    0.14481098312527135
0.9910638297872341    0.1404049212532404
0.992872340425532    0.13227427623045512
0.9946808510638299    0.12062250252048673
0.9964893617021277    0.10591676101496239
0.9982978723404256    0.08886959141484538
1.0001063829787233    0.07038818329938198
1.0019148936170212    0.05149234517222154
1.0037234042553191    0.033207442888204056
1.005531914893617    0.01644390767577559
1.007340425531915    0.0018794350960847535
1.0091489361702128    -0.01013736137107342
1.0109574468085107    -0.019643291988186276
1.0127659574468086    -0.027062088443411035
1.0145744680851063    -0.033143494860134716
1.0163829787234042    -0.03884255336970072
1.0181914893617021    -0.04515326579803946
1.02    -0.052921677085959955
1.021808510638298    -0.06267110817156785
1.0236170212765958    -0.0744744668546223
1.0254255319148937    -0.08790374182786104
1.0272340425531916    -0.10207470357907644
1.0290425531914893    -0.11578692933470158
1.0308510638297872    -0.12773865508850235
1.032659574468085    -0.13677702054176782
1.034468085106383    -0.14213181511916828
1.036276595744681    -0.14357892161249763
1.0380851063829788    -0.14149040590130924
1.0398936170212767    -0.13675084060137643
1.0417021276595746    -0.1305499626567871
1.0435106382978723    -0.12409338522538105
1.0453191489361702    -0.11829766404408606
1.047127659574468    -0.11354605637489332
1.048936170212766    -0.1095721868379888
1.0507446808510639    -0.10551061942767806
1.0525531914893618    -0.10011153747235499
1.0543617021276597    -0.09207154852913094
1.0561702127659576    -0.08039663399704525
1.0579787234042553    -0.0646979759293696
1.0597872340425532    -0.04533361038120959
1.061595744680851    -0.02334785923257078
1.063404255319149    -0.00021721573641569208
1.0652127659574468    0.022529882694569174
1.0670212765957447    0.04370932877976471
1.0688297872340426    0.06277215558451532
1.0706382978723405    0.0798947229108537
1.0724468085106382    0.09583216927761304
1.0742553191489361    0.11157423869411115
1.076063829787234    0.12791028539358912
1.077872340425532    0.1450468840553329
1.0796808510638298    0.16241185625005922
1.0814893617021277    0.17872215129582264
1.0832978723404256    0.19230582909472765
1.0851063829787235    0.20157880900318453
1.0869148936170212    0.20551696258232466
1.088723404255319    0.20395753283609258
1.090531914893617    0.1976171514898008
1.092340425531915    0.18781155762575186
1.0941489361702128    0.17597113193363612
1.0959574468085107    0.1631262234278108
1.0977659574468086    0.14955459735420829
1.0995744680851065    0.13472910962147888
1.1013829787234042    0.11759337490533472
1.103191489361702    0.09706655259078101
1.105    0.07258458099107074
1.1068085106382979    0.044463615690609345
1.1086170212765958    0.013934797373662162
1.1104255319148937    -0.017173449409646158
1.1122340425531916    -0.04698754097951112
1.1140425531914895    -0.07415875916534345
1.1158510638297872    -0.09822288401041532
1.117659574468085    -0.11960503384706672
1.119468085106383    -0.13927315795932016
1.1212765957446809    -0.15819412319210896
1.1230851063829788    -0.1768335907716435
1.1248936170212767    -0.19492342171012694
1.1267021276595746    -0.21160138136616324
1.1285106382978725    -0.22585684298378805
1.1303191489361701    -0.23706913271326657
1.132127659574468    -0.24537165515474912
1.133936170212766    -0.25164521825925273
1.1357446808510638    -0.2571121607094005
1.1375531914893617    -0.2626953523988301
1.1393617021276596    -0.2684331078645292
1.1411702127659575    -0.27323813907825584
1.1429787234042554    -0.2751492437947493
1.1447872340425531    -0.27200642935345914
1.146595744680851    -0.2622822620003716
1.148404255319149    -0.24571861766800723
1.1502127659574468    -0.2234927219844982
1.1520212765957447    -0.1978394406736006
1.1538297872340426    -0.17129555957770015
1.1556382978723405    -0.14589382908354137
1.1574468085106384    -0.12264237336848788
1.1592553191489363    -0.1014757689978133
1.161063829787234    -0.0816327254052121
1.162872340425532    -0.062218507860510086
1.1646808510638298    -0.0426471283222752
1.1664893617021277    -0.02275834992424372
1.1682978723404256    -0.002610450071513667
1.1701063829787235    0.017853755064900244
1.1719148936170214    0.03899475589070676
1.1737234042553193    0.06133735128816257
1.175531914893617    0.08513577535403169
1.1773404255319149    0.10988525008304703
1.1791489361702128    0.1341057616823865
1.1809574468085107    0.155617060963578
1.1827659574468086    0.17226994815874444
1.1845744680851065    0.1828299215844171
1.1863829787234044    0.1875778415822207
1.1881914893617023    0.18828639594673066
1.19    0.1875196716919588
1.1918085106382978    0.1875445565551945
1.1936170212765957    0.18935672998150768
1.1954255319148936    0.19228917279654315
1.1972340425531915    0.1943948220981653
1.1990425531914894    0.19341506864616267
1.2008510638297873    0.1878594771473617
1.2026595744680852    0.17767948225099814
1.204468085106383    0.16423976271608035
1.2062765957446808    0.1496534845171553
1.2080851063829787    0.13585548745187312
1.2098936170212766    0.12388036696756585
1.2117021276595745    0.11365463328684894
1.2135106382978724    0.1043092400791556
1.2153191489361703    0.09475162637956241
1.2171276595744682    0.08415247282897098
1.218936170212766    0.07212963570875469
1.2207446808510638    0.05864757745906318
1.2225531914893617    0.04383201137307473
1.2243617021276596    0.027909976160217384
1.2261702127659575    0.011330789044075348
1.2279787234042554    -0.005074420886986734
1.2297872340425533    -0.020122836456429174
1.2315957446808512    -0.032623515538330164
1.2334042553191489    -0.04192155057064592
1.2352127659574468    -0.048324880250101246
1.2370212765957447    -0.05308386353504298
1.2388297872340426    -0.05781916267829641
1.2406382978723405    -0.06363846166055115
1.2424468085106384    -0.07042970094182152
1.2442553191489363    -0.07678763449556858
1.2460638297872342    -0.08070381309410299
1.2478723404255319    -0.08070115090635785
1.2496808510638298    -0.07679331372493797
1.2514893617021277    -0.07069733156807698
1.2532978723404256    -0.06512296953160893
1.2551063829787235    -0.06248645004083023
1.2569148936170214    -0.06373937025432985
1.2587234042553193    -0.06795354596747108
1.2605319148936172    -0.07287938401603383
1.2623404255319148    -0.07614637926452617
1.2641489361702127    -0.0764248759819548
1.2659574468085106    -0.0739221374520859
1.2677659574468085    -0.07000006187537677
1.2695744680851064    -0.06621643850285924
1.2713829787234043    -0.06339467798893372
1.2731914893617022    -0.06124986366032782
1.2750000000000001    -0.058715434828337076
1.2768085106382978    -0.05468280681370356
1.2786170212765957    -0.0486550375051735
1.2804255319148936    -0.0409343242200014
1.2822340425531915    -0.03230240886778313
1.2840425531914894    -0.023473338756653646
1.2858510638297873    -0.014697218948360076
1.2876595744680852    -0.005736539614272812
1.289468085106383    0.0038379708529152796
1.2912765957446808    0.01427761832913382
1.2930851063829787    0.02545251725043508
1.2948936170212766    0.036891609768510095
1.2967021276595745    0.047967770108093416
1.2985106382978724    0.058075162780268114
1.3003191489361703    0.06672732322680967
1.3021276595744682    0.07362104271091287
1.303936170212766    0.07874111244417521
1.3057446808510638    0.08249158833291735
1.3075531914893617    0.08571988098968993
1.3093617021276596    0.08948676861647646
1.3111702127659575    0.09458639297300757
1.3129787234042554    0.10104578329624385
1.3147872340425533    0.10794850390258874
1.3165957446808512    0.11379614601901829
1.318404255319149    0.11728551384617751
1.3202127659574467    0.11805644066403907
1.3220212765957446    0.11690606091332005
1.3238297872340425    0.11526122840843671
1.3256382978723404    0.11418840167735582
1.3274468085106383    0.11357135473404996
1.3292553191489362    0.11203355357525151
1.3310638297872341    0.10772103968648288
1.332872340425532    0.0994829011616765
1.3346808510638297    0.08768680548647291
1.3364893617021276    0.0741128627026892
1.3382978723404255    0.06096343522558005
1.3401063829787234    0.04961479597849823
1.3419148936170213    0.03991422257258338
1.3437234042553192    0.030463964423589077
1.3455319148936171    0.019675061897194333
1.347340425531915    0.006870020169523962
1.3491489361702127    -0.007292977921291088
1.3509574468085106    -0.021315205699813617
1.3527659574468085    -0.03388018599494129
1.3545744680851064    -0.044673772988340577
1.3563829787234043    -0.0544491154761383
1.3581914893617022    -0.06433398818690865
1.36    -0.07490180705482478
1.361808510638298    -0.08566385810948822
1.3636170212765957    -0.09531601034097521
1.3654255319148936    -0.10254027789844318
1.3672340425531915    -0.10680068132661565
1.3690425531914894    -0.10861810022224198
1.3708510638297873    -0.10919492649300931
1.3726595744680852    -0.10969302352633999
1.374468085106383    -0.11065100530222426
1.376276595744681    -0.11186718959616383
1.3780851063829787    -0.11272663166123871
1.3798936170212766    -0.11267629963500127
1.3817021276595745    -0.1115238012885567
1.3835106382978724    -0.10942671147887927
1.3853191489361703    -0.10667752890712436
1.3871276595744682    -0.1034993976925118
1.388936170212766    -0.09999988279818924
1.390744680851064    -0.09627108854274195
1.3925531914893619    -0.09250849726260095
1.3943617021276595    -0.08902311734385827
1.3961702127659574    -0.08611677290236648
1.3979787234042553    -0.08389480935824194
1.3997872340425532    -0.08213475307600028
1.4015957446808511    -0.08030005606865144
1.403404255319149    -0.07771550558913283
1.405212765957447    -0.07384343152079327
1.4070212765957448    -0.0685433851268711
1.4088297872340425    -0.06218201582743017
1.4106382978723404    -0.05550470930788877
1.4124468085106383    -0.04929086493183352
1.4142553191489362    -0.043950624483007836
1.416063829787234    -0.03929672095155512
1.417872340425532    -0.034661086094128365
1.41968085106383    -0.029324366361832763
1.4214893617021278    -0.023003557249494475
1.4232978723404255    -0.01606546878385834
1.4251063829787234    -0.00929146353315827
1.4269148936170213    -0.0033307083986721196
1.4287234042553192    0.0017744613622006898
1.430531914893617    0.006627791515373783
1.432340425531915    0.01202194174552593
1.4341489361702129    0.018299967128708933
1.4359574468085108    0.025011942482064814
1.4377659574468085    0.031146320379023915
1.4395744680851064    0.035790405249985696
1.4413829787234043    0.03874097972399351
1.4431914893617022    0.04061032246457409
1.445    0.04234960501272268
1.446808510638298    0.04455637360458037
1.4486170212765959    0.04709809118073312
1.4504255319148938    0.04933503287830236
1.4522340425531914    0.050754297028115375
1.4540425531914893    0.05150238483287381
1.4558510638297872    0.05238284803240904
1.4576595744680851    0.054305531151822656
1.459468085106383    0.05760369365656126
1.461276595744681    0.06173897123300369
1.4630851063829788    0.06561678348310139
1.4648936170212767    0.0682759444174459
1.4667021276595744    0.06945271090321316
1.4685106382978723    0.06964170378081973
1.4703191489361702    0.06966715283003448
1.4721276595744681    0.07012213634850996
1.473936170212766    0.07107599230176585
1.475744680851064    0.07219142189406329
1.4775531914893618    0.07306724205895994
1.4793617021276597    0.07349185649260322
1.4811702127659574    0.07343371809904632
1.4829787234042553    0.07285668056747856
1.4847872340425532    0.07159514477555658
1.486595744680851    0.0694404630635682
1.488404255319149    0.06636778311650045
1.490212765957447    0.06267903836891152
1.4920212765957448    0.05889303521780892
1.4938297872340427    0.055431797536287214
1.4956382978723404    0.05234481641811238
1.4974468085106383    0.049309288177517535
1.4992553191489362    0.04593603860336749
1.501063829787234    0.04215960751451654
1.502872340425532    0.038400618987121854
1.5046808510638299    0.03534210172860705
1.5064893617021278    0.03345250837518128
1.5082978723404257    0.03259818085337664
1.5101063829787233    0.03205001666265854
1.5119148936170212    0.030916611133821048
1.5137234042553191    0.028720658703044154
1.515531914893617    0.02571142062432276
1.517340425531915    0.022678061286255713
1.5191489361702128    0.02038509616707493
1.5209574468085107    0.0190346768064117
1.5227659574468086    0.01815262067091434
1.5245744680851063    0.016986113008121917
1.5263829787234042    0.015112258402241653
1.5281914893617021    0.012785469468574742
1.53    0.010743002318438659
1.531808510638298    0.009608237782747005
1.5336170212765958    0.009356327769624789
1.5354255319148937    0.00927151190060238
1.5372340425531916    0.008443861336004187
1.5390425531914893    0.006423031690056867
1.5408510638297872    0.0035171816755075035
1.542659574468085    0.0005090430212355609
1.544468085106383    -0.0019696015185558962
1.546276595744681    -0.0038960814146165508
1.5480851063829788    -0.005794673941117408
1.5498936170212767    -0.008245393966125244
1.5517021276595746    -0.011406472610998938
1.5535106382978723    -0.01495321282466469
1.5553191489361702    -0.01844881066328353
1.557127659574468    -0.02177698153482071
1.558936170212766    -0.02522467651476324
1.5607446808510639    -0.029137057168170735
1.5625531914893618    -0.033469161933642466
1.5643617021276597    -0.03766290916156331
1.5661702127659576    -0.04099072298609126
1.5679787234042553    -0.043090121994496314
1.5697872340425532    -0.04424256683148488
1.571595744680851    -0.045171368664970846
1.573404255319149    -0.04653851587403361
1.5752127659574469    -0.04854594195859316
1.5770212765957448    -0.050911899847912
1.5788297872340427    -0.05315221471702236
1.5806382978723406    -0.05487418132760488
1.5824468085106382    -0.05586806777259157
1.5842553191489361    -0.05603558743880967
1.586063829787234    -0.05534680075914837
1.587872340425532    -0.05392149757351615
1.5896808510638298    -0.05211871459469852
1.5914893617021277    -0.05044585185934107
1.5932978723404256    -0.04926903372374905
1.5951063829787235    -0.0485471744448079
1.5969148936170212    -0.04785196215184338
1.5987234042553191    -0.046695668698686826
1.600531914893617    -0.04488703124292978
1.602340425531915    -0.0425827072018556
1.6041489361702128    -0.039979620026335344
1.6059574468085107    -0.03694912373000543
1.6077659574468086    -0.03299388581891112
1.6095744680851065    -0.027612578389674063
1.6113829787234042    -0.02075708473458806
1.613191489361702    -0.012952740532641102
1.615    -0.004949419908276447
1.616808510638298    0.002795405340017769
1.6186170212765958    0.010346939097936547
1.6204255319148937    0.01805681839709549
1.6222340425531916    0.026115516576773967
1.6240425531914895    0.03432180782925517
1.6258510638297874    0.04225173100365235
1.627659574468085    0.04960498479327883
1.629468085106383    0.056354708825101386
1.6312765957446809    0.06256937865470669
1.6330851063829788    0.06814423809092993
1.6348936170212767    0.0727775761811125
1.6367021276595746    0.07624779312251972
1.6385106382978725    0.07869137051041672
1.6403191489361704    0.08054345168491156
1.642127659574468    0.08214528703287863
1.643936170212766    0.08339496189455053
1.6457446808510638    0.08381249121911838
1.6475531914893617    0.08298325060491618
1.6493617021276596    0.0809445010773068
1.6511702127659575    0.07811865998557993
1.6529787234042554    0.07486229024381683
1.6547872340425533    0.0711194338971945
1.656595744680851    0.06658397932631724
1.658404255319149    0.061238114283089395
1.6602127659574468    0.055687015058591735
1.6620212765957447    0.05084990168774037
1.6638297872340426    0.04720771177135011
1.6656382978723405    0.04431885563925103
1.6674468085106384    0.041141635224258705
1.6692553191489363    0.03695166073876484
1.671063829787234    0.032028005001479884
1.672872340425532    0.027436224260922633
1.6746808510638298    0.024062758938952995
1.6764893617021277    0.021778892216714953
1.6782978723404256    0.019520678179521245
1.6801063829787235    0.01622432426149572
1.6819148936170214    0.011753860924441348
1.6837234042553193    0.006969918881123353
1.685531914893617    0.0029022374347572686
1.6873404255319149    -0.00018193166723000104
1.6891489361702128    -0.0029649878961947665
1.6909574468085107    -0.006413859250167981
1.6927659574468086    -0.010947270681651144
1.6945744680851065    -0.016203961776897726
1.6963829787234044    -0.021526905617051267
1.6981914893617023    -0.026584584197203286
1.7    -0.031505985991331725
1.7018085106382979    -0.03649830071602177
1.7036170212765958    -0.041478274642042234
1.7054255319148937    -0.046181292965814
1.7072340425531916    -0.05061583070635793
1.7090425531914895    -0.05528099802064258
1.7108510638297874    -0.06077915359289886
1.7126595744680853    -0.0671275575278291
1.714468085106383    -0.07347983620408945
1.7162765957446808    -0.07863763478649134
1.7180851063829787    -0.08196216890759205
1.7198936170212766    -0.08386391813491594
1.7217021276595745    -0.08541539211051498
1.7235106382978724    -0.08745069324334347
1.7253191489361703    -0.08997908661266983
1.7271276595744682    -0.09239949793753845
1.728936170212766    -0.09421871739422537
1.7307446808510638    -0.09553559658610832
1.7325531914893617    -0.09686485350602426
1.7343617021276596    -0.09857117263887057
1.7361702127659575    -0.10053783225258701
1.7379787234042554    -0.10237677403243471
1.7397872340425533    -0.10388603546831603
1.7415957446808512    -0.10523002628507706
1.7434042553191489    -0.10667382796775744
1.7452127659574468    -0.10821581254302957
1.7470212765957447    -0.10955597624775242
1.7488297872340426    -0.110423379196404
1.7506382978723405    -0.11085120622463353
1.7524468085106384    -0.11103798136330863
1.7542553191489363    -0.11092177677264149
1.7560638297872342    -0.109967413108198
1.7578723404255319    -0.10748091178499901
1.7596808510638298    -0.10319430963118013
1.7614893617021277    -0.09752795403921953
1.7632978723404256    -0.09122873008310951
1.7651063829787235    -0.08471949911810724
1.7669148936170214    -0.07780453279999168
1.7687234042553193    -0.07001504732542575
1.7705319148936172    -0.06121687835779098
1.7723404255319148    -0.051838124792203705
1.7741489361702127    -0.04249167279354138
1.7759574468085106    -0.03342288234594572
1.7777659574468085    -0.02440338080502559
1.7795744680851064    -0.015206262627928215
1.7813829787234043    -0.006148583870921688
1.7831914893617022    0.0019286824668196612
1.7850000000000001    0.008313137098998485
1.7868085106382978    0.013109526897585027
1.7886170212765957    0.017283693142531364
1.7904255319148936    0.02197308990677685
1.7922340425531915    0.02765490974015279
1.7940425531914894    0.033871708069018146
1.7958510638297873    0.039681672661993385
1.7976595744680852    0.04437534082484739
1.7994680851063831    0.04786269589503923
1.8012765957446808    0.05053086794915245
1.8030851063829787    0.05284420089328578
1.8048936170212766    0.05506671940294242
1.8067021276595745    0.057238150705471884
1.8085106382978724    0.05927774883340086
1.8103191489361703    0.06107706337791021
1.8121276595744682    0.06257946715083271
1.813936170212766    0.06388381663219805
1.8157446808510638    0.06529980906004818
1.8175531914893617    0.06722337711457105
1.8193617021276596    0.06985208529101111
1.8211702127659575    0.07298800135997921
1.8229787234042554    0.07617771572679574
1.8247872340425533    0.07913100805051729
1.8265957446808512    0.0820365808567852
1.828404255319149    0.08543480421993668
1.8302127659574468    0.08972844865217097
1.8320212765957447    0.09479279604586482
1.8338297872340426    0.10006640584980764
1.8356382978723405    0.10502132130456024
1.8374468085106384    0.10953129900962316
1.8392553191489363    0.11378943537262606
1.8410638297872342    0.11792744957802878
1.842872340425532    0.12180373578704451
1.8446808510638297    0.12520560901888697
1.8464893617021276    0.12820569736470003
1.8482978723404255    0.1312045618044664
1.8501063829787234    0.1345352128324094
1.8519148936170213    0.1380258886341423
1.8537234042553192    0.14102042777890125
1.8555319148936171    0.14289669541267805
1.857340425531915    0.1435878487556155
1.859148936170213    0.1435852289239752
1.8609574468085106    0.1434224857122137
1.8627659574468085    0.14315241505204226
1.8645744680851064    0.14229638861619961
1.8663829787234043    0.14023900308010487
1.8681914893617022    0.1366268915613509
1.87    0.13142863297207827
1.871808510638298    0.12473968633692958
1.873617021276596    0.116646452469258
1.8754255319148936    0.1072663552361417
1.8772340425531915    0.09677363289120577
1.8790425531914894    0.08524094185493386
1.8808510638297873    0.07245762823708554
1.8826595744680852    0.05805650321981229
1.884468085106383    0.04197470617990731
1.886276595744681    0.02479418298603152
1.8880851063829789    0.0074797949001270125
1.8898936170212766    -0.009369594756764611
1.8917021276595745    -0.02602274997270769
1.8935106382978724    -0.04325971955728879
1.8953191489361703    -0.06141532221426586
1.8971276595744682    -0.07979861210925272
1.898936170212766    -0.09717193741846282
1.900744680851064    -0.11286657290005457
1.9025531914893619    -0.1273549165324826
1.9043617021276595    -0.14159105926776167
1.9061702127659574    -0.1557445330076498
1.9079787234042553    -0.1686864208395319
1.9097872340425532    -0.17886976699488683
1.9115957446808511    -0.18576119680304687
1.913404255319149    -0.1903198517632867
1.915212765957447    -0.19396539757527304
1.9170212765957448    -0.19707903054362708
1.9188297872340425    -0.198616854666536
1.9206382978723404    -0.1972580543825565
1.9224468085106383    -0.1928705197100512
1.9242553191489362    -0.18672999626953857
1.9260638297872341    -0.18027627737389473
1.927872340425532    -0.17377952123837587
1.92968085106383    -0.16637919931009398
1.9314893617021278    -0.15743493892271754
1.9332978723404255    -0.14766091468355547
1.9351063829787234    -0.13873008807018794
1.9369148936170213    -0.13171272258068567
1.9387234042553192    -0.1260138651792992
1.940531914893617    -0.11996028738997477
1.942340425531915    -0.11241995712228056
1.944148936170213    -0.10375704803046787
1.9459574468085108    -0.09520153029118714
1.9477659574468085    -0.08745317940452033
1.9495744680851064    -0.08010584859147957
1.9513829787234043    -0.07245445660810404
1.9531914893617022    -0.06463740123092424
1.955    -0.057708227420007474
1.956808510638298    -0.052508507323905204
1.9586170212765959    -0.048641016696555045
1.9604255319148938    -0.044767846607705636
1.9622340425531914    -0.039959197325047546
1.9640425531914893    -0.03461084892128734
1.9658510638297872    -0.02991965398246227
1.9676595744680851    -0.02652467935118543
1.969468085106383    -0.023842007060604298
1.971276595744681    -0.020800367907525034
1.9730851063829788    -0.017076219720395067
1.9748936170212767    -0.013381570682828099
1.9767021276595744    -0.01049196665969487
1.9785106382978723    -0.008188336096268938
1.9803191489361702    -0.005391233995567908
1.9821276595744681    -0.0013616192945706722
1.983936170212766    0.0034366958739971854
1.985744680851064    0.007866275248636985
1.9875531914893618    0.011489886706941479
1.9893617021276597    0.015237826830769512
1.9911702127659574    0.02058740633392326
1.9929787234042553    0.028149538234987413
1.9947872340425532    0.0372157373391327
1.996595744680851    0.04670260133476994
1.998404255319149    0.056334778071680726
2.0002127659574467    0.06668049187252204
2.0020212765957446    0.0780478605228904
2.0038297872340425    0.08962184753357544
2.0056382978723404    0.09995005442770233
2.0074468085106383    0.10828003885977433
2.009255319148936    0.11520560387834561
2.011063829787234    0.121853023887256
2.012872340425532    0.12854891845087074
2.01468085106383    0.13454064784306669
2.016489361702128    0.13910587653907885
2.0182978723404257    0.142709851666315
2.0201063829787236    0.14674322655948757
2.0219148936170215    0.15201433744620324
2.0237234042553194    0.15769221167750797
2.0255319148936173    0.1619779193895694
2.0273404255319147    0.16382751444527954
2.0291489361702126    0.1637996357297355
2.0309574468085105    0.1630555665853229
2.0327659574468084    0.16166502235217156
2.0345744680851063    0.15821965458054044
2.0363829787234042    0.15128740535284457
2.038191489361702    0.14108914766387037
2.04    0.1294368355373784
2.041808510638298    0.11790979573292468
2.043617021276596    0.10629398884235339
2.0454255319148937    0.0930930333097422
2.0472340425531916    0.07760500838999845
2.0490425531914895    0.06123878359470328
2.0508510638297874    0.0465215547776041
2.0526595744680853    0.034811483557441264
2.0544680851063832    0.025207291979520548
2.0562765957446807    0.015846748364953603
2.0580851063829786    0.006133889570978292
2.0598936170212765    -0.0025996881351703707
2.0617021276595744    -0.008738671385927614
2.0635106382978723    -0.01248292991087045
2.06531914893617    -0.01602079965814779
2.067127659574468    -0.021510737388457817
2.068936170212766    -0.02900669075099644
2.070744680851064    -0.03650606456525874
2.072553191489362    -0.04199064579340905
2.0743617021276597    -0.04525361662356992
2.0761702127659576    -0.047691574673624275
2.0779787234042555    -0.05053019208761821
2.0797872340425534    -0.05354487175796601
2.0815957446808513    -0.055565391466908996
2.083404255319149    -0.055963368411792676
2.085212765957447    -0.0553337398233334
2.0870212765957445    -0.054693958204952535
2.0888297872340424    -0.05429304152579518
2.0906382978723403    -0.05347118210489072
2.0924468085106382    -0.05164846191888089
2.094255319148936    -0.04916211790555639
2.096063829787234    -0.04692129977054999
2.097872340425532    -0.04532795661544175
2.09968085106383    -0.043799752447753366
2.1014893617021277    -0.04147880390143876
2.1032978723404256    -0.0382673244640856
2.1051063829787235    -0.034951829276295844
2.1069148936170214    -0.03230121451931601
2.1087234042553193    -0.03027315452461104
2.1105319148936172    -0.028322904208839303
2.112340425531915    -0.026448833402363536
2.114148936170213    -0.02567145208404501
2.1159574468085105    -0.027267109128302817
2.1177659574468084    -0.03153762982229779
2.1195744680851063    -0.03746624192882431
2.121382978723404    -0.043613233625518645
2.123191489361702    -0.04921371094824065
2.125    -0.054279267813176095
2.126808510638298    -0.05873658576822039
2.128617021276596    -0.061784844087776326
2.1304255319148937    -0.06236613345552421
2.1322340425531916    -0.06027584223740972
2.1340425531914895    -0.05661930777025819
2.1358510638297874    -0.0530161483161232
2.1376595744680853    -0.0503512048158531
2.139468085106383    -0.0483532971840328
2.141276595744681    -0.0463235109337936
2.143085106382979    -0.044076524441680136
2.1448936170212765    -0.042037657735717514
2.1467021276595744    -0.04051628518208145
2.1485106382978723    -0.03913348184676269
2.15031914893617    -0.03711777039069349
2.152127659574468    -0.034088141435437
2.153936170212766    -0.030365452131238445
2.155744680851064    -0.026457930214286135
2.1575531914893618    -0.022376748187057163
2.1593617021276597    -0.01761899187279821
2.1611702127659576    -0.011813956148828814
2.1629787234042555    -0.005214192292688911
2.1647872340425534    0.0015810915477776346
2.1665957446808513    0.008320871859010943
2.168404255319149    0.015332808922597162
2.170212765957447    0.022959802841318495
2.172021276595745    0.030849187324020387
2.1738297872340424    0.03796218094053288
2.1756382978723403    0.04336141331716505
2.177446808510638    0.04694562497999009
2.179255319148936    0.04937091374902027
2.181063829787234    0.05132450795724481
2.182872340425532    0.053002623530243216
2.18468085106383    0.05431184889732376
2.1864893617021277    0.055407681941690094
2.1882978723404256    0.05680163676101909
2.1901063829787235    0.05884125693638521
2.1919148936170214    0.061174620590969335
2.1937234042553193    0.06287401170778525
2.195531914893617    0.06314582715323963
2.197340425531915    0.061890642397915474
2.199148936170213    0.059566453186804466
2.200957446808511    0.05659338625538976
2.2027659574468084    0.052987704787773926
2.2045744680851063    0.04854539492109755
2.206382978723404    0.043215975506727594
2.208191489361702    0.037145854197195044
2.21    0.030373398272503196
2.211808510638298    0.022652275666468588
2.2136170212765958    0.013735714944186406
2.2154255319148937    0.0038570263730891667
2.2172340425531916    -0.006159458583158536
2.2190425531914895    -0.0153459894582843
2.2208510638297874    -0.023176452095008435
2.2226595744680853    -0.02974019787769294
2.224468085106383    -0.03543226452356096
2.226276595744681    -0.04057755653049054
2.228085106382979    -0.04535074874009494
2.229893617021277    -0.04989120662961159
2.2317021276595743    -0.05426546380611165
2.233510638297872    -0.058206253386777596
2.23531914893617    -0.06097301192602213
2.237127659574468    -0.06165984339392003
2.238936170212766    -0.05979513847581787
2.240744680851064    -0.055701346587926456
2.2425531914893617    -0.050283626678722215
2.2443617021276596    -0.04448279094901941
2.2461702127659575    -0.03891945421406964
2.2479787234042554    -0.03396404014455966
2.2497872340425533    -0.029966156420034945
2.251595744680851    -0.027253084729314835
2.253404255319149    -0.025860910268719728
2.255212765957447    -0.025328099815480877
2.257021276595745    -0.02482688526234978
2.258829787234043    -0.023541528402143873
2.2606382978723403    -0.020987270388002396
2.262446808510638    -0.01711371187817909
2.264255319148936    -0.012283075262184157
2.266063829787234    -0.007213846054210635
2.267872340425532    -0.0027960610418645386
2.2696808510638298    0.00031606189206755684
2.2714893617021277    0.002126315950438455
2.2732978723404256    0.0032993462416559863
2.2751063829787235    0.004581120295078914
2.2769148936170214    0.006085996014770563
2.2787234042553193    0.00716879401681772
2.280531914893617    0.007096719256490195
2.282340425531915    0.005890013853015727
2.284148936170213    0.004433229951453602
2.285957446808511    0.0036547557711431745
2.2877659574468088    0.003559668753410599
2.2895744680851062    0.0031179442547662984
2.291382978723404    0.0011719338938557958
2.293191489361702    -0.002512151080478817
2.295    -0.00706888332196162
2.296808510638298    -0.01135626556677601
2.2986170212765957    -0.014914897634019838
2.3004255319148936    -0.01815148991129037
2.3022340425531915    -0.02170456665892328
2.3040425531914894    -0.025761871588754218
2.3058510638297873    -0.030012114092909277
2.3076595744680852    -0.034120595237668076
2.309468085106383    -0.038057012919978976
2.311276595744681    -0.04187324417496955
2.313085106382979    -0.0452506642866466
2.314893617021277    -0.04744404066998253
2.3167021276595747    -0.047793274639315174
2.3185106382978726    -0.046294411036768145
2.32031914893617    -0.04360070870068173
2.322127659574468    -0.04040321066927587
2.323936170212766    -0.03678208483833844
2.325744680851064    -0.032140391031709674
2.3275531914893617    -0.02573848174889161
2.3293617021276596    -0.017287562791730736
2.3311702127659575    -0.007091023439278293
2.3329787234042554    0.004264808479555253
2.3347872340425533    0.016257946035342447
2.336595744680851    0.02848977163716778
2.338404255319149    0.04052973114533976
2.340212765957447    0.051848183092042456
2.342021276595745    0.06197465184148667
2.343829787234043    0.07070889750994072
2.3456382978723407    0.07814076322266811
2.3474468085106386    0.0844670846153596
2.349255319148936    0.08982984064921862
2.351063829787234    0.09435025087512428
2.352872340425532    0.09826382267053194
2.3546808510638297    0.10190657489394253
2.3564893617021276    0.10546774342038831
2.3582978723404255    0.10873470659547887
2.3601063829787234    0.11114634778065768
2.3619148936170213    0.11220106411228833
2.3637234042553192    0.11189537501854913
2.365531914893617    0.11079300270614159
2.367340425531915    0.10964566026065395
2.369148936170213    0.1088948017635605
2.370957446808511    0.10847116140992047
2.3727659574468087    0.10799636005357793
2.3745744680851066    0.10710661316715434
2.3763829787234045    0.10555279788549579
2.378191489361702    0.10303065473338982
2.38    0.09902505705341724
2.381808510638298    0.0929575426444127
2.3836170212765957    0.08460174706759202
2.3854255319148936    0.07441735001755176
2.3872340425531915    0.06347358462776725
2.3890425531914894    0.052968515216666304
2.3908510638297873    0.04367683931026975
2.392659574468085    0.03568856756333226
2.394468085106383    0.028548212501223025
2.396276595744681    0.021625789210718845
2.398085106382979    0.014464878813712438
2.399893617021277    0.006954182127731232
2.4017021276595747    -0.0006948343611343829
2.4035106382978726    -0.008113552772655495
2.4053191489361705    -0.015010784979137656
2.407127659574468    -0.021368388098158702
2.408936170212766    -0.02747071657116253
2.4107446808510637    -0.033709675727134486
2.4125531914893616    -0.04026440726092893
2.4143617021276595    -0.04688030986994875
2.4161702127659574    -0.05293328812243424
2.4179787234042553    -0.05776288659183726
2.4197872340425532    -0.061048026457359364
2.421595744680851    -0.06295759264465352
2.423404255319149    -0.06397519943624504
2.425212765957447    -0.06454328876196468
2.427021276595745    -0.06480477586832468
2.4288297872340427    -0.06463749342992405
2.4306382978723406    -0.06393987204492622
2.4324468085106385    -0.06291900611929387
2.4342553191489364    -0.062123346204112376
2.436063829787234    -0.062168234167397085
2.437872340425532    -0.06335757089295985
2.4396808510638297    -0.06548960317609326
2.4414893617021276    -0.06797522713842544
2.4432978723404255    -0.0701461987309922
2.4451063829787234    -0.07152397566222454
2.4469148936170213    -0.07193327530954632
2.448723404255319    -0.0715153711992457
2.450531914893617    -0.0707177129186363
2.452340425531915    -0.07021154998627233
2.454148936170213    -0.07063257980124485
2.455957446808511    -0.0721975914355103
2.4577659574468087    -0.07447314075505221
2.4595744680851066    -0.07655556875790398
2.4613829787234045    -0.07758979224877191
2.4631914893617024    -0.07722093393241983
2.465    -0.07562223322806613
2.4668085106382978    -0.07316328967190786
2.4686170212765957    -0.07012601786653494
2.4704255319148936    -0.06675112930614877
2.4722340425531915    -0.06344987719632841
2.4740425531914894    -0.0607862235934067
2.4758510638297873    -0.059122849718479295
2.477659574468085    -0.058296910258454876
2.479468085106383    -0.05775053273660945
2.481276595744681    -0.05705603029848223
2.483085106382979    -0.05629091244029065
2.4848936170212768    -0.055834512196750424
2.4867021276595747    -0.055794677625986444
2.4885106382978726    -0.05571014674695153
2.4903191489361705    -0.054884476722450184
2.4921276595744684    -0.05299992372353747
2.493936170212766    -0.05034502389822257
2.4957446808510637    -0.04743045013002342
2.4975531914893616    -0.04444454149253156
2.4993617021276595    -0.04112791608693721
2.5011702127659574    -0.03711130803385973
2.5029787234042553    -0.03223922814263512
2.504787234042553    -0.02652007011329792
2.506595744680851    -0.019905308648207498
2.508404255319149    -0.012348740845987145
2.510212765957447    -0.004183901210638486
2.512021276595745    0.0036871538608123696
2.5138297872340427    0.010222895922191806
2.5156382978723406    0.01501755131782362
2.5174468085106385    0.018649224507040353
2.5192553191489364    0.0221892703232869
2.5210638297872343    0.026340281271839364
2.5228723404255318    0.031065060064491744
2.5246808510638297    0.036004571477354315
2.5264893617021276    0.04110121736964568
2.5282978723404255    0.046665357046010235
2.5301063829787234    0.052840063758536164
2.5319148936170213    0.05916719823624194
2.533723404255319    0.06484589953364583
2.535531914893617    0.0694417465502824
2.537340425531915    0.07324448175179521
2.539148936170213    0.07684750409108773
2.5409574468085108    0.08039456535344211
2.5427659574468087    0.08330614306868639
2.5445744680851066    0.08476671285915979
2.5463829787234045    0.08445425535736925
2.5481914893617024    0.0827994654453453
2.5500000000000003    0.0806049530377626
2.551808510638298    0.07846760827244773
2.5536170212765956    0.07650608926097457
2.5554255319148935    0.07448168926527587
2.5572340425531914    0.07206054702158488
2.5590425531914893    0.06899619376435245
2.560851063829787    0.06520478673954333
2.562659574468085    0.06075911647396484
2.564468085106383    0.05577189763647265
2.566276595744681    0.05019862822288387
2.568085106382979    0.04375618019115818
2.5698936170212767    0.0361406806071875
2.5717021276595746    0.027417536189463493
2.5735106382978725    0.01817308284885169
2.5753191489361704    0.009175146366812652
2.5771276595744683    0.0008076051019348229
2.578936170212766    -0.007157862866668419
2.580744680851064    -0.015209295045033131
2.5825531914893616    -0.023533840652187405
2.5843617021276595    -0.03182796216307708
2.5861702127659574    -0.039612480345444095
2.5879787234042553    -0.04662569882015427
2.589787234042553    -0.05285414710877276
2.591595744680851    -0.05826741853065995
2.593404255319149    -0.06268277272796678
2.595212765957447    -0.06594808304245399
2.5970212765957448    -0.06814535894680636
2.5988297872340427    -0.06946237016314692
2.6006382978723406    -0.06985831355434073
2.6024468085106385    -0.06901610258249945
2.6042553191489364    -0.06677445094659591
2.6060638297872343    -0.06358051282128567
2.607872340425532    -0.06034767725029355
2.60968085106383    -0.05774265581700587
2.6114893617021275    -0.05564604112158303
2.6132978723404254    -0.05342124874861885
2.6151063829787233    -0.050731376288774624
2.6169148936170212    -0.04798772792868153
2.618723404255319    -0.04590363530880616
2.620531914893617    -0.04464831566464825
2.622340425531915    -0.04356288130271058
2.624148936170213    -0.04176032077025921
2.6259574468085107    -0.038930490760072836
2.6277659574468086    -0.03547447817259797
2.6295744680851065    -0.03190124219153559
2.6313829787234044    -0.028252527681603697
2.6331914893617023    -0.024208807344280908
2.6350000000000002    -0.01965760032632046
2.636808510638298    -0.014955763173529722
2.638617021276596    -0.010537327115156838
2.6404255319148935    -0.006363207130776302
2.6422340425531914    -0.0019351113440330692
2.6440425531914893    0.0030704249128034977
2.645851063829787    0.00824837079793467
2.647659574468085    0.012643282670660812
2.649468085106383    0.0155204002702356
2.651276595744681    0.01696736133202951
2.653085106382979    0.017775569552628413
2.6548936170212767    0.018796946936577644
2.6567021276595746    0.020414023561894576
2.6585106382978725    0.02250390460193588
2.6603191489361704    0.02473053105614266
2.6621276595744683    0.02679217359834659
2.663936170212766    0.028492191351291905
2.665744680851064    0.029769488751047984
2.667553191489362    0.03077712209422053
2.6693617021276594    0.03187873237294777
2.6711702127659573    0.03341917784843553
2.6729787234042552    0.03539470178497401
2.674787234042553    0.037364742406593814
2.676595744680851    0.038789803333988855
2.678404255319149    0.03955399319911449
2.680212765957447    0.04018092412091113
2.6820212765957447    0.04147694160567427
2.6838297872340426    0.04385964907600016
2.6856382978723405    0.04696108113056873
2.6874468085106384    0.04989785277531108
2.6892553191489363    0.05201724975669577
2.6910638297872342    0.05346987263488915
2.692872340425532    0.05506519711813502
2.69468085106383    0.05749419781252705
2.696489361702128    0.06061274777186652
2.6982978723404254    0.0634808470295537
2.7001063829787233    0.0651775638124607
2.701914893617021    0.06565834167336707
2.703723404255319    0.06583468784304206
2.705531914893617    0.06677207368256363
2.707340425531915    0.06874260124703671
2.709148936170213    0.07099438909261863
2.7109574468085107    0.07238759913584561
2.7127659574468086    0.0722397441224201
2.7145744680851065    0.07063119855473973
2.7163829787234044    0.06805558487983435
2.7181914893617023    0.06491110265133862
2.72    0.06130203594301248
2.721808510638298    0.057140581509664626
2.723617021276596    0.05226521549525315
2.725425531914894    0.04648684600106248
2.7272340425531914    0.03972663560907719
2.7290425531914893    0.03227172566895384
2.730851063829787    0.02483497157506924
2.732659574468085    0.018147242034571374
2.734468085106383    0.01235269925204454
2.736276595744681    0.006870478796490543
2.7380851063829788    0.0010033013264373475
2.7398936170212767    -0.0052778048430778286
2.7417021276595746    -0.011249041687413577
2.7435106382978725    -0.016200590750360767
2.7453191489361704    -0.020214004075834652
2.7471276595744683    -0.02404658844244336
2.748936170212766    -0.02823880205063197
2.750744680851064    -0.03248935101760137
2.752553191489362    -0.03604476795414826
2.75436170212766    -0.03864041434436145
2.7561702127659573    -0.040854485935932265
2.757978723404255    -0.04343288043515415
2.759787234042553    -0.04638802926494379
2.761595744680851    -0.04895896722871349
2.763404255319149    -0.05048847887837055
2.765212765957447    -0.05117354180312062
2.7670212765957447    -0.05180645766669618
2.7688297872340426    -0.05283474795033321
2.7706382978723405    -0.053852959094575666
2.7724468085106384    -0.05407877015971608
2.7742553191489363    -0.05319321115517523
2.776063829787234    -0.05157137784263271
2.777872340425532    -0.049750082649506526
2.77968085106383    -0.047880649953283304
2.781489361702128    -0.04579725292414392
2.783297872340426    -0.043452342717880725
2.7851063829787237    -0.041030540074533224
2.786914893617021    -0.038594142818344494
2.788723404255319    -0.03584498060514812
2.790531914893617    -0.03247481681695772
2.792340425531915    -0.028741912626826988
2.7941489361702128    -0.025485601915194382
2.7959574468085107    -0.023411051190683776
2.7977659574468086    -0.02240488203958218
2.7995744680851065    -0.021683123294762012
2.8013829787234044    -0.020620158725811674
2.8031914893617023    -0.019316254073032404
2.805    -0.018301314958963394
2.806808510638298    -0.017808179251948046
2.808617021276596    -0.017502281547099027
2.810425531914894    -0.016916706138793522
2.8122340425531918    -0.015970999023055814
2.8140425531914897    -0.01493452154144264
2.815851063829787    -0.013970702374792431
2.817659574468085    -0.01291179510083064
2.819468085106383    -0.011528623379496637
2.821276595744681    -0.009858835501578012
2.8230851063829787    -0.008108671791728507
2.8248936170212766    -0.006288254614065585
2.8267021276595745    -0.00415766525229606
2.8285106382978724    -0.001638894439696793
2.8303191489361703    0.0008572622413731594
2.832127659574468    0.002733729775454938
2.833936170212766    0.003886919271993007
2.835744680851064    0.0049361393587414246
2.837553191489362    0.00662590830091255
2.83936170212766    0.009013811902904125
2.8411702127659577    0.011367772019158584
2.8429787234042556    0.012911702795778237
2.844787234042553    0.013601400798999281
2.846595744680851    0.014110565552198319
2.848404255319149    0.015117581569979657
2.8502127659574468    0.01670169928222444
2.8520212765957447    0.018404747627738034
2.8538297872340426    0.01972543859083943
2.8556382978723405    0.02046472178628376
2.8574468085106384    0.020706996288341828
2.8592553191489363    0.020670261494308888
2.861063829787234    0.020619116760558796
2.862872340425532    0.020741273420119576
2.86468085106383    0.020911836348164584
2.866489361702128    0.020601508294887806
2.8682978723404258    0.01922780470348305
2.8701063829787237    0.016746559836925322
2.8719148936170216    0.013832152655529204
2.873723404255319    0.011311019093636552
2.875531914893617    0.00936756705291322
2.877340425531915    0.0074024057501322835
2.8791489361702127    0.004743974103891262
2.8809574468085106    0.001432734841900386
2.8827659574468085    -0.0018006954456971124
2.8845744680851064    -0.004304886127964268
2.8863829787234043    -0.006114544342954041
2.8881914893617022    -0.007738043802104085
2.89    -0.009476587831483016
2.891808510638298    -0.011131782444002272
2.893617021276596    -0.012385987741981814
2.895425531914894    -0.013281128424135601
2.8972340425531917    -0.014169034844866459
2.8990425531914896    -0.015254012062009149
2.9008510638297875    -0.016368916254952955
2.902659574468085    -0.01726073731265113
2.904468085106383    -0.017957074689349577
2.906276595744681    -0.01870319549034769
2.9080851063829787    -0.0195748051435469
2.9098936170212766    -0.02031223233075156
2.9117021276595745    -0.02059254460956275
2.9135106382978724    -0.020345614566640444
2.9153191489361703    -0.019692576821526874
2.917127659574468    -0.018660139247056274
2.918936170212766    -0.017154000978955346
2.920744680851064    -0.015260897334884855
2.922553191489362    -0.013387919163230007
2.92436170212766    -0.011908444420190008
2.9261702127659577    -0.010722748729904391
2.9279787234042556    -0.00940048236833161
2.9297872340425535    -0.007848564325870108
2.931595744680851    -0.006632773321602189
2.933404255319149    -0.0063711261249816305
2.9352127659574467    -0.006821442888126765
2.9370212765957446    -0.0068697434756497255
2.9388297872340425    -0.005659118946488784
2.9406382978723404    -0.0036326708611616482
2.9424468085106383    -0.0021779793873444456
2.9442553191489362    -0.0021479381504395925
2.946063829787234    -0.0029391690053893063
2.947872340425532    -0.003239876799126992
2.94968085106383    -0.002591530809294405
2.951489361702128    -0.0019125353525724148
2.9532978723404257    -0.0023673520397502756
2.9551063829787236    -0.003958523224236358
2.9569148936170215    -0.005534511044339412
2.9587234042553194    -0.006161860646661368
2.960531914893617    -0.006165668482480935
2.962340425531915    -0.006609235909090198
2.9641489361702127    -0.007930303187059874
2.9659574468085106    -0.009434570736562509
2.9677659574468085    -0.010196031009885784
2.9695744680851064    -0.010151470854214174
2.9713829787234043    -0.010025458647925922
2.973191489361702    -0.010286064095382203
2.975    -0.010546063710070597
2.976808510638298    -0.010160825657996232
2.978617021276596    -0.009171257001075073
2.980425531914894    -0.008311963490039924
2.9822340425531917    -0.008072452373691065
2.9840425531914896    -0.008058800326119143
2.9858510638297875    -0.007498007460473837
2.9876595744680854    -0.0062133107952677125
2.989468085106383    -0.0047833837986606485
2.9912765957446807    -0.003689184255452742
2.9930851063829786    -0.0026049012528801306
2.9948936170212765    -0.000815129076316457
2.9967021276595744    0.0017452596324092717
2.9985106382978723    0.004190220891451266
3.0003191489361702    0.005580005848477297
3.002127659574468    0.005958715701460744
3.003936170212766    0.006278699999610762
3.005744680851064    0.007325108352875844
3.007553191489362    0.008943704952279679
3.0093617021276597    0.010421564930588514
3.0111702127659576    0.011418361689753978
3.0129787234042555    0.012251776683201147
3.0147872340425534    0.013277780359038566
3.0165957446808513    0.014284282120985401
3.0184042553191492    0.014727380798565528
3.0202127659574467    0.014483568731804213
3.0220212765957446    0.014116440027624074
3.0238297872340425    0.014301530625228067
3.0256382978723404    0.015123166396914939
3.0274468085106383    0.0160766403033407
3.029255319148936    0.01669885168339989
3.031063829787234    0.017024703580146534
3.032872340425532    0.017388705015894703
3.03468085106383    0.017930365160895457
3.036489361702128    0.01842546887603033
3.0382978723404257    0.018545881586301497
3.0401063829787236    0.018149191208466284
3.0419148936170215    0.01732427433777307
3.0437234042553194    0.016320897732407743
3.0455319148936173    0.015524200997299838
3.047340425531915    0.015350623178298568
3.0491489361702127    0.015938718944016637
3.0509574468085106    0.016907186882697645
3.0527659574468085    0.017606704499356408
3.0545744680851064    0.01776255266991374
3.0563829787234043    0.017785270309072777
3.058191489361702    0.018264043173930437
3.06    0.01915527406492785
3.061808510638298    0.019690719074779695
3.063617021276596    0.019240717724321375
3.0654255319148938    0.018134495943283774
3.0672340425531917    0.01736118815269828
3.0690425531914896    0.017404883696377094
3.0708510638297875    0.017606196147389622
3.0726595744680854    0.016886486048771087
3.0744680851063833    0.015007983577086121
3.076276595744681    0.012840521503765589
3.0780851063829786    0.011304815003785416
3.0798936170212765    0.010301851152330878
3.0817021276595744    0.008947019025958302
3.0835106382978723    0.006775835819530673
3.08531914893617    0.004369020601665415
3.087127659574468    0.0026129719224173174
3.088936170212766    0.0015752978854541282
3.090744680851064    0.0004598948742978036
3.092553191489362    -0.0013081971722113004
3.0943617021276597    -0.0032912313060202278
3.0961702127659576    -0.004580736301689385
3.0979787234042555    -0.004973014218808654
3.0997872340425534    -0.005245142017105935
3.1015957446808513    -0.006157747692753388
3.103404255319149    -0.007458864012042955
3.105212765957447    -0.008167428922264425
3.1070212765957446    -0.007780089716102726
3.1088297872340425    -0.006885893376874142
3.1106382978723404    -0.006457706443913648
3.1124468085106383    -0.006760999757508662
3.114255319148936    -0.007224757774239844
3.116063829787234    -0.00730942902406633
3.117872340425532    -0.007157099203755429
3.11968085106383    -0.007223943049844528
3.1214893617021278    -0.007523585788526233
3.1232978723404257    -0.007594726820258205
3.1251063829787236    -0.007232485160619811
3.1269148936170215    -0.006908075239251054
3.1287234042553194    -0.007202661260596016
3.1305319148936173    -0.007966886170429312
3.132340425531915    -0.008379034218995211
3.134148936170213    -0.00792233361907119
3.1359574468085105    -0.0070417662111953265
3.1377659574468084    -0.00658733569758029
3.1395744680851063    -0.006710723039299262
3.141382978723404    -0.006623307346131266
3.143191489361702    -0.0055466755202351545
3.145    -0.003668147471061995
3.146808510638298    -0.0019184666108900674
3.148617021276596    -0.0008984125661884276
3.1504255319148937    -0.0003275582118723614
3.1522340425531916    0.00035841517054758056
3.1540425531914895    0.0011452401320266128
3.1558510638297874    0.0014761756618963825
3.1576595744680853    0.001083326021323152
3.159468085106383    0.0004311110225430272
3.161276595744681    0.0001386131760402476
3.163085106382979    0.00015778154816782484
3.1648936170212765    -0.00016535882704031058
3.1667021276595744    -0.0012079894605365798
3.1685106382978723    -0.0025488432053729676
3.17031914893617    -0.0035177390501173775
3.172127659574468    -0.0040795242236407805
3.173936170212766    -0.004843160904416478
3.175744680851064    -0.006150835596827284
3.1775531914893618    -0.007464142471864183
3.1793617021276597    -0.007919555569882195
3.1811702127659576    -0.007389743211373532
3.1829787234042555    -0.0066803756433661335
3.1847872340425534    -0.006572999164908817
3.1865957446808513    -0.006905248464470571
3.188404255319149    -0.0068330425317256055
3.190212765957447    -0.005906889812675257
3.192021276595745    -0.004582232788971187
3.1938297872340424    -0.0035638580789519314
3.1956382978723403    -0.002900978850427554
3.1974468085106382    -0.0020175517055597498
3.199255319148936    -0.000578585377891524
3.201063829787234    0.0010056446162089547
3.202872340425532    0.0021042640907111016
3.20468085106383    0.0026757413492645753
3.2064893617021277    0.003241809563903619
3.2082978723404256    0.004063560246799137
3.2101063829787235    0.004679874229363885
3.2119148936170214    0.004512412178370415
3.2137234042553193    0.0037803459773269902
3.2155319148936172    0.003456621286373688
3.217340425531915    0.004181118858729561
3.219148936170213    0.00543189548124927
3.220957446808511    0.006026301798724565
3.2227659574468084    0.005409508471591589
3.2245744680851063    0.004205693455082558
3.226382978723404    0.0033954057149449407
3.228191489361702    0.003135290050892336
3.23    0.002619092889699629
3.231808510638298    0.0010769638632517975
3.233617021276596    -0.001324877785451507
3.2354255319148937    -0.003698641753435078
3.2372340425531916    -0.0053943642495944836
3.2390425531914895    -0.006538411188672279
3.2408510638297874    -0.0076403435982173125
3.2426595744680853    -0.008897888013556617
3.244468085106383    -0.01004183290281739
3.246276595744681    -0.010753617840815754
3.248085106382979    -0.011012454442234844
3.249893617021277    -0.010981900660118619
3.251702127659575    -0.010729464220088789
3.2535106382978722    -0.010225893728353721
3.25531914893617    -0.00957993793997751
3.257127659574468    -0.009096224375376698
3.258936170212766    -0.009008373102456852
3.260744680851064    -0.009221764028780274
3.2625531914893617    -0.009410676336547071
3.2643617021276596    -0.009355393260405295
3.2661702127659575    -0.009117038568147554
3.2679787234042554    -0.008892737042742075
3.2697872340425533    -0.008792443053277716
3.2715957446808512    -0.008798160025510319
3.273404255319149    -0.008856081247174453
3.275212765957447    -0.008902101697887604
3.277021276595745    -0.008814015308526012
3.278829787234043    -0.008459333499840727
3.2806382978723407    -0.007852602022308395
3.282446808510638    -0.007189083672833729
3.284255319148936    -0.006619432172828647
3.286063829787234    -0.006007380852921896
3.287872340425532    -0.005023763201538927
3.28968085106383    -0.003531571538644536
3.2914893617021277    -0.0017967893553772346
3.2932978723404256    -0.00022469421889517727
3.2951063829787235    0.0010756993994512376
3.2969148936170214    0.002340590968564855
3.2987234042553193    0.0037331862137138273
3.300531914893617    0.005001614724949368
3.302340425531915    0.0056925434028071206
3.304148936170213    0.005688195981311584
3.305957446808511    0.005386440591018728
3.307765957446809    0.00526602332462772
3.3095744680851067    0.005354237769603002
3.311382978723404    0.005248277886363279
3.313191489361702    0.0046543821839293165
3.315    0.003774639728237524
3.316808510638298    0.003086590649305363
3.3186170212765957    0.0028255342389354827
3.3204255319148936    0.002812564538868245
3.3222340425531915    0.002786671278867772
3.3240425531914894    0.0027646078069687363
3.3258510638297873    0.0029748039155771617
3.3276595744680852    0.003501257127397959
3.329468085106383    0.0041289239356117535
3.331276595744681    0.004576731597607581
3.333085106382979    0.004796715958656939
3.334893617021277    0.004973618037987977
3.3367021276595747    0.0052729303256755
3.3385106382978726    0.005670210634362192
3.34031914893617    0.0060202785280685
3.342127659574468    0.006207426098421715
3.343936170212766    0.0061921008972352755
3.345744680851064    0.005981366117872204
3.3475531914893617    0.005626603487893569
3.3493617021276596    0.0052135057526166316
3.3511702127659575    0.004763294100925758
3.3529787234042554    0.004151051915048393
3.3547872340425533    0.0032472472171993427
3.356595744680851    0.0022158574808651375
3.358404255319149    0.0015643277680893962
3.360212765957447    0.001709224097716381
3.362021276595745    0.0024483898076688554
3.363829787234043    0.0030141035077275754
3.3656382978723407    0.0027907480724357722
3.3674468085106386    0.0019257687759686652
3.369255319148936    0.0010730038871779764
3.371063829787234    0.0005266832022678019
3.372872340425532    -0.0001836681329666866
3.3746808510638298    -0.001672727172786131
3.3764893617021277    -0.00378905312690429
3.3782978723404256    -0.005602729157463567
3.3801063829787235    -0.006405456353668399
3.3819148936170214    -0.0065241338564304575
3.3837234042553193    -0.006901836729605499
3.385531914893617    -0.007921393197205594
3.387340425531915    -0.008939084955260381
3.389148936170213    -0.00914327813734991
3.390957446808511    -0.008673202201494045
3.3927659574468088    -0.008561355612138874
3.3945744680851067    -0.009521033747708425
3.3963829787234046    -0.011067053632243671
3.398191489361702    -0.012059332312330872
3.4    -0.011984087704633703
3.401808510638298    -0.011389557922952678
3.4036170212765957    -0.011005433495898411
3.4054255319148936    -0.010751312883709976
3.4072340425531915    -0.009923893155356255
3.4090425531914894    -0.008267791464619697
3.4108510638297873    -0.006466916819942371
3.412659574468085    -0.005365526435772107
3.414468085106383    -0.00491807122669787
3.416276595744681    -0.004251427331453481
3.418085106382979    -0.0027885103263616713
3.419893617021277    -0.00099608055689005
3.4217021276595747    0.0002086413919589993
3.4235106382978726    0.0006345816593446359
3.4253191489361705    0.001071728394780803
3.427127659574468    0.002303936376172889
3.428936170212766    0.0041372043449834405
3.4307446808510638    0.005655028967086765
3.4325531914893617    0.006340724292481827
3.4343617021276596    0.006644011294534844
3.4361702127659575    0.007332495158031951
3.4379787234042554    0.008508808899884503
3.4397872340425533    0.009515288510989765
3.441595744680851    0.009745590742724398
3.443404255319149    0.009267924177806548
3.445212765957447    0.00853797124947802
3.447021276595745    0.007729234395473735
3.4488297872340428    0.006637947135867545
3.4506382978723407    0.005232315577540517
3.4524468085106386    0.003994565368344362
3.4542553191489365    0.0035068373468761732
3.456063829787234    0.003803463851769073
3.457872340425532    0.004360533439992097
3.4596808510638297    0.004742821717139116
3.4614893617021276    0.0050473329428208326
3.4632978723404255    0.005574459910197937
3.4651063829787234    0.0062215819020675885
3.4669148936170213    0.006478005218345147
3.468723404255319    0.00607517725677375
3.470531914893617    0.005424944704942337
3.472340425531915    0.005216236907298367
3.474148936170213    0.005640183050620594
3.475957446808511    0.0062158958094341256
3.4777659574468087    0.006419397723255358
3.4795744680851066    0.006287383288345082
3.4813829787234045    0.0062298738675645665
3.4831914893617024    0.006347227476404924
3.4850000000000003    0.00619971551608352
3.4868085106382978    0.005366224188601614
3.4886170212765957    0.004068003784049736
3.4904255319148936    0.003021640750490907
3.4922340425531915    0.0026667751404326444
3.4940425531914894    0.0027096335798465487
3.4958510638297873    0.0025160176879126016
3.497659574468085    0.0018273718671667164
3.499468085106383    0.0009239495463263742
3.501276595744681    0.00012053804944268422
3.503085106382979    -0.0006780557023550639
3.5048936170212768    -0.0017858138889504035
3.5067021276595747    -0.003215414074184083
3.5085106382978726    -0.0045621722156926675
3.5103191489361705    -0.005462195084807653
3.5121276595744684    -0.006023238236161468
3.5139361702127663    -0.0066646522591948835
3.5157446808510637    -0.007574749802446704
3.5175531914893616    -0.00847568488844403
3.5193617021276595    -0.00897008093519363
3.5211702127659574    -0.009003456648703133
3.5229787234042553    -0.008871492630896979
3.5247872340425532    -0.008824901011135623
3.526595744680851    -0.008830373848710497
3.528404255319149    -0.008787055227883943
3.530212765957447    -0.008854004019103256
3.532021276595745    -0.00938436206035263
3.5338297872340427    -0.010496052254562235
3.5356382978723406    -0.01182902427561799
3.5374468085106385    -0.012852370426397655
3.5392553191489364    -0.01340680774426627
3.5410638297872343    -0.013847094629497871
3.5428723404255322    -0.014598622318604322
3.5446808510638297    -0.01563181407082075
3.5464893617021276    -0.01646452699224586
3.5482978723404255    -0.016698651812011304
3.5501063829787234    -0.016484650843547336
3.5519148936170213    -0.01638509426995634
3.553723404255319    -0.016776864376180364
3.555531914893617    -0.01743791110183956
3.557340425531915    -0.017758743445823014
3.559148936170213    -0.017344872109868018
3.560957446808511    -0.016371893583688065
3.5627659574468087    -0.015340945807172528
3.5645744680851066    -0.014528761287241634
3.5663829787234045    -0.013731506703572496
3.5681914893617024    -0.012552149561066317
3.5700000000000003    -0.01088002995735908
3.571808510638298    -0.009025502561683815
3.5736170212765956    -0.007393173562058344
3.5754255319148935    -0.006107265551310642
3.5772340425531914    -0.005024926099387261
3.5790425531914893    -0.00407187153410081
3.5808510638297872    -0.0034250958833346654
3.582659574468085    -0.003264360381662533
3.584468085106383    -0.0033893445777687043
3.586276595744681    -0.0032303700442591968
3.588085106382979    -0.002338548818590529
3.5898936170212767    -0.0008358626144083611
3.5917021276595746    0.0007071061633456444
3.5935106382978725    0.0018591486293420428
3.5953191489361704    0.002734806231187271
3.5971276595744683    0.003784998945402629
3.5989361702127662    0.005250602558753054
3.600744680851064    0.006913233965510617
3.6025531914893616    0.008375303432212744
3.6043617021276595    0.009474743886150069
3.6061702127659574    0.010354539303106784
3.6079787234042553    0.011198469526942556
3.609787234042553    0.01203035629260577
3.611595744680851    0.012787046718807345
3.613404255319149    0.01345269589430447
3.615212765957447    0.014004725578645563
