0.0    0.0
0.0018085106382978724    0.0
0.003617021276595745    0.0
0.005425531914893617    0.0
0.00723404255319149    0.0
0.009042553191489363    0.0
0.010851063829787235    0.0
0.012659574468085107    0.0
0.01446808510638298    0.0
0.016276595744680853    0.0
0.018085106382978725    0.0
0.019893617021276597    0.0
0.02170212765957447    0.0
0.023510638297872342    0.0
0.025319148936170214    0.0
0.027127659574468086    0.0
0.02893617021276596    0.0
0.03074468085106383    0.0
0.032553191489361706    0.0
0.03436170212765958    0.0
0.03617021276595745    0.0
0.03797872340425532    0.0
0.039787234042553195    0.0
0.04159574468085107    0.0
0.04340425531914894    0.0
0.04521276595744681    0.0
0.047021276595744683    0.0
0.048829787234042556    0.0
0.05063829787234043    0.0
0.0524468085106383    0.0
0.05425531914893617    0.0
0.056063829787234044    0.0
0.05787234042553192    0.0
0.05968085106382979    0.0
0.06148936170212766    0.0
0.06329787234042554    0.0
0.06510638297872341    0.0
0.06691489361702128    0.0
0.06872340425531916    0.0
0.07053191489361703    0.0
0.0723404255319149    0.0
0.07414893617021277    0.0
0.07595744680851065    0.0
0.07776595744680852    0.0
0.07957446808510639    0.0
0.08138297872340426    0.0
0.08319148936170213    0.0
0.085    0.0
0.08680851063829788    0.0
0.08861702127659575    0.0
0.09042553191489362    0.0
0.0922340425531915    0.0
0.09404255319148937    0.0
0.09585106382978724    0.0
0.09765957446808511    0.0
0.09946808510638298    0.0
0.10127659574468086    0.0
0.10308510638297873    0.0
0.1048936170212766    0.0
0.10670212765957447    0.0
0.10851063829787234    0.0
0.11031914893617022    0.0
0.11212765957446809    0.0
0.11393617021276596    0.0
0.11574468085106383    0.0
0.1175531914893617    0.0
0.11936170212765958    0.0
0.12117021276595745    0.0
0.12297872340425532    0.0
0.1247872340425532    0.0
0.12659574468085108    0.0
0.12840425531914895    0.0
0.13021276595744682    0.0
0.1320212765957447    0.0
0.13382978723404257    0.0
0.13563829787234044    0.0
0.1374468085106383    0.0
0.13925531914893619    0.0
0.14106382978723406    0.0
0.14287234042553193    0.0
0.1446808510638298    0.0
0.14648936170212767    0.0
0.14829787234042555    0.0
0.15010638297872342    0.0
0.1519148936170213    0.0
0.15372340425531916    0.0
0.15553191489361703    0.0
0.1573404255319149    0.0
0.15914893617021278    0.0
0.16095744680851065    0.0
0.16276595744680852    0.0
0.1645744680851064    0.0
0.16638297872340427    0.0
0.16819148936170214    0.0
0.17    0.0
0.17180851063829788    0.0
0.17361702127659576    0.0
0.17542553191489363    0.0
0.1772340425531915    0.0
0.17904255319148937    0.0
0.18085106382978725    0.0
0.18265957446808512    0.0
0.184468085106383    0.0
0.18627659574468086    0.0
0.18808510638297873    0.0
0.1898936170212766    0.0
0.19170212765957448    0.0
0.19351063829787235    0.0
0.19531914893617022    0.0
0.1971276595744681    0.0
0.19893617021276597    0.0
0.20074468085106384    0.0
0.2025531914893617    0.0
0.20436170212765958    0.0
0.20617021276595746    0.0
0.20797872340425533    0.0
0.2097872340425532    0.0
0.21159574468085107    0.0
0.21340425531914894    0.0
0.21521276595744682    0.0
0.2170212765957447    0.0
0.21882978723404256    0.0
0.22063829787234043    0.0
0.2224468085106383    0.0
0.22425531914893618    0.0
0.22606382978723405    0.0
0.22787234042553192    0.0
0.2296808510638298    0.0
0.23148936170212767    0.0
0.23329787234042554    0.0
0.2351063829787234    0.0
0.23691489361702128    0.0
0.23872340425531915    0.0
0.24053191489361703    0.0
0.2423404255319149    0.0
0.24414893617021277    0.0
0.24595744680851064    0.0
0.24776595744680852    0.0
0.2495744680851064    0.0
0.25138297872340426    0.0
0.25319148936170216    0.0
0.255    0.0
0.2568085106382979    0.0
0.25861702127659575    0.0
0.26042553191489365    0.0
0.2622340425531915    0.0
0.2640425531914894    0.0
0.26585106382978724    0.0
0.26765957446808514    0.0
0.269468085106383    0.0
0.2712765957446809    0.0
0.2730851063829787    0.0
0.2748936170212766    0.0
0.27670212765957447    0.0
0.27851063829787237    0.0
0.2803191489361702    0.0
0.2821276595744681    0.0
0.28393617021276596    0.0
0.28574468085106386    0.0
0.2875531914893617    0.0
0.2893617021276596    0.0
0.29117021276595745    0.0
0.29297872340425535    0.0
0.2947872340425532    0.0
0.2965957446808511    0.0
0.29840425531914894    0.0
0.30021276595744684    0.0
0.3020212765957447    0.0
0.3038297872340426    0.0
0.3056382978723404    0.0
0.3074468085106383    0.0
0.30925531914893617    0.0
0.31106382978723407    0.0
0.3128723404255319    0.0
0.3146808510638298    0.0
0.31648936170212766    0.0
0.31829787234042556    0.0
0.3201063829787234    0.0
0.3219148936170213    0.0
0.32372340425531915    0.0
0.32553191489361705    0.0
0.3273404255319149    0.0
0.3291489361702128    0.0
0.33095744680851064    0.0
0.33276595744680854    0.0
0.3345744680851064    0.0
0.3363829787234043    0.0
0.3381914893617021    0.0
0.34    0.0
0.34180851063829787    0.0
0.34361702127659577    2.5e-323
0.3454255319148936    2.7727e-320
0.3472340425531915    2.412869e-317
0.34904255319148936    1.777512557e-314
0.35085106382978726    1.123784291162e-311
0.3526595744680851    6.167442127564373e-309
0.354468085106383    2.9673194946062097e-306
0.35627659574468085    1.2624083897576343e-303
0.35808510638297875    4.785232125846325e-301
0.3598936170212766    1.627019821669231e-298
0.3617021276595745    4.992016690140235e-296
0.36351063829787233    1.3896143668603292e-293
0.36531914893617023    3.52665369234822e-291
0.3671276595744681    8.1959913790864745e-289
0.368936170212766    1.751300822688695e-286
0.3707446808510638    3.4533688545515097e-284
0.3725531914893617    6.30551317043725e-282
0.37436170212765957    1.0694255278858916e-279
0.37617021276595747    1.689618578253691e-277
0.3779787234042553    2.4934418030048384e-275
0.3797872340425532    3.4456024784483815e-273
0.38159574468085106    4.4688541580287503e-271
0.38340425531914896    5.451749309751304e-269
0.3852127659574468    6.2685634697592205e-267
0.3870212765957447    6.806471776531119e-265
0.38882978723404255    6.991620336353905e-263
0.39063829787234045    6.805656940582796e-261
0.3924468085106383    6.287701525603598e-259
0.3942553191489362    5.5220279082627136e-257
0.39606382978723403    4.6164722896358805e-255
0.39787234042553193    3.678871806796086e-253
0.3996808510638298    2.798142457057225e-251
0.4014893617021277    2.0337895986710786e-249
0.4032978723404255    1.4142554702691277e-247
0.4051063829787234    9.41924498227904e-246
0.40691489361702127    6.014910875306139e-244
0.40872340425531917    3.686421030334568e-242
0.410531914893617    2.1705094480855023e-240
0.4123404255319149    1.2288522528304091e-238
0.41414893617021276    6.695794920181919e-237
0.41595744680851066    3.5142802601352305e-235
0.4177659574468085    1.778094033238135e-233
0.4195744680851064    8.679512751015998e-232
0.42138297872340424    4.090563915427867e-230
0.42319148936170214    1.8626473552880298e-228
0.425    8.200461544849684e-227
0.4268085106382979    3.492975633680118e-225
0.42861702127659573    1.4403938250275357e-223
0.43042553191489363    5.75392503558571e-222
0.4322340425531915    2.2279412194667323e-220
0.4340425531914894    8.366622198109448e-219
0.4358510638297872    3.0489145744502484e-217
0.4376595744680851    1.0787545951245336e-215
0.43946808510638297    3.7077314234652967e-214
0.44127659574468087    1.2385701848420304e-212
0.4430851063829787    4.023196464083419e-211
0.4448936170212766    1.2713494995301865e-209
0.44670212765957445    3.9102111765102745e-208
0.44851063829787235    1.1710336020945514e-206
0.4503191489361702    3.416322880757306e-205
0.4521276595744681    9.712920150325611e-204
0.45393617021276594    2.69226434300648e-202
0.45574468085106384    7.27835212610616e-201
0.4575531914893617    1.9198244932333136e-199
0.4593617021276596    4.942697419926213e-198
0.46117021276595743    1.242501679987126e-196
0.46297872340425533    3.0507914607787687e-195
0.46478723404255323    7.319115593373279e-194
0.4665957446808511    1.7162447525537346e-192
0.468404255319149    3.934726290805571e-191
0.4702127659574468    8.822689475143006e-190
0.4720212765957447    1.9354036348940463e-188
0.47382978723404257    4.154853543623391e-187
0.47563829787234047    8.731316418619403e-186
0.4774468085106383    1.7966630594817876e-184
0.4792553191489362    3.621066200894502e-183
0.48106382978723405    7.15000378379735e-182
0.48287234042553195    1.3835354249759578e-180
0.4846808510638298    2.6242184342676273e-179
0.4864893617021277    4.8802739232194673e-178
0.48829787234042554    8.90080339198296e-177
0.49010638297872344    1.5924243464764066e-175
0.4919148936170213    2.795338523492877e-174
0.4937234042553192    4.8156521180249535e-173
0.49553191489361703    8.143624779423415e-172
0.49734042553191493    1.352125640413209e-170
0.4991489361702128    2.2046800873824568e-169
0.5009574468085106    3.5309690512990203e-168
0.5027659574468085    5.555851597105688e-167
0.5045744680851064    8.590183536186427e-166
0.5063829787234043    1.3053716195167239e-164
0.5081914893617021    1.9499741291392643e-163
0.51    2.863965584185169e-162
0.5118085106382979    4.136477018203265e-161
0.5136170212765958    5.876182647476619e-160
0.5154255319148936    8.211796693055475e-159
0.5172340425531915    1.1291045520499363e-157
0.5190425531914894    1.527764903108823e-156
0.5208510638297873    2.0345912567882014e-155
0.5226595744680851    2.667267341876756e-154
0.524468085106383    3.4426567524634753e-153
0.5262765957446809    4.375487373445291e-152
0.5280851063829788    5.476853280083845e-151
0.5298936170212766    6.752629078959931e-150
0.5317021276595745    8.201923553099753e-149
0.5335106382978724    9.8157228691325e-148
0.5353191489361703    1.1575883564407823e-146
0.5371276595744681    1.3454628189517231e-145
0.538936170212766    1.5414669854139962e-144
0.5407446808510639    1.7410046534305898e-143
0.5425531914893618    1.938768515132218e-142
0.5443617021276596    2.1289645048041227e-141
0.5461702127659575    2.305591847836066e-140
0.5479787234042554    2.4627600970356446e-139
0.5497872340425533    2.5950195501493472e-138
0.551595744680851    2.697678830799177e-137
0.5534042553191489    2.767083508622591e-136
0.5552127659574468    2.800832512567029e-135
0.5570212765957447    2.797914468099666e-134
0.5588297872340425    2.7587533502572904e-133
0.5606382978723404    2.685161135197559e-132
0.5624468085106383    2.580203481589423e-131
0.5642553191489362    2.4479919295825183e-130
0.566063829787234    2.2934218702916026e-129
0.5678723404255319    2.1218790660190266e-128
0.5696808510638298    1.938938553981697e-127
0.5714893617021277    1.7500784254597672e-126
0.5732978723404255    1.5604275993299884e-125
0.5751063829787234    1.3745618705723439e-124
0.5769148936170213    1.196356887003644e-123
0.5787234042553192    1.0289009776533608e-122
0.580531914893617    8.744655318863394e-122
0.5823404255319149    7.345263737341601e-121
0.5841489361702128    6.098265749512333e-120
0.5859574468085107    5.004695007268608e-119
0.5877659574468085    4.060305147029166e-118
0.5895744680851064    3.256764873774514e-117
0.5913829787234043    2.582837758811099e-116
0.5931914893617022    2.0254736358954163e-115
0.595    1.5707606652575425e-114
0.5968085106382979    1.2047087519716525e-113
0.5986170212765958    9.13854140024296e-113
0.6004255319148937    6.856904484884219e-112
0.6022340425531915    5.089426370030987e-111
0.6040425531914894    3.737074158823095e-110
0.6058510638297873    2.714869003089803e-109
0.6076595744680852    1.9514255387424854e-108
0.609468085106383    1.387944893715963e-107
0.6112765957446809    9.768779957031959e-107
0.6130851063829788    6.804348910001451e-106
0.6148936170212767    4.690733971539132e-105
0.6167021276595744    3.200607456992035e-104
0.6185106382978723    2.1616748873999073e-103
0.6203191489361702    1.4452509083027628e-102
0.6221276595744681    9.565753289774978e-102
0.6239361702127659    6.268243931360992e-101
0.6257446808510638    4.0667804738726644e-100
0.6275531914893617    2.6125261540337807e-99
0.6293617021276596    1.6618897340979682e-98
0.6311702127659574    1.0468913021059237e-97
0.6329787234042553    6.531074270368464e-97
0.6347872340425532    4.035308567070284e-96
0.6365957446808511    2.469466079987268e-95
0.6384042553191489    1.496884564072664e-94
0.6402127659574468    8.9878719651232e-94
0.6420212765957447    5.346047571033359e-93
0.6438297872340426    3.1502125108841596e-92
0.6456382978723404    1.8390831380025223e-91
0.6474468085106383    1.0637520547836844e-90
0.6492553191489362    6.0964882629981325e-90
0.6510638297872341    3.462117310316003e-89
0.6528723404255319    1.9482677474137075e-88
0.6546808510638298    1.0864810071391165e-87
0.6564893617021277    6.004595880606304e-87
0.6582978723404256    3.288931225807566e-86
0.6601063829787234    1.7854845121605818e-85
0.6619148936170213    9.607453841758826e-85
0.6637234042553192    5.124267631406822e-84
0.6655319148936171    2.709234861169806e-83
0.6673404255319149    1.419948721236315e-82
0.6691489361702128    7.377842014499785e-82
0.6709574468085107    3.8004584549014355e-81
0.6727659574468086    1.9409376099507805e-80
0.6745744680851063    9.828219572027806e-80
0.6763829787234042    4.9345130191604865e-79
0.6781914893617021    2.456620966786031e-78
0.68    1.2127587010446306e-77
0.6818085106382978    5.93705090241185e-77
0.6836170212765957    2.882337086565805e-76
0.6854255319148936    1.3877577071107105e-75
0.6872340425531915    6.626656021225672e-75
0.6890425531914893    3.1383682158624067e-74
0.6908510638297872    1.4742074889140198e-73
0.6926595744680851    6.868705675129961e-73
0.694468085106383    3.1744528842753033e-72
0.6962765957446809    1.4553130813618032e-71
0.6980851063829787    6.618403115725245e-71
0.6998936170212766    2.9858960441479534e-70
0.7017021276595745    1.3363987852576935e-69
0.7035106382978724    5.934066475907042e-69
0.7053191489361702    2.614198159539844e-68
0.7071276595744681    1.1426388192054517e-67
0.708936170212766    4.955394364157025e-67
0.7107446808510639    2.1323596370794466e-66
0.7125531914893617    9.10478450296573e-66
0.7143617021276596    3.857622120162222e-65
0.7161702127659575    1.6219001045977495e-64
0.7179787234042554    6.767002627904323e-64
0.7197872340425532    2.801880705970842e-63
0.7215957446808511    1.1513225907488991e-62
0.723404255319149    4.69517033475638e-62
0.7252127659574469    1.9003136338760656e-61
0.7270212765957447    7.633633450954657e-61
0.7288297872340426    3.043558863873485e-60
0.7306382978723405    1.2044495467576684e-59
0.7324468085106384    4.731119988576706e-59
0.7342553191489362    1.8446735390529484e-58
0.7360638297872341    7.139484673684061e-58
0.737872340425532    2.742947009996111e-57
0.7396808510638299    1.0461221891722688e-56
0.7414893617021276    3.960708886048071e-56
0.7432978723404255    1.4886748191310058e-55
0.7451063829787234    5.554870036725162e-55
0.7469148936170213    2.0578118580196457e-54
0.7487234042553191    7.568425274574753e-54
0.750531914893617    2.763654313773258e-53
0.7523404255319149    1.0019598253227327e-52
0.7541489361702128    3.6067430139046944e-52
0.7559574468085106    1.289104530480372e-51
0.7577659574468085    4.5748693597005224e-51
0.7595744680851064    1.6121160732675972e-50
0.7613829787234043    5.6409237846992405e-50
0.7631914893617021    1.9599706785193097e-49
0.765    6.762437802779486e-49
0.7668085106382979    2.3169686240933368e-48
0.7686170212765958    7.883313870964796e-48
0.7704255319148936    2.66365370308478e-47
0.7722340425531915    8.937896334996933e-47
0.7740425531914894    2.978445417201317e-46
0.7758510638297873    9.85709134996743e-46
0.7776595744680851    3.239817820758772e-45
0.779468085106383    1.0575789283123133e-44
0.7812765957446809    3.4287273008205507e-44
0.7830851063829788    1.1040493197910258e-43
0.7848936170212766    3.530909947314728e-43
0.7867021276595745    1.1215911173653985e-42
0.7885106382978724    3.538662949437991e-42
0.7903191489361703    1.1089382670228768e-41
0.7921276595744681    3.451800930244916e-41
0.793936170212766    1.0672368920978338e-40
0.7957446808510639    3.2776230284383888e-40
0.7975531914893618    9.998767707312123e-40
0.7993617021276596    3.0299072155167376e-39
0.8011702127659575    9.12039136439689e-39
0.8029787234042554    2.727122754235822e-38
0.8047872340425533    8.100439620130471e-38
0.806595744680851    2.390180257504794e-37
0.808404255319149    7.006098006557702e-37
0.8102127659574468    2.040095151746766e-36
0.8120212765957447    5.901444480642578e-36
0.8138297872340425    1.6959177598945336e-35
0.8156382978723404    4.841662741883698e-35
0.8174468085106383    1.3731947549220545e-34
0.8192553191489362    3.869207430909623e-34
0.821063829787234    1.0830996956330362e-33
0.8228723404255319    3.0121424905958455e-33
0.8246808510638298    8.322373647199057e-33
0.8264893617021277    2.284479860531503e-32
0.8282978723404255    6.230164792431809e-32
0.8301063829787234    1.688057775843335e-31
0.8319148936170213    4.544163924640013e-31
0.8337234042553192    1.2153539099037956e-30
0.835531914893617    3.229510094088605e-30
0.8373404255319149    8.526258616410536e-30
0.8391489361702128    2.236510939051441e-29
0.8409574468085107    5.828767845293735e-29
0.8427659574468085    1.5093086718161296e-28
0.8445744680851064    3.883087352169263e-28
0.8463829787234043    9.926041255359374e-28
0.8481914893617022    2.5210222798976326e-27
0.85    6.361809836865147e-27
0.8518085106382979    1.5951061927700646e-26
0.8536170212765958    3.973788875968709e-26
0.8554255319148937    9.836201685066441e-26
0.8572340425531915    2.4191260879793255e-25
0.8590425531914894    5.911515684250416e-25
0.8608510638297873    1.435321144511064e-24
0.8626595744680852    3.462658508919062e-24
0.864468085106383    8.300052657872697e-24
0.8662765957446809    1.9767998811216464e-23
0.8680851063829788    4.6779450404557117e-23
0.8698936170212767    1.0999115283692392e-22
0.8717021276595744    2.5696270954943603e-22
0.8735106382978723    5.9647389281541345e-22
0.8753191489361702    1.3756908069533821e-21
0.8771276595744681    3.152514920569901e-21
0.8789361702127659    7.177926954592854e-21
0.8807446808510638    1.6238462880999662e-20
0.8825531914893617    3.650001199231261e-20
0.8843617021276596    8.151570492543183e-20
0.8861702127659574    1.8087873594277813e-19
0.8879787234042553    3.987761743736962e-19
0.8897872340425532    8.735014538084966e-19
0.8915957446808511    1.9010250349840166e-18
0.8934042553191489    4.110537344318401e-18
0.8952127659574468    8.830645387582648e-18
0.8970212765957447    1.884801603663806e-17
0.8988297872340426    3.996816300215927e-17
0.9006382978723404    8.420420960929763e-17
0.9024468085106383    1.7624626870516204e-16
0.9042553191489362    3.6649472129652337e-16
0.9060638297872341    7.571327599073373e-16
0.9078723404255319    1.5539155990010877e-15
0.9096808510638298    3.1683133720420487e-15
0.9114893617021277    6.417532394532118e-15
0.9132978723404256    1.2913406854159986e-14
0.9151063829787234    2.5813070936837512e-14
0.9169148936170213    5.125750849845713e-14
0.9187234042553192    1.0110830444253585e-13
0.9205319148936171    1.9811613620831003e-13
0.9223404255319149    3.8561005045834105e-13
0.9241489361702128    7.455275620954036e-13
0.9259574468085107    1.4317161015803417e-12
0.9277659574468086    2.7309800051277356e-12
0.9295744680851065    5.174145779579271e-12
0.9313829787234043    9.736592642498272e-12
0.9331914893617022    1.8197542496347703e-11
0.935    3.3778829990447804e-11
0.936808510638298    6.227171042084738e-11
0.9386170212765957    1.1400896634526245e-10
0.9404255319148936    2.0728906365678626e-10
0.9422340425531915    3.742738814706292e-10
0.9440425531914894    6.710647026055902e-10
0.9458510638297872    1.1947757399976896e-09
0.9476595744680851    2.1122254136962283e-09
0.949468085106383    3.7077468746083366e-09
0.9512765957446809    6.46218251402243e-09
0.9530851063829787    1.1182279592524696e-08
0.9548936170212766    1.9210795766323314e-08
0.9567021276595745    3.276463583933603e-08
0.9585106382978724    5.547414094594305e-08
0.9603191489361702    9.323532067267406e-08
0.9621276595744681    1.5554407415567236e-07
0.963936170212766    2.57565149678911e-07
0.9657446808510639    4.23309340722546e-07
0.9675531914893617    6.904641767720007e-07
0.9693617021276596    1.1176640818643604e-06
0.9711702127659575    1.7953180064819623e-06
0.9729787234042554    2.861562753423351e-06
0.9747872340425532    4.5255093873853945e-06
0.9765957446808511    7.1007312279440076e-06
0.978404255319149    1.1052936831360494e-05
0.9802127659574469    1.706700511146477e-05
0.9820212765957447    2.6140041792557523e-05
0.9838297872340426    3.9708827983544635e-05
0.9856382978723405    5.982190881345908e-05
0.9874468085106384    8.936848185762952e-05
0.9892553191489362    0.00013237796797416278
0.9910638297872341    0.0001944053370198306
0.992872340425532    0.00028301742615402916
0.9946808510638299    0.00040839397005748676
0.9964893617021277    0.0005840530289539343
0.9982978723404256    0.0008277029689617345
1.0001063829787233    0.0011622110459322537
1.0019148936170212    0.0016166609170656478
1.0037234042553191    0.0022274472060794335
1.005531914893617    0.0030393241891145586
1.007340425531915    0.004106288152637345
1.0091489361702128    0.005492130585880694
1.0109574468085107    0.007270455287696384
1.0127659574468086    0.009523911834082984
1.0145744680851063    0.012342368008244625
1.0163829787234042    0.015819734250551838
1.0181914893617021    0.020049175195498974
1.02    0.02511650895660012
1.021808510638298    0.031091715185908156
1.0236170212765958    0.0380186561143105
1.0254255319148937    0.045903362763406994
1.0272340425531916    0.05470154400099177
1.0290425531914893    0.06430631934798221
1.0308510638297872    0.07453752291956207
1.032659574468085    0.08513422561588062
1.034468085106383    0.095752312110553
1.036276595744681    0.10596895650385031
1.0380851063829788    0.11529559490955367
1.0398936170212767    0.12320043808127838
1.0417021276595746    0.12914067601899298
1.0435106382978723    0.13260332005132974
1.0453191489361702    0.13315218873905849
1.047127659574468    0.13047702492532642
1.048936170212766    0.1244393531908281
1.0507446808510639    0.11510872182633058
1.0525531914893618    0.10278271069508929
1.0543617021276597    0.08798478326161566
1.0561702127659576    0.07143588133765622
1.0579787234042553    0.05399861129769601
1.0597872340425532    0.036596747192500736
1.061595744680851    0.02011713958766124
1.063404255319149    0.005305308634443489
1.0652127659574468    -0.007330796738419479
1.0670212765957447    -0.01759301546850933
1.0688297872340426    -0.02562646033111095
1.0706382978723405    -0.03190361687958032
1.0724468085106382    -0.03715521793119739
1.0742553191489361    -0.04225290635190038
1.076063829787234    -0.0480582377473979
1.077872340425532    -0.05526099918805594
1.0796808510638298    -0.06423515941215603
1.0814893617021277    -0.07494129189595682
1.0832978723404256    -0.08689899810309766
1.0851063829787235    -0.09924178327567477
1.0869148936170212    -0.11085141794717503
1.088723404255319    -0.12055176303687305
1.090531914893617    -0.12732696133741567
1.092340425531915    -0.13051962433919406
1.0941489361702128    -0.12996428044660974
1.0959574468085107    -0.12602136596782004
1.0977659574468086    -0.11949656123847083
1.0995744680851065    -0.11145587136020296
1.1013829787234042    -0.10297296908923004
1.103191489361702    -0.09486537621114521
1.105    -0.08748405490061278
1.1068085106382979    -0.08061322891958342
1.1086170212765958    -0.07351380626180895
1.1104255319148937    -0.06510901037291444
1.1122340425531916    -0.05427290072989879
1.1140425531914895    -0.04015154015568159
1.1158510638297872    -0.022432158793257412
1.117659574468085    -0.0014837257382751545
1.119468085106383    0.021677035575568476
1.1212765957446809    0.04559358089833292
1.1230851063829788    0.06870053049073577
1.1248936170212767    0.08968759828323966
1.1267021276595746    0.10779128132300336
1.1285106382978725    0.12292512600461539
1.1303191489361701    0.1356042858414396
1.132127659574468    0.14668217545291892
1.133936170212766    0.15697778204126536
1.1357446808510638    0.1669116470234814
1.1375531914893617    0.17627182456539706
1.1393617021276596    0.18419417184742884
1.1411702127659575    0.18937340666936428
1.1429787234042554    0.19044334771310353
1.1447872340425531    0.18640296937907821
1.146595744680851    0.17694235843974218
1.148404255319149    0.16255039525026163
1.1502127659574468    0.14435784979127805
1.1520212765957447    0.123762787132052
1.1538297872340426    0.10196709508573493
1.1556382978723405    0.07959239123627443
1.1574468085106384    0.05652269978902277
1.1592553191489363    0.03204365922052271
1.161063829787234    0.00523914367985006
1.162872340425532    -0.02449440098219864
1.1646808510638298    -0.05700855133027856
1.1664893617021277    -0.09121276194166121
1.1682978723404256    -0.12522100698328575
1.1701063829787235    -0.15679757834780444
1.1719148936170214    -0.18394837531257363
1.1737234042553193    -0.2054438517452919
1.175531914893617    -0.22108226405160059
1.1773404255319149    -0.2316013129053005
1.1791489361702128    -0.23828476827432093
1.1809574468085107    -0.24243196872834083
1.1827659574468086    -0.2449105009357746
1.1845744680851065    -0.24597135771227935
1.1863829787234044    -0.24538644798384618
1.1881914893617023    -0.2428208429165537
1.19    -0.2382420067202915
1.1918085106382978    -0.23214739781445398
1.1936170212765957    -0.22547412852731752
1.1954255319148936    -0.21920679308838098
1.1972340425531915    -0.2138542451421268
1.1990425531914894    -0.2090495743720172
1.2008510638297873    -0.20349483721863687
1.2026595744680852    -0.19533002792523296
1.204468085106383    -0.1828134107916552
1.2062765957446808    -0.16504478487795543
1.2080851063829787    -0.1424202611444189
1.2098936170212766    -0.1166042737470605
1.2117021276595745    -0.09000497922928877
1.2135106382978724    -0.0649553220176077
1.2153191489361703    -0.0429345292552213
1.2171276595744682    -0.02414958443550294
1.218936170212766    -0.00763696105966722
1.2207446808510638    0.008186125039730352
1.2225531914893617    0.02478629827653832
1.2243617021276596    0.0429259387617973
1.2261702127659575    0.06246161354868039
1.2279787234042554    0.08256582282481757
1.2297872340425533    0.10220011030649896
1.2315957446808512    0.12055916709325391
1.2334042553191489    0.13725160259231983
1.2352127659574468    0.1521555088023298
1.2370212765957447    0.16508883419131593
1.2388297872340426    0.17555108864437846
1.2406382978723405    0.18275431527613956
1.2424468085106384    0.18598394523464373
1.2442553191489363    0.18511156513446658
1.2460638297872342    0.1809495314866113
1.2478723404255319    0.17517871517982514
1.2496808510638298    0.16978888698401484
1.2514893617021277    0.16624293952840852
1.2532978723404256    0.1647623573248198
1.2551063829787235    0.1641185250094488
1.2569148936170214    0.16209110630349954
1.2587234042553193    0.15642531626407147
1.2605319148936172    0.14585465929944197
1.2623404255319148    0.13070038188297128
1.2641489361702127    0.11275310697159346
1.2659574468085106    0.09449253771270147
1.2677659574468085    0.07802738257801736
1.2695744680851064    0.0642684617946187
1.2713829787234043    0.05271509489567547
1.2731914893617022    0.04191201791274535
1.2750000000000001    0.03029684861744475
1.2768085106382978    0.01698637882382409
1.2786170212765957    0.002127424704054158
1.2804255319148936    -0.013293155892458988
1.2822340425531915    -0.02798703482241452
1.2840425531914894    -0.04090326007692341
1.2858510638297873    -0.051482254065688696
1.2876595744680852    -0.059564262344180996
1.289468085106383    -0.06512371753838846
1.2912765957446808    -0.06809076497921461
1.2930851063829787    -0.06841755477105858
1.2948936170212766    -0.06632975569259401
1.2967021276595745    -0.06253057582981071
1.2985106382978724    -0.05812479451016969
1.3003191489361703    -0.05421543696845939
1.3021276595744682    -0.051375737145590336
1.303936170212766    -0.04933763134973361
1.3057446808510638    -0.0471510322284617
1.3075531914893617    -0.043787883142298936
1.3093617021276596    -0.03886138238276805
1.3111702127659575    -0.03300817483690438
1.3129787234042554    -0.027643525062048924
1.3147872340425533    -0.024170637390033237
1.3165957446808512    -0.023083908490097248
1.318404255319149    -0.02351825839510089
1.3202127659574467    -0.023568753757387283
1.3220212765957446    -0.021254120398373745
1.3238297872340425    -0.015592965328688493
1.3256382978723404    -0.007159594265944064
1.3274468085106383    0.002232068453593995
1.3292553191489362    0.010558899823255145
1.3310638297872341    0.01674426252483234
1.332872340425532    0.021263160610534175
1.3346808510638297    0.025839637992994498
1.3364893617021276    0.03241405748189412
1.3382978723404255    0.04198499279701608
1.3401063829787234    0.05399196959124948
1.3419148936170213    0.06657032593290306
1.3437234042553192    0.07749108169968914
1.3455319148936171    0.08521644351837591
1.347340425531915    0.08947894718729642
1.3491489361702127    0.09112041376168774
1.3509574468085106    0.09138096308384756
1.3527659574468085    0.09112120394356955
1.3545744680851064    0.09042935780364568
1.3563829787234043    0.08876550188397582
1.3581914893617022    0.08544799380647804
1.36    0.08011847809804355
1.361808510638298    0.07291283611302661
1.3636170212765957    0.06431329224996964
1.3654255319148936    0.054866585881191504
1.3672340425531915    0.044985640914945335
1.3690425531914894    0.034918818924831216
1.3708510638297873    0.024807706755406743
1.3726595744680852    0.014703325337392194
1.374468085106383    0.004503318930289647
1.376276595744681    -0.006090732167145847
1.3780851063829787    -0.017458378712850286
1.3798936170212766    -0.02976781256614484
1.3817021276595745    -0.042673289609068646
1.3835106382978724    -0.055259301457344076
1.3853191489361703    -0.06636956667861253
1.3871276595744682    -0.0751859415376643
1.388936170212766    -0.08169308785920197
1.390744680851064    -0.08667723218733077
1.3925531914893619    -0.09119613406935885
1.3943617021276595    -0.09584100174673617
1.3961702127659574    -0.10030634784424132
1.3979787234042553    -0.1036150314902926
1.3997872340425532    -0.1048950334202582
1.4015957446808511    -0.10417881322716947
1.403404255319149    -0.10261797103985813
1.405212765957447    -0.10187101108316589
1.4070212765957448    -0.1030049443121671
1.4088297872340425    -0.1056446956858081
1.4106382978723404    -0.10800430523662825
1.4124468085106383    -0.10787250997895308
1.4142553191489362    -0.10396992545779236
1.416063829787234    -0.09680345652884624
1.417872340425532    -0.08843895849473916
1.41968085106383    -0.08131363992338524
1.4214893617021278    -0.0768429096748078
1.4232978723404255    -0.07470649695686536
1.4251063829787234    -0.0732351228729363
1.4269148936170213    -0.07058361161607536
1.4287234042553192    -0.06587707160390195
1.430531914893617    -0.059588665065114246
1.432340425531915    -0.05297901445125938
1.4341489361702129    -0.04707991129014699
1.4359574468085108    -0.0419794120413563
1.4377659574468085    -0.03688953840055571
1.4395744680851064    -0.030878720224228814
1.4413829787234043    -0.023675706339915115
1.4431914893617022    -0.015935199500900825
1.445    -0.00878465414431661
1.446808510638298    -0.0030112241355681607
1.4486170212765959    0.0015000015622593248
1.4504255319148938    0.005668860869781057
1.4522340425531914    0.010545182467480825
1.4540425531914893    0.016545146138245717
1.4558510638297872    0.023130034390909278
1.4576595744680851    0.029128740377329487
1.459468085106383    0.03346027794722625
1.461276595744681    0.035766724030270244
1.4630851063829788    0.03656739334285973
1.4648936170212767    0.036887033955495446
1.4667021276595744    0.03764120392354134
1.4685106382978723    0.03917123689138009
1.4703191489361702    0.041176429746557774
1.4721276595744681    0.04302542047306489
1.473936170212766    0.0442212962981367
1.475744680851064    0.04474826859801215
1.4775531914893618    0.04512787696119458
1.4793617021276597    0.04617573761078246
1.4811702127659574    0.0485923435877673
1.4829787234042553    0.052595171304392535
1.4847872340425532    0.05778466424744426
1.486595744680851    0.06333121440890657
1.488404255319149    0.06840168394931065
1.490212765957447    0.0725884699921015
1.4920212765957448    0.07606657934995403
1.4938297872340427    0.07934657283920049
1.4956382978723404    0.08275786710604527
1.4974468085106383    0.0860159476073778
1.4992553191489362    0.08821888285929044
1.501063829787234    0.0883446165347582
1.502872340425532    0.0859485738094381
1.5046808510638299    0.08156774516750898
1.5064893617021278    0.07649937781916957
1.5082978723404257    0.0720565122340806
1.5101063829787233    0.06879861769614551
1.5119148936170212    0.06628163128766076
1.5137234042553191    0.06350656473975505
1.515531914893617    0.05973015556678349
1.517340425531915    0.055030689100699484
1.5191489361702128    0.05021688085955325
1.5209574468085107    0.04618402670662222
1.5227659574468086    0.04325289843481436
1.5245744680851063    0.04102489421437662
1.5263829787234042    0.03884931813092965
1.5281914893617021    0.03648142112122238
1.53    0.034343191613291815
1.531808510638298    0.03313117497934377
1.5336170212765958    0.03308054447160412
1.5354255319148937    0.03352102886076744
1.5372340425531916    0.03316031403666947
1.5390425531914893    0.030947424938297677
1.5408510638297872    0.02687191390065731
1.542659574468085    0.0220601537061427
1.544468085106383    0.01805337022954613
1.546276595744681    0.01578534010574944
1.5480851063829788    0.01501465165354671
1.5498936170212767    0.014613798732069489
1.5517021276595746    0.01345467441544108
1.5535106382978723    0.011184749866003228
1.5553191489361702    0.00830924902952581
1.557127659574468    0.005572653897191379
1.558936170212766    0.0031946952024423814
1.5607446808510639    0.0006119055768496222
1.5625531914893618    -0.0030588178750964143
1.5643617021276597    -0.008219870234941569
1.5661702127659576    -0.014321009317430087
1.5679787234042553    -0.02012061151606412
1.5697872340425532    -0.024502300588108053
1.571595744680851    -0.027231960055772518
1.573404255319149    -0.029086849562011095
1.5752127659574469    -0.03126832565348262
1.5770212765957448    -0.03454019526496258
1.5788297872340427    -0.03871480754103244
1.5806382978723406    -0.042825981665624076
1.5824468085106382    -0.04582199553231874
1.5842553191489361    -0.04726715854842272
1.586063829787234    -0.047586515817920165
1.587872340425532    -0.0477478534909171
1.5896808510638298    -0.04865742308699892
1.5914893617021277    -0.05068467964901085
1.5932978723404256    -0.05357316850153176
1.5951063829787235    -0.0567020433415173
1.5969148936170212    -0.05946004840655717
1.5987234042553191    -0.06149555492709736
1.600531914893617    -0.06275767765759069
1.602340425531915    -0.06339790835072726
1.6041489361702128    -0.06364991057536154
1.6059574468085107    -0.063748893114902
1.6077659574468086    -0.06387573765170768
1.6095744680851065    -0.06409316571684254
1.6113829787234042    -0.06428659317943805
1.613191489361702    -0.06416849941850675
1.615    -0.06338810649319318
1.616808510638298    -0.061706520681473254
1.6186170212765958    -0.05911931504810658
1.6204255319148937    -0.055814334204597
1.6222340425531916    -0.05196099245402512
1.6240425531914895    -0.04746728881233021
1.6258510638297874    -0.04189837579610611
1.627659574468085    -0.03466107814305029
1.629468085106383    -0.025370069370181693
1.6312765957446809    -0.014160712003204387
1.6330851063829788    -0.0017253329763744774
1.6348936170212767    0.010969122915146654
1.6367021276595746    0.023102229821608814
1.6385106382978725    0.03428748131676097
1.6403191489361704    0.04456346453266227
1.642127659574468    0.054150470294116876
1.643936170212766    0.06319087920439621
1.6457446808510638    0.0716590001151786
1.6475531914893617    0.07944736496559328
1.6493617021276596    0.08648119270303127
1.6511702127659575    0.09272155830402813
1.6529787234042554    0.0980710727557982
1.6547872340425533    0.10233043091166007
1.656595744680851    0.10532073237727292
1.658404255319149    0.10710275542999544
1.6602127659574468    0.10807222524016215
1.6620212765957447    0.10876576570526376
1.6638297872340426    0.10946287210114324
1.6656382978723405    0.10989814647086725
1.6674468085106384    0.10937185678525031
1.6692553191489363    0.1072435839795161
1.671063829787234    0.10345291843417924
1.672872340425532    0.09863927924916717
1.6746808510638298    0.09372493679335427
1.6764893617021277    0.08925810137861438
1.6782978723404256    0.08502278626425792
1.6801063829787235    0.0802207961744892
1.6819148936170214    0.07407854887999533
1.6837234042553193    0.0664034155217136
1.685531914893617    0.057678148838011006
1.6873404255319149    0.048668484669252
1.6891489361702128    0.039893104593726594
1.6909574468085107    0.03136542063427185
1.6927659574468086    0.022748929144591097
1.6945744680851065    0.013730883337326527
1.6963829787234044    0.004293745439281984
1.6981914893617023    -0.005289014983703959
1.7    -0.014663589921323359
1.7018085106382979    -0.023622897103614583
1.7036170212765958    -0.03221772109041468
1.7054255319148937    -0.04073929413703435
1.7072340425531916    -0.049611103911678806
1.7090425531914895    -0.059206164144060575
1.7108510638297874    -0.0696115029331425
1.7126595744680853    -0.08044314369670386
1.714468085106383    -0.09088205866298316
1.7162765957446808    -0.10001727864611745
1.7180851063829787    -0.10734485730160515
1.7198936170212766    -0.11307404456307285
1.7217021276595745    -0.11795966019911283
1.7235106382978724    -0.1227245409474953
1.7253191489361703    -0.127491435322937
1.7271276595744682    -0.1316806305877245
1.728936170212766    -0.13447272352482664
1.7307446808510638    -0.1354696587598196
1.7325531914893617    -0.13501971855057943
1.7343617021276596    -0.1339606368723667
1.7361702127659575    -0.13302734671779642
1.7379787234042554    -0.13242945138313716
1.7397872340425533    -0.13190913175105767
1.7415957446808512    -0.13114265033287853
1.7434042553191489    -0.1300700836305126
1.7452127659574468    -0.12886924395942057
1.7470212765957447    -0.12767093201485036
1.7488297872340426    -0.1263563044527134
1.7506382978723405    -0.12465583978821981
1.7524468085106384    -0.12243070369076128
1.7542553191489363    -0.11981917330218253
1.7560638297872342    -0.11707297626363117
1.7578723404255319    -0.11423595690535551
1.7596808510638298    -0.11098926402785567
1.7614893617021277    -0.10682882935576718
1.7632978723404256    -0.10141773516436745
1.7651063829787235    -0.09479532758557443
1.7669148936170214    -0.08727818743942758
1.7687234042553193    -0.07918530270666718
1.7705319148936172    -0.07065809481304428
1.7723404255319148    -0.06170567974096758
1.7741489361702127    -0.052360850757931676
1.7759574468085106    -0.042748188808277826
1.7777659574468085    -0.03301153353518185
1.7795744680851064    -0.023234518709178642
1.7813829787234043    -0.013491250955636733
1.7831914893617022    -0.0039828558882983485
1.7850000000000001    0.004928181132770078
1.7868085106382978    0.012891020527441078
1.7886170212765957    0.01981437505928558
1.7904255319148936    0.025933211547149046
1.7922340425531915    0.031594125001971944
1.7940425531914894    0.03695291290695516
1.7958510638297873    0.04189154678575662
1.7976595744680852    0.04624742348727743
1.7994680851063831    0.05011158013760309
1.8012765957446808    0.05385670629656491
1.8030851063829787    0.05782832665734886
1.8048936170212766    0.06200428814889437
1.8067021276595745    0.0659961470883979
1.8085106382978724    0.0694283906869882
1.8103191489361703    0.07232275747104663
1.8121276595744682    0.07507691076895776
1.813936170212766    0.07803332454788142
1.8157446808510638    0.08108126313223296
1.8175531914893617    0.08374036692489256
1.8193617021276596    0.08569401416601735
1.8211702127659575    0.08724862882489928
1.8229787234042554    0.08921560321187846
1.8247872340425533    0.09226524571708494
1.8265957446808512    0.09634800726732928
1.828404255319149    0.10075151254228404
1.8302127659574468    0.1047595341554379
1.8320212765957447    0.1082900433427802
1.8338297872340426    0.1119095125710361
1.8356382978723405    0.11623883539537905
1.8374468085106384    0.12136180677273259
1.8392553191489363    0.12681681408262913
1.8410638297872342    0.13213189858903435
1.842872340425532    0.13729687086157566
1.8446808510638297    0.1426440556816203
1.8464893617021276    0.1482528365354791
1.8482978723404255    0.15352869642200345
1.8501063829787234    0.15746234838722983
1.8519148936170213    0.15937915673160574
1.8537234042553192    0.15945496649978347
1.8555319148936171    0.15846562531852693
1.857340425531915    0.1569825475990001
1.859148936170213    0.1547821732877495
1.8609574468085106    0.15103980203492595
1.8627659574468085    0.14511771521138817
1.8645744680851064    0.13718570256184953
1.8663829787234043    0.12808738100732048
1.8681914893617022    0.11860138468813886
1.87    0.10881358517761267
1.871808510638298    0.09817669509342969
1.873617021276596    0.08615578758014855
1.8754255319148936    0.0728175977686894
1.8772340425531915    0.05881795457253819
1.8790425531914894    0.044835553396690014
1.8808510638297873    0.03099943481180495
1.8826595744680852    0.01681793174758734
1.884468085106383    0.0016367052885438958
1.886276595744681    -0.014789798637505512
1.8880851063829789    -0.032067617593897084
1.8898936170212766    -0.04940523988615051
1.8917021276595745    -0.06610367244086623
1.8935106382978724    -0.08194171772896369
1.8953191489361703    -0.09721750240486232
1.8971276595744682    -0.11242404914491416
1.898936170212766    -0.12773916997190304
1.900744680851064    -0.14264101879569002
1.9025531914893619    -0.15595135166474422
1.9043617021276595    -0.1663863221544708
1.9061702127659574    -0.17332090227137337
1.9079787234042553    -0.17721588314669934
1.9097872340425532    -0.1793075684562831
1.9115957446808511    -0.1807089943060184
1.913404255319149    -0.18159924445419562
1.915212765957447    -0.1811811236178421
1.9170212765957448    -0.17847999676311943
1.9188297872340425    -0.17332935700108615
1.9206382978723404    -0.1667018304205068
1.9224468085106383    -0.16009751693156082
1.9242553191489362    -0.1545111242069176
1.9260638297872341    -0.14983661933192677
1.927872340425532    -0.14514750897908874
1.92968085106383    -0.13952898543326342
1.9314893617021278    -0.13273284424985465
1.9332978723404255    -0.1251890360573158
1.9351063829787234    -0.11751487116906931
1.9369148936170213    -0.11003187488756777
1.9387234042553192    -0.10266450914842493
1.940531914893617    -0.09519039085628611
1.942340425531915    -0.08755129897618322
1.944148936170213    -0.07998263403538608
1.9459574468085108    -0.0729150090174778
1.9477659574468085    -0.0667308927920432
1.9495744680851064    -0.061492700907193276
1.9513829787234043    -0.056787338859448255
1.9531914893617022    -0.051850182755477314
1.955    -0.04601129806417811
1.956808510638298    -0.03922639591051642
1.9586170212765959    -0.032254887817632805
1.9604255319148938    -0.026226002328118794
1.9622340425531914    -0.02185291577541123
1.9640425531914893    -0.018947132329895998
1.9658510638297872    -0.016688212925016502
1.9676595744680851    -0.014409629705328046
1.969468085106383    -0.012133963884482724
1.971276595744681    -0.010316562144023236
1.9730851063829788    -0.009073430904840116
1.9748936170212767    -0.007745193548320539
1.9767021276595744    -0.005331845194084956
1.9785106382978723    -0.0013958025716775922
1.9803191489361702    0.0035394371150326634
1.9821276595744681    0.008601648394497216
1.983936170212766    0.013620543309154732
1.985744680851064    0.01949283250400487
1.9875531914893618    0.027371213573707438
1.9893617021276597    0.037414388696559275
1.9911702127659574    0.048373331380226384
1.9929787234042553    0.05851138214960709
1.9947872340425532    0.06701000705728842
1.996595744680851    0.07448747813341021
1.998404255319149    0.08212980283601838
2.0002127659574467    0.09032725640020985
2.0020212765957446    0.09819254019583586
2.0038297872340425    0.10441545483322563
2.0056382978723404    0.10854913819249244
2.0074468085106383    0.1114263397478283
2.009255319148936    0.11434037760397707
2.011063829787234    0.1178762887111471
2.012872340425532    0.1215503153322053
2.01468085106383    0.12450189129815127
2.016489361702128    0.12641253097712862
2.0182978723404257    0.1277092950242027
2.0201063829787236    0.12896351658669702
2.0219148936170215    0.13021906445229203
2.0237234042553194    0.13092365061446215
2.0255319148936173    0.1303870920004705
2.0273404255319147    0.12817180057828736
2.0291489361702126    0.12407202925979505
2.0309574468085105    0.11793991692950348
2.0327659574468084    0.10977225512290134
2.0345744680851063    0.10000717078866433
2.0363829787234042    0.08954217176306367
2.038191489361702    0.07921568839976825
2.04    0.06918604633824799
2.041808510638298    0.05893350242079373
2.043617021276596    0.04803084444123977
2.0454255319148937    0.036942985826245556
2.0472340425531916    0.026953541774895826
2.0490425531914895    0.019167489973876947
2.0508510638297874    0.013537566648417904
2.0526595744680853    0.008899206940441811
2.0544680851063832    0.003982500128078109
2.0562765957446807    -0.0016203393907729155
2.0580851063829786    -0.00744427317721112
2.0598936170212765    -0.012940912558280627
2.0617021276595744    -0.018085416672766606
2.0635106382978723    -0.023141044403381265
2.06531914893617    -0.02797787942268226
2.067127659574468    -0.03188362565788408
2.068936170212766    -0.03420084545459638
2.070744680851064    -0.035098434508547216
2.072553191489362    -0.035563300297767636
2.0743617021276597    -0.03656548144166788
2.0761702127659576    -0.03829581230625466
2.0779787234042555    -0.04027673102949139
2.0797872340425534    -0.04211010835492755
2.0815957446808513    -0.043887690581837724
2.083404255319149    -0.04575332413855887
2.085212765957447    -0.0472291642663243
2.0870212765957445    -0.0473125155891046
2.0888297872340424    -0.04544941937994541
2.0906382978723403    -0.042313698015114976
2.0924468085106382    -0.03933742396303978
2.094255319148936    -0.037295205587412644
2.096063829787234    -0.03544538432882449
2.097872340425532    -0.032295830314976126
2.09968085106383    -0.02731335790822763
2.1014893617021277    -0.021750201790216875
2.1032978723404256    -0.017606806559164884
2.1051063829787235    -0.01577453468748693
2.1069148936170214    -0.01536773842038297
2.1087234042553193    -0.014992438447684959
2.1105319148936172    -0.014526046107037057
2.112340425531915    -0.015337424581247091
2.114148936170213    -0.018581017056822188
2.1159574468085105    -0.023427405494252786
2.1177659574468084    -0.027322074220164857
2.1195744680851063    -0.028216954174052466
2.121382978723404    -0.026496572910519014
2.123191489361702    -0.024516537611804456
2.125    -0.024171667155147552
2.126808510638298    -0.025028725939548305
2.128617021276596    -0.02496229841820406
2.1304255319148937    -0.022543079609512236
2.1322340425531916    -0.018574785826859636
2.1340425531914895    -0.015173862862815999
2.1358510638297874    -0.013505830441237241
2.1376595744680853    -0.012717959277893154
2.139468085106383    -0.011192582290077104
2.141276595744681    -0.008615185124907367
2.143085106382979    -0.006462500626528353
2.1448936170212765    -0.006338314165759676
2.1467021276595744    -0.008038708825958923
2.1485106382978723    -0.00954774535538541
2.15031914893617    -0.009006752746192183
2.152127659574468    -0.00650487941462464
2.153936170212766    -0.0037584724105110857
2.155744680851064    -0.002101301826053408
2.1575531914893618    -0.001039599419676289
2.1593617021276597    0.001083067268029105
2.1611702127659576    0.005154138963597759
2.1629787234042555    0.010295326973410363
2.1647872340425534    0.0148552429557866
2.1665957446808513    0.01816700665146523
2.168404255319149    0.021035617737160228
2.170212765957447    0.024444068580089975
2.172021276595745    0.02803539705380475
2.1738297872340424    0.030183897818729925
2.1756382978723403    0.029658880135152464
2.177446808510638    0.027081592898160214
2.179255319148936    0.02458717897314957
2.181063829787234    0.024036634546168285
2.182872340425532    0.025607048342205563
2.18468085106383    0.02805743460601849
2.1864893617021277    0.030144149454844976
2.1882978723404256    0.03160018531880317
2.1901063829787235    0.032829613920233244
2.1919148936170214    0.03397603438122847
2.1937234042553193    0.03455900768019267
2.195531914893617    0.033992203312873545
2.197340425531915    0.032209444583276584
2.199148936170213    0.02961896761619196
2.200957446808511    0.026542514311186517
2.2027659574468084    0.022919195016892657
2.2045744680851063    0.01861509894197528
2.206382978723404    0.01382297125124611
2.208191489361702    0.008912304474909927
2.21    0.003865865842516289
2.211808510638298    -0.001913051747095397
2.2136170212765958    -0.009017782576564909
2.2154255319148937    -0.017271374643659642
2.2172340425531916    -0.02572082367499885
2.2190425531914895    -0.03351341088711095
2.2208510638297874    -0.04070045320506846
2.2226595744680853    -0.048008900643118385
2.224468085106383    -0.05578076437703451
2.226276595744681    -0.06327660870240806
2.228085106382979    -0.06916729220453821
2.229893617021277    -0.07268347779143253
2.2317021276595743    -0.07413287548933528
2.233510638297872    -0.07424708779803746
2.23531914893617    -0.07321654250376805
2.237127659574468    -0.07064825900497537
2.238936170212766    -0.06654854923914941
2.240744680851064    -0.06210680673889485
2.2425531914893617    -0.05914552255752753
2.2443617021276596    -0.05859406064388675
2.2461702127659575    -0.05955551095868787
2.2479787234042554    -0.06003095917746705
2.2497872340425533    -0.05863917114099304
2.251595744680851    -0.055624502870472325
2.253404255319149    -0.052237785478040935
2.255212765957447    -0.04930484978817125
2.257021276595745    -0.04654788660671129
2.258829787234043    -0.04323493188802412
2.2606382978723403    -0.0392105329101749
2.262446808510638    -0.03504136814401722
2.264255319148936    -0.031170752259527132
2.266063829787234    -0.027189456800745117
2.267872340425532    -0.022181258504122676
2.2696808510638298    -0.01581252957378021
2.2714893617021277    -0.008941088452320688
2.2732978723404256    -0.003044063818168439
2.2751063829787235    0.000936173736369035
2.2769148936170214    0.0031507562600953383
2.2787234042553193    0.004367866144178306
2.280531914893617    0.00514587638171308
2.282340425531915    0.00556716643005898
2.284148936170213    0.005627420755545204
2.285957446808511    0.00558494889208817
2.2877659574468088    0.005743079579243648
2.2895744680851062    0.005968935793559721
2.291382978723404    0.005657536070762087
2.293191489361702    0.00431951561048728
2.295    0.002171254108909798
2.296808510638298    3.412804018307954e-05
2.2986170212765957    -0.001391772181288343
2.3004255319148936    -0.0021207511547596987
2.3022340425531915    -0.0027529307886165998
2.3040425531914894    -0.003832199977990945
2.3058510638297873    -0.005384528699421243
2.3076595744680852    -0.007008574259395358
2.309468085106383    -0.008243359213228938
2.311276595744681    -0.008755149051672855
2.313085106382979    -0.008283038040914755
2.314893617021277    -0.00663711947472592
2.3167021276595747    -0.003867581445589536
2.3185106382978726    -0.00031439919878022225
2.32031914893617    0.003736500433078965
2.322127659574468    0.008536102387968848
2.323936170212766    0.014878216190163464
2.325744680851064    0.02340954607047874
2.3275531914893617    0.0338414999526173
2.3293617021276596    0.04492663825459496
2.3311702127659575    0.055344050814812015
2.3329787234042554    0.06466000853628139
2.3347872340425533    0.07340823146277244
2.336595744680851    0.08226103788690152
2.338404255319149    0.09122262024603921
2.340212765957447    0.09968771842425549
2.342021276595745    0.10718802728475517
2.343829787234043    0.11388346044637278
2.3456382978723407    0.1202198985853971
2.3474468085106386    0.12620640486757845
2.349255319148936    0.13122274960529973
2.351063829787234    0.13461385531130177
2.352872340425532    0.1363612525049797
2.3546808510638297    0.1370157452697458
2.3564893617021276    0.13696547401260523
2.3582978723404255    0.1359314714814887
2.3601063829787234    0.13333651707365307
2.3619148936170213    0.12915815623473148
2.3637234042553192    0.12427398614843477
2.365531914893617    0.11985264770917714
2.367340425531915    0.11640310911333884
2.369148936170213    0.11344407082543104
2.370957446808511    0.11002734973061501
2.3727659574468087    0.1054372584066372
2.3745744680851066    0.09934876444067417
2.3763829787234045    0.09152198347656038
2.378191489361702    0.08169822441270938
2.38    0.07000528806204709
2.381808510638298    0.057355680176592844
2.3836170212765957    0.04512959352046064
2.3854255319148936    0.03421309054900212
2.3872340425531915    0.02431754972784226
2.3890425531914894    0.014359561222816904
2.3908510638297873    0.003592070079414516
2.392659574468085    -0.007651216067438554
2.394468085106383    -0.01833809865534647
2.396276595744681    -0.0277755390457171
2.398085106382979    -0.036157249120865625
2.399893617021277    -0.04408425483742158
2.4017021276595747    -0.0517001443055759
2.4035106382978726    -0.05848621958667821
2.4053191489361705    -0.06395487358797895
2.407127659574468    -0.06841581395712885
2.408936170212766    -0.07289306603809383
2.4107446808510637    -0.07823231019131059
2.4125531914893616    -0.08434227958958083
2.4143617021276595    -0.0903425389820826
2.4161702127659574    -0.09537667536199217
2.4179787234042553    -0.09917032692192153
2.4197872340425532    -0.10181190439431602
2.421595744680851    -0.10319122998455561
2.423404255319149    -0.10290807256277716
2.425212765957447    -0.1008340734710015
2.427021276595745    -0.09764399463361499
2.4288297872340427    -0.09457287803906296
2.4306382978723406    -0.09250939487645725
2.4324468085106385    -0.09133503477131356
2.4342553191489364    -0.0902269424401725
2.436063829787234    -0.08862720482419166
2.437872340425532    -0.08684886921174821
2.4396808510638297    -0.08566178761896175
2.4414893617021276    -0.08530263772034259
2.4432978723404255    -0.08500175289532962
2.4451063829787234    -0.08360185422714926
2.4469148936170213    -0.08068803588701633
2.448723404255319    -0.07706959780663068
2.450531914893617    -0.07407433163161044
2.452340425531915    -0.07230941477088688
2.454148936170213    -0.07108817352610468
2.455957446808511    -0.06906342805677722
2.4577659574468087    -0.0654216718652652
2.4595744680851066    -0.06047941274877193
2.4613829787234045    -0.055178000872876415
2.4631914893617024    -0.050093929885764915
2.465    -0.04501348139902542
2.4668085106382978    -0.03945310761402697
2.4686170212765957    -0.033480252466315114
2.4704255319148936    -0.027897032632692394
2.4722340425531915    -0.02357978891893727
2.4740425531914894    -0.02070813834219635
2.4758510638297873    -0.018736549006682687
2.477659574468085    -0.017130385975506597
2.479468085106383    -0.01602611899372311
2.481276595744681    -0.016047217984083144
2.483085106382979    -0.01745304614520026
2.4848936170212768    -0.01957618090597736
2.4867021276595747    -0.021230823890679033
2.4885106382978726    -0.021720472989205097
2.4903191489361705    -0.021389513562940256
2.4921276595744684    -0.02112105012064451
2.493936170212766    -0.02130149129328271
2.4957446808510637    -0.021333530490756834
2.4975531914893616    -0.02017452563866865
2.4993617021276595    -0.017284118741966503
2.5011702127659574    -0.012986192416025746
2.5029787234042553    -0.007967420522234099
2.504787234042553    -0.002597134698086142
2.506595744680851    0.003132705766183882
2.508404255319149    0.009068127335946077
2.510212765957447    0.014529251460932367
2.512021276595745    0.018684498316662586
2.5138297872340427    0.021302791110240665
2.5156382978723406    0.023002236868412948
2.5174468085106385    0.024644858348056138
2.5192553191489364    0.02651447791274044
2.5210638297872343    0.028195156050753283
2.5228723404255318    0.029277954820193547
2.5246808510638297    0.03005646679389133
2.5264893617021276    0.0313582976368341
2.5282978723404255    0.03364914862258984
2.5301063829787234    0.03641731806468649
2.5319148936170213    0.03858331191507066
2.533723404255319    0.039548289143806835
2.535531914893617    0.039762072798576305
2.537340425531915    0.040189489244379005
2.539148936170213    0.04123717163295743
2.5409574468085108    0.04226560528759161
2.5427659574468087    0.042156078157535186
2.5445744680851066    0.040287614731979664
2.5463829787234045    0.03692980854322812
2.5481914893617024    0.032786807891478593
2.5500000000000003    0.028341178903444952
2.551808510638298    0.02372113708163385
2.5536170212765956    0.01906590024500792
2.5554255319148935    0.014756352706284857
2.5572340425531914    0.011136001661712854
2.5590425531914893    0.008096467572417148
2.560851063829787    0.005156363310015448
2.562659574468085    0.0020551987114207065
2.564468085106383    -0.0008486514301575651
2.566276595744681    -0.0029778146188002377
2.568085106382979    -0.004399774856610821
2.5698936170212767    -0.006135065289476181
2.5717021276595746    -0.00936368969633275
2.5735106382978725    -0.01421697449684127
2.5753191489361704    -0.019459478494757876
2.5771276595744683    -0.02355161572623881
2.578936170212766    -0.026105188091001888
2.580744680851064    -0.028215349320700543
2.5825531914893616    -0.031255693029744694
2.5843617021276595    -0.03535607465149912
2.5861702127659574    -0.03917509837693944
2.5879787234042553    -0.0412353682559025
2.589787234042553    -0.041410717699156996
2.591595744680851    -0.0409683226285394
2.593404255319149    -0.041117419179035955
2.595212765957447    -0.04163606744640912
2.5970212765957448    -0.04106012258284314
2.5988297872340427    -0.03820483712414559
2.6006382978723406    -0.03333496985777214
2.6024468085106385    -0.02772008105118419
2.6042553191489364    -0.02214070054729994
2.6060638297872343    -0.016094544370124808
2.607872340425532    -0.008645391139168939
2.60968085106383    4.2961936330359815e-05
2.6114893617021275    0.008286766517401878
2.6132978723404254    0.014177928359535361
2.6151063829787233    0.01728203271973785
2.6169148936170212    0.018944147044409977
2.618723404255319    0.02090645342640849
2.620531914893617    0.023741299720220113
2.622340425531915    0.02670446340282861
2.624148936170213    0.028960900787015735
2.6259574468085107    0.03064692741838309
2.6277659574468086    0.03257441052007808
2.6295744680851065    0.03506853775807633
2.6313829787234044    0.0374423209582733
2.6331914893617023    0.03878319525659487
2.6350000000000002    0.03909570671760717
2.636808510638298    0.03938352633003173
2.638617021276596    0.040517658528316035
2.6404255319148935    0.042206669586837935
2.6422340425531914    0.04329001529972528
2.6440425531914893    0.043017958793745405
2.645851063829787    0.041816227616537215
2.647659574468085    0.04065398288627118
2.649468085106383    0.03980276777208994
2.651276595744681    0.0384998575519419
2.653085106382979    0.035942428226384014
2.6548936170212767    0.03243164873248027
2.6567021276595746    0.029273175127091267
2.6585106382978725    0.027482597092551277
2.6603191489361704    0.02674416829880799
2.6621276595744683    0.025792210394139682
2.663936170212766    0.02377199874800668
2.665744680851064    0.02107331761765243
2.667553191489362    0.018800756657378785
2.6693617021276594    0.017592503110053156
2.6711702127659573    0.017116642846546737
2.6729787234042552    0.016651417351510357
2.674787234042553    0.01590440719873565
2.676595744680851    0.015120009845795125
2.678404255319149    0.014542442620779944
2.680212765957447    0.014077890023252587
2.6820212765957447    0.013597136889646269
2.6838297872340426    0.013362315681089802
2.6856382978723405    0.013856560293268625
2.6874468085106384    0.015125606181110501
2.6892553191489363    0.016500521543184127
2.6910638297872342    0.017202171065984526
2.692872340425532    0.017215778144548645
2.69468085106383    0.01736660476270569
2.696489361702128    0.01838693242777361
2.6982978723404254    0.01997793435833027
2.7001063829787233    0.02096922123722377
2.701914893617021    0.020476282276274592
2.703723404255319    0.01881747346199921
2.705531914893617    0.017199107185184026
2.707340425531915    0.016529747381057523
2.709148936170213    0.0166399145588867
2.7109574468085107    0.016660502068637055
2.7127659574468086    0.016015399301510823
2.7145744680851065    0.01489797478754358
2.7163829787234044    0.013805764927414161
2.7181914893617023    0.01279493928818045
2.72    0.011344095454107923
2.721808510638298    0.00893288578835627
2.723617021276596    0.005630538304169045
2.725425531914894    0.0020441586810957856
2.7272340425531914    -0.0012754375014760537
2.7290425531914893    -0.004321853288880989
2.730851063829787    -0.007545433407365361
2.732659574468085    -0.011315290694519014
2.734468085106383    -0.015427330052941755
2.736276595744681    -0.01905275294487554
2.7380851063829788    -0.02117740566358862
2.7398936170212767    -0.02127868720125033
2.7417021276595746    -0.01981553292663826
2.7435106382978725    -0.01812463963795966
2.7453191489361704    -0.017640843056499603
2.7471276595744683    -0.018915623976405584
2.748936170212766    -0.021230452585083947
2.750744680851064    -0.02321926541175152
2.752553191489362    -0.02401052755224813
2.75436170212766    -0.02384779668816334
2.7561702127659573    -0.023623425461033114
2.757978723404255    -0.023865198064169518
2.759787234042553    -0.024272637392544965
2.761595744680851    -0.02425387928451046
2.763404255319149    -0.023762484733237593
2.765212765957447    -0.02339807187098444
2.7670212765957447    -0.02362524572977517
2.7688297872340426    -0.02404904688971358
2.7706382978723405    -0.02366720578576632
2.7724468085106384    -0.021887897486139122
2.7742553191489363    -0.01917883930051088
2.776063829787234    -0.01660344965467753
2.777872340425532    -0.014763696088998478
2.77968085106383    -0.01332945294248171
2.781489361702128    -0.011624238392715869
2.783297872340426    -0.009509249734575127
2.7851063829787237    -0.007509829696450577
2.786914893617021    -0.00608251288832631
2.788723404255319    -0.004961072227517099
2.790531914893617    -0.0034069671597342192
2.792340425531915    -0.0010834204274776304
2.7941489361702128    0.0014883865364591466
2.7959574468085107    0.003446008835598799
2.7977659574468086    0.00448939208949237
2.7995744680851065    0.0051411406327133615
2.8013829787234044    0.006087704935805313
2.8031914893617023    0.0073747842170400375
2.805    0.008363201562600911
2.806808510638298    0.00845889215662229
2.808617021276596    0.007772044540244924
2.810425531914894    0.006992408003781151
2.8122340425531918    0.0066725947526180066
2.8140425531914897    0.006730485491992325
2.815851063829787    0.006665726365983058
2.817659574468085    0.006172170947791126
2.819468085106383    0.005450261045791615
2.821276595744681    0.004933205833298511
2.8230851063829787    0.004798744710952428
2.8248936170212766    0.004810734726946306
2.8267021276595745    0.004608009145280551
2.8285106382978724    0.0040694039536947665
2.8303191489361703    0.0033554740599982926
2.832127659574468    0.002621549871986013
2.833936170212766    0.0017463422974799648
2.835744680851064    0.00037669698754712105
2.837553191489362    -0.0017507514671797784
2.83936170212766    -0.0045190611500859085
2.8411702127659577    -0.007437489345673657
2.8429787234042556    -0.009939257992839125
2.844787234042553    -0.011729516655776878
2.846595744680851    -0.012929749361983595
2.848404255319149    -0.013944829010633578
2.8502127659574468    -0.015176024413467782
2.8520212765957447    -0.01677059252800185
2.8538297872340426    -0.01853169874220703
2.8556382978723405    -0.020011871660999596
2.8574468085106384    -0.020751704075718642
2.8592553191489363    -0.020577591269303586
2.861063829787234    -0.01979731961645957
2.862872340425532    -0.019099140979957026
2.86468085106383    -0.01910644090058792
2.866489361702128    -0.0198539873416266
2.8682978723404258    -0.020652547990641916
2.8701063829787237    -0.020585124995459766
2.8719148936170216    -0.019304553561228274
2.873723404255319    -0.017413951021382233
2.875531914893617    -0.01599933811309244
2.877340425531915    -0.015681886647921195
2.8791489361702127    -0.016080384273714214
2.8809574468085106    -0.01621561862795562
2.8827659574468085    -0.015449722882764555
2.8845744680851064    -0.014012812536293748
2.8863829787234043    -0.012627560819531328
2.8881914893617022    -0.011713625219472518
2.89    -0.011066810163424225
2.891808510638298    -0.010312242807378504
2.893617021276596    -0.009524085248335097
2.895425531914894    -0.009233946684957323
2.8972340425531917    -0.00979844815540375
2.8990425531914896    -0.010873734509416168
2.9008510638297875    -0.011640417690158063
2.902659574468085    -0.011568320001458895
2.904468085106383    -0.01090337178951542
2.906276595744681    -0.010378529783321652
2.9080851063829787    -0.010492090911786801
2.9098936170212766    -0.01110036187627499
2.9117021276595745    -0.011653109776249369
2.9135106382978724    -0.011721905448206022
2.9153191489361703    -0.011288541447892812
2.917127659574468    -0.010644676969224269
2.918936170212766    -0.010141997608865975
2.920744680851064    -0.0100156050551067
2.922553191489362    -0.010279701601328323
2.92436170212766    -0.010662593866999102
2.9261702127659577    -0.010697183147066216
2.9279787234042556    -0.01005191888227579
2.9297872340425535    -0.008876827676145671
2.931595744680851    -0.007760442829590323
2.933404255319149    -0.007221344465670626
2.9352127659574467    -0.007214114568813448
2.9370212765957446    -0.007213421114383294
2.9388297872340425    -0.006828704833316036
2.9406382978723404    -0.006255529195282496
2.9424468085106383    -0.006002710856961371
2.9442553191489362    -0.006175404893849466
2.946063829787234    -0.006169894371444282
2.947872340425532    -0.00521042178516032
2.94968085106383    -0.003175339843801325
2.951489361702128    -0.0007758235303801306
2.9532978723404257    0.001143476949206467
2.9551063829787236    0.0024171013182469297
2.9569148936170215    0.003600517789652553
2.9587234042553194    0.005251314864091911
2.960531914893617    0.0073111312717586
2.962340425531915    0.009269527423437562
2.9641489361702127    0.010834315638644374
2.9659574468085106    0.012261397890780224
2.9677659574468085    0.013968114387092806
2.9695744680851064    0.015952651959465405
2.9713829787234043    0.01776447272688147
2.973191489361702    0.01906939808713033
2.975    0.02010649588335278
2.976808510638298    0.021453079570246256
2.978617021276596    0.023345365742796987
2.980425531914894    0.025342051625229668
2.9822340425531917    0.026731427769686202
2.9840425531914896    0.027238440645083784
2.9858510638297875    0.027266790702875136
2.9876595744680854    0.027449427836979155
2.989468085106383    0.028027923328983826
2.9912765957446807    0.0287049731600684
2.9930851063829786    0.029044831269251416
2.9948936170212765    0.02892601583095351
2.9967021276595744    0.028585360877901537
2.9985106382978723    0.028300648549251285
3.0003191489361702    0.028118538494144665
3.002127659574468    0.027887550599294934
3.003936170212766    0.027461858438530103
3.005744680851064    0.026790657314293555
3.007553191489362    0.02583056611917525
3.0093617021276597    0.024484682676545026
3.0111702127659576    0.022732111925815267
3.0129787234042555    0.02082015442323862
3.0147872340425534    0.019226496752190975
3.0165957446808513    0.018303453645684562
3.0184042553191492    0.017894951376882486
3.0202127659574467    0.017335183802593444
3.0220212765957446    0.015910858796635268
3.0238297872340425    0.013401864363884446
3.0256382978723404    0.010207669487151516
3.0274468085106383    0.006966822876413245
3.029255319148936    0.004078720560117261
3.031063829787234    0.0015934186408474507
3.032872340425532    -0.0005215241253270937
3.03468085106383    -0.002168923161214524
3.036489361702128    -0.0032827897034030133
3.0382978723404257    -0.00413166770591427
3.0401063829787236    -0.0052471108332733715
3.0419148936170215    -0.006877184183521444
3.0437234042553194    -0.008548169243164278
3.0455319148936173    -0.009378026258599122
3.047340425531915    -0.008985056168694935
3.0491489361702127    -0.008032137617620873
3.0509574468085106    -0.007680951157381696
3.0527659574468085    -0.0084106105132109
3.0545744680851064    -0.009478329967791028
3.0563829787234043    -0.009703624033580816
3.058191489361702    -0.008781070508805281
3.06    -0.007648344399321456
3.061808510638298    -0.007441714856926119
3.063617021276596    -0.00819448112264742
3.0654255319148938    -0.008785125561666069
3.0672340425531917    -0.008233839621225193
3.0690425531914896    -0.006869019144706378
3.0708510638297875    -0.006001853821750046
3.0726595744680854    -0.006465999869076384
3.0744680851063833    -0.007699612923729544
3.076276595744681    -0.008407799104691195
3.0780851063829786    -0.007998927254980406
3.0798936170212765    -0.007123511128754454
3.0817021276595744    -0.006761162079317097
3.0835106382978723    -0.007025677865663752
3.08531914893617    -0.007121502087851561
3.087127659574468    -0.006424913773037312
3.088936170212766    -0.005302041251707771
3.090744680851064    -0.00465822052696719
3.092553191489362    -0.004811519663844934
3.0943617021276597    -0.005101678939226861
3.0961702127659576    -0.004705330216954519
3.0979787234042555    -0.003637561516550496
3.0997872340425534    -0.0027235901117184016
3.1015957446808513    -0.0026167670120078763
3.103404255319149    -0.0030830648022161945
3.105212765957447    -0.0033800679116522516
3.1070212765957446    -0.0031869459359889435
3.1088297872340425    -0.0029191577677102716
3.1106382978723404    -0.0031030260939017805
3.1124468085106383    -0.0036640454566871502
3.114255319148936    -0.004023429116630248
3.116063829787234    -0.0038248854716734617
3.117872340425532    -0.0033362877748200808
3.11968085106383    -0.0030429747640815475
3.1214893617021278    -0.0030016396331244213
3.1232978723404257    -0.0027950859451112134
3.1251063829787236    -0.002117619644097268
3.1269148936170215    -0.0012104458320011222
3.1287234042553194    -0.0005826633092523637
3.1305319148936173    -0.00037607113105047295
3.132340425531915    -0.00016986242160070336
3.134148936170213    0.0005450759147194228
3.1359574468085105    0.001805772886573207
3.1377659574468084    0.003169877960562488
3.1395744680851063    0.004204425606770691
3.141382978723404    0.00487695128619501
3.143191489361702    0.005481276094014977
3.145    0.00631747312890537
3.146808510638298    0.007527129414196984
3.148617021276596    0.009141086461352487
3.1504255319148937    0.011099010369087302
3.1522340425531916    0.013147913414432583
3.1540425531914895    0.014826090287247809
3.1558510638297874    0.015695179085778943
3.1576595744680853    0.01563908150553151
3.159468085106383    0.014910163860251749
3.161276595744681    0.013891313464708802
3.163085106382979    0.012864733246334845
3.1648936170212765    0.011993958571404659
3.1667021276595744    0.011384578722913999
3.1685106382978723    0.011013309796456126
3.17031914893617    0.010620412956190702
3.172127659574468    0.00985495085313081
3.173936170212766    0.008661510760997426
3.175744680851064    0.0074579077389959544
3.1775531914893618    0.006756026129724689
3.1793617021276597    0.006541046602959016
3.1811702127659576    0.006135946392931135
3.1829787234042555    0.004809732667780911
3.1847872340425534    0.002508155097511406
3.1865957446808513    -0.0001199374382370934
3.188404255319149    -0.002432585713677746
3.190212765957447    -0.004408434535314193
3.192021276595745    -0.006467494431658385
3.1938297872340424    -0.00878308019176419
3.1956382978723403    -0.010973742058653261
3.1974468085106382    -0.012543671572775347
3.199255319148936    -0.013475804039805358
3.201063829787234    -0.014211126016219527
3.202872340425532    -0.015070059568283362
3.20468085106383    -0.015898907656470364
3.2064893617021277    -0.016404927675350008
3.2082978723404256    -0.01670716323296478
3.2101063829787235    -0.017321229266002696
3.2119148936170214    -0.0185363096865967
3.2137234042553193    -0.01996814376782603
3.2155319148936172    -0.02089156615226836
3.217340425531915    -0.020983959929316762
3.219148936170213    -0.020594258727266456
3.220957446808511    -0.020250605219894597
3.2227659574468084    -0.020055030390125825
3.2245744680851063    -0.019693730114747798
3.226382978723404    -0.018956435449268793
3.228191489361702    -0.018024625894207714
3.23    -0.017163227751013126
3.231808510638298    -0.01628852924657778
3.233617021276596    -0.015047608892775215
3.2354255319148937    -0.01332585421310781
3.2372340425531916    -0.011485902129394508
3.2390425531914895    -0.009976860098058114
3.2408510638297874    -0.0087997885927904
3.2426595744680853    -0.0075361676095328164
3.244468085106383    -0.005923321210750948
3.246276595744681    -0.004234245177764625
3.248085106382979    -0.0029522378228287226
3.249893617021277    -0.0021372524129604784
3.251702127659575    -0.0012922649370594908
3.2535106382978722    7.781154603444412e-05
3.25531914893617    0.001879483336315696
3.257127659574468    0.0035043232135760867
3.258936170212766    0.004444426929454146
3.260744680851064    0.004724617674805123
3.2625531914893617    0.004727949302837751
3.2643617021276596    0.004735707165668959
3.2661702127659575    0.004743795522422077
3.2679787234042554    0.0046564301819075815
3.2697872340425533    0.004493819960209987
3.2715957446808512    0.004358908713684041
3.273404255319149    0.004313816834550709
3.275212765957447    0.0043938179651942496
3.277021276595745    0.0046843137403586735
3.278829787234043    0.005242020651168705
3.2806382978723407    0.005919700668123953
3.282446808510638    0.006411893018552692
3.284255319148936    0.00659286307988693
3.286063829787234    0.00673876362339323
3.287872340425532    0.007242669064014095
3.28968085106383    0.008063163017157548
3.2914893617021277    0.008595599544690961
3.2932978723404256    0.00822624960437094
3.2951063829787235    0.006966862369444835
3.2969148936170214    0.005393257497799118
3.2987234042553193    0.003945635211530076
3.300531914893617    0.002471586341680673
3.302340425531915    0.0006064066024006401
3.304148936170213    -0.001505291260616679
3.305957446808511    -0.0031307284427548833
3.307765957446809    -0.003691692063626223
3.3095744680851067    -0.0034106034946562776
3.311382978723404    -0.003006642900683935
3.313191489361702    -0.0027984617490771965
3.315    -0.002374145447387119
3.316808510638298    -0.0012904413109277495
3.3186170212765957    9.30299632884836e-05
3.3204255319148936    0.0007861841963683375
3.3222340425531915    0.0002352194065967702
3.3240425531914894    -0.0010150548450660595
3.3258510638297873    -0.0019242937009378476
3.3276595744680852    -0.00211820871431514
3.329468085106383    -0.0021830039516515277
3.331276595744681    -0.0027439300067340676
3.333085106382979    -0.0035157434318998154
3.334893617021277    -0.003558023764923395
3.3367021276595747    -0.0024454882330615076
3.3385106382978726    -0.0008899567710069296
3.34031914893617    -1.1857051217546146e-05
3.342127659574468    -0.00012578731008298772
3.343936170212766    -0.0004902680660753625
3.345744680851064    -0.0002693715316970987
3.3475531914893617    0.0005053123439100702
3.3493617021276596    0.0011004563101483676
3.3511702127659575    0.0010576483482295151
3.3529787234042554    0.0007112288305563582
3.3547872340425533    0.0006573641360767711
3.356595744680851    0.000941913698584797
3.358404255319149    0.0010310238460384655
3.360212765957447    0.0005628628531156382
3.362021276595745    -0.00012106916260441508
3.363829787234043    -0.0003442777997283398
3.3656382978723407    0.00011999059536963556
3.3674468085106386    0.0008283026791060837
3.369255319148936    0.0012472364312858708
3.371063829787234    0.0013877905506408431
3.372872340425532    0.0017428261046008725
3.3746808510638298    0.002664701912749418
3.3764893617021277    0.003949341902716942
3.3782978723404256    0.005059954399500874
3.3801063829787235    0.005658339467132127
3.3819148936170214    0.005856157739914491
3.3837234042553193    0.006021259917963525
3.385531914893617    0.006436557580142488
3.387340425531915    0.007114486889673492
3.389148936170213    0.0078096172671970965
3.390957446808511    0.008156154141565505
3.3927659574468088    0.007894879316918329
3.3945744680851067    0.007091818222443997
3.3963829787234046    0.006124324492599744
3.398191489361702    0.005340525155926926
3.4    0.004694085283352169
3.401808510638298    0.00381025082210853
3.4036170212765957    0.0024956869949171716
3.4054255319148936    0.0011082366576280595
3.4072340425531915    0.0002618602626015983
3.4090425531914894    0.0001249593475933385
3.4108510638297873    0.0001481723981912641
3.412659574468085    -0.00037477101603041715
3.414468085106383    -0.0015127252361691677
3.416276595744681    -0.0025998356293778805
3.418085106382979    -0.002953012760858297
3.419893617021277    -0.002543766613613372
3.4217021276595747    -0.0018511302559236983
3.4235106382978726    -0.001166727934930432
3.4253191489361705    -0.0002854791551768069
3.427127659574468    0.0010473894812322874
3.428936170212766    0.0025911907651103823
3.4307446808510638    0.003750533197724384
3.4325531914893617    0.004242971117353429
3.4343617021276596    0.004391469391218044
3.4361702127659575    0.004615602918118697
3.4379787234042554    0.00478054543200805
3.4397872340425533    0.004301290097009008
3.441595744680851    0.002929204036723097
3.443404255319149    0.0012209087662061286
3.445212765957447    4.368542892693554e-05
3.447021276595745    -0.0003161775332410525
3.4488297872340428    -0.0003656430434509732
3.4506382978723407    -0.0007169803581931523
3.4524468085106386    -0.0013946413322061082
3.4542553191489365    -0.0019772548401753723
3.456063829787234    -0.0022968233315552285
3.457872340425532    -0.002716437056107617
3.4596808510638297    -0.0036212584833554516
3.4614893617021276    -0.0048369152666600315
3.4632978723404255    -0.005791743311434418
3.4651063829787234    -0.00623951571443305
3.4669148936170213    -0.006594678275924814
3.468723404255319    -0.007417217406849206
3.470531914893617    -0.00868036671388188
3.472340425531915    -0.009733823692649335
3.474148936170213    -0.009997434748467525
3.475957446808511    -0.009537897608667035
3.4777659574468087    -0.00889508077528668
3.4795744680851066    -0.008479510857387828
3.4813829787234045    -0.008300663413091032
3.4831914893617024    -0.008229446865517012
3.4850000000000003    -0.008292669590325643
3.4868085106382978    -0.008577560297368237
3.4886170212765957    -0.008969118603202724
3.4904255319148936    -0.009184738786908528
3.4922340425531915    -0.009095170847206882
3.4940425531914894    -0.008868115230741882
3.4958510638297873    -0.008721291248408805
3.497659574468085    -0.008651789914077586
3.499468085106383    -0.008542973573986331
3.501276595744681    -0.00846359453211402
3.503085106382979    -0.00864042266316089
3.5048936170212768    -0.009060574857270564
3.5067021276595747    -0.009297685902112543
3.5085106382978726    -0.00896388349706686
3.5103191489361705    -0.008299463797568156
3.5121276595744684    -0.00805026084728056
3.5139361702127663    -0.008606482772392154
3.5157446808510637    -0.009418444835830464
3.5175531914893616    -0.00952138856635021
3.5193617021276595    -0.008652886179468583
3.5211702127659574    -0.0076057237969253105
3.5229787234042553    -0.0073079025732430605
3.5247872340425532    -0.007703296376253641
3.526595744680851    -0.007818714610357732
3.528404255319149    -0.006965151899258691
3.530212765957447    -0.005595447283032849
3.532021276595745    -0.004748356131272826
3.5338297872340427    -0.004775047652301981
3.5356382978723406    -0.004944566031176384
3.5374468085106385    -0.004410232681610825
3.5392553191489364    -0.0033011742104480084
3.5410638297872343    -0.0025635042515207655
3.5428723404255322    -0.002776476706970116
3.5446808510638297    -0.003456482887632524
3.5464893617021276    -0.0037092924367000055
3.5482978723404255    -0.0033670716745298453
3.5501063829787234    -0.003162050374480265
3.5519148936170213    -0.0037500383083949023
3.553723404255319    -0.004848543914816192
3.555531914893617    -0.005556994939370114
3.557340425531915    -0.005401116900537021
3.559148936170213    -0.0047752406753568885
3.560957446808511    -0.004299783983107593
3.5627659574468087    -0.003998592940278038
3.5645744680851066    -0.0033474872499099024
3.5663829787234045    -0.002055250780944897
3.5681914893617024    -0.0005190210164449324
3.5700000000000003    0.0006071523173281092
3.571808510638298    0.0011270812904947737
3.5736170212765956    0.0014043128824546452
3.5754255319148935    0.0018226362560939578
3.5772340425531914    0.0023740595980771585
3.5790425531914893    0.002851251734104706
3.5808510638297872    0.0032507361044192586
3.582659574468085    0.0037724140629694985
3.584468085106383    0.004465374354545402
3.586276595744681    0.005110478122111785
3.588085106382979    0.00556710603858892
3.5898936170212767    0.006086788006476753
3.5917021276595746    0.007080078644294478
3.5935106382978725    0.008578813157331389
3.5953191489361704    0.01010952759457473
3.5971276595744683    0.011186616241843667
3.5989361702127662    0.011806742676873944
3.600744680851064    0.012315928497556312
3.6025531914893616    0.012865414336968008
3.6043617021276595    0.01322591964496449
3.6061702127659574    0.013221018505789661
3.6079787234042553    0.013152051818859024
3.609787234042553    0.013551757467740764
3.611595744680851    0.014512452775316646
3.613404255319149    0.015469260329805796
3.615212765957447    0.015782691124431102
