0.0    0.0
0.0018085106382978724    0.0
0.003617021276595745    0.0
0.005425531914893617    0.0
0.00723404255319149    0.0
0.009042553191489363    0.0
0.010851063829787235    0.0
0.012659574468085107    0.0
0.01446808510638298    0.0
0.016276595744680853    0.0
0.018085106382978725    0.0
0.019893617021276597    0.0
0.02170212765957447    0.0
0.023510638297872342    0.0
0.025319148936170214    0.0
0.027127659574468086    0.0
0.02893617021276596    0.0
0.03074468085106383    0.0
0.032553191489361706    0.0
0.03436170212765958    0.0
0.03617021276595745    0.0
0.03797872340425532    0.0
0.039787234042553195    0.0
0.04159574468085107    0.0
0.04340425531914894    0.0
0.04521276595744681    0.0
0.047021276595744683    0.0
0.048829787234042556    0.0
0.05063829787234043    0.0
0.0524468085106383    0.0
0.05425531914893617    0.0
0.056063829787234044    0.0
0.05787234042553192    0.0
0.05968085106382979    0.0
0.06148936170212766    0.0
0.06329787234042554    0.0
0.06510638297872341    0.0
0.06691489361702128    0.0
0.06872340425531916    0.0
0.07053191489361703    0.0
0.0723404255319149    0.0
0.07414893617021277    0.0
0.07595744680851065    0.0
0.07776595744680852    0.0
0.07957446808510639    0.0
0.08138297872340426    0.0
0.08319148936170213    0.0
0.085    0.0
0.08680851063829788    0.0
0.08861702127659575    0.0
0.09042553191489362    0.0
0.0922340425531915    0.0
0.09404255319148937    0.0
0.09585106382978724    0.0
0.09765957446808511    0.0
0.09946808510638298    0.0
0.10127659574468086    0.0
0.10308510638297873    0.0
0.1048936170212766    0.0
0.10670212765957447    0.0
0.10851063829787234    0.0
0.11031914893617022    0.0
0.11212765957446809    0.0
0.11393617021276596    0.0
0.11574468085106383    0.0
0.1175531914893617    0.0
0.11936170212765958    0.0
0.12117021276595745    0.0
0.12297872340425532    0.0
0.1247872340425532    0.0
0.12659574468085108    0.0
0.12840425531914895    0.0
0.13021276595744682    0.0
0.1320212765957447    0.0
0.13382978723404257    0.0
0.13563829787234044    0.0
0.1374468085106383    0.0
0.13925531914893619    0.0
0.14106382978723406    0.0
0.14287234042553193    0.0
0.1446808510638298    0.0
0.14648936170212767    0.0
0.14829787234042555    0.0
0.15010638297872342    0.0
0.1519148936170213    0.0
0.15372340425531916    0.0
0.15553191489361703    0.0
0.1573404255319149    0.0
0.15914893617021278    0.0
0.16095744680851065    0.0
0.16276595744680852    0.0
0.1645744680851064    0.0
0.16638297872340427    0.0
0.16819148936170214    0.0
0.17    0.0
0.17180851063829788    0.0
0.17361702127659576    0.0
0.17542553191489363    0.0
0.1772340425531915    0.0
0.17904255319148937    0.0
0.18085106382978725    0.0
0.18265957446808512    0.0
0.184468085106383    0.0
0.18627659574468086    0.0
0.18808510638297873    0.0
0.1898936170212766    0.0
0.19170212765957448    0.0
0.19351063829787235    0.0
0.19531914893617022    0.0
0.1971276595744681    0.0
0.19893617021276597    0.0
0.20074468085106384    0.0
0.2025531914893617    0.0
0.20436170212765958    0.0
0.20617021276595746    0.0
0.20797872340425533    0.0
0.2097872340425532    0.0
0.21159574468085107    0.0
0.21340425531914894    0.0
0.21521276595744682    0.0
0.2170212765957447    0.0
0.21882978723404256    0.0
0.22063829787234043    0.0
0.2224468085106383    0.0
0.22425531914893618    0.0
0.22606382978723405    0.0
0.22787234042553192    0.0
0.2296808510638298    0.0
0.23148936170212767    0.0
0.23329787234042554    0.0
0.2351063829787234    0.0
0.23691489361702128    0.0
0.23872340425531915    0.0
0.24053191489361703    0.0
0.2423404255319149    0.0
0.24414893617021277    0.0
0.24595744680851064    0.0
0.24776595744680852    0.0
0.2495744680851064    0.0
0.25138297872340426    0.0
0.25319148936170216    0.0
0.255    0.0
0.2568085106382979    0.0
0.25861702127659575    0.0
0.26042553191489365    0.0
0.2622340425531915    0.0
0.2640425531914894    0.0
0.26585106382978724    0.0
0.26765957446808514    0.0
0.269468085106383    0.0
0.2712765957446809    0.0
0.2730851063829787    0.0
0.2748936170212766    0.0
0.27670212765957447    0.0
0.27851063829787237    0.0
0.2803191489361702    0.0
0.2821276595744681    0.0
0.28393617021276596    0.0
0.28574468085106386    0.0
0.2875531914893617    0.0
0.2893617021276596    0.0
0.29117021276595745    0.0
0.29297872340425535    0.0
0.2947872340425532    0.0
0.2965957446808511    0.0
0.29840425531914894    0.0
0.30021276595744684    0.0
0.3020212765957447    0.0
0.3038297872340426    0.0
0.3056382978723404    0.0
0.3074468085106383    0.0
0.30925531914893617    0.0
0.31106382978723407    0.0
0.3128723404255319    0.0
0.3146808510638298    0.0
0.31648936170212766    0.0
0.31829787234042556    0.0
0.3201063829787234    0.0
0.3219148936170213    0.0
0.32372340425531915    0.0
0.32553191489361705    0.0
0.3273404255319149    0.0
0.3291489361702128    0.0
0.33095744680851064    0.0
0.33276595744680854    0.0
0.3345744680851064    0.0
0.3363829787234043    0.0
0.3381914893617021    0.0
0.34    0.0
0.34180851063829787    0.0
0.34361702127659577    0.0
0.3454255319148936    0.0
0.3472340425531915    0.0
0.34904255319148936    0.0
0.35085106382978726    0.0
0.3526595744680851    0.0
0.354468085106383    0.0
0.35627659574468085    0.0
0.35808510638297875    5e-324
0.3598936170212766    2.75e-321
0.3617021276595745    1.594627e-318
0.36351063829787233    8.08989477e-316
0.36531914893617023    3.6287519848e-313
0.3671276595744681    1.45008964550415e-310
0.368936170212766    5.197267031646881e-308
0.3707446808510638    1.6807565760754744e-305
0.3725531914893617    4.930901016397903e-303
0.37436170212765957    1.3187271079798715e-300
0.37617021276595747    3.229319427765965e-298
0.3779787234042553    7.270181516589053e-296
0.3797872340425532    1.5102901365993877e-293
0.38159574468085106    2.9048855400412052e-291
0.38340425531914896    5.1893012494159775e-289
0.3852127659574468    8.634867237341332e-287
0.3870212765957447    1.341943102093063e-284
0.38882978723404255    1.95266373568781e-282
0.39063829787234045    2.666525610383538e-280
0.3924468085106383    3.424781935256358e-278
0.3942553191489362    4.145462967074977e-276
0.39606382978723403    4.738008499414921e-274
0.39787234042553193    5.1224947357364034e-272
0.3996808510638298    5.247652459073176e-270
0.4014893617021277    5.101994622499913e-268
0.4032978723404255    4.7147838754488224e-266
0.4051063829787234    4.147160948919245e-264
0.40691489361702127    3.476925875796317e-262
0.40872340425531917    2.7819778992893327e-260
0.410531914893617    2.126944759431877e-258
0.4123404255319149    1.5556358636170604e-256
0.41414893617021276    1.089657260063754e-254
0.41595744680851066    7.317469410338041e-253
0.4177659574468085    4.715839253361143e-251
0.4195744680851064    2.9194619243427073e-249
0.42138297872340424    1.737772463508417e-247
0.42319148936170214    9.95434780257479e-246
0.425    5.491994521162975e-244
0.4268085106382979    2.920769994633931e-242
0.42861702127659573    1.4984873943441714e-240
0.43042553191489363    7.422026728544682e-239
0.4322340425531915    3.5515530472554817e-237
0.4340425531914894    1.6430142544791742e-235
0.4358510638297872    7.35328292415115e-234
0.4376595744680851    3.185790788370933e-232
0.43946808510638297    1.3369598247350665e-230
0.44127659574468087    5.4380625080388586e-229
0.4430851063829787    2.145089237964965e-227
0.4448936170212766    8.210392243959844e-226
0.44670212765957445    3.050940452686682e-224
0.44851063829787235    1.1012375624526501e-222
0.4503191489361702    3.8629987839425116e-221
0.4521276595744681    1.3175775568899232e-219
0.45393617021276594    4.3716055463072557e-218
0.45574468085106384    1.4116194201634166e-216
0.4575531914893617    4.438117260373716e-215
0.4593617021276596    1.359161925824155e-213
0.46117021276595743    4.056169744541894e-212
0.46297872340425533    1.180074476570954e-210
0.46478723404255323    3.34828072711024e-209
0.4665957446808511    9.268711003813953e-208
0.468404255319149    2.504165592851327e-206
0.4702127659574468    6.605560356595086e-205
0.4720212765957447    1.7018119934590484e-203
0.47382978723404257    4.283679969383623e-202
0.47563829787234047    1.0538291870306891e-200
0.4774468085106383    2.53461272202798e-199
0.4792553191489362    5.9618069902364174e-198
0.48106382978723405    1.3718363733547195e-196
0.48287234042553195    3.0889763948141155e-195
0.4846808510638298    6.808339846897151e-194
0.4864893617021277    1.4692832982812703e-192
0.48829787234042554    3.10547331851497e-191
0.49010638297872344    6.430212516808021e-190
0.4919148936170213    1.3047057964355243e-188
0.4937234042553192    2.5947847205925967e-187
0.49553191489361703    5.059418806556917e-186
0.49734042553191493    9.674243460666993e-185
0.4991489361702128    1.8144897853842435e-183
0.5009574468085106    3.338987816713407e-182
0.5027659574468085    6.029721833696492e-181
0.5045744680851064    1.0688061971814946e-179
0.5063829787234043    1.8600080823195316e-178
0.5081914893617021    3.1786134997768423e-177
0.51    5.335295148400089e-176
0.5118085106382979    8.79763319134953e-175
0.5136170212765958    1.4254331652723438e-173
0.5154255319148936    2.269794599696884e-172
0.5172340425531915    3.552779355416814e-171
0.5190425531914894    5.467306753475068e-170
0.5208510638297873    8.273362084307993e-169
0.5226595744680851    1.2313236636805151e-167
0.524468085106383    1.8026883433328588e-166
0.5262765957446809    2.5965840522347185e-165
0.5280851063829788    3.680365983032331e-164
0.5298936170212766    5.134032754850524e-163
0.5317021276595745    7.049786495225361e-162
0.5335106382978724    9.530425991942992e-161
0.5353191489361703    1.26863198335612e-159
0.5371276595744681    1.6630781665933764e-158
0.538936170212766    2.1473791336979017e-157
0.5407446808510639    2.7314170559218137e-156
0.5425531914893618    3.4230518947712284e-155
0.5443617021276596    4.227142721356533e-154
0.5461702127659575    5.144568355118108e-153
0.5479787234042554    6.171334743269735e-152
0.5497872340425533    7.297865255104593e-151
0.551595744680851    8.50856925438689e-150
0.5534042553191489    9.78177237592286e-149
0.5552127659574468    1.1090068641435327e-147
0.5570212765957447    1.2401121244378297e-146
0.5588297872340425    1.3678898420575583e-145
0.5606382978723404    1.4885287518310125e-144
0.5624468085106383    1.5981989214409783e-143
0.5642553191489362    1.693255995339668e-142
0.566063829787234    1.7704448663905358e-141
0.5678723404255319    1.827086687152251e-140
0.5696808510638298    1.8612340890280154e-139
0.5714893617021277    1.8717820159001017e-138
0.5732978723404255    1.8585254287007902e-137
0.5751063829787234    1.82215986170774e-136
0.5769148936170213    1.764225868403607e-135
0.5787234042553192    1.6870032137370478e-134
0.580531914893617    1.5933647286652113e-133
0.5823404255319149    1.486602636363743e-132
0.5841489361702128    1.370241645241674e-131
0.5859574468085107    1.247853123703909e-130
0.5877659574468085    1.1228833443749669e-129
0.5895744680851064    9.98506376150806e-129
0.5913829787234043    8.775090736323137e-128
0.5931914893617022    7.622121691739995e-127
0.595    6.544281029122227e-126
0.5968085106382979    5.554532604097473e-125
0.5986170212765958    4.660899636163267e-124
0.6004255319148937    3.866920094345082e-123
0.6022340425531915    3.1722679660833905e-122
0.6040425531914894    2.573470607237753e-121
0.6058510638297873    2.0646581702014542e-120
0.6076595744680852    1.6382912097866374e-119
0.609468085106383    1.285825154625522e-118
0.6112765957446809    9.982837056814433e-118
0.6130851063829788    7.667259696445374e-117
0.6148936170212767    5.826032217119218e-116
0.6167021276595744    4.380099963505626e-115
0.6185106382978723    3.2584048274088166e-114
0.6203191489361702    2.3986502288654652e-113
0.6221276595744681    1.7474316928258493e-112
0.6239361702127659    1.2598968422129194e-111
0.6257446808510638    8.990853497021293e-111
0.6275531914893617    6.350782539701403e-110
0.6293617021276596    4.440611354339558e-109
0.6311702127659574    3.0738020309018173e-108
0.6329787234042553    2.1064668360137073e-107
0.6347872340425532    1.429244620799506e-106
0.6365957446808511    9.6019386604902e-106
0.6384042553191489    6.38761215969142e-105
0.6402127659574468    4.207962446313691e-104
0.6420212765957447    2.745269344202632e-103
0.6438297872340426    1.7737956061603257e-102
0.6456382978723404    1.1351494982218346e-101
0.6474468085106383    7.195457831201616e-101
0.6492553191489362    4.5179805144055754e-100
0.6510638297872341    2.810186553332272e-99
0.6528723404255319    1.7316288706243857e-98
0.6546808510638298    1.057126638354575e-97
0.6564893617021277    6.394036148347642e-97
0.6582978723404256    3.8319695642929966e-96
0.6601063829787234    2.275572183043781e-95
0.6619148936170213    1.3390696989727842e-94
0.6637234042553192    7.808755895938146e-94
0.6655319148936171    4.51282410091633e-93
0.6673404255319149    2.5847846371199572e-92
0.6691489361702128    1.467340597335281e-91
0.6709574468085107    8.256368029472382e-91
0.6727659574468086    4.604890855740649e-90
0.6745744680851063    2.545905015493705e-89
0.6763829787234042    1.3953324930971714e-88
0.6781914893617021    7.581335276771488e-88
0.68    4.083812058791356e-87
0.6818085106382978    2.181007416428566e-86
0.6836170212765957    1.1548855152792883e-85
0.6854255319148936    6.063591215635021e-85
0.6872340425531915    3.15681132722397e-84
0.6890425531914893    1.629721379174096e-83
0.6908510638297872    8.343382929735192e-83
0.6926595744680851    4.235970034197676e-82
0.694468085106383    2.1328634199429486e-81
0.6962765957446809    1.0650991006706823e-80
0.6980851063829787    5.275345479038291e-80
0.6998936170212766    2.5915679189075152e-79
0.7017021276595745    1.2628208471719625e-78
0.7035106382978724    6.103863133198608e-78
0.7053191489361702    2.926630848604379e-77
0.7071276595744681    1.3920256018834762e-76
0.708936170212766    6.568382062517933e-76
0.7107446808510639    3.0748014365277924e-75
0.7125531914893617    1.4280341712377512e-74
0.7143617021276596    6.580185613725773e-74
0.7161702127659575    3.008365991837298e-73
0.7179787234042554    1.36468035203405e-72
0.7197872340425532    6.142618046436976e-72
0.7215957446808511    2.7435492065843812e-71
0.723404255319149    1.2159699380738026e-70
0.7252127659574469    5.348078144078469e-70
0.7270212765957447    2.334270936243996e-69
0.7288297872340426    1.0111067177355297e-68
0.7306382978723405    4.346586839547953e-68
0.7324468085106384    1.8544647848706124e-67
0.7342553191489362    7.852731304522476e-67
0.7360638297872341    3.3004083162004015e-66
0.737872340425532    1.3768039081908092e-65
0.7396808510638299    5.700940481904335e-65
0.7414893617021276    2.343167128750211e-64
0.7432978723404255    9.559926158001422e-64
0.7451063829787234    3.871794694650037e-63
0.7469148936170213    1.556640921979126e-62
0.7487234042553191    6.212902918201944e-62
0.750531914893617    2.4617400284378265e-61
0.7523404255319149    9.683729122131449e-61
0.7541489361702128    3.7818741168188825e-60
0.7559574468085106    1.4663799017856612e-59
0.7577659574468085    5.645101659569551e-59
0.7595744680851064    2.1577123884567835e-58
0.7613829787234043    8.18884003462593e-58
0.7631914893617021    3.0858060907688074e-57
0.765    1.1546291033248012e-56
0.7668085106382979    4.289967959250961e-56
0.7686170212765958    1.5827531283424725e-55
0.7704255319148936    5.798686726004642e-55
0.7722340425531915    2.1096628031912364e-54
0.7740425531914894    7.622068122180238e-54
0.7758510638297873    2.734754127169893e-53
0.7776595744680851    9.744477948313005e-53
0.779468085106383    3.4482814068520335e-52
0.7812765957446809    1.2118797027815593e-51
0.7830851063829788    4.2299742178869116e-51
0.7848936170212766    1.466377844116587e-50
0.7867021276595745    5.048849679685526e-50
0.7885106382978724    1.7265757904426285e-49
0.7903191489361703    5.864535801764548e-49
0.7921276595744681    1.978538086458529e-48
0.793936170212766    6.630187546001308e-48
0.7957446808510639    2.206914681722632e-47
0.7975531914893618    7.296778645831127e-47
0.7993617021276596    2.3964596550005845e-46
0.8011702127659575    7.818252266421156e-46
0.8029787234042554    2.5337104910343822e-45
0.8047872340425533    8.156785822823056e-45
0.806595744680851    2.6085715581241357e-44
0.808404255319149    8.287333306910502e-44
0.8102127659574468    2.6155426333498608e-43
0.8120212765957447    8.200686308410103e-43
0.8138297872340425    2.554384730811271e-42
0.8156382978723404    7.904534696263367e-42
0.8174468085106383    2.4301117259668774e-41
0.8192553191489362    7.42235982267021e-41
0.821063829787234    2.252316221063673e-40
0.8228723404255319    6.790377970427874e-40
0.8246808510638298    2.0339545630064433e-39
0.8264893617021277    6.053082740815869e-39
0.8282978723404255    1.7898030906829444e-38
0.8301063829787234    5.258141305396292e-38
0.8319148936170213    1.5348380118812942e-37
0.8337234042553192    4.4514441988169656e-37
0.835531914893617    1.2827796911593338e-36
0.8373404255319149    3.6729963281068614e-36
0.8391489361702128    1.0449862397353538e-35
0.8409574468085107    2.9541092377332015e-35
0.8427659574468085    8.297982853286421e-35
0.8445744680851064    2.316074259025295e-34
0.8463829787234043    6.423477546028649e-34
0.8481914893617022    1.7702287987787215e-33
0.85    4.847676029618262e-33
0.8518085106382979    1.3191256348912027e-32
0.8536170212765958    3.566895315959558e-32
0.8554255319148937    9.584055029500221e-32
0.8572340425531915    2.5589742734157154e-31
0.8590425531914894    6.789581931346591e-31
0.8608510638297873    1.7901247535264613e-30
0.8626595744680852    4.6901768858720174e-30
0.864468085106383    1.2211335506591535e-29
0.8662765957446809    3.159419749829432e-29
0.8680851063829788    8.123136844398775e-29
0.8698936170212767    2.075460078216977e-28
0.8717021276595744    5.2696395961873725e-28
0.8735106382978723    1.329612049343971e-27
0.8753191489361702    3.3338641076612065e-27
0.8771276595744681    8.30713045414136e-27
0.8789361702127659    2.057005502683086e-26
0.8807446808510638    5.0617663805169444e-26
0.8825531914893617    1.2378035647467485e-25
0.8843617021276596    3.0080492927593894e-25
0.8861702127659574    7.264440710973983e-25
0.8879787234042553    1.7434266798865955e-24
0.8897872340425532    4.1580483912200796e-24
0.8915957446808511    9.855068286392597e-24
0.8934042553191489    2.3212060927421112e-23
0.8952127659574468    5.433144624965393e-23
0.8970212765957447    1.2637805787979932e-22
0.8988297872340426    2.921286109546501e-22
0.9006382978723404    6.710540167804695e-22
0.9024468085106383    1.53186539397161e-21
0.9042553191489362    3.4750578354804015e-21
0.9060638297872341    7.833938187667577e-21
0.9078723404255319    1.7549836450883464e-20
0.9096808510638298    3.906958360813215e-20
0.9114893617021277    8.643208684041493e-20
0.9132978723404256    1.9001121432206715e-19
0.9151063829787234    4.150962151331952e-19
0.9169148936170213    9.011159500296068e-19
0.9187234042553192    1.943890367170715e-18
0.9205319148936171    4.166953272662781e-18
0.9223404255319149    8.876006367656925e-18
0.9241489361702128    1.8787317781772412e-17
0.9259574468085107    3.9514454638963224e-17
0.9277659574468086    8.258226849976367e-17
0.9295744680851065    1.7149542203711687e-16
0.9313829787234043    3.538736175414356e-16
0.9331914893617022    7.255519501272779e-16
0.935    1.4781141219368682e-15
0.936808510638298    2.9919938431371176e-15
0.9386170212765957    6.01756162395632e-15
0.9404255319148936    1.202488822480374e-14
0.9422340425531915    2.387456155108007e-14
0.9440425531914894    4.709518260330804e-14
0.9458510638297872    9.229896136285835e-14
0.9476595744680851    1.797167514928227e-13
0.949468085106383    3.476510333445226e-13
0.9512765957446809    6.681179371477405e-13
0.9530851063829787    1.2755820895002985e-12
0.9548936170212766    2.4193572130395697e-12
0.9567021276595745    4.558459393146086e-12
0.9585106382978724    8.532031958433914e-12
0.9603191489361702    1.586326113712487e-11
0.9621276595744681    2.929725657654469e-11
0.963936170212766    5.37457711459573e-11
0.9657446808510639    9.793375071615888e-11
0.9675531914893617    1.7724687394370173e-10
0.9693617021276596    3.18617562818682e-10
0.9711702127659575    5.688424904584222e-10
0.9729787234042554    1.0086284499841851e-09
0.9747872340425532    1.7761201132977873e-09
0.9765957446808511    3.105988300865177e-09
0.978404255319149    5.3938321993304945e-09
0.9802127659574469    9.301398592103332e-09
0.9820212765957447    1.592702415067166e-08
0.9838297872340426    2.7079346144340176e-08
0.9856382978723405    4.571299331127622e-08
0.9874468085106384    7.661592768917944e-08
0.9892553191489362    1.2748394094420375e-07
0.9910638297872341    2.1058483055443152e-07
0.992872340425532    3.45311534013577e-07
0.9946808510638299    5.620612938347855e-07
0.9964893617021277    9.08071383537465e-07
0.9982978723404256    1.4561094227405141e-06
1.0001063829787233    2.3172801817682418e-06
1.0019148936170212    3.659697034371485e-06
1.0037234042553191    5.735403468945095e-06
1.005531914893617    8.918747198846085e-06
1.007340425531915    1.3760431484872002e-05
1.0091489361702128    2.1062710034541693e-05
1.0109574468085107    3.1982648113468e-05
1.0127659574468086    4.817200502537874e-05
1.0145744680851063    7.196401333620453e-05
1.0163829787234042    0.00010661897833818656
1.0181914893617021    0.00015664194251573875
1.02    0.00022818628025796306
1.021808510638298    0.00032955649390187426
1.0236170212765958    0.000471821008284186
1.0254255319148937    0.0006695405974321261
1.0272340425531916    0.0009416093038218925
1.0290425531914893    0.0013121913725712424
1.0308510638297872    0.0018117189569221061
1.032659574468085    0.0024778905759982317
1.034468085106383    0.0033565794772621345
1.036276595744681    0.004502524984156271
1.0380851063829788    0.00597964061205699
1.0398936170212767    0.007860733789607945
1.0417021276595746    0.010226398842993178
1.0435106382978723    0.013162824858273274
1.0453191489361702    0.016758262297399296
1.047127659574468    0.021097927208281568
1.048936170212766    0.02625720010251898
1.0507446808510639    0.03229310714533296
1.0525531914893618    0.03923425954828109
1.0543617021276597    0.047069671892562705
1.0561702127659576    0.05573717117755458
1.0579787234042553    0.0651124234904969
1.0597872340425532    0.07499990868986331
1.061595744680851    0.08512741641126359
1.063404255319149    0.09514575935085601
1.0652127659574468    0.104635337547339
1.0670212765957447    0.11312088000949685
1.0688297872340426    0.12009509406592231
1.0706382978723405    0.1250510561305924
1.0724468085106382    0.1275220139725712
1.0742553191489361    0.12712593137481895
1.076063829787234    0.12361074518369544
1.077872340425532    0.11689513343530106
1.0796808510638298    0.10709886142951947
1.0814893617021277    0.09455673553569027
1.0832978723404256    0.07981106593338563
1.0851063829787235    0.06357943658869716
1.0869148936170212    0.04669746933067566
1.088723404255319    0.030039921033178138
1.090531914893617    0.014427431005161459
1.092340425531915    0.0005299153858123098
1.0941489361702128    -0.011219754175154202
1.0959574468085107    -0.02068728857841541
1.0977659574468086    -0.028060738730874897
1.0995744680851065    -0.033827603221124554
1.1013829787234042    -0.03870296970162702
1.103191489361702    -0.04351460230603261
1.105    -0.04905951817884372
1.1068085106382979    -0.055953975424249756
1.1086170212765958    -0.06450316449116886
1.1104255319148937    -0.07461676427592906
1.1122340425531916    -0.08579107322930793
1.1140425531914895    -0.09716785034091655
1.1158510638297872    -0.10766569494223244
1.117659574468085    -0.11616428135935208
1.119468085106383    -0.12170833209882734
1.1212765957446809    -0.12369027103251032
1.1230851063829788    -0.12197076044306887
1.1248936170212767    -0.1169059951107454
1.1267021276595746    -0.10926879526517233
1.1285106382978725    -0.10007402461766274
1.1303191489361701    -0.09034260793668919
1.132127659574468    -0.08085650837363284
1.133936170212766    -0.07196407408420274
1.1357446808510638    -0.06348790154452613
1.1375531914893617    -0.054765860471118435
1.1393617021276596    -0.044824127171794015
1.1411702127659575    -0.03264630976650364
1.1429787234042554    -0.017474181983917585
1.1447872340425531    0.0009381891316937313
1.146595744680851    0.02218850803314514
1.148404255319149    0.04525277502720444
1.1502127659574468    0.06867622099603435
1.1520212765957447    0.0908841246195404
1.1538297872340426    0.11053070213956295
1.1556382978723405    0.12678826243530059
1.1574468085106384    0.13949098179209415
1.1592553191489363    0.14908680291005164
1.161063829787234    0.15640727339888547
1.162872340425532    0.16232226845083944
1.1646808510638298    0.16738622558342767
1.1664893617021277    0.1715904032484317
1.1682978723404256    0.17430657446297917
1.1701063829787235    0.17444823780381738
1.1719148936170214    0.17080354819742352
1.1737234042553193    0.16243336926473198
1.175531914893617    0.14900004719636942
1.1773404255319149    0.13090996378475697
1.1791489361702128    0.10921286902338559
1.1809574468085107    0.08528510901320674
1.1827659574468086    0.06040346058928808
1.1845744680851065    0.035361867123325494
1.1863829787234044    0.010275556870737258
1.1881914893617023    -0.015345216101090832
1.19    -0.04226681972817537
1.1918085106382978    -0.07106223801346201
1.1936170212765957    -0.10167368469586255
1.1954255319148936    -0.13318069016914064
1.1972340425531915    -0.1638786484206285
1.1990425531914894    -0.1916605056889476
1.2008510638297873    -0.21457859471167606
1.2026595744680852    -0.23138974554150327
1.204468085106383    -0.2418861176183174
1.2062765957446808    -0.24689052746118717
1.2080851063829787    -0.24792118135175123
1.2098936170212766    -0.2466575916519007
1.2117021276595745    -0.24441521185522536
1.2135106382978724    -0.2418280426474958
1.2153191489361703    -0.23884731228932277
1.2171276595744682    -0.2350271048200651
1.218936170212766    -0.22994294767569912
1.2207446808510638    -0.2235324894851587
1.2225531914893617    -0.21618631454105625
1.2243617021276596    -0.20853745546537356
1.2261702127659575    -0.2010479262431784
1.2279787234042554    -0.19360070955507408
1.2297872340425533    -0.18532148828645917
1.2315957446808512    -0.17476214707389853
1.2334042553191489    -0.16041391901938412
1.2352127659574468    -0.14135482668583338
1.2370212765957447    -0.11775133514564456
1.2388297872340426    -0.09097379318287155
1.2406382978723405    -0.06323950560083061
1.2424468085106384    -0.03690159406157337
1.2442553191489363    -0.013664042758548545
1.2460638297872342    0.005953923265886976
1.2478723404255319    0.022682575036039047
1.2496808510638298    0.03807759226462562
1.2514893617021277    0.05380255841450787
1.2532978723404256    0.07093685867251952
1.2551063829787235    0.08960250241733571
1.2569148936170214    0.10904167322559453
1.2587234042553193    0.12805799959965353
1.2605319148936172    0.14556703245392705
1.2623404255319148    0.16096848406276304
1.2641489361702127    0.17416931097237492
1.2659574468085106    0.1852898687095384
1.2677659574468085    0.19426568041430808
1.2695744680851064    0.20061584409891725
1.2713829787234043    0.20355100303263785
1.2731914893617022    0.20239001794799205
1.2750000000000001    0.19705720433530838
1.2768085106382978    0.18835540568311282
1.2786170212765957    0.17780673722046703
1.2804255319148936    0.16708025373061414
1.2822340425531915    0.15726477869687522
1.2840425531914894    0.14836133825288367
1.2858510638297873    0.13928799309124473
1.2876595744680852    0.12844044397979293
1.289468085106383    0.11455984512052012
1.2912765957446808    0.09748139925152746
1.2930851063829787    0.07837646508557575
1.2948936170212766    0.059346562599982694
1.2967021276595745    0.04255624081882213
1.2985106382978724    0.0293300754323437
1.3003191489361703    0.019657999756712598
1.3021276595744682    0.012340270408487036
1.303936170212766    0.005672263087857891
1.3057446808510638    -0.0017013361866637664
1.3075531914893617    -0.010198760909676387
1.3093617021276596    -0.019246115428292944
1.3111702127659575    -0.027718782908682717
1.3129787234042554    -0.034581649110006
1.3147872340425533    -0.03935572584030516
1.3165957446808512    -0.04218289684088373
1.318404255319149    -0.0435257068471677
1.3202127659574467    -0.04375838704218495
1.3220212765957446    -0.04294544063061031
1.3238297872340425    -0.04094774556795682
1.3256382978723404    -0.037751835490667705
1.3274468085106383    -0.03375078473396318
1.3292553191489362    -0.029729697843848095
1.3310638297872341    -0.026513234304021964
1.332872340425532    -0.024482367772784015
1.3346808510638297    -0.023290707207772113
1.3364893617021276    -0.022011583381666658
1.3382978723404255    -0.01967547380145372
1.3401063829787234    -0.015884381894027785
1.3419148936170213    -0.011101592376205626
1.3437234042553192    -0.006389048806302169
1.3455319148936171    -0.0027087620803255483
1.347340425531915    -0.00020620990845233566
1.3491489361702127    0.00205021225622411
1.3509574468085106    0.005647412015086534
1.3527659574468085    0.011913783488271306
1.3545744680851064    0.02103431753969746
1.3563829787234043    0.03174282991434281
1.3581914893617022    0.04182537685587827
1.36    0.049190145098400556
1.361808510638298    0.052905754015794296
1.3636170212765957    0.0536066395065872
1.3654255319148936    0.05302535077601901
1.3672340425531915    0.05292492601339864
1.3690425531914894    0.05405844569625752
1.3708510638297873    0.055760073824860465
1.3726595744680852    0.05638676234191446
1.374468085106383    0.05432061007127763
1.376276595744681    0.04892108854849925
1.3780851063829787    0.040874032229878524
1.3798936170212766    0.03177104582201383
1.3817021276595745    0.023217226024841248
1.3835106382978724    0.016018573222838402
1.3853191489361703    0.009902235888187692
1.3871276595744682    0.003861310405987837
1.388936170212766    -0.0031609531197772595
1.390744680851064    -0.011688661127619022
1.3925531914893619    -0.02153686493116056
1.3943617021276595    -0.03204241692214724
1.3961702127659574    -0.04245564814650653
1.3979787234042553    -0.05221126394613043
1.3997872340425532    -0.060962942561331376
1.4015957446808511    -0.06847850375697447
1.403404255319149    -0.07458019162657152
1.405212765957447    -0.07922226629446293
1.4070212765957448    -0.08262242628441015
1.4088297872340425    -0.08526888347330285
1.4106382978723404    -0.08770544139160301
1.4124468085106383    -0.0901952712424298
1.4142553191489362    -0.09251238801774926
1.416063829787234    -0.09406509073167445
1.417872340425532    -0.09432378858279776
1.41968085106383    -0.09327266273044811
1.4214893617021278    -0.09153694014908033
1.4232978723404255    -0.09003762931793678
1.4251063829787234    -0.08937078771374042
1.4269148936170213    -0.08934576643814458
1.4287234042553192    -0.08904860899505955
1.430531914893617    -0.08744090447177578
1.432340425531915    -0.08410261871137674
1.4341489361702129    -0.07958054912374087
1.4359574468085108    -0.07504724719862367
1.4377659574468085    -0.0714608470534736
1.4395744680851064    -0.06880203422691224
1.4413829787234043    -0.06595597570511387
1.4431914893617022    -0.06138161916219044
1.445    -0.05415250472728492
1.446808510638298    -0.044661504266066715
1.4486170212765959    -0.034482774689472084
1.4504255319148938    -0.025455166489447026
1.4522340425531914    -0.018595499915527433
1.4540425531914893    -0.0135761585706025
1.4558510638297872    -0.00910979583647627
1.4576595744680851    -0.003947684418019879
1.459468085106383    0.0022278584417994678
1.461276595744681    0.008644940145110257
1.4630851063829788    0.014102726207586309
1.4648936170212767    0.01793835848436306
1.4667021276595744    0.020570392237101293
1.4685106382978723    0.023210394989751564
1.4703191489361702    0.026955316987563375
1.4721276595744681    0.03193525893335719
1.473936170212766    0.037154632479708086
1.475744680851064    0.0411585703581384
1.4775531914893618    0.043054850304260914
1.4793617021276597    0.04316488746227355
1.4811702127659574    0.04284768712320765
1.4829787234042553    0.04363279001792572
1.4847872340425532    0.046278004079030585
1.486595744680851    0.05039492253528206
1.488404255319149    0.054858297513241214
1.490212765957447    0.05865942789637396
1.4920212765957448    0.06158044608029897
1.4938297872340427    0.06423942876263464
1.4956382978723404    0.06753149331457281
1.4974468085106383    0.07190975223227591
1.4992553191489362    0.0770217567000008
1.501063829787234    0.0819226205048286
1.502872340425532    0.08566699854065982
1.5046808510638299    0.08784322891937477
1.5064893617021278    0.08869902248431799
1.5082978723404257    0.08882078252748576
1.5101063829787233    0.08862729111497028
1.5119148936170212    0.08802761232403289
1.5137234042553191    0.08644839314721722
1.515531914893617    0.0831884347335052
1.517340425531915    0.07787554267516719
1.5191489361702128    0.0707702715364911
1.5209574468085107    0.0627626086720442
1.5227659574468086    0.05506264246666709
1.5245744680851063    0.048723904927103254
1.5263829787234042    0.044217593832570984
1.5281914893617021    0.04127152734144614
1.53    0.039081678239510254
1.531808510638298    0.03681407648913268
1.5336170212765958    0.034125495149533336
1.5354255319148937    0.031372899571101676
1.5372340425531916    0.02933909366608054
1.5390425531914893    0.028618117259218444
1.5408510638297872    0.029075249739926576
1.542659574468085    0.029801600598767776
1.544468085106383    0.02966562291821305
1.546276595744681    0.028117055533467224
1.5480851063829788    0.02565594613818701
1.5498936170212767    0.023562920481338165
1.5517021276595746    0.023008379005063605
1.5535106382978723    0.02414724674933972
1.5553191489361702    0.025875009742977732
1.557127659574468    0.026476724597430605
1.558936170212766    0.024747297794565526
1.5607446808510639    0.020789787237351275
1.5625531914893618    0.01590974085382362
1.5643617021276597    0.01167869538108681
1.5661702127659576    0.00884948288678827
1.5679787234042553    0.006903997844497956
1.5697872340425532    0.0045260102958069506
1.571595744680851    0.0005982718305490792
1.573404255319149    -0.0050385623419045
1.5752127659574469    -0.011591036696857251
1.5770212765957448    -0.017984714621416233
1.5788297872340427    -0.023606429980264344
1.5806382978723406    -0.028535395614542967
1.5824468085106382    -0.033164800294393504
1.5842553191489361    -0.037638576864268816
1.586063829787234    -0.04164791066344514
1.587872340425532    -0.04476521739239135
1.5896808510638298    -0.046978434743696326
1.5914893617021277    -0.04888753792799831
1.5932978723404256    -0.051320589020075344
1.5951063829787235    -0.054660972353698545
1.5969148936170212    -0.0584752617164509
1.5987234042553191    -0.06181319744127636
1.600531914893617    -0.06398470494983494
1.602340425531915    -0.06518415787823476
1.6041489361702128    -0.06641497507943273
1.6059574468085107    -0.06872326238429233
1.6077659574468086    -0.07232724971365276
1.6095744680851065    -0.07634515454770302
1.6113829787234042    -0.0793663004101128
1.613191489361702    -0.08044062102725741
1.615    -0.07972174340901686
1.616808510638298    -0.07826605288576349
1.6186170212765958    -0.07715090259985102
1.6204255319148937    -0.07660100432755726
1.6222340425531916    -0.07578974853462139
1.6240425531914895    -0.07344260673197156
1.6258510638297874    -0.06875140819142045
1.627659574468085    -0.06189564883446583
1.629468085106383    -0.05380574954830161
1.6312765957446809    -0.04540131947852054
1.6330851063829788    -0.036917756947155184
1.6348936170212767    -0.02781903996123762
1.6367021276595746    -0.017308970388777475
1.6385106382978725    -0.0050004139556553105
1.6403191489361704    0.008772250631111879
1.642127659574468    0.02318497105569895
1.643936170212766    0.03744984002430677
1.6457446808510638    0.051188258925335274
1.6475531914893617    0.0643820711586987
1.6493617021276596    0.07701026997216148
1.6511702127659575    0.08873641534048976
1.6529787234042554    0.09894833717403495
1.6547872340425533    0.10713532403399165
1.656595744680851    0.1132877972485436
1.658404255319149    0.11796731431089019
1.6602127659574468    0.12195030352328079
1.6620212765957447    0.1256918591600378
1.6638297872340426    0.12901179584049308
1.6656382978723405    0.131246704293582
1.6674468085106384    0.13175826096790064
1.6692553191489363    0.13041321108749362
1.671063829787234    0.1276701999359395
1.672872340425532    0.12421180908241133
1.6746808510638298    0.12041348977690539
1.6764893617021277    0.11606806234330538
1.6782978723404256    0.11058247608491154
1.6801063829787235    0.10348912085173292
1.6819148936170214    0.09486370547074266
1.6837234042553193    0.08531706171355488
1.685531914893617    0.07557066583491096
1.6873404255319149    0.06595918027001157
1.6891489361702128    0.0562567725300121
1.6909574468085107    0.0459547103975058
1.6927659574468086    0.034749460832649015
1.6945744680851065    0.02283848444937152
1.6963829787234044    0.010795851464092086
1.6981914893617023    -0.0008423621799705325
1.7    -0.011918686690644996
1.7018085106382979    -0.02264131321657583
1.7036170212765958    -0.03325879220383557
1.7054255319148937    -0.04373526652919556
1.7072340425531916    -0.053726060916939905
1.7090425531914895    -0.0628750556877905
1.7108510638297874    -0.07116391599600239
1.7126595744680853    -0.07899637341774304
1.714468085106383    -0.08693322347818305
1.7162765957446808    -0.09529340306628648
1.7180851063829787    -0.10394033073750497
1.7198936170212766    -0.11240105744566137
1.7217021276595745    -0.12018410368858287
1.7235106382978724    -0.12702059274468522
1.7253191489361703    -0.13286072453299766
1.7271276595744682    -0.13769413768889968
1.728936170212766    -0.1414057579518961
1.7307446808510638    -0.1438115704964313
1.7325531914893617    -0.1448263054066463
1.7343617021276596    -0.14458754532638154
1.7361702127659575    -0.1434094174092451
1.7379787234042554    -0.14160168937418036
1.7397872340425533    -0.13930683755960302
1.7415957446808512    -0.1364790520775028
1.7434042553191489    -0.13300005190667682
1.7452127659574468    -0.1288247863166996
1.7470212765957447    -0.12405575816635492
1.7488297872340426    -0.11892511723806642
1.7506382978723405    -0.11372758628199256
1.7524468085106384    -0.10874670248575821
1.7542553191489363    -0.10418475301273089
1.7560638297872342    -0.10010022266746152
1.7578723404255319    -0.09638127630824297
1.7596808510638298    -0.0927907067216725
1.7614893617021277    -0.08907283906316882
1.7632978723404256    -0.085052178238047
1.7651063829787235    -0.08065051974175422
1.7669148936170214    -0.07582489356714045
1.7687234042553193    -0.07051143622768966
1.7705319148936172    -0.06465422204037277
1.7723404255319148    -0.05829534064889991
1.7741489361702127    -0.05161029034761362
1.7759574468085106    -0.04480730753628798
1.7777659574468085    -0.03795842432921795
1.7795744680851064    -0.030940649383537674
1.7813829787234043    -0.023593619061514873
1.7831914893617022    -0.01598049724073243
1.7850000000000001    -0.008485649832748514
1.7868085106382978    -0.001585722631687124
1.7886170212765957    0.004559780430153942
1.7904255319148936    0.010321421588837167
1.7922340425531915    0.016347573674041622
1.7940425531914894    0.022983471468930174
1.7958510638297873    0.02984672910824396
1.7976595744680852    0.0359827863302868
1.7994680851063831    0.040551188611124125
1.8012765957446808    0.04350798669080294
1.8030851063829787    0.04570393779197415
1.8048936170212766    0.048291031955165806
1.8067021276595745    0.05192134007373117
1.8085106382978724    0.05640116672093902
1.8103191489361703    0.06105829725338768
1.8121276595744682    0.06545064483270965
1.813936170212766    0.06976011854779657
1.8157446808510638    0.0745300146251473
1.8175531914893617    0.08002083238577651
1.8193617021276596    0.08580814989272859
1.8211702127659575    0.0910138343505682
1.8229787234042554    0.09497569407580758
1.8247872340425533    0.09776521757503048
1.8265957446808512    0.10011016509133724
1.828404255319149    0.10281398626154867
1.8302127659574468    0.10619105743043031
1.8320212765957447    0.10998493836722648
1.8338297872340426    0.11378514037892343
1.8356382978723405    0.1175299767252653
1.8374468085106384    0.12164396579575917
1.8392553191489363    0.12670281300173533
1.8410638297872342    0.13291929406335937
1.842872340425532    0.13986770680897428
1.8446808510638297    0.14665096578624834
1.8464893617021276    0.15237293979261737
1.8482978723404255    0.15657538736977553
1.8501063829787234    0.1593496662572579
1.8519148936170213    0.16106596066704879
1.8537234042553192    0.1619155135188677
1.8555319148936171    0.16159082823286056
1.857340425531915    0.15935980151509885
1.859148936170213    0.15453847872549323
1.8609574468085106    0.14706337350096146
1.8627659574468085    0.13772188546476447
1.8645744680851064    0.12778028113973275
1.8663829787234043    0.11818952940126273
1.8681914893617022    0.10893201245248887
1.87    0.09904575624532311
1.871808510638298    0.08737228578223713
1.873617021276596    0.0734815415029633
1.8754255319148936    0.05804552665566187
1.8772340425531915    0.04236215644346042
1.8790425531914894    0.02743261052707112
1.8808510638297873    0.013357942753225868
1.8826595744680852    -0.00048417224152812015
1.884468085106383    -0.014717163513390063
1.886276595744681    -0.029381466835612692
1.8880851063829789    -0.04397643437815648
1.8898936170212766    -0.05799246159461526
1.8917021276595745    -0.07135935704018934
1.8935106382978724    -0.08438822896056847
1.8953191489361703    -0.09733148618676252
1.8971276595744682    -0.11005445578397352
1.898936170212766    -0.12214174369153882
1.900744680851064    -0.13326534792495268
1.9025531914893619    -0.14336571013278346
1.9043617021276595    -0.152434543481708
1.9061702127659574    -0.16016938682874673
1.9079787234042553    -0.16595457466065597
1.9097872340425532    -0.16928833780116279
1.9115957446808511    -0.17026696354466545
1.913404255319149    -0.16961049328198693
1.915212765957447    -0.1681389518757251
1.9170212765957448    -0.16616527550865082
1.9188297872340425    -0.16337966204602475
1.9206382978723404    -0.15932733016051
1.9224468085106383    -0.15399726190942012
1.9242553191489362    -0.1479385352919825
1.9260638297872341    -0.14180751099116642
1.927872340425532    -0.13582505228429978
1.92968085106383    -0.12970064837749154
1.9314893617021278    -0.12308828042826767
1.9332978723404255    -0.11608965930308804
1.9351063829787234    -0.10927585318427316
1.9369148936170213    -0.10319313178624065
1.9387234042553192    -0.09783884893961861
1.940531914893617    -0.09261587205037045
1.942340425531915    -0.08679858202929247
1.944148936170213    -0.08006594928588973
1.9459574468085108    -0.0726421062920666
1.9477659574468085    -0.06500112455964807
1.9495744680851064    -0.05748680359266234
1.9513829787234043    -0.05019188502187087
1.9531914893617022    -0.043106820160594195
1.955    -0.036282042527767094
1.956808510638298    -0.029815399860725456
1.9586170212765959    -0.023744576904501068
1.9604255319148938    -0.018050865127013614
1.9622340425531914    -0.012820407408747451
1.9640425531914893    -0.008369501676459362
1.9658510638297872    -0.005125432172922417
1.9676595744680851    -0.003303525252660299
1.969468085106383    -0.0026607945227577964
1.971276595744681    -0.0025606968531865122
1.9730851063829788    -0.0022888937995672832
1.9748936170212767    -0.0013280152745613356
1.9767021276595744    0.0006271737886396588
1.9785106382978723    0.0038428579685285793
1.9803191489361702    0.008644068391925417
1.9821276595744681    0.015274758955966219
1.983936170212766    0.023628248383628845
1.985744680851064    0.033108962231912786
1.9875531914893618    0.04278061610294208
1.9893617021276597    0.051722078271978944
1.9911702127659574    0.05937632832293907
1.9929787234042553    0.06571971730571474
1.9947872340425532    0.07119687849748912
1.996595744680851    0.07645061544938148
1.998404255319149    0.08193511260428857
2.0002127659574467    0.08758722495536059
2.0020212765957446    0.09278864245148918
2.0038297872340425    0.09673818644401505
2.0056382978723404    0.09904915793681907
2.0074468085106383    0.10012621021871346
2.009255319148936    0.10096419718894084
2.011063829787234    0.10246646305732443
2.012872340425532    0.10482092170760726
2.01468085106383    0.10745287540548015
2.016489361702128    0.1095628432008032
2.0182978723404257    0.1107311775768679
2.0201063829787236    0.11105223551442167
2.0219148936170215    0.11076506760689056
2.0237234042553194    0.10984409438690718
2.0255319148936173    0.10798358568616995
2.0273404255319147    0.10491490430001041
2.0291489361702126    0.10061293496785015
2.0309574468085105    0.09512211482638472
2.0327659574468084    0.0882553846802056
2.0345744680851063    0.07965130259950859
2.0363829787234042    0.06928592222879157
2.038191489361702    0.0579329184117891
2.04    0.04697099845853976
2.041808510638298    0.03755534808741949
2.043617021276596    0.029880317340862578
2.0454255319148937    0.023257252950510253
2.0472340425531916    0.01693799263891972
2.0490425531914895    0.010843200939611275
2.0508510638297874    0.005458105415121876
2.0526595744680853    0.0010675868564896515
2.0544680851063832    -0.002757475592730218
2.0562765957446807    -0.006778924713510246
2.0580851063829786    -0.011194041548596836
2.0598936170212765    -0.01525359789309184
2.0617021276595744    -0.017934325269948693
2.0635106382978723    -0.019042968767585673
2.06531914893617    -0.01956523250765323
2.067127659574468    -0.020790856004059454
2.068936170212766    -0.023043477755847346
2.070744680851064    -0.025332246406627904
2.072553191489362    -0.026342839689997597
2.0743617021276597    -0.025801115544239066
2.0761702127659576    -0.024830640672363246
2.0779787234042555    -0.024940152874488915
2.0797872340425534    -0.026664256096744752
2.0815957446808513    -0.029192567490969133
2.083404255319149    -0.03126040687082954
2.085212765957447    -0.03229032138552984
2.0870212765957445    -0.03261462595826742
2.0888297872340424    -0.032677013077398315
2.0906382978723403    -0.032203442126985185
2.0924468085106382    -0.030287431733138533
2.094255319148936    -0.02627918827734805
2.096063829787234    -0.020508697978478936
2.097872340425532    -0.01412098353678315
2.09968085106383    -0.008293856598102434
2.1014893617021277    -0.0036929421039738237
2.1032978723404256    -0.0005937834557459823
2.1051063829787235    0.0007429111088944466
2.1069148936170214    9.090810240240893e-05
2.1087234042553193    -0.0022940328697297415
2.1105319148936172    -0.005426618775729529
2.112340425531915    -0.008028417779368913
2.114148936170213    -0.009328706358900967
2.1159574468085105    -0.009425337968759388
2.1177659574468084    -0.00886096148588358
2.1195744680851063    -0.007960420767727277
2.121382978723404    -0.00672367111609422
2.123191489361702    -0.005339240335648492
2.125    -0.004537224871656411
2.126808510638298    -0.005111150135601183
2.128617021276596    -0.006973177172648561
2.1304255319148937    -0.00886614345414249
2.1322340425531916    -0.009329511353207339
2.1340425531914895    -0.008141739427505979
2.1358510638297874    -0.006755845758561545
2.1376595744680853    -0.007120489301891814
2.139468085106383    -0.00992319161733152
2.141276595744681    -0.013956735990822956
2.143085106382979    -0.017219678146357293
2.1448936170212765    -0.018626780893981707
2.1467021276595744    -0.0186551506984246
2.1485106382978723    -0.018443348198457585
2.15031914893617    -0.01846837980558542
2.152127659574468    -0.01821635418093635
2.153936170212766    -0.017010891242915573
2.155744680851064    -0.01485650967079306
2.1575531914893618    -0.012270634088816932
2.1593617021276597    -0.00940649053332122
2.1611702127659576    -0.005689493202969277
2.1629787234042555    -0.0005806257860074609
2.1647872340425534    0.005353964289236331
2.1665957446808513    0.010423640241947536
2.168404255319149    0.013117251518344756
2.170212765957447    0.013476149105650606
2.172021276595745    0.013073910211634374
2.1738297872340424    0.013566421121818557
2.1756382978723403    0.015289091590839129
2.177446808510638    0.017294376682666205
2.179255319148936    0.018636208623856804
2.181063829787234    0.019396295355226346
2.182872340425532    0.020358198913242666
2.18468085106383    0.021847702024312163
2.1864893617021277    0.023198453015690564
2.1882978723404256    0.023505506386530806
2.1901063829787235    0.02275774501305115
2.1919148936170214    0.021951060010486727
2.1937234042553193    0.021964635381573745
2.195531914893617    0.022460088385988983
2.197340425531915    0.022099178120221826
2.199148936170213    0.01989622514249716
2.200957446808511    0.016219526358131873
2.2027659574468084    0.01233739528410327
2.2045744680851063    0.009038548662356212
2.206382978723404    0.005870422237757876
2.208191489361702    0.0017847446788456286
2.21    -0.0036425448861326123
2.211808510638298    -0.009852803207729929
2.2136170212765958    -0.016156178609569666
2.2154255319148937    -0.02268043013324226
2.2172340425531916    -0.03020823290175495
2.2190425531914895    -0.03906742080889217
2.2208510638297874    -0.04842690136560346
2.2226595744680853    -0.056907724852467964
2.224468085106383    -0.06384468012683202
2.226276595744681    -0.06971214393109938
2.228085106382979    -0.07518901421038031
2.229893617021277    -0.07998823688512761
2.2317021276595743    -0.08294039304714966
2.233510638297872    -0.08338182680489324
2.23531914893617    -0.08228420740233484
2.237127659574468    -0.08170023541958323
2.238936170212766    -0.0829380226391307
2.240744680851064    -0.08535868402305975
2.2425531914893617    -0.08708679807526011
2.2443617021276596    -0.08685290839686659
2.2461702127659575    -0.08497316529523928
2.2479787234042554    -0.08249608616208313
2.2497872340425533    -0.07964604804037827
2.251595744680851    -0.07546344131573297
2.253404255319149    -0.06909442490252986
2.255212765957447    -0.06118729856250364
2.257021276595745    -0.05363390449276194
2.258829787234043    -0.047756641055272414
2.2606382978723403    -0.04288355222521412
2.262446808510638    -0.03694935529310729
2.264255319148936    -0.028591728578687692
2.266063829787234    -0.01857647086953651
2.267872340425532    -0.00909828407260866
2.2696808510638298    -0.001766643014015308
2.2714893617021277    0.003596040253388828
2.2732978723404256    0.00823231878680718
2.2751063829787235    0.012820446397393631
2.2769148936170214    0.01681440482616896
2.2787234042553193    0.019365496613654578
2.280531914893617    0.02059494219313499
2.282340425531915    0.02166369571920575
2.284148936170213    0.02355530412579385
2.285957446808511    0.02598834983485639
2.2877659574468088    0.027702252520933075
2.2895744680851062    0.02778640769528484
2.291382978723404    0.026584456872538426
2.293191489361702    0.025248537282338678
2.295    0.02453386183380322
2.296808510638298    0.0241720444052451
2.2986170212765957    0.023392201879432455
2.3004255319148936    0.02186901507558078
2.3022340425531915    0.020038301101625248
2.3040425531914894    0.018581805214703647
2.3058510638297873    0.017817903119588915
2.3076595744680852    0.017678630400802597
2.309468085106383    0.018123655921825795
2.311276595744681    0.019339331322375173
2.313085106382979    0.021469993730673178
2.314893617021277    0.02432541513997292
2.3167021276595747    0.027563009416484218
2.3185106382978726    0.03119107020454173
2.32031914893617    0.03574664111243046
2.322127659574468    0.041838560192065485
2.323936170212766    0.04951924013910215
2.325744680851064    0.058188960240321955
2.3275531914893617    0.06712334058719992
2.3293617021276596    0.07599303083257435
2.3311702127659575    0.08480255014546044
2.3329787234042554    0.09343028083695766
2.3347872340425533    0.1014455782926686
2.336595744680851    0.10848012629355468
2.338404255319149    0.11464677744025363
2.340212765957447    0.12036021016370659
2.342021276595745    0.1256615312757703
2.343829787234043    0.12987251009145545
2.3456382978723407    0.13213458590335103
2.3474468085106386    0.1323412350710953
2.349255319148936    0.13138814512510338
2.351063829787234    0.13033582353100137
2.352872340425532    0.1293227765788939
2.3546808510638297    0.12744156287834446
2.3564893617021276    0.12377912629216575
2.3582978723404255    0.11851527026957628
2.3601063829787234    0.11286312460669654
2.3619148936170213    0.10789245804197231
2.3637234042553192    0.10350605333121413
2.365531914893617    0.09865552237355579
2.367340425531915    0.09249778470975245
2.369148936170213    0.08517826170893203
2.370957446808511    0.0774141727456556
2.3727659574468087    0.06945032190601613
2.3745744680851066    0.06065780315279215
2.3763829787234045    0.050266671849317573
2.378191489361702    0.03839248548229868
2.38    0.026165242893503943
2.381808510638298    0.014777489629759277
2.3836170212765957    0.004468241183645458
2.3854255319148936    -0.005493795523555054
2.3872340425531915    -0.015875296205375193
2.3890425531914894    -0.026631957459322793
2.3908510638297873    -0.03699749729970959
2.392659574468085    -0.04628238559123601
2.394468085106383    -0.05444439495555153
2.396276595744681    -0.06186991555070586
2.398085106382979    -0.06873736316828535
2.399893617021277    -0.07474181317151804
2.4017021276595747    -0.07946371431656582
2.4035106382978726    -0.08291928913255331
2.4053191489361705    -0.08567608632850815
2.407127659574468    -0.088435191785252
2.408936170212766    -0.0915201789796048
2.4107446808510637    -0.09471656072487497
2.4125531914893616    -0.09749453109260331
2.4143617021276595    -0.09933960772555053
2.4161702127659574    -0.09996536258526412
2.4179787234042553    -0.09937960262104023
2.4197872340425532    -0.09784093642734248
2.421595744680851    -0.09570254931104646
2.423404255319149    -0.09319022988713518
2.425212765957447    -0.0902933104229455
2.427021276595745    -0.08692036301374753
2.4288297872340427    -0.08319836603647104
2.4306382978723406    -0.07956613739029603
2.4324468085106385    -0.07647678930108831
2.4342553191489364    -0.07397902187908159
2.436063829787234    -0.07166545196954338
2.437872340425532    -0.06912405568349117
2.4396808510638297    -0.06644521271818435
2.4414893617021276    -0.06420765037957799
2.4432978723404255    -0.06290602395266529
2.4451063829787234    -0.062412599211129655
2.4469148936170213    -0.06204936156325229
2.448723404255319    -0.0611734394823199
2.450531914893617    -0.05961718947125616
2.452340425531915    -0.05753272851417568
2.454148936170213    -0.054919777308303844
2.455957446808511    -0.051486373319285655
2.4577659574468087    -0.047049805761118044
2.4595744680851066    -0.041967320922759954
2.4613829787234045    -0.03698924821310633
2.4631914893617024    -0.03260950008175349
2.465    -0.028641073875746256
2.4668085106382978    -0.02454640798604954
2.4686170212765957    -0.020184870991638196
2.4704255319148936    -0.016116379444221292
2.4722340425531915    -0.013075441693855452
2.4740425531914894    -0.011189114201104244
2.4758510638297873    -0.009839162441745118
2.477659574468085    -0.008353689415721805
2.479468085106383    -0.00676105729746883
2.481276595744681    -0.005750668638146401
2.483085106382979    -0.005876315437820249
2.4848936170212768    -0.006892367548188965
2.4867021276595747    -0.007955884157055232
2.4885106382978726    -0.008448181072218784
2.4903191489361705    -0.00849147690615292
2.4921276595744684    -0.008615910769740625
2.493936170212766    -0.009004116435376198
2.4957446808510637    -0.009186620197615803
2.4975531914893616    -0.008506794806570404
2.4993617021276595    -0.006797932720978556
2.5011702127659574    -0.004520835393999374
2.5029787234042553    -0.002268359686074817
2.504787234042553    -0.00024793959246611303
2.506595744680851    0.0016951569006849378
2.508404255319149    0.003632119777802199
2.510212765957447    0.005278923138319664
2.512021276595745    0.006234701342450199
2.5138297872340427    0.006429471481492619
2.5156382978723406    0.006241368216516274
2.5174468085106385    0.00615404973369689
2.5192553191489364    0.006356944543467509
2.5210638297872343    0.006712462615314937
2.5228723404255318    0.007043070683031423
2.5246808510638297    0.007329380121629809
2.5264893617021276    0.007585789928496451
2.5282978723404255    0.007639027162958972
2.5301063829787234    0.00718312393126907
2.5319148936170213    0.006129440265842974
2.533723404255319    0.004852953429807934
2.535531914893617    0.003985707897523146
2.537340425531915    0.003896471515183091
2.539148936170213    0.004364119780507721
2.5409574468085108    0.004771824771728623
2.5427659574468087    0.0046186029919909
2.5445744680851066    0.003851615967626768
2.5463829787234045    0.0027655052313281664
2.5481914893617024    0.0016846421806418245
2.5500000000000003    0.0008093446961972314
2.551808510638298    0.00032674654359262723
2.5536170212765956    0.0005362647131948884
2.5554255319148935    0.0017382587244052059
2.5572340425531914    0.00395790194715852
2.5590425531914893    0.006814101770767902
2.560851063829787    0.009704869772825328
2.562659574468085    0.012134493392187308
2.564468085106383    0.013866382305245476
2.566276595744681    0.014808398745866208
2.568085106382979    0.014848608550537887
2.5698936170212767    0.013883928617206621
2.5717021276595746    0.011999992499602685
2.5735106382978725    0.009526569834848958
2.5753191489361704    0.006817357689291913
2.5771276595744683    0.003959298235742729
2.578936170212766    0.00076952803560693
2.580744680851064    -0.0028442773690973712
2.5825531914893616    -0.006521902227521177
2.5843617021276595    -0.009529361130297112
2.5861702127659574    -0.011289149827678849
2.5879787234042553    -0.011859382066985313
2.589787234042553    -0.011846991508333632
2.591595744680851    -0.01180338668494007
2.593404255319149    -0.011713273419549414
2.595212765957447    -0.011114940342396263
2.5970212765957448    -0.009711415155142638
2.5988297872340427    -0.007768210608101648
2.6006382978723406    -0.005799200525006843
2.6024468085106385    -0.0038483524560115664
2.6042553191489364    -0.0012058741412767785
2.6060638297872343    0.0029914695826623794
2.607872340425532    0.008787683856036288
2.60968085106383    0.015074866996736498
2.6114893617021275    0.020344009719229367
2.6132978723404254    0.023861356181994364
2.6151063829787233    0.026141906487505737
2.6169148936170212    0.02828732171866989
2.618723404255319    0.030903865914000746
2.620531914893617    0.033697209780576394
2.622340425531915    0.03605784136179468
2.624148936170213    0.03787483526272977
2.6259574468085107    0.03962778496593088
2.6277659574468086    0.041686196815862546
2.6295744680851065    0.04367801677734811
2.6313829787234044    0.044716076330095535
2.6331914893617023    0.04428610112623544
2.6350000000000002    0.042830269503773784
2.636808510638298    0.04137854107942799
2.638617021276596    0.040616844019058164
2.6404255319148935    0.04036507980267293
2.6422340425531914    0.03993866585585306
2.6440425531914893    0.038893101040597365
2.645851063829787    0.03731404495476016
2.647659574468085    0.03544517122163043
2.649468085106383    0.033246551078316526
2.651276595744681    0.03049651850062326
2.653085106382979    0.0273031996768379
2.6548936170212767    0.024312852581282858
2.6567021276595746    0.022217018401725255
2.6585106382978725    0.02101734254138598
2.6603191489361704    0.019886929863241913
2.6621276595744683    0.017882870778245664
2.663936170212766    0.014840570389993132
2.665744680851064    0.011547167751004388
2.667553191489362    0.00901841841623113
2.6693617021276594    0.007606398444097731
2.6711702127659573    0.006790899271282061
2.6729787234042552    0.005769352335579318
2.674787234042553    0.004180198988881107
2.676595744680851    0.0022657852841955137
2.678404255319149    0.00044003655808657347
2.680212765957447    -0.0011865359936253333
2.6820212765957447    -0.0028381271134781103
2.6838297872340426    -0.004718717326261954
2.6856382978723405    -0.006710808399718585
2.6874468085106384    -0.008424483100330817
2.6892553191489363    -0.0094727259153238
2.6910638297872342    -0.00964810491455486
2.692872340425532    -0.008870583020028366
2.69468085106383    -0.007081078404170625
2.696489361702128    -0.00430182544308802
2.6982978723404254    -0.0008381266778348861
2.7001063829787233    0.002637334523964489
2.701914893617021    0.00531318430260489
2.703723404255319    0.006666765736214515
2.705531914893617    0.006743931736502263
2.707340425531915    0.006044987955683474
2.709148936170213    0.00512024808762332
2.7109574468085107    0.00423564772561055
2.7127659574468086    0.0033748812403208697
2.7145744680851065    0.0024948348120206907
2.7163829787234044    0.0017086394891421518
2.7181914893617023    0.0011904185028410287
2.72    0.0009403855272954462
2.721808510638298    0.0007217562240150513
2.723617021276596    0.0002704582835302959
2.725425531914894    -0.0004726678995099562
2.7272340425531914    -0.0014083063930422288
2.7290425531914893    -0.002551656816828554
2.730851063829787    -0.004139152564675297
2.732659574468085    -0.00632094741942526
2.734468085106383    -0.008732397503171611
2.736276595744681    -0.010529563491890888
2.7380851063829788    -0.011054582675390136
2.7398936170212767    -0.010536090829711933
2.7417021276595746    -0.010022498325477719
2.7435106382978725    -0.010471611576324247
2.7453191489361704    -0.011868944236088683
2.7471276595744683    -0.013317104282997667
2.748936170212766    -0.014029390294335316
2.750744680851064    -0.014139114761004698
2.752553191489362    -0.014400219144214958
2.75436170212766    -0.015108339873800867
2.7561702127659573    -0.015517362538148574
2.757978723404255    -0.014525022407246901
2.759787234042553    -0.011947721109202943
2.761595744680851    -0.00895193621216769
2.763404255319149    -0.007078068417255588
2.765212765957447    -0.006847150354219615
2.7670212765957447    -0.007413794793701177
2.7688297872340426    -0.007565281197311209
2.7706382978723405    -0.006896836283077603
2.7724468085106384    -0.00589579864609876
2.7742553191489363    -0.005007975536116267
2.776063829787234    -0.003928180502950901
2.777872340425532    -0.0019905200282112363
2.77968085106383    0.0008708078899394356
2.781489361702128    0.003833881334287928
2.783297872340426    0.0059840437244174025
2.7851063829787237    0.007258469195999656
2.786914893617021    0.008408590636740732
2.788723404255319    0.010034869017976409
2.790531914893617    0.01186358579172367
2.792340425531915    0.013119480181788582
2.7941489361702128    0.013501667959830451
2.7959574468085107    0.013549747612935892
2.7977659574468086    0.013962367410205163
2.7995744680851065    0.014726494218974042
2.8013829787234044    0.01513199744620185
2.8031914893617023    0.014635505225133924
2.805    0.013492870822221939
2.806808510638298    0.01239162204792076
2.808617021276596    0.011573852705461686
2.810425531914894    0.010564185654649833
2.8122340425531918    0.008833517079751474
2.8140425531914897    0.006532226941633027
2.815851063829787    0.0043274614606281445
2.817659574468085    0.002512150758833729
2.819468085106383    0.0005050050880383715
2.821276595744681    -0.0025702982700749177
2.8230851063829787    -0.0068442582504756565
2.8248936170212766    -0.011404327974434102
2.8267021276595745    -0.0150997726027495
2.8285106382978724    -0.01755140281376852
2.8303191489361703    -0.019295872454798857
2.832127659574468    -0.02104784001434703
2.833936170212766    -0.023024121444525217
2.835744680851064    -0.025025699513999904
2.837553191489362    -0.02694290718707886
2.83936170212766    -0.028883644567257664
2.8411702127659577    -0.03076108008918206
2.8429787234042556    -0.032008054826058105
2.844787234042553    -0.03197896663197354
2.846595744680851    -0.030676407013565915
2.848404255319149    -0.028911956271497827
2.8502127659574468    -0.02761224982992886
2.8520212765957447    -0.027003888358405198
2.8538297872340426    -0.026579742171671646
2.8556382978723405    -0.025832444993033173
2.8574468085106384    -0.024851690317645177
2.8592553191489363    -0.024097434259127685
2.861063829787234    -0.023692836201589566
2.862872340425532    -0.02315230134272471
2.86468085106383    -0.02189470524434267
2.866489361702128    -0.019921225743047298
2.8682978723404258    -0.017854897975749698
2.8701063829787237    -0.01632539021801325
2.8719148936170216    -0.015435593674372972
2.873723404255319    -0.014869596293481363
2.875531914893617    -0.014389006118219371
2.877340425531915    -0.014057468298183735
2.8791489361702127    -0.013982037507758428
2.8809574468085106    -0.014012643649648038
2.8827659574468085    -0.01384698597957856
2.8845744680851064    -0.013395289506344932
2.8863829787234043    -0.012893781317970122
2.8881914893617022    -0.012601954931641193
2.89    -0.012491495363761783
2.891808510638298    -0.012349321076829067
2.893617021276596    -0.012146700076919939
2.895425531914894    -0.012142787123910048
2.8972340425531917    -0.012534813095802642
2.8990425531914896    -0.013106832725028297
2.9008510638297875    -0.013400731102684329
2.902659574468085    -0.013281591577623961
2.904468085106383    -0.013200727037653105
2.906276595744681    -0.013741306910911969
2.9080851063829787    -0.014889314223903272
2.9098936170212766    -0.015874776624120488
2.9117021276595745    -0.015841078686285957
2.9135106382978724    -0.014668148673247977
2.9153191489361703    -0.0130757032111378
2.917127659574468    -0.011903303518607716
2.918936170212766    -0.011333321924640326
2.920744680851064    -0.010837666188557284
2.922553191489362    -0.009827668893435827
2.92436170212766    -0.008283366375967226
2.9261702127659577    -0.0067467239540083355
2.9279787234042556    -0.005761180232463893
2.9297872340425535    -0.00534516907573214
2.931595744680851    -0.004960204440854057
2.933404255319149    -0.0039363088060382235
2.9352127659574467    -0.0019696284582919853
2.9370212765957446    0.0006732097230599011
2.9388297872340425    0.00336443834699586
2.9406382978723404    0.005589321977881572
2.9424468085106383    0.007350090852744939
2.9442553191489362    0.009165247965698698
2.946063829787234    0.011609979535876188
2.947872340425532    0.014768193075273573
2.94968085106383    0.018128876020370333
2.951489361702128    0.021079517230720414
2.9532978723404257    0.023520164984957834
2.9551063829787236    0.025929431735701877
2.9569148936170215    0.028765895577432934
2.9587234042553194    0.03184175293012516
2.960531914893617    0.034391563788470705
2.962340425531915    0.035807770096411076
2.9641489361702127    0.03624557915678783
2.9659574468085106    0.03641872347908379
2.9677659574468085    0.036817428373655564
2.9695744680851064    0.037237725385408454
2.9713829787234043    0.0371391930237054
2.973191489361702    0.036375758172721914
2.975    0.03542017862433984
2.976808510638298    0.03482690005880856
2.978617021276596    0.03459556782968615
2.980425531914894    0.03420501900340271
2.9822340425531917    0.03326384706889117
2.9840425531914896    0.03197350360477218
2.9858510638297875    0.030834183326680115
2.9876595744680854    0.029956156760376072
2.989468085106383    0.02883652086305806
2.9912765957446807    0.026915480330027823
2.9930851063829786    0.024285800436142327
2.9948936170212765    0.021716710275575805
2.9967021276595744    0.019925769884476564
2.9985106382978723    0.01888608030731468
3.0003191489361702    0.01790774303786733
3.002127659574468    0.01636121317523548
3.003936170212766    0.01423042443683924
3.005744680851064    0.011943479123081788
3.007553191489362    0.009774269357577088
3.0093617021276597    0.007551365759076768
3.0111702127659576    0.004986134618727944
3.0129787234042555    0.0021849116560521166
3.0147872340425534    -0.0002923409282240407
3.0165957446808513    -0.0019272367869178038
3.0184042553191492    -0.0027590311033747657
3.0202127659574467    -0.0033648059264667794
3.0220212765957446    -0.00432386027442322
3.0238297872340425    -0.005711081363686932
3.0256382978723404    -0.007095589973884506
3.0274468085106383    -0.007987031455899712
3.029255319148936    -0.00826101436733296
3.031063829787234    -0.008195386269443213
3.032872340425532    -0.008179531907948137
3.03468085106383    -0.008437031358485426
3.036489361702128    -0.008983486252413023
3.0382978723404257    -0.009736322412254781
3.0401063829787236    -0.010573047618003345
3.0419148936170215    -0.01129849115289434
3.0437234042553194    -0.011672774366846106
3.0455319148936173    -0.011592300366496888
3.047340425531915    -0.011263930019333235
3.0491489361702127    -0.011110220995561752
3.0509574468085106    -0.011394571437653066
3.0527659574468085    -0.011920658918962164
3.0545744680851064    -0.012182082991273876
3.0563829787234043    -0.011890635249360845
3.058191489361702    -0.011341935926325774
3.06    -0.011161025419989399
3.061808510638298    -0.011617727047919895
3.063617021276596    -0.012236181063847718
3.0654255319148938    -0.012190542254278656
3.0672340425531917    -0.011143274843756733
3.0690425531914896    -0.009644720869549445
3.0708510638297875    -0.00862782801177234
3.0726595744680854    -0.008505392401467457
3.0744680851063833    -0.00883172786279975
3.076276595744681    -0.00887956223368147
3.0780851063829786    -0.008465840776297147
3.0798936170212765    -0.00809320950190567
3.0817021276595744    -0.008275025150092284
3.0835106382978723    -0.008860121132791353
3.08531914893617    -0.009163185067350206
3.087127659574468    -0.00874750307531974
3.088936170212766    -0.00792881380044834
3.090744680851064    -0.007394085071761673
3.092553191489362    -0.007375554473180427
3.0943617021276597    -0.007350588821386245
3.0961702127659576    -0.006625346950375534
3.0979787234042555    -0.005129594986135496
3.0997872340425534    -0.0035109841411915185
3.1015957446808513    -0.002434466321513419
3.103404255319149    -0.001894997466027215
3.105212765957447    -0.0012994838391695812
3.1070212765957446    -0.00016975190978550355
3.1088297872340425    0.0013616325017247527
3.1106382978723404    0.002789480293017923
3.1124468085106383    0.0038655537244552188
3.114255319148936    0.004869309356302037
3.116063829787234    0.006243688496459185
3.117872340425532    0.008059623418782583
3.11968085106383    0.009921584511142546
3.1214893617021278    0.011380725207188414
3.1232978723404257    0.012365250494134793
3.1251063829787236    0.013180117391794373
3.1269148936170215    0.014140126723327297
3.1287234042553194    0.015263294346349928
3.1305319148936173    0.01631095334691982
3.132340425531915    0.017060668284815995
3.134148936170213    0.017499241990666752
3.1359574468085105    0.017773868363450806
3.1377659574468084    0.018002523067815687
3.1395744680851063    0.01814526982245641
3.141382978723404    0.018040537867632735
3.143191489361702    0.017558094721738773
3.145    0.016735795240924663
3.146808510638298    0.01578080963576727
3.148617021276596    0.014914745104105901
3.1504255319148937    0.014178016561734189
3.1522340425531916    0.013373401076264762
3.1540425531914895    0.012225489842912277
3.1558510638297874    0.010622948613066723
3.1576595744680853    0.008709576069435076
3.159468085106383    0.006735316799551956
3.161276595744681    0.004829850084905692
3.163085106382979    0.0029332318750380556
3.1648936170212765    0.0009251399155684502
3.1667021276595744    -0.0012257667485096164
3.1685106382978723    -0.0034506595260061124
3.17031914893617    -0.005655556956906128
3.172127659574468    -0.007731079282598231
3.173936170212766    -0.009494861666677984
3.175744680851064    -0.010733987883378746
3.1775531914893618    -0.011418069039164102
3.1793617021276597    -0.011873634703537313
3.1811702127659576    -0.012639828725184977
3.1829787234042555    -0.014042953111133068
3.1847872340425534    -0.015895229675291087
3.1865957446808513    -0.017661377590988365
3.188404255319149    -0.018949714236567047
3.190212765957447    -0.01982035749688561
3.192021276595745    -0.020606781558704993
3.1938297872340424    -0.02149415397194539
3.1956382978723403    -0.022344200128754845
3.1974468085106382    -0.02292226198228384
3.199255319148936    -0.02319467333117876
3.201063829787234    -0.02331890901375726
3.202872340425532    -0.023369433539247034
3.20468085106383    -0.023175357579049986
3.2064893617021277    -0.022480261649324883
3.2082978723404256    -0.021212571181653473
3.2101063829787235    -0.01953178194728029
3.2119148936170214    -0.01763055115887543
3.2137234042553193    -0.015587537640437032
3.2155319148936172    -0.013464217919658048
3.217340425531915    -0.011474477380871591
3.219148936170213    -0.009932077876927167
3.220957446808511    -0.00897149679256911
3.2227659574468084    -0.008357886101511593
3.2245744680851063    -0.007627539723039745
3.226382978723404    -0.006426177635942346
3.228191489361702    -0.004712797236849486
3.23    -0.0026941350126432903
3.231808510638298    -0.0006528837512304333
3.233617021276596    0.0011477775755444983
3.2354255319148937    0.0025102697000718675
3.2372340425531916    0.003402322096306776
3.2390425531914895    0.004038261772360624
3.2408510638297874    0.004754243673610191
3.2426595744680853    0.0056997350367719276
3.244468085106383    0.00667034622548564
3.246276595744681    0.0073358877444599695
3.248085106382979    0.007652986775007339
3.249893617021277    0.007958864872759985
3.251702127659575    0.00857090380095726
3.2535106382978722    0.009338054943492068
3.25531914893617    0.00972264620238816
3.257127659574468    0.009390274869440836
3.258936170212766    0.008638966467624572
3.260744680851064    0.008127311528613245
3.2625531914893617    0.008169933656932478
3.2643617021276596    0.008399215278786353
3.2661702127659575    0.00818214735273429
3.2679787234042554    0.007303683031938062
3.2697872340425533    0.006134791352810833
3.2715957446808512    0.005136521239764911
3.273404255319149    0.0043282178999922635
3.275212765957447    0.003337747056422039
3.277021276595745    0.0019136330459313521
3.278829787234043    0.00024757934733060996
3.2806382978723407    -0.001247388557329592
3.282446808510638    -0.002366007949983459
3.284255319148936    -0.0032052992175225286
3.286063829787234    -0.0038706989994009896
3.287872340425532    -0.004243234070242231
3.28968085106383    -0.004134589652890932
3.2914893617021277    -0.003614266278986548
3.2932978723404256    -0.003060713646736226
3.2951063829787235    -0.0028495995494440063
3.2969148936170214    -0.0030492834946599006
3.2987234042553193    -0.0034596607181858682
3.300531914893617    -0.003889148854150576
3.302340425531915    -0.004308215650982714
3.304148936170213    -0.004743098897539489
3.305957446808511    -0.00512784125909774
3.307765957446809    -0.005340479120632441
3.3095744680851067    -0.005350728670856455
3.311382978723404    -0.0052509158142290254
3.313191489361702    -0.0051332434717055965
3.315    -0.005007439099837263
3.316808510638298    -0.004874971915018257
3.3186170212765957    -0.004812064619097206
3.3204255319148936    -0.0048751901259500045
3.3222340425531915    -0.004917370188222653
3.3240425531914894    -0.0045994739195023655
3.3258510638297873    -0.0036750220286985652
3.3276595744680852    -0.0022553130418521902
3.329468085106383    -0.0007326125960607876
3.331276595744681    0.0005670518562600604
3.333085106382979    0.0016075313750583881
3.334893617021277    0.002519889752412812
3.3367021276595747    0.0033494847636749378
3.3385106382978726    0.004015165064390414
3.34031914893617    0.004486950439582924
3.342127659574468    0.004873363721786657
3.343936170212766    0.00526015214136847
3.345744680851064    0.0055381719716926705
3.3475531914893617    0.005514161251673994
3.3493617021276596    0.005197950155806756
3.3511702127659575    0.004859216028638256
3.3529787234042554    0.0047155303754698764
3.3547872340425533    0.004636484849923631
3.356595744680851    0.004297316007643326
3.358404255319149    0.00364895494945398
3.360212765957447    0.003105548091917638
3.362021276595745    0.0031464169595069686
3.363829787234043    0.0037706636787197337
3.3656382978723407    0.004476678194254657
3.3674468085106386    0.004814578896405937
3.369255319148936    0.004841360779826784
3.371063829787234    0.00492606032877556
3.372872340425532    0.005179897157318543
3.3746808510638298    0.005266635773596515
3.3764893617021277    0.0048509343722189634
3.3782978723404256    0.0041010408185881385
3.3801063829787235    0.0035705869654873946
3.3819148936170214    0.0035732738770395418
3.3837234042553193    0.003820485179274285
3.385531914893617    0.0037696230866943346
3.387340425531915    0.0032482968330201636
3.389148936170213    0.0026055020571720154
3.390957446808511    0.0022673117253501265
3.3927659574468088    0.0023006567889799004
3.3945744680851067    0.002493914610020022
3.3963829787234046    0.0027419322991734116
3.398191489361702    0.003168724221316888
3.4    0.0038657020153589957
3.401808510638298    0.004689771432726756
3.4036170212765957    0.005446802214309963
3.4054255319148936    0.006176603059301143
3.4072340425531915    0.007064389656808908
3.4090425531914894    0.008047108921677027
3.4108510638297873    0.00869583696079173
3.412659574468085    0.008648241802743643
3.414468085106383    0.008085520364091419
3.416276595744681    0.0075837262858351705
3.418085106382979    0.0074457297652130595
3.419893617021277    0.007352041142604536
3.4217021276595747    0.006823002138152973
3.4235106382978726    0.00592736576700292
3.4253191489361705    0.005289836324881003
3.427127659574468    0.0053240814462410455
3.428936170212766    0.005660472147241432
3.4307446808510638    0.005549559717391966
3.4325531914893617    0.004770165304456283
3.4343617021276596    0.0038687110034442643
3.4361702127659575    0.003381057569175198
3.4379787234042554    0.0030280045214794004
3.4397872340425533    0.001971121782384829
3.441595744680851    -0.00013125976713728935
3.443404255319149    -0.002608225258916505
3.445212765957447    -0.004512632813872046
3.447021276595745    -0.005729336742257584
3.4488297872340428    -0.007060415429630801
3.4506382978723407    -0.009163806631907238
3.4524468085106386    -0.011683152972792911
3.4542553191489365    -0.013674786793310321
3.456063829787234    -0.014784064819372965
3.457872340425532    -0.01566153077445836
3.4596808510638297    -0.017082873747563877
3.4614893617021276    -0.018899848760144992
3.4632978723404255    -0.02016273079270753
3.4651063829787234    -0.02024881935160487
3.4669148936170213    -0.01955541485375841
3.468723404255319    -0.01891001310055989
3.470531914893617    -0.018522189237276526
3.472340425531915    -0.017866614034134705
3.474148936170213    -0.01661986306209183
3.475957446808511    -0.01535087933873805
3.4777659574468087    -0.014967580127289545
3.4795744680851066    -0.01557100711553775
3.4813829787234045    -0.016207589256951024
3.4831914893617024    -0.015915096848735745
3.4850000000000003    -0.014812621104180416
3.4868085106382978    -0.013902922398987199
3.4886170212765957    -0.013852584023198458
3.4904255319148936    -0.01426302625072439
3.4922340425531915    -0.014279085519134416
3.4940425531914894    -0.013686996815622923
3.4958510638297873    -0.013092933378096583
3.497659574468085    -0.013011399791193312
3.499468085106383    -0.013095790084864493
3.501276595744681    -0.01252339557008476
3.503085106382979    -0.011036841234222768
3.5048936170212768    -0.009303505490482984
3.5067021276595747    -0.008131228406230345
3.5085106382978726    -0.007517173740875304
3.5103191489361705    -0.006690846434983954
3.5121276595744684    -0.005066575635958108
3.5139361702127663    -0.0029420401468649507
3.5157446808510637    -0.0011575865042087663
3.5175531914893616    -0.0001942156947539915
3.5193617021276595    0.00023955043889252703
3.5211702127659574    0.0007764084797238428
3.5229787234042553    0.0017297056973421656
3.5247872340425532    0.0029127944808191317
3.526595744680851    0.003952144162024508
3.528404255319149    0.004612431630506042
3.530212765957447    0.004858647556745407
3.532021276595745    0.004795401459848615
3.5338297872340427    0.004637838565846715
3.5356382978723406    0.004621326634819399
3.5374468085106385    0.004781393879929513
3.5392553191489364    0.004840666782285641
3.5410638297872343    0.004468956654056083
3.5428723404255322    0.003721544348834746
3.5446808510638297    0.0031011768762003802
3.5464893617021276    0.003049164289816951
3.5482978723404255    0.0034151257406465976
3.5501063829787234    0.0035956411545184797
3.5519148936170213    0.0032550855789759943
3.553723404255319    0.0027661588846571586
3.555531914893617    0.002778144628381189
3.557340425531915    0.00339445702775384
3.559148936170213    0.003982461089869539
3.560957446808511    0.0039025097140463474
3.5627659574468087    0.003295734189900106
3.5645744680851066    0.00295485316240223
3.5663829787234045    0.0034049345243452366
3.5681914893617024    0.004290848161158685
3.5700000000000003    0.004798467831193786
3.571808510638298    0.00458540033559094
3.5736170212765956    0.004109675498056634
3.5754255319148935    0.004017502681235501
3.5772340425531914    0.004389980059341691
3.5790425531914893    0.004754456793687313
3.5808510638297872    0.0047732595641792625
3.582659574468085    0.004708156986863776
3.584468085106383    0.0050977847555420015
3.586276595744681    0.006078900379286789
3.588085106382979    0.007179473505665682
3.5898936170212767    0.007791885669815991
3.5917021276595746    0.007738093439845745
3.5935106382978725    0.00732003371579245
3.5953191489361704    0.00691778867280975
3.5971276595744683    0.006668130015712355
3.5989361702127662    0.006522824553182963
3.600744680851064    0.006470456170712881
3.6025531914893616    0.006582230932883147
3.6043617021276595    0.006868757808134132
3.6061702127659574    0.00719874088938819
3.6079787234042553    0.0074055085460087485
3.609787234042553    0.007435456636033042
3.611595744680851    0.007361631718875172
3.613404255319149    0.007289393519955082
3.615212765957447    0.007299195043727643
