0.0    0.0
0.0018085106382978724    0.0
0.003617021276595745    0.0
0.005425531914893617    0.0
0.00723404255319149    0.0
0.009042553191489363    0.0
0.010851063829787235    0.0
0.012659574468085107    0.0
0.01446808510638298    0.0
0.016276595744680853    0.0
0.018085106382978725    0.0
0.019893617021276597    0.0
0.02170212765957447    0.0
0.023510638297872342    0.0
0.025319148936170214    0.0
0.027127659574468086    0.0
0.02893617021276596    0.0
0.03074468085106383    0.0
0.032553191489361706    0.0
0.03436170212765958    0.0
0.03617021276595745    0.0
0.03797872340425532    0.0
0.039787234042553195    0.0
0.04159574468085107    0.0
0.04340425531914894    0.0
0.04521276595744681    0.0
0.047021276595744683    0.0
0.048829787234042556    0.0
0.05063829787234043    0.0
0.0524468085106383    0.0
0.05425531914893617    0.0
0.056063829787234044    0.0
0.05787234042553192    0.0
0.05968085106382979    0.0
0.06148936170212766    0.0
0.06329787234042554    0.0
0.06510638297872341    0.0
0.06691489361702128    0.0
0.06872340425531916    0.0
0.07053191489361703    0.0
0.0723404255319149    0.0
0.07414893617021277    0.0
0.07595744680851065    0.0
0.07776595744680852    0.0
0.07957446808510639    0.0
0.08138297872340426    0.0
0.08319148936170213    0.0
0.085    0.0
0.08680851063829788    0.0
0.08861702127659575    0.0
0.09042553191489362    0.0
0.0922340425531915    0.0
0.09404255319148937    0.0
0.09585106382978724    0.0
0.09765957446808511    0.0
0.09946808510638298    0.0
0.10127659574468086    0.0
0.10308510638297873    0.0
0.1048936170212766    0.0
0.10670212765957447    0.0
0.10851063829787234    0.0
0.11031914893617022    0.0
0.11212765957446809    0.0
0.11393617021276596    0.0
0.11574468085106383    0.0
0.1175531914893617    0.0
0.11936170212765958    0.0
0.12117021276595745    0.0
0.12297872340425532    0.0
0.1247872340425532    0.0
0.12659574468085108    0.0
0.12840425531914895    0.0
0.13021276595744682    0.0
0.1320212765957447    0.0
0.13382978723404257    0.0
0.13563829787234044    0.0
0.1374468085106383    0.0
0.13925531914893619    0.0
0.14106382978723406    0.0
0.14287234042553193    0.0
0.1446808510638298    0.0
0.14648936170212767    0.0
0.14829787234042555    0.0
0.15010638297872342    0.0
0.1519148936170213    0.0
0.15372340425531916    0.0
0.15553191489361703    0.0
0.1573404255319149    0.0
0.15914893617021278    0.0
0.16095744680851065    0.0
0.16276595744680852    0.0
0.1645744680851064    0.0
0.16638297872340427    0.0
0.16819148936170214    0.0
0.17    0.0
0.17180851063829788    0.0
0.17361702127659576    0.0
0.17542553191489363    0.0
0.1772340425531915    0.0
0.17904255319148937    0.0
0.18085106382978725    0.0
0.18265957446808512    0.0
0.184468085106383    0.0
0.18627659574468086    0.0
0.18808510638297873    0.0
0.1898936170212766    0.0
0.19170212765957448    0.0
0.19351063829787235    0.0
0.19531914893617022    0.0
0.1971276595744681    0.0
0.19893617021276597    0.0
0.20074468085106384    0.0
0.2025531914893617    0.0
0.20436170212765958    0.0
0.20617021276595746    0.0
0.20797872340425533    0.0
0.2097872340425532    0.0
0.21159574468085107    0.0
0.21340425531914894    0.0
0.21521276595744682    0.0
0.2170212765957447    0.0
0.21882978723404256    0.0
0.22063829787234043    0.0
0.2224468085106383    0.0
0.22425531914893618    0.0
0.22606382978723405    0.0
0.22787234042553192    0.0
0.2296808510638298    0.0
0.23148936170212767    0.0
0.23329787234042554    0.0
0.2351063829787234    0.0
0.23691489361702128    0.0
0.23872340425531915    0.0
0.24053191489361703    0.0
0.2423404255319149    0.0
0.24414893617021277    0.0
0.24595744680851064    0.0
0.24776595744680852    0.0
0.2495744680851064    0.0
0.25138297872340426    0.0
0.25319148936170216    0.0
0.255    0.0
0.2568085106382979    0.0
0.25861702127659575    0.0
0.26042553191489365    0.0
0.2622340425531915    0.0
0.2640425531914894    0.0
0.26585106382978724    0.0
0.26765957446808514    0.0
0.269468085106383    0.0
0.2712765957446809    0.0
0.2730851063829787    0.0
0.2748936170212766    0.0
0.27670212765957447    0.0
0.27851063829787237    0.0
0.2803191489361702    0.0
0.2821276595744681    0.0
0.28393617021276596    0.0
0.28574468085106386    0.0
0.2875531914893617    0.0
0.2893617021276596    0.0
0.29117021276595745    0.0
0.29297872340425535    0.0
0.2947872340425532    0.0
0.2965957446808511    0.0
0.29840425531914894    0.0
0.30021276595744684    0.0
0.3020212765957447    0.0
0.3038297872340426    0.0
0.3056382978723404    0.0
0.3074468085106383    0.0
0.30925531914893617    0.0
0.31106382978723407    0.0
0.3128723404255319    0.0
0.3146808510638298    0.0
0.31648936170212766    0.0
0.31829787234042556    0.0
0.3201063829787234    0.0
0.3219148936170213    0.0
0.32372340425531915    0.0
0.32553191489361705    0.0
0.3273404255319149    0.0
0.3291489361702128    0.0
0.33095744680851064    0.0
0.33276595744680854    0.0
0.3345744680851064    0.0
0.3363829787234043    0.0
0.3381914893617021    0.0
0.34    0.0
0.34180851063829787    0.0
0.34361702127659577    0.0
0.3454255319148936    0.0
0.3472340425531915    0.0
0.34904255319148936    0.0
0.35085106382978726    0.0
0.3526595744680851    0.0
0.354468085106383    0.0
0.35627659574468085    0.0
0.35808510638297875    0.0
0.3598936170212766    0.0
0.3617021276595745    0.0
0.36351063829787233    0.0
0.36531914893617023    0.0
0.3671276595744681    5.9e-322
0.368936170212766    2.8853e-319
0.3707446808510638    1.25254604e-316
0.3725531914893617    4.8606197497e-314
0.37436170212765957    1.6968770745977e-311
0.37617021276595747    5.359685585560546e-309
0.3779787234042553    1.539511991050846e-306
0.3797872340425532    4.040137664445787e-304
0.38159574468085106    9.727725395758945e-302
0.38340425531914896    2.1572622008337236e-299
0.3852127659574468    4.4218786558568905e-297
0.3870212765957447    8.404977228160712e-295
0.38882978723404255    1.485926983431035e-292
0.39063829787234045    2.450183994706796e-290
0.3924468085106383    3.778011513649483e-288
0.3942553191489362    5.460558207009508e-286
0.39606382978723403    7.414745999856077e-284
0.39787234042553193    9.478822999255697e-282
0.3996808510638298    1.1430569244391515e-279
0.4014893617021277    1.3026902519302343e-277
0.4032978723404255    1.4055022976248099e-275
0.4051063829787234    1.437980496775733e-273
0.40691489361702127    1.3972680154301374e-271
0.40872340425531917    1.2913663716844708e-269
0.410531914893617    1.1367536904268008e-267
0.4123404255319149    9.54340749784048e-266
0.41414893617021276    7.650768581977089e-264
0.41595744680851066    5.863930572002938e-262
0.4177659574468085    4.301774366129922e-260
0.4195744680851064    3.023788057383848e-258
0.42138297872340424    2.0386767212440203e-256
0.42319148936170214    1.3196750656228504e-254
0.425    8.209503179983266e-253
0.4268085106382979    4.912357750771524e-251
0.42861702127659573    2.82984021879976e-249
0.43042553191489363    1.570698268450001e-247
0.4322340425531915    8.406749591202182e-246
0.4340425531914894    4.3421002265132515e-244
0.4358510638297872    2.165842917952775e-242
0.4376595744680851    1.0440379138658781e-240
0.43946808510638297    4.867019848471299e-239
0.44127659574468087    2.195593597992212e-237
0.4430851063829787    9.590846822275004e-236
0.4448936170212766    4.059219483282566e-234
0.44670212765957445    1.665573750549442e-232
0.44851063829787235    6.629295078035528e-231
0.4503191489361702    2.56089067134169e-229
0.4521276595744681    9.606497094006683e-228
0.45393617021276594    3.501160178694087e-226
0.45574468085106384    1.2403584212390674e-224
0.4575531914893617    4.273456115412985e-223
0.4593617021276596    1.4325511071015107e-221
0.46117021276595743    4.674504528633307e-220
0.46297872340425533    1.4854068568998128e-218
0.46478723404255323    4.598579925682389e-217
0.4665957446808511    1.3875516987405063e-215
0.468404255319149    4.082208222048382e-214
0.4702127659574468    1.1714671253728574e-212
0.4720212765957447    3.2803310004500847e-211
0.47382978723404257    8.966374716518446e-210
0.47563829787234047    2.3932187177035488e-208
0.4774468085106383    6.239712669057972e-207
0.4792553191489362    1.5896804243245063e-205
0.48106382978723405    3.9587723560245796e-204
0.48287234042553195    9.639519289668032e-203
0.4846808510638298    2.2957755866131744e-201
0.4864893617021277    5.349513450666797e-200
0.48829787234042554    1.2199391371987504e-198
0.49010638297872344    2.7234918706145326e-197
0.4919148936170213    5.953878108460695e-196
0.4937234042553192    1.2749073682349042e-194
0.49553191489361703    2.6747190090175313e-193
0.49734042553191493    5.499354945555673e-192
0.4991489361702128    1.1083831344308706e-190
0.5009574468085106    2.1903854631246698e-189
0.5027659574468085    4.245306648533474e-188
0.5045744680851064    8.071577539371408e-187
0.5063829787234043    1.505806718183455e-185
0.5081914893617021    2.7570193974503845e-184
0.51    4.9552586521414555e-183
0.5118085106382979    8.744656416170444e-182
0.5136170212765958    1.515517731848174e-180
0.5154255319148936    2.579948743923365e-179
0.5172340425531915    4.315001131094691e-178
0.5190425531914894    7.091802739766443e-177
0.5208510638297873    1.1455724808069986e-175
0.5226595744680851    1.8191194494711473e-174
0.524468085106383    2.8402292405947996e-173
0.5262765957446809    4.3609213234648567e-172
0.5280851063829788    6.585872538507125e-171
0.5298936170212766    9.784408271911722e-170
0.5317021276595745    1.4302647146111254e-168
0.5335106382978724    2.057462144235527e-167
0.5353191489361703    2.913079718068632e-166
0.5371276595744681    4.060206203912211e-165
0.538936170212766    5.571700611126739e-164
0.5407446808510639    7.529026852481117e-163
0.5425531914893618    1.0019993868687264e-161
0.5443617021276596    1.3135254464501243e-160
0.5461702127659575    1.6963506103768058e-159
0.5479787234042554    2.158546070187889e-158
0.5497872340425533    2.7066800509633862e-157
0.551595744680851    3.345050000092783e-156
0.5534042553191489    4.074905050596362e-155
0.5552127659574468    4.8937252993993555e-154
0.5570212765957447    5.794632212466496e-153
0.5588297872340425    6.766005156791112e-152
0.5606382978723404    7.791371328995096e-151
0.5624468085106383    8.849619835666867e-150
0.5642553191489362    9.915566185123182e-149
0.566063829787234    1.0960862981920246e-147
0.5678723404255319    1.1955219228185482e-146
0.5696808510638298    1.2867858085595306e-145
0.5714893617021277    1.3669115208249303e-144
0.5732978723404255    1.4332060443535077e-143
0.5751063829787234    1.48340175522431e-142
0.5769148936170213    1.5157861040385478e-141
0.5787234042553192    1.5292986081910708e-140
0.580531914893617    1.5235875128325373e-139
0.5823404255319149    1.499022008206722e-138
0.5841489361702128    1.4566597862193836e-137
0.5859574468085107    1.3981735447020282e-136
0.5877659574468085    1.325743389200783e-135
0.5895744680851064    1.241924600412301e-134
0.5913829787234043    1.1495017079430834e-133
0.5931914893617022    1.0513401528310075e-132
0.595    9.502460854107901e-132
0.5968085106382979    8.488432044427624e-131
0.5986170212765958    7.494732571607929e-130
0.6004255319148937    6.541241921170909e-129
0.6022340425531915    5.643872936093589e-128
0.6040425531914894    4.814421986926019e-127
0.6058510638297873    4.0606671245920376e-126
0.6076595744680852    3.3866692256790955e-125
0.609468085106383    2.793223161782608e-124
0.6112765957446809    2.2784039399408126e-123
0.6130851063829788    1.8381557187069688e-122
0.6148936170212767    1.4668783802616477e-121
0.6167021276595744    1.1579755494894173e-120
0.6185106382978723    9.043382419844917e-120
0.6203191489361702    6.987485162807471e-119
0.6221276595744681    5.341966921104846e-118
0.6239361702127659    4.041132758729764e-117
0.6257446808510638    3.0252240864930747e-116
0.6275531914893617    2.2412738425870376e-115
0.6293617021276596    1.6434073803906885e-114
0.6311702127659574    1.1927187501422227e-113
0.6329787234042553    8.568454742950832e-113
0.6347872340425532    6.093507415806091e-112
0.6365957446808511    4.290035433660358e-111
0.6384042553191489    2.990274349151368e-110
0.6402127659574468    2.0636941935096487e-109
0.6420212765957447    1.4102332285829442e-108
0.6438297872340426    9.542773240743653e-108
0.6456382978723404    6.394737417859629e-107
0.6474468085106383    4.2438625113025136e-106
0.6492553191489362    2.789433669422368e-105
0.6510638297872341    1.81598487736058e-104
0.6528723404255319    1.171048377499848e-103
0.6546808510638298    7.4804631553917975e-103
0.6564893617021277    4.733664433503409e-102
0.6582978723404256    2.967602514729364e-101
0.6601063829787234    1.8432188589913674e-100
0.6619148936170213    1.1343166354731786e-99
0.6637234042553192    6.9167314245558476e-99
0.6655319148936171    4.179260307372118e-98
0.6673404255319149    2.5023739434092623e-97
0.6691489361702128    1.484845787756788e-96
0.6709574468085107    8.731897532623912e-96
0.6727659574468086    5.0892705429824934e-95
0.6745744680851063    2.9399725700663255e-94
0.6763829787234042    1.683421125035999e-93
0.6781914893617021    9.554867410737961e-93
0.68    5.376000796432021e-92
0.6818085106382978    2.998588360505966e-91
0.6836170212765957    1.65812427718356e-90
0.6854255319148936    9.090328490681367e-90
0.6872340425531915    4.9411002107501425e-89
0.6890425531914893    2.66298297850612e-88
0.6908510638297872    1.4230906672151766e-87
0.6926595744680851    7.541101080468053e-87
0.694468085106383    3.962719036947384e-86
0.6962765957446809    2.0650292303237795e-85
0.6980851063829787    1.0672136384668322e-84
0.6998936170212766    5.46998801661096e-84
0.7017021276595745    2.7806645555243325e-83
0.7035106382978724    1.4020231678247386e-82
0.7053191489361702    7.011695742169786e-82
0.7071276595744681    3.478315052878955e-81
0.708936170212766    1.711627401373766e-80
0.7107446808510639    8.355265757620154e-80
0.7125531914893617    4.046113661717957e-79
0.7143617021276596    1.943830984517283e-78
0.7161702127659575    9.264823794865108e-78
0.7179787234042554    4.3811638337662954e-77
0.7197872340425532    2.055562621355195e-76
0.7215957446808511    9.569204558379505e-76
0.723404255319149    4.420177367018587e-75
0.7252127659574469    2.0259882040111126e-74
0.7270212765957447    9.214715246071192e-74
0.7288297872340426    4.159000361547797e-73
0.7306382978723405    1.8628251016804319e-72
0.7324468085106384    8.280282503073938e-72
0.7342553191489362    3.6527660357431875e-71
0.7360638297872341    1.5992475126875035e-70
0.737872340425532    6.949282289051739e-70
0.7396808510638299    2.9971453271228045e-69
0.7414893617021276    1.2830163403293378e-68
0.7432978723404255    5.451624000981226e-68
0.7451063829787234    2.299331208573989e-67
0.7469148936170213    9.626569336693123e-67
0.7487234042553191    4.0008124292799257e-66
0.750531914893617    1.6506065955891524e-65
0.7523404255319149    6.760357022040186e-65
0.7541489361702128    2.748768251416821e-64
0.7559574468085106    1.1095852155276174e-63
0.7577659574468085    4.446811084569119e-63
0.7595744680851064    1.769348820261873e-62
0.7613829787234043    6.989822158814552e-62
0.7631914893617021    2.741685521101612e-61
0.765    1.0677726780902874e-60
0.7668085106382979    4.1291463265617435e-60
0.7686170212765958    1.5855229888601522e-59
0.7704255319148936    6.0454127462611204e-59
0.7722340425531915    2.288920492536878e-58
0.7740425531914894    8.60591068820349e-58
0.7758510638297873    3.213173903320365e-57
0.7776595744680851    1.1913864046789457e-56
0.779468085106383    4.386939622270573e-56
0.7812765957446809    1.6042451413913197e-55
0.7830851063829788    5.826250731765309e-55
0.7848936170212766    2.101484206731507e-54
0.7867021276595745    7.528190996450169e-54
0.7885106382978724    2.6784993138838017e-53
0.7903191489361703    9.465369968592362e-53
0.7921276595744681    3.322288801891001e-52
0.793936170212766    1.1582421243666462e-51
0.7957446808510639    4.010807560715247e-51
0.7975531914893618    1.3795675223051875e-50
0.7993617021276596    4.713470570280628e-50
0.8011702127659575    1.5996804436539623e-49
0.8029787234042554    5.3929702939246534e-49
0.8047872340425533    1.806062603942858e-48
0.806595744680851    6.008347450515847e-48
0.808404255319149    1.9856472380551528e-47
0.8102127659574468    6.519003102567573e-47
0.8120212765957447    2.1261769042271673e-46
0.8138297872340425    6.8891187303961244e-46
0.8156382978723404    2.2175877918220647e-45
0.8174468085106383    7.091817227590006e-45
0.8192553191489362    2.2532031720112215e-44
0.821063829787234    7.112392178830962e-44
0.8228723404255319    2.2305391052351047e-43
0.8246808510638298    6.950066195823502e-43
0.8264893617021277    2.151587493468361e-42
0.8282978723404255    6.617987413658903e-42
0.8301063829787234    2.0225323215638614e-41
0.8319148936170213    6.141482704091488e-41
0.8337234042553192    1.852954317442642e-40
0.835531914893617    5.554887458494217e-40
0.8373404255319149    1.654665124913649e-39
0.8391489361702128    4.897498935110663e-39
0.8409574468085107    1.4403662401312206e-38
0.8427659574468085    4.2093078530666884e-38
0.8445744680851064    1.2223408076736872e-37
0.8463829787234043    3.527137229277685e-37
0.8481914893617022    1.0113587906963078e-36
0.85    2.881676950690586e-36
0.8518085106382979    8.159182203772876e-36
0.8536170212765958    2.295690263109915e-35
0.8554255319148937    6.418730798053919e-35
0.8572340425531915    1.783437896915963e-34
0.8590425531914894    4.924287420524531e-34
0.8608510638297873    1.3511664331975781e-33
0.8626595744680852    3.6843229462315715e-33
0.864468085106383    9.983736815811368e-33
0.8662765957446809    2.688550554034269e-32
0.8680851063829788    7.195083867222348e-32
0.8698936170212767    1.91358986741989e-31
0.8717021276595744    5.057779011080583e-31
0.8735106382978723    1.3285298436146735e-30
0.8753191489361702    3.4680520375509484e-30
0.8771276595744681    8.997149237596841e-30
0.8789361702127659    2.3196973522339333e-29
0.8807446808510638    5.943834657413979e-29
0.8825531914893617    1.5136060713893403e-28
0.8843617021276596    3.8306401513949733e-28
0.8861702127659574    9.634821198917578e-28
0.8879787234042553    2.4084135914950316e-27
0.8897872340425532    5.983216657792575e-27
0.8915957446808511    1.4772555308489612e-26
0.8934042553191489    3.624887905092396e-26
0.8952127659574468    8.839999956820828e-26
0.8970212765957447    2.142541143299128e-25
0.8988297872340426    5.160902310750446e-25
0.9006382978723404    1.235497394193667e-24
0.9024468085106383    2.9395290231204676e-24
0.9042553191489362    6.950774804752724e-24
0.9060638297872341    1.6334576491282076e-23
0.9078723404255319    3.8150585253259226e-23
0.9096808510638298    8.855487706663268e-23
0.9114893617021277    2.0428704367610016e-22
0.9132978723404256    4.683657621715316e-22
0.9151063829787234    1.0671959365137873e-21
0.9169148936170213    2.41666485387565e-21
0.9187234042553192    5.43876466726805e-21
0.9205319148936171    1.2164487720158548e-20
0.9223404255319149    2.703927415185302e-20
0.9241489361702128    5.973125037039542e-20
0.9259574468085107    1.3113271906984e-19
0.9277659574468086    2.8610187558345047e-19
0.9295744680851065    6.203368693377172e-19
0.9313829787234043    1.3366834779597592e-18
0.9331914893617022    2.8623337928857712e-18
0.935    6.091146793069321e-18
0.936808510638298    1.2881341080754781e-17
0.9386170212765957    2.707086968144608e-17
0.9404255319148936    5.653508960624693e-17
0.9422340425531915    1.1732865276980569e-16
0.9440425531914894    2.4196653897715215e-16
0.9458510638297872    4.958685952624579e-16
0.9476595744680851    1.0097933611461117e-15
0.949468085106383    2.043371338735358e-15
0.9512765957446809    4.1087047155811466e-15
0.9530851063829787    8.20916665931155e-15
0.9548936170212766    1.6297578163114077e-14
0.9567021276595745    3.2149184141350384e-14
0.9585106382978724    6.30133279240297e-14
0.9603191489361702    1.2271645592527277e-13
0.9621276595744681    2.374505150915023e-13
0.963936170212766    4.564939056081121e-13
0.9657446808510639    8.71926070594574e-13
0.9675531914893617    1.654619050624418e-12
0.9693617021276596    3.119467884278104e-12
0.9711702127659575    5.842748683857583e-12
0.9729787234042554    1.087170599331807e-11
0.9747872340425532    2.0096071510341814e-11
0.9765957446808511    3.690169528862635e-11
0.978404255319149    6.731182706247638e-11
0.9802127659574469    1.219646790712891e-10
0.9820212765957447    2.1951369708711417e-10
0.9838297872340426    3.9242863667783385e-10
0.9856382978723405    6.968148396101478e-10
0.9874468085106384    1.2289019984411634e-09
0.9892553191489362    2.152510061025496e-09
0.9910638297872341    3.744428097206397e-09
0.992872340425532    6.468771194128771e-09
0.9946808510638299    1.1097802856598068e-08
0.9964893617021277    1.8906596272029543e-08
0.9982978723404256    3.1983963076478435e-08
1.0001063829787233    5.3724754316889194e-08
1.0019148936170212    8.960240452629093e-08
1.0037234042553191    1.4837027661510754e-07
1.005531914893617    2.439125794425545e-07
1.007340425531915    3.980692328169219e-07
1.0091489361702128    6.449056740386883e-07
1.0109574468085107    1.0371031165540168e-06
1.0127659574468086    1.6554256763415163e-06
1.0145744680851063    2.6226002444755363e-06
1.0163829787234042    4.123448387116071e-06
1.0181914893617021    6.433764163831387e-06
1.02    9.961264097267767e-06
1.021808510638298    1.530296693304469e-05
1.0236170212765958    2.3324600558605046e-05
1.0254255319148937    3.5269068794172626e-05
1.0272340425531916    5.290259364498531e-05
1.0290425531914893    7.870877845695944e-05
1.0308510638297872    0.0001161423407890092
1.032659574468085    0.00016995537180910166
1.034468085106383    0.0002466093051674643
1.036276595744681    0.0003547848009544906
1.0380851063829788    0.000505998805760285
1.0398936170212767    0.0007153323441383469
1.0417021276595746    0.0010022632469896757
1.0435106382978723    0.0013915841379598434
1.0453191489361702    0.0019143668144971204
1.047127659574468    0.0026089092278502512
1.048936170212766    0.003521570709235652
1.0507446808510639    0.004707365908370258
1.0525531914893618    0.006230150318388903
1.0543617021276597    0.00816219400163428
1.0561702127659576    0.01058291071413919
1.0579787234042553    0.01357649439109956
1.0597872340425532    0.017228222847000232
1.061595744680851    0.0216192294984324
1.063404255319149    0.02681962774868957
1.0652127659574468    0.03288000740819286
1.0670212765957447    0.03982151221449917
1.0688297872340426    0.04762494966238642
1.0706382978723405    0.056219667254342576
1.0724468085106382    0.06547322974770306
1.0742553191489361    0.07518321406581907
1.076063829787234    0.08507265402768116
1.077872340425532    0.09479075834686679
1.0796808510638298    0.10392043147934363
1.0814893617021277    0.11199379269955431
1.0832978723404256    0.11851627697741604
1.0851063829787235    0.12299900618785276
1.0869148936170212    0.1249979803562617
1.088723404255319    0.12415735075652118
1.090531914893617    0.12025275330388013
1.092340425531915    0.11322960770238641
1.0941489361702128    0.10323066408514547
1.0959574468085107    0.09060714320845803
1.0977659574468086    0.07590876216653092
1.0995744680851065    0.059849861189036735
1.1013829787234042    0.0432516964264468
1.103191489361702    0.026964501208979877
1.105    0.01177670945835843
1.1068085106382979    -0.0016778259812555603
1.1086170212765958    -0.013001406489966706
1.1104255319148937    -0.022089008260886632
1.1122340425531916    -0.02914755781424417
1.1140425531914895    -0.034669918673103116
1.1158510638297872    -0.039361958817705316
1.117659574468085    -0.044028996536884406
1.119468085106383    -0.04943612521393887
1.1212765957446809    -0.05616381309365836
1.1230851063829788    -0.06448410290022993
1.1248936170212767    -0.07428231553984607
1.1267021276595746    -0.08504366475132422
1.1285106382978725    -0.09591386136218932
1.1303191489361701    -0.10582900649973837
1.132127659574468    -0.113695278529059
1.133936170212766    -0.11858624370467019
1.1357446808510638    -0.119918286487852
1.1375531914893617    -0.11756519681368979
1.1393617021276596    -0.11188245115474718
1.1411702127659575    -0.10362926009381687
1.1429787234042554    -0.09379895725189052
1.1447872340425531    -0.08339095149005252
1.146595744680851    -0.07317462928903296
1.148404255319149    -0.06350219288597336
1.1502127659574468    -0.05422036706337385
1.1520212765957447    -0.04471028984681924
1.1538297872340426    -0.03405447217247941
1.1556382978723405    -0.021296427695153927
1.1574468085106384    -0.005731140251154749
1.1592553191489363    0.012848815305488072
1.161063829787234    0.034020640658288546
1.162872340425532    0.05675545736421609
1.1646808510638298    0.07960214087708384
1.1664893617021277    0.10098907949224015
1.1682978723404256    0.11956580064235231
1.1701063829787235    0.1344901245084897
1.1719148936170214    0.14557703346461556
1.1737234042553193    0.15326202851610352
1.175531914893617    0.15838537729146332
1.1773404255319149    0.16185899489115715
1.1791489361702128    0.16431729068340148
1.1809574468085107    0.1658631075796799
1.1827659574468086    0.16599427401667785
1.1845744680851065    0.163740951440606
1.1863829787234044    0.15797512235829944
1.1881914893617023    0.14779355724692725
1.19    0.13284572152634785
1.1918085106382978    0.11349100236595056
1.1936170212765957    0.09072400109406825
1.1954255319148936    0.06588616790625526
1.1972340425531915    0.040259967911913164
1.1990425531914894    0.014689569135492062
1.2008510638297873    -0.010630088677411114
1.2026595744680852    -0.036108977334521494
1.204468085106383    -0.062466743959809945
1.2062765957446808    -0.09028656168643318
1.2080851063829787    -0.11958222489034262
1.2098936170212766    -0.14954848418676245
1.2117021276595745    -0.17860579136777668
1.2135106382978724    -0.20474544746810372
1.2153191489361703    -0.22606740518372734
1.2171276595744682    -0.24132448380173824
1.218936170212766    -0.25027628713272543
1.2207446808510638    -0.2537213757950664
1.2225531914893617    -0.2531949389126399
1.2243617021276596    -0.25044611629123437
1.2261702127659575    -0.24689327646115117
1.2279787234042554    -0.24326115421739586
1.2297872340425533    -0.23952616803248145
1.2315957446808512    -0.23516585143081775
1.2334042553191489    -0.22957948423458246
1.2352127659574468    -0.22247572296287782
1.2370212765957447    -0.2140424381692264
1.2388297872340426    -0.20481822981628361
1.2406382978723405    -0.1953297130222974
1.2424468085106384    -0.18567836751488043
1.2442553191489363    -0.17529811297130282
1.2460638297872342    -0.16303733308716944
1.2478723404255319    -0.14757208600709637
1.2496808510638298    -0.1279951333730484
1.2514893617021277    -0.10432417546100348
1.2532978723404256    -0.07768474570814196
1.2551063829787235    -0.0500510375030776
1.2569148936170214    -0.023619377611809475
1.2587234042553193    -5.859821679101568e-05
1.2605319148936172    0.020051101014343577
1.2623404255319148    0.0373504932437722
1.2641489361702127    0.05334714293695774
1.2659574468085106    0.06972962345959019
1.2677659574468085    0.08764924294289317
1.2695744680851064    0.10727533116133359
1.2713829787234043    0.12779546250180285
1.2731914893617022    0.14782006002653314
1.2750000000000001    0.16596492349541125
1.2768085106382978    0.18131686739711927
1.2786170212765957    0.19356990370898636
1.2804255319148936    0.2028083943805722
1.2822340425531915    0.2091092936151519
1.2840425531914894    0.21223283186294922
1.2858510638297873    0.21161533877427652
1.2876595744680852    0.20669685572253033
1.289468085106383    0.19740756744061316
1.2912765957446808    0.18451858283872064
1.2930851063829787    0.169607756948431
1.2948936170212766    0.1545861016299695
1.2967021276595745    0.14097585591743722
1.2985106382978724    0.1292931398459196
1.3003191489361703    0.11886912699656471
1.3021276595744682    0.10824026064093392
1.303936170212766    0.09594821608031445
1.3057446808510638    0.08136579820807088
1.3075531914893617    0.06513071806773782
1.3093617021276596    0.04895328324911602
1.3111702127659575    0.034877506353401116
1.3129787234042554    0.02435567044033523
1.3147872340425533    0.01759445555161452
1.3165957446808512    0.013491831041185443
1.318404255319149    0.010180712871165048
1.3202127659574467    0.00588985133349617
1.3220212765957446    -0.0003126785653781378
1.3238297872340425    -0.008239414684382707
1.3256382978723404    -0.01684748979008136
1.3274468085106383    -0.02483873786927219
1.3292553191489362    -0.031237867182873018
1.3310638297872341    -0.035654890725138465
1.332872340425532    -0.038164381404281376
1.3346808510638297    -0.038975998578026895
1.3364893617021276    -0.03817787238051359
1.3382978723404255    -0.03574583991437371
1.3401063829787234    -0.03179309559402572
1.3419148936170213    -0.026837211108179368
1.3437234042553192    -0.02182305930271331
1.3455319148936171    -0.017795372446886858
1.347340425531915    -0.015367047353999179
1.3491489361702127    -0.014309557391965554
1.3509574468085106    -0.013566921193168817
1.3527659574468085    -0.011759564308696811
1.3545744680851064    -0.007934997798701608
1.3563829787234043    -0.0021361383358841617
1.3581914893617022    0.0045709387584866
1.36    0.010662850774034605
1.361808510638298    0.015008551999178624
1.3636170212765957    0.017499380206530926
1.3654255319148936    0.019066107836409787
1.3672340425531915    0.021052277592079144
1.3690425531914894    0.024313509292585148
1.3708510638297873    0.028599625180566482
1.3726595744680852    0.03262177541732962
1.374468085106383    0.0347923398275989
1.376276595744681    0.034201598530508054
1.3780851063829787    0.03122858326601584
1.3798936170212766    0.027388120637757064
1.3817021276595745    0.0244754844849559
1.3835106382978724    0.023504209576859343
1.3853191489361703    0.02407069637914258
1.3871276595744682    0.02453107932875246
1.388936170212766    0.02289150786558628
1.390744680851064    0.017890379945896928
1.3925531914893619    0.009648629823679259
1.3943617021276595    -0.00046153835133780526
1.3961702127659574    -0.010606514889727282
1.3979787234042553    -0.019442216042522793
1.3997872340425532    -0.026675659304848717
1.4015957446808511    -0.03296764929214434
1.403404255319149    -0.03932400298303916
1.405212765957447    -0.046405871366754836
1.4070212765957448    -0.05417528810828727
1.4088297872340425    -0.06202177989540024
1.4106382978723404    -0.06919380249622366
1.4124468085106383    -0.07520194467186316
1.4142553191489362    -0.07995090749625154
1.416063829787234    -0.08359620404448327
1.417872340425532    -0.08631722804658425
1.41968085106383    -0.08821216148025547
1.4214893617021278    -0.0893659551306459
1.4232978723404255    -0.08996546128464807
1.4251063829787234    -0.09029061125082109
1.4269148936170213    -0.09053572621831148
1.4287234042553192    -0.0906007691684506
1.430531914893617    -0.09006939109376029
1.432340425531915    -0.0884717809465385
1.4341489361702129    -0.08569166135464547
1.4359574468085108    -0.08220917566475465
1.4377659574468085    -0.07893262350996681
1.4395744680851064    -0.07665120087631376
1.4413829787234043    -0.07544648397770652
1.4431914893617022    -0.07449236506418185
1.445    -0.07244860228793486
1.446808510638298    -0.0682433986082893
1.4486170212765959    -0.06173499193610078
1.4504255319148938    -0.05378245004027776
1.4522340425531914    -0.04564564798989906
1.4540425531914893    -0.038115115091576446
1.4558510638297872    -0.030994907498585786
1.4576595744680851    -0.02334084542533512
1.459468085106383    -0.014322521819590796
1.461276595744681    -0.004102078144071496
1.4630851063829788    0.005939936415718421
1.4648936170212767    0.013877227353242053
1.4667021276595744    0.018421276251203413
1.4685106382978723    0.019831161468374207
1.4703191489361702    0.019902024254361668
1.4721276595744681    0.020982427347856415
1.473936170212766    0.02462534992125126
1.475744680851064    0.030732960977573227
1.4775531914893618    0.03772916747155048
1.4793617021276597    0.04361068889283961
1.4811702127659574    0.04716092625488647
1.4829787234042553    0.04854723960072322
1.4847872340425532    0.048986800262890214
1.486595744680851    0.04981297568770562
1.488404255319149    0.05164299897238974
1.490212765957447    0.05419760256514509
1.4920212765957448    0.05679764894434048
1.4938297872340427    0.059067991657032866
1.4956382978723404    0.06127457448630041
1.4974468085106383    0.0640569001765221
1.4992553191489362    0.06781231810779939
1.501063829787234    0.0722546494200264
1.502872340425532    0.07651387730876108
1.5046808510638299    0.07970436736304412
1.5064893617021278    0.08151758550445148
1.5082978723404257    0.08237811500808245
1.5101063829787233    0.08304293826254991
1.5119148936170212    0.08395167383497437
1.5137234042553191    0.08482037613828106
1.515531914893617    0.08478064319796383
1.517340425531915    0.08295594823449573
1.5191489361702128    0.0790530111419464
1.5209574468085107    0.07355477860008988
1.5227659574468086    0.0674073034208188
1.5245744680851063    0.06145268872361942
1.5263829787234042    0.05601130170375904
1.5281914893617021    0.05087144947707137
1.53    0.045638747908095356
1.531808510638298    0.04016398591207061
1.5336170212765958    0.03475701007248806
1.5354255319148937    0.030075453524620488
1.5372340425531916    0.02679438033715105
1.5390425531914893    0.02526940279534265
1.5408510638297872    0.025366227362186744
1.542659574468085    0.026513613022309687
1.544468085106383    0.02793406546856627
1.546276595744681    0.028953515926215367
1.5480851063829788    0.02927120544112105
1.5498936170212767    0.02906915401608183
1.5517021276595746    0.02887887886693831
1.5535106382978723    0.029229871777469073
1.5553191489361702    0.030251168029980097
1.557127659574468    0.03148169092448171
1.558936170212766    0.0320629047470976
1.5607446808510639    0.03124367908990989
1.5625531914893618    0.0288762406179036
1.5643617021276597    0.02553149808239668
1.5661702127659576    0.022099013206139086
1.5679787234042553    0.019121435744619664
1.5697872340425532    0.01635362390730853
1.571595744680851    0.012913934438487498
1.573404255319149    0.007961767109213709
1.5752127659574469    0.0014092898910511072
1.5770212765957448    -0.005894680318267063
1.5788297872340427    -0.012693478576639933
1.5806382978723406    -0.01819379142340627
1.5824468085106382    -0.022613981145952845
1.5842553191489361    -0.02696651584643514
1.586063829787234    -0.03222108439012318
1.587872340425532    -0.03849253680611421
1.5896808510638298    -0.04489592313076768
1.5914893617021277    -0.050192815310489955
1.5932978723404256    -0.05372360090815677
1.5951063829787235    -0.05588820580575929
1.5969148936170212    -0.05779901242960479
1.5987234042553191    -0.06039772262585909
1.600531914893617    -0.06375849538230745
1.602340425531915    -0.06713734199176445
1.6041489361702128    -0.06970393860545167
1.6059574468085107    -0.07132279536161189
1.6077659574468086    -0.07271109741560765
1.6095744680851065    -0.07482671080475116
1.6113829787234042    -0.07799416376655198
1.613191489361702    -0.08150971898035757
1.615    -0.08407835818051722
1.616808510638298    -0.08474516887995821
1.6186170212765958    -0.08356678523870749
1.6204255319148937    -0.08147556910002528
1.6222340425531916    -0.07945067580260977
1.6240425531914895    -0.07767712249143406
1.6258510638297874    -0.07537661237251798
1.627659574468085    -0.07143329437177416
1.629468085106383    -0.06528282276413457
1.6312765957446809    -0.05732699638316492
1.6330851063829788    -0.04854345319588979
1.6348936170212767    -0.03963409313335242
1.6367021276595746    -0.030434449906490024
1.6385106382978725    -0.020080172987161304
1.6403191489361704    -0.007792530338632961
1.642127659574468    0.006367557910004708
1.643936170212766    0.021398329908415822
1.6457446808510638    0.03599301821796565
1.6475531914893617    0.04939962057009531
1.6493617021276596    0.06181970332245622
1.6511702127659575    0.07404238289237235
1.6529787234042554    0.08662202269454504
1.6547872340425533    0.09925727607315733
1.656595744680851    0.1108501463462795
1.658404255319149    0.12018131581301099
1.6602127659574468    0.12667289405662552
1.6620212765957447    0.13067594588163822
1.6638297872340426    0.13311374266550297
1.6656382978723405    0.13479952658540134
1.6674468085106384    0.13595126549122072
1.6692553191489363    0.13621793388202785
1.671063829787234    0.135111862672663
1.672872340425532    0.13245217002602738
1.6746808510638298    0.12847288858121342
1.6764893617021277    0.12356154834044902
1.6782978723404256    0.11789762217198466
1.6801063829787235    0.11131579166757119
1.6819148936170214    0.10350352685522726
1.6837234042553193    0.0943502298783247
1.685531914893617    0.08413899573014705
1.6873404255319149    0.07340835653712141
1.6891489361702128    0.06259105496591583
1.6909574468085107    0.051728035052899135
1.6927659574468086    0.04050154071659044
1.6945744680851065    0.028573940946296256
1.6963829787234044    0.01596593518377787
1.6981914893617023    0.0031658329330154535
1.7    -0.00912992788690387
1.7018085106382979    -0.020449512400750002
1.7036170212765958    -0.030813022197104297
1.7054255319148937    -0.0406261082231059
1.7072340425531916    -0.05029457064600712
1.7090425531914895    -0.05988290645772816
1.7108510638297874    -0.06910041132267698
1.7126595744680853    -0.07761824536697794
1.714468085106383    -0.08543260190521339
1.7162765957446808    -0.09294085857794183
1.7180851063829787    -0.10063937712517494
1.7198936170212766    -0.10868341312408124
1.7217021276595745    -0.11668487158556519
1.7235106382978724    -0.12393635908703914
1.7253191489361703    -0.12989155292356425
1.7271276595744682    -0.1345087053758025
1.728936170212766    -0.13817367598696312
1.7307446808510638    -0.14127340540156796
1.7325531914893617    -0.14378737438088474
1.7343617021276596    -0.1452472392503546
1.7361702127659575    -0.1450988710764391
1.7379787234042554    -0.143160563353957
1.7397872340425533    -0.13979805786595834
1.7415957446808512    -0.13568560230580806
1.7434042553191489    -0.13136732954740143
1.7452127659574468    -0.12697625138478508
1.7470212765957447    -0.12230197697902348
1.7488297872340426    -0.1170916323561012
1.7506382978723405    -0.11129969883407792
1.7524468085106384    -0.10510310808736242
1.7542553191489363    -0.09874418954191377
1.7560638297872342    -0.09240982226337585
1.7578723404255319    -0.08627133351510613
1.7596808510638298    -0.08060053067886014
1.7614893617021277    -0.07576760518614517
1.7632978723404256    -0.0720360210173158
1.7651063829787235    -0.06929377864018932
1.7669148936170214    -0.06697385248915622
1.7687234042553193    -0.06429252536845423
1.7705319148936172    -0.060671095286082485
1.7723404255319148    -0.05603840071476607
1.7741489361702127    -0.05079244849687818
1.7759574468085106    -0.045462390514091205
1.7777659574468085    -0.04033421806713332
1.7795744680851064    -0.03530663631194984
1.7813829787234043    -0.03004355687923542
1.7831914893617022    -0.02426563455968679
1.7850000000000001    -0.01795079825505301
1.7868085106382978    -0.011322475562005652
1.7886170212765957    -0.004678901292183506
1.7904255319148936    0.001783518391090123
1.7922340425531915    0.008028183955570275
1.7940425531914894    0.01409854679659636
1.7958510638297873    0.019977960525650637
1.7976595744680852    0.025500572379086733
1.7994680851063831    0.030390870111546564
1.8012765957446808    0.034428827091005476
1.8030851063829787    0.037646150541194065
1.8048936170212766    0.04041071815420229
1.8067021276595745    0.04330349166803239
1.8085106382978724    0.046833482258692674
1.8103191489361703    0.05118038231791329
1.8121276595744682    0.056168694703110714
1.813936170212766    0.06150957820668386
1.8157446808510638    0.06710980804070411
1.8175531914893617    0.07315401495199127
1.8193617021276596    0.0798393251492897
1.8211702127659575    0.08696656377226981
1.8229787234042554    0.09378139896939468
1.8247872340425533    0.09930302565873657
1.8265957446808512    0.10296694021589382
1.828404255319149    0.10509052988611035
1.8302127659574468    0.10675331190959843
1.8320212765957447    0.10913691432649504
1.8338297872340426    0.11281873312272801
1.8356382978723405    0.1175597766487692
1.8374468085106384    0.12271561442054933
1.8392553191489363    0.12788156032558118
1.8410638297872342    0.13320961007862453
1.842872340425532    0.13914778257849075
1.8446808510638297    0.14586190880739547
1.8464893617021276    0.15285428463010592
1.8482978723404255    0.159091974128183
1.8501063829787234    0.16351389545288397
1.8519148936170213    0.16550528378675322
1.8537234042553192    0.16502548000091288
1.8555319148936171    0.16240331118483503
1.857340425531915    0.15804747597070345
1.859148936170213    0.15228053404914232
1.8609574468085106    0.14530827500216364
1.8627659574468085    0.13722131715780628
1.8645744680851064    0.1279884282063028
1.8663829787234043    0.11751048910928219
1.8681914893617022    0.1057823357589863
1.87    0.09305781558492243
1.871808510638298    0.079822335520465
1.873617021276596    0.0665059933643373
1.8754255319148936    0.05313771745240525
1.8772340425531915    0.03927507415211817
1.8790425531914894    0.024361564864008534
1.8808510638297873    0.008285518114989232
1.8826595744680852    -0.008314737501561843
1.884468085106383    -0.024296624657584052
1.886276595744681    -0.03867140435309944
1.8880851063829789    -0.051195209749277194
1.8898936170212766    -0.062462089636815245
1.8917021276595745    -0.07345537461233861
1.8935106382978724    -0.08490481781750159
1.8953191489361703    -0.09688611485081686
1.8971276595744682    -0.10886590436839388
1.898936170212766    -0.12007435456517473
1.900744680851064    -0.129923850357998
1.9025531914893619    -0.1382422288482054
1.9043617021276595    -0.14524054666795502
1.9061702127659574    -0.15126926093408785
1.9079787234042553    -0.15650299731816733
1.9097872340425532    -0.16074105551971088
1.9115957446808511    -0.1634818349866596
1.913404255319149    -0.16427359494616658
1.915212765957447    -0.1631157856108976
1.9170212765957448    -0.16057452719871076
1.9188297872340425    -0.1574469856767904
1.9206382978723404    -0.15418745531062053
1.9224468085106383    -0.1505717946440738
1.9242553191489362    -0.14593665810035852
1.9260638297872341    -0.13984467867255865
1.927872340425532    -0.13261430752019818
1.92968085106383    -0.12522220921896718
1.9314893617021278    -0.11862181544725284
1.9332978723404255    -0.11305233604969589
1.9351063829787234    -0.1079366024395727
1.9369148936170213    -0.10244218558226587
1.9387234042553192    -0.09618895954928927
1.940531914893617    -0.08947888302154675
1.942340425531915    -0.08289020447486889
1.944148936170213    -0.07666321075605753
1.9459574468085108    -0.07045722057716228
1.9477659574468085    -0.06366606347684961
1.9495744680851064    -0.05595372152977221
1.9513829787234043    -0.047518055816201735
1.9531914893617022    -0.03890928797523441
1.955    -0.030655839216880518
1.956808510638298    -0.023059860588572845
1.9586170212765959    -0.01626643970757799
1.9604255319148938    -0.010411791573309792
1.9622340425531914    -0.005636276917132418
1.9640425531914893    -0.0019780477394186133
1.9658510638297872    0.0006662175090005181
1.9676595744680851    0.002426025985350652
1.969468085106383    0.0033362147130579006
1.971276595744681    0.0034225526432862608
1.9730851063829788    0.002982873727439486
1.9748936170212767    0.0027802884841668747
1.9767021276595744    0.0038706835742787467
1.9785106382978723    0.007109394301821379
1.9803191489361702    0.012703573855648628
1.9821276595744681    0.02015760074330902
1.983936170212766    0.028610577672684084
1.985744680851064    0.03724441229124058
1.9875531914893618    0.045464345400309386
1.9893617021276597    0.052857164767202036
1.9911702127659574    0.059156266865565146
1.9929787234042553    0.06434469194790023
1.9947872340425532    0.06875451830145467
1.996595744680851    0.07293171302709626
1.998404255319149    0.0772704579053501
2.0002127659574467    0.08172099326982359
2.0020212765957446    0.08586882747849352
2.0038297872340425    0.08932862632582568
2.0056382978723404    0.0920631170235607
2.0074468085106383    0.094309768565402
2.009255319148936    0.09622601013372263
2.011063829787234    0.09768417517776685
2.012872340425532    0.09848386361220658
2.01468085106383    0.09875271758206834
2.016489361702128    0.09902629188344271
2.0182978723404257    0.09978879583204926
2.0201063829787236    0.10085747658747594
2.0219148936170215    0.10126230928458145
2.0237234042553194    0.09986533112220179
2.0255319148936173    0.09623726333813788
2.0273404255319147    0.09099292135151306
2.0291489361702126    0.08523912144404626
2.0309574468085105    0.0796052460093818
2.0327659574468084    0.07372538619318068
2.0345744680851063    0.06663627453614447
2.0363829787234042    0.05773359693391156
2.038191489361702    0.047456751781611475
2.04    0.0371496730340002
2.041808510638298    0.028262433401726628
2.043617021276596    0.0215499256963151
2.0454255319148937    0.01681708263280044
2.0472340425531916    0.01325812760458129
2.0490425531914895    0.010027585393026447
2.0508510638297874    0.006646440101631089
2.0526595744680853    0.0030842845161247606
2.0544680851063832    -0.00040446316110986143
2.0562765957446807    -0.003522123139199069
2.0580851063829786    -0.006101932486003051
2.0598936170212765    -0.008136163542925276
2.0617021276595744    -0.009676625687499905
2.0635106382978723    -0.010731136158491267
2.06531914893617    -0.011296209361532503
2.067127659574468    -0.011522615079167499
2.068936170212766    -0.011813991483457416
2.070744680851064    -0.012649617026404502
2.072553191489362    -0.014194930156410237
2.0743617021276597    -0.016071550687819947
2.0761702127659576    -0.017616764444525593
2.0779787234042555    -0.018500571964033225
2.0797872340425534    -0.019118446022096305
2.0815957446808513    -0.020278088285084154
2.083404255319149    -0.022366558446042576
2.085212765957447    -0.02477948636734249
2.0870212765957445    -0.026236024628425888
2.0888297872340424    -0.025750746031661522
2.0906382978723403    -0.023334713518823724
2.0924468085106382    -0.01973684762561413
2.094255319148936    -0.015539101976830696
2.096063829787234    -0.010638212700636033
2.097872340425532    -0.004752068034203586
2.09968085106383    0.0015744716170004482
2.1014893617021277    0.006672843480475293
2.1032978723404256    0.00874499550739338
2.1051063829787235    0.00735559754229851
2.1069148936170214    0.003958616629615292
2.1087234042553193    0.0008315390470802443
2.1105319148936172    -0.0006475217822512443
2.112340425531915    -0.0007758363806352547
2.114148936170213    -0.0007143376309815398
2.1159574468085105    -0.0010606454436633476
2.1177659574468084    -0.0013435859086395143
2.1195744680851063    -0.0008963382797931739
2.121382978723404    -1.9005915320125465e-05
2.123191489361702    -2.020753443841139e-05
2.125    -0.001989133366978172
2.126808510638298    -0.005605729235200349
2.128617021276596    -0.009323808658749374
2.1304255319148937    -0.011800314461751865
2.1322340425531916    -0.013088962610539191
2.1340425531914895    -0.014368204949695665
2.1358510638297874    -0.01656487192015063
2.1376595744680853    -0.01940847430425434
2.139468085106383    -0.021907185760115543
2.141276595744681    -0.02359497164457932
2.143085106382979    -0.025022751021879813
2.1448936170212765    -0.02686790439919863
2.1467021276595744    -0.028708478948692696
2.1485106382978723    -0.02902156008866069
2.15031914893617    -0.02664885853008568
2.152127659574468    -0.022235900925000975
2.153936170212766    -0.017970979911561907
2.155744680851064    -0.01565554519822867
2.1575531914893618    -0.014961633425769678
2.1593617021276597    -0.013683338365665643
2.1611702127659576    -0.009832353516582498
2.1629787234042555    -0.003570512038287156
2.1647872340425534    0.0028595054800850846
2.1665957446808513    0.007050866200431842
2.168404255319149    0.008303979072199808
2.170212765957447    0.007800961987820286
2.172021276595745    0.007242407318821652
2.1738297872340424    0.007506026770117776
2.1756382978723403    0.008517553993971265
2.177446808510638    0.010023740511345353
2.179255319148936    0.012085801543035088
2.181063829787234    0.014729466966359963
2.182872340425532    0.01738945571896644
2.18468085106383    0.0190784299016752
2.1864893617021277    0.0192783455787236
2.1882978723404256    0.01856725219409422
2.1901063829787235    0.018177920255782576
2.1919148936170214    0.018855414358934834
2.1937234042553193    0.02018241469497959
2.195531914893617    0.021042034673713378
2.197340425531915    0.02066229661608899
2.199148936170213    0.019126934143381923
2.200957446808511    0.016933265261080875
2.2027659574468084    0.014265319837581166
2.2045744680851063    0.010865013545892078
2.206382978723404    0.006546498284621071
2.208191489361702    0.0015789456657224216
2.21    -0.0036369429691940724
2.211808510638298    -0.00922447412392243
2.2136170212765958    -0.015943912525754604
2.2154255319148937    -0.024490139341510772
2.2172340425531916    -0.034702057611508706
2.2190425531914895    -0.04558178259625561
2.2208510638297874    -0.05611042547082871
2.2226595744680853    -0.06591948678771148
2.224468085106383    -0.07506166633239911
2.226276595744681    -0.083236941063106
2.228085106382979    -0.08954067872396257
2.229893617021277    -0.0932087572099203
2.2317021276595743    -0.09458569687124602
2.233510638297872    -0.09512553598629794
2.23531914893617    -0.0962293157454798
2.237127659574468    -0.09804788556944577
2.238936170212766    -0.09949732706058056
2.240744680851064    -0.09944783352419345
2.2425531914893617    -0.09778070689550361
2.2443617021276596    -0.09520129872944039
2.2461702127659575    -0.09213225439371353
2.2479787234042554    -0.08804607231275438
2.2497872340425533    -0.08204594349002534
2.251595744680851    -0.07402114320757974
2.253404255319149    -0.0650189241102267
2.255212765957447    -0.05638058495897609
2.257021276595745    -0.04861334451572463
2.258829787234043    -0.04123894374296784
2.2606382978723403    -0.033675077621815555
2.262446808510638    -0.025996450267068316
2.264255319148936    -0.01864538062893538
2.266063829787234    -0.011545761489968394
2.267872340425532    -0.003912769677488687
2.2696808510638298    0.004754545340453324
2.2714893617021277    0.01356982310101083
2.2732978723404256    0.020525452164519047
2.2751063829787235    0.024207454118415763
2.2769148936170214    0.025311211738203682
2.2787234042553193    0.026271067723259194
2.280531914893617    0.02917678633060623
2.282340425531915    0.03396098784722981
2.284148936170213    0.03861606235906638
2.285957446808511    0.04114119691925684
2.2877659574468088    0.041229361223730124
2.2895744680851062    0.040145357325910305
2.291382978723404    0.03922676500452291
2.293191489361702    0.038746237702393105
2.295    0.03818315969397083
2.296808510638298    0.03724052883593258
2.2986170212765957    0.03623557410883696
2.3004255319148936    0.035491753673157295
2.3022340425531915    0.03471409965386048
2.3040425531914894    0.03333932186234992
2.3058510638297873    0.03152737437372927
2.3076595744680852    0.030486190951493332
2.309468085106383    0.031486310008564916
2.311276595744681    0.034515938094975745
2.313085106382979    0.03813333454643235
2.314893617021277    0.040856127873430154
2.3167021276595747    0.04269474677667545
2.3185106382978726    0.04518282834942808
2.32031914893617    0.04984209576069003
2.322127659574468    0.05670373335424647
2.323936170212766    0.06441352511770886
2.325744680851064    0.07169501288384568
2.3275531914893617    0.07850912804986966
2.3293617021276596    0.0857034515517159
2.3311702127659575    0.09369722686939887
2.3329787234042554    0.1017770637200814
2.3347872340425533    0.10876869279115232
2.336595744680851    0.11422298694108508
2.338404255319149    0.11871146271750156
2.340212765957447    0.12293553590845775
2.342021276595745    0.1267533739911228
2.343829787234043    0.12927945380335448
2.3456382978723407    0.12990834762363274
2.3474468085106386    0.1290267535247972
2.349255319148936    0.12756937696281911
2.351063829787234    0.12594134785590494
2.352872340425532    0.12355253141282746
2.3546808510638297    0.11947598886972824
2.3564893617021276    0.11345939165713714
2.3582978723404255    0.10617993578638232
2.3601063829787234    0.09856393957802748
2.3619148936170213    0.09103316606389561
2.3637234042553192    0.08348745194770263
2.365531914893617    0.07585150229332896
2.367340425531915    0.0683544369122134
2.369148936170213    0.06115221962757894
2.370957446808511    0.05383194539857848
2.3727659574468087    0.04555425935708972
2.3745744680851066    0.0358101518906242
2.3763829787234045    0.024963244103290684
2.378191489361702    0.013936784373722533
2.38    0.003385141743070568
2.381808510638298    -0.006720952882520398
2.3836170212765957    -0.016686689007517547
2.3854255319148936    -0.026452544835432183
2.3872340425531915    -0.035566351699579016
2.3890425531914894    -0.04380988142990877
2.3908510638297873    -0.05164470714274402
2.392659574468085    -0.059793177036112546
2.394468085106383    -0.06831506241770617
2.396276595744681    -0.07623651926665341
2.398085106382979    -0.0822612466735468
2.399893617021277    -0.08590253520069314
2.4017021276595747    -0.08788115908542309
2.4035106382978726    -0.08941314380002392
2.4053191489361705    -0.09117933330321047
2.407127659574468    -0.09301625422608294
2.408936170212766    -0.09447401925550362
2.4107446808510637    -0.09543517694966554
2.4125531914893616    -0.09606233769654828
2.4143617021276595    -0.09626907547412412
2.4161702127659574    -0.09552020413900959
2.4179787234042553    -0.0933280147510986
2.4197872340425532    -0.08988557240148883
2.421595744680851    -0.0860251113604716
2.423404255319149    -0.08245062395853207
2.425212765957447    -0.07907610333664271
2.427021276595745    -0.07524028495632538
2.4288297872340427    -0.07059818044294251
2.4306382978723406    -0.06571223761723895
2.4324468085106385    -0.06167450728405961
2.4342553191489364    -0.059142552785788075
2.436063829787234    -0.05779416085837594
2.437872340425532    -0.056734561456227336
2.4396808510638297    -0.05538290388132015
2.4414893617021276    -0.05392317768372376
2.4432978723404255    -0.05293917998547269
2.4451063829787234    -0.052703945980093675
2.4469148936170213    -0.05285092387309165
2.448723404255319    -0.05265434770746144
2.450531914893617    -0.05153632844635318
2.452340425531915    -0.049331518154122955
2.454148936170213    -0.0462231073098085
2.455957446808511    -0.042578035456567756
2.4577659574468087    -0.03884021064178381
2.4595744680851066    -0.035412828255262443
2.4613829787234045    -0.03245009535556374
2.4631914893617024    -0.029694078405701818
2.465    -0.026593135367206096
2.4668085106382978    -0.02271488973785385
2.4686170212765957    -0.018139503691825924
2.4704255319148936    -0.013477497683149271
2.4722340425531915    -0.00948066160348483
2.4740425531914894    -0.0065751185368316395
2.4758510638297873    -0.004683486400163079
2.477659574468085    -0.0034164499405460926
2.479468085106383    -0.0024138739774686446
2.481276595744681    -0.0015609269496333232
2.483085106382979    -0.0009696909896495824
2.4848936170212768    -0.0008043546065021883
2.4867021276595747    -0.0011073241178651513
2.4885106382978726    -0.00175509862031355
2.4903191489361705    -0.0025740342418248104
2.4921276595744684    -0.0035103819109923856
2.493936170212766    -0.004665266658872465
2.4957446808510637    -0.006098735758279513
2.4975531914893616    -0.00756337898793652
2.4993617021276595    -0.008496228081570939
2.5011702127659574    -0.008413755977950133
2.5029787234042553    -0.0074107839565678985
2.504787234042553    -0.006231033655367273
2.506595744680851    -0.005713709877694454
2.508404255319149    -0.006073897112448755
2.510212765957447    -0.0067388321112192544
2.512021276595745    -0.0069528609345934755
2.5138297872340427    -0.006550947406165233
2.5156382978723406    -0.006082215740844709
2.5174468085106385    -0.006152459421618815
2.5192553191489364    -0.006729934966864871
2.5210638297872343    -0.007219638525035916
2.5228723404255318    -0.007234286855473953
2.5246808510638297    -0.0071508107481723475
2.5264893617021276    -0.007738051795594765
2.5282978723404255    -0.009209847032154257
2.5301063829787234    -0.010785628025239842
2.5319148936170213    -0.011340085414748709
2.533723404255319    -0.01050288779727739
2.535531914893617    -0.009013134360059667
2.537340425531915    -0.007918919691962656
2.539148936170213    -0.007487442019850242
2.5409574468085108    -0.007010239126917768
2.5427659574468087    -0.0056747701843960895
2.5445744680851066    -0.0034780901674145593
2.5463829787234045    -0.001147413569030184
2.5481914893617024    0.0007926161147881701
2.5500000000000003    0.002675887696637216
2.551808510638298    0.005288272924106792
2.5536170212765956    0.008878933851116752
2.5554255319148935    0.012765960954523758
2.5572340425531914    0.016018090804923966
2.5590425531914893    0.01842452620137716
2.560851063829787    0.02061611004356538
2.562659574468085    0.023189986856059643
2.564468085106383    0.025859701206299934
2.566276595744681    0.02762916226122275
2.568085106382979    0.027795497691285663
2.5698936170212767    0.02661973681480946
2.5717021276595746    0.024898898937044688
2.5735106382978725    0.022967448691070647
2.5753191489361704    0.020332071328303447
2.5771276595744683    0.016402242285820573
2.578936170212766    0.011477445246111963
2.580744680851064    0.0068083533384827345
2.5825531914893616    0.0035775711460786976
2.5843617021276595    0.0018735215640365722
2.5861702127659574    0.0007552146061155611
2.5879787234042553    -0.0006962848483643351
2.589787234042553    -0.002501710443422853
2.591595744680851    -0.003978401480558324
2.593404255319149    -0.0046578206076477195
2.595212765957447    -0.004796752670882132
2.5970212765957448    -0.004900915262855079
2.5988297872340427    -0.004877674626924111
2.6006382978723406    -0.0038807292697854772
2.6024468085106385    -0.0011029930067674712
2.6042553191489364    0.003334733448045976
2.6060638297872343    0.008383792036678661
2.607872340425532    0.012959584333735737
2.60968085106383    0.016765975032672555
2.6114893617021275    0.020226596745758274
2.6132978723404254    0.02372876683035139
2.6151063829787233    0.0271102166532753
2.6169148936170212    0.029936893411382955
2.618723404255319    0.03213662383520659
2.620531914893617    0.034147830124278786
2.622340425531915    0.03637502965654804
2.624148936170213    0.03862999742438124
2.6259574468085107    0.04029451797871095
2.6277659574468086    0.04107561870382172
2.6295744680851065    0.04146160793232476
2.6313829787234044    0.042267134555760325
2.6331914893617023    0.04370471062770109
2.6350000000000002    0.04502936586057181
2.636808510638298    0.045220653367363584
2.638617021276596    0.04400513274283126
2.6404255319148935    0.04210213613353368
2.6422340425531914    0.04041362224571375
2.6440425531914893    0.03905939352504355
2.645851063829787    0.037340484510398134
2.647659574468085    0.03466268634133374
2.649468085106383    0.03134605670284489
2.651276595744681    0.028356968904853057
2.653085106382979    0.026230670752704757
2.6548936170212767    0.024413169452817192
2.6567021276595746    0.02182288095186418
2.6585106382978725    0.0180640888226695
2.6603191489361704    0.013956232446068806
2.6621276595744683    0.010765294957930188
2.663936170212766    0.008945669385586864
2.665744680851064    0.0077308390818278255
2.667553191489362    0.005961249462026643
2.6693617021276594    0.003192851963645422
2.6711702127659573    -9.715960919965457e-05
2.6729787234042552    -0.003289821375223847
2.674787234042553    -0.006353822081033978
2.676595744680851    -0.009645969837864777
2.678404255319149    -0.013101867294097602
2.680212765957447    -0.015915717953390293
2.6820212765957447    -0.017223209544831156
2.6838297872340426    -0.017048849819415603
2.6856382978723405    -0.01637492286949669
2.6874468085106384    -0.016157766801144467
2.6892553191489363    -0.01634512389540467
2.6910638297872342    -0.01598631892965758
2.692872340425532    -0.014307106219675365
2.69468085106383    -0.011550737544324664
2.696489361702128    -0.008696445340703799
2.6982978723404254    -0.006466041228690352
2.7001063829787233    -0.004786269938632617
2.701914893617021    -0.003237251415452721
2.703723404255319    -0.001805113181095627
2.705531914893617    -0.0009444142473111323
2.707340425531915    -0.0008883389218428655
2.709148936170213    -0.0011387923646183895
2.7109574468085107    -0.0008743457812609796
2.7127659574468086    0.00014499477012453453
2.7145744680851065    0.001284210503733102
2.7163829787234044    0.0017814048439013304
2.7181914893617023    0.0016989975780611311
2.72    0.00191832582628556
2.721808510638298    0.0030923436755345163
2.723617021276596    0.004715534076320774
2.725425531914894    0.005411507493698797
2.7272340425531914    0.004203912583541156
2.7290425531914893    0.0014410462838898254
2.730851063829787    -0.0015694160371969518
2.732659574468085    -0.0037562216909892854
2.734468085106383    -0.005030331740198072
2.736276595744681    -0.0059281442013744984
2.7380851063829788    -0.006761518753656033
2.7398936170212767    -0.007312934999068772
2.7417021276595746    -0.007315493241915263
2.7435106382978725    -0.006983254779350684
2.7453191489361704    -0.006870753980975605
2.7471276595744683    -0.007239736132191508
2.748936170212766    -0.007740008532504117
2.750744680851064    -0.007812075953846901
2.752553191489362    -0.007324438356900657
2.75436170212766    -0.006681824319837581
2.7561702127659573    -0.00630068152890398
2.757978723404255    -0.006113661648361525
2.759787234042553    -0.005704171906748438
2.761595744680851    -0.004883007711822681
2.763404255319149    -0.003975753618427632
2.765212765957447    -0.0034436972589470633
2.7670212765957447    -0.0032729428917430275
2.7688297872340426    -0.0028629944460698024
2.7706382978723405    -0.0015844773104906383
2.7724468085106384    0.0005816250876562667
2.7742553191489363    0.0030026566118155082
2.776063829787234    0.004982081954449983
2.777872340425532    0.006361168145043598
2.77968085106383    0.007554963722988388
2.781489361702128    0.009055701998595254
2.783297872340426    0.010940312917394012
2.7851063829787237    0.012834247123681985
2.786914893617021    0.014289398286612284
2.788723404255319    0.015167945317338661
2.790531914893617    0.015694077164347
2.792340425531915    0.01618697795264663
2.7941489361702128    0.01675921093178719
2.7959574468085107    0.01724710080988826
2.7977659574468086    0.017400749504487136
2.7995744680851065    0.017123434753443873
2.8013829787234044    0.016512397913146026
2.8031914893617023    0.015655223983365305
2.805    0.014406722795358526
2.806808510638298    0.012434030916271262
2.808617021276596    0.009554970788577078
2.810425531914894    0.006037450260270581
2.8122340425531918    0.002484283114807067
2.8140425531914897    -0.0006715370311091463
2.815851063829787    -0.00357602500365666
2.817659574468085    -0.0068041662646102855
2.819468085106383    -0.010747919868730908
2.821276595744681    -0.015157909207617084
2.8230851063829787    -0.019322966582326104
2.8248936170212766    -0.022691390002332484
2.8267021276595745    -0.02526522122017664
2.8285106382978724    -0.02738411696710667
2.8303191489361703    -0.029227284749827855
2.832127659574468    -0.03065410285056343
2.833936170212766    -0.03153327662325088
2.835744680851064    -0.032071580568901956
2.837553191489362    -0.03265672453356168
2.83936170212766    -0.033380510945567626
2.8411702127659577    -0.03387465368273701
2.8429787234042556    -0.03373982554352631
2.844787234042553    -0.03308064663789333
2.846595744680851    -0.032454164640105754
2.848404255319149    -0.03221985520527092
2.8502127659574468    -0.0320466999527787
2.8520212765957447    -0.031213208748379115
2.8538297872340426    -0.02941036580410776
2.8556382978723405    -0.027126166428585896
2.8574468085106384    -0.02514958745534887
2.8592553191489363    -0.023765758548598803
2.861063829787234    -0.022582036019054175
2.862872340425532    -0.021167034297202784
2.86468085106383    -0.019705314206454057
2.866489361702128    -0.018853287474614545
2.8682978723404258    -0.018949998478238528
2.8701063829787237    -0.019520979671398278
2.8719148936170216    -0.019675163200125037
2.873723404255319    -0.018954884410388423
2.875531914893617    -0.01770268790279529
2.877340425531915    -0.016607621237313318
2.8791489361702127    -0.016018751359223767
2.8809574468085106    -0.01576918550669571
2.8827659574468085    -0.01555116424674255
2.8845744680851064    -0.015263082319649356
2.8863829787234043    -0.014942629614073489
2.8881914893617022    -0.01453916406059981
2.89    -0.013962858964857636
2.891808510638298    -0.013362347112232706
2.893617021276596    -0.01315361545045612
2.895425531914894    -0.013604304540620001
2.8972340425531917    -0.01442971070804094
2.8990425531914896    -0.014969937541048792
2.9008510638297875    -0.014843781839505413
2.902659574468085    -0.01433165896414753
2.904468085106383    -0.01399492666979803
2.906276595744681    -0.01395243245765354
2.9080851063829787    -0.013688010810022938
2.9098936170212766    -0.012650269523150754
2.9117021276595745    -0.010942503684366674
2.9135106382978724    -0.009271090033044414
2.9153191489361703    -0.008204507363950144
2.917127659574468    -0.00761831150049562
2.918936170212766    -0.0069578911609747465
2.920744680851064    -0.00595098917920622
2.922553191489362    -0.00488217044872127
2.92436170212766    -0.004123174869203879
2.9261702127659577    -0.003544963127236682
2.9279787234042556    -0.002558474034437875
2.9297872340425535    -0.0007245837699637043
2.931595744680851    0.0018212435759413722
2.933404255319149    0.004610781381790617
2.9352127659574467    0.007384574146447455
2.9370212765957446    0.010242368056286182
2.9388297872340425    0.013290671549143002
2.9406382978723404    0.016356619739110838
2.9424468085106383    0.019212459535821617
2.9442553191489362    0.022003853616957114
2.946063829787234    0.025222560519590383
2.947872340425532    0.029121846231979526
2.94968085106383    0.03324279060096185
2.951489361702128    0.0366800790114813
2.9532978723404257    0.038858595873748285
2.9551063829787236    0.0399696194200397
2.9569148936170215    0.040613777721478665
2.9587234042553194    0.0411288613973558
2.960531914893617    0.04139303818418139
2.962340425531915    0.041231299653415675
2.9641489361702127    0.04079138306303124
2.9659574468085106    0.04036571062907914
2.9677659574468085    0.03993662265648552
2.9695744680851064    0.039131597911198794
2.9713829787234043    0.03773278222638355
2.973191489361702    0.036097365197077826
2.975    0.03487549424927656
2.976808510638298    0.034280668579189606
2.978617021276596    0.03378212214187793
2.980425531914894    0.03263066438952062
2.9822340425531917    0.030628065251544594
2.9840425531914896    0.028248785209023117
2.9858510638297875    0.026011890713397448
2.9876595744680854    0.02390575270761374
2.989468085106383    0.02156309408640813
2.9912765957446807    0.01891035580762649
2.9930851063829786    0.016406937549112467
2.9948936170212765    0.014518289821472904
2.9967021276595744    0.01306651922974015
2.9985106382978723    0.011306156622384048
3.0003191489361702    0.008706438258888873
3.002127659574468    0.005549722075255515
3.003936170212766    0.002654062784555768
3.005744680851064    0.0005511111121417741
3.007553191489362    -0.000946181998877462
3.0093617021276597    -0.0023665552542412142
3.0111702127659576    -0.003931508681758299
3.0129787234042555    -0.005405765555692575
3.0147872340425534    -0.0065186256235839745
3.0165957446808513    -0.007331748262275516
3.0184042553191492    -0.008089573151000774
3.0202127659574467    -0.008820915923646023
3.0220212765957446    -0.009277264747542913
3.0238297872340425    -0.00930595320308316
3.0256382978723404    -0.009145558256396444
3.0274468085106383    -0.00921955903652396
3.029255319148936    -0.009672796943257796
3.031063829787234    -0.010250919465888752
3.032872340425532    -0.01068299919664115
3.03468085106383    -0.011060988420215957
3.036489361702128    -0.011699176843296112
3.0382978723404257    -0.012638809670451574
3.0401063829787236    -0.013458369941788572
3.0419148936170215    -0.013691897695367196
3.0437234042553194    -0.013372033560150057
3.0455319148936173    -0.013006251510548471
3.047340425531915    -0.012969653809559306
3.0491489361702127    -0.01304052701774154
3.0509574468085106    -0.012674202238213594
3.0527659574468085    -0.011724171940436887
3.0545744680851064    -0.010743183336189028
3.0563829787234043    -0.010453704720283657
3.058191489361702    -0.010951496660973555
3.06    -0.011548150434422099
3.061808510638298    -0.01145560313253469
3.063617021276596    -0.010578793619452739
3.0654255319148938    -0.009580881436497778
3.0672340425531917    -0.009202683868563741
3.0690425531914896    -0.0095977449436738
3.0708510638297875    -0.010334928895542446
3.0726595744680854    -0.010930000090812707
3.0744680851063833    -0.01124218596927943
3.076276595744681    -0.011357403704507704
3.0780851063829786    -0.011243217979438055
3.0798936170212765    -0.010686079800110961
3.0817021276595744    -0.009593362917180909
3.0835106382978723    -0.008240852453176607
3.08531914893617    -0.007094680469416793
3.087127659574468    -0.006359766858569817
3.088936170212766    -0.005760507070154927
3.090744680851064    -0.004820224831619993
3.092553191489362    -0.003356035482458823
3.0943617021276597    -0.0016748229294290852
3.0961702127659576    -0.00028692769743488217
3.0979787234042555    0.0005455211984515114
3.0997872340425534    0.000985216102743138
3.1015957446808513    0.0014203597606845695
3.103404255319149    0.0021681953276194996
3.105212765957447    0.0033696892916626857
3.1070212765957446    0.005062346442416198
3.1088297872340425    0.0072132576776156344
3.1106382978723404    0.00962638074226297
3.1124468085106383    0.011898848588294732
3.114255319148936    0.013613417292162915
3.116063829787234    0.014661093125368889
3.117872340425532    0.015350112597693946
3.11968085106383    0.016118757796475324
3.1214893617021278    0.017103249175362534
3.1232978723404257    0.018018355692283067
3.1251063829787236    0.018497382171129787
3.1269148936170215    0.018520471774740168
3.1287234042553194    0.018436448383882736
3.1305319148936173    0.01853915110609115
3.132340425531915    0.018693612684751882
3.134148936170213    0.018478287983579252
3.1359574468085105    0.017706163356050537
3.1377659574468084    0.016702035984371307
3.1395744680851063    0.015954275308579197
3.141382978723404    0.01549742391386295
3.143191489361702    0.01475747965551382
3.145    0.013113063633020602
3.146808510638298    0.010597424245264428
3.148617021276596    0.007951323072759815
3.1504255319148937    0.005928305527114274
3.1522340425531916    0.004588252795535069
3.1540425531914895    0.003333185246066423
3.1558510638297874    0.0016110899406948168
3.1576595744680853    -0.0005116522636778333
3.159468085106383    -0.002509978169126857
3.161276595744681    -0.004034348607964504
3.163085106382979    -0.005259129126828817
3.1648936170212765    -0.006590418429767756
3.1667021276595744    -0.008153542422303595
3.1685106382978723    -0.009688171804280443
3.17031914893617    -0.010923455433155257
3.172127659574468    -0.011920203047266851
3.173936170212766    -0.012965256064010052
3.175744680851064    -0.014204430564869568
3.1775531914893618    -0.015510913018736555
3.1793617021276597    -0.016732013368282013
3.1811702127659576    -0.01793949490055753
3.1829787234042555    -0.019319501918224298
3.1847872340425534    -0.02085024398565654
3.1865957446808513    -0.022229451380762835
3.188404255319149    -0.023190973203007434
3.190212765957447    -0.023807119199581492
3.192021276595745    -0.024346754066838297
3.1938297872340424    -0.024827016445781946
3.1956382978723403    -0.024839003396632295
3.1974468085106382    -0.023938730903108225
3.199255319148936    -0.022188904935318644
3.201063829787234    -0.020194889365351708
3.202872340425532    -0.018542116536617755
3.20468085106383    -0.017254393438809787
3.2064893617021277    -0.0158836770464895
3.2082978723404256    -0.014106301194375774
3.2101063829787235    -0.012117921408401056
3.2119148936170214    -0.010383935085125154
3.2137234042553193    -0.00907996754101692
3.2155319148936172    -0.007905193188804047
3.217340425531915    -0.006470322272729171
3.219148936170213    -0.004762765540589308
3.220957446808511    -0.0031243792957935234
3.2227659574468084    -0.0017967838687553894
3.2245744680851063    -0.000617349088318528
3.226382978723404    0.0007535809475891222
3.228191489361702    0.0023592311955070236
3.23    0.0038203496210385815
3.231808510638298    0.004734164227855467
3.233617021276596    0.005144764564562366
3.2354255319148937    0.00553712612496251
3.2372340425531916    0.006350452852576732
3.2390425531914895    0.007545689500686699
3.2408510638297874    0.008685474541024162
3.2426595744680853    0.009406316349261645
3.244468085106383    0.009751063922870985
3.246276595744681    0.01002643511735797
3.248085106382979    0.010396706364821328
3.249893617021277    0.010695918943068216
3.251702127659575    0.010656483681257968
3.2535106382978722    0.010259565846142144
3.25531914893617    0.009772978306266885
3.257127659574468    0.009407682786108349
3.258936170212766    0.008982581212162138
3.260744680851064    0.008018750437776067
3.2625531914893617    0.006229198560537226
3.2643617021276596    0.003909622536118816
3.2661702127659575    0.0017868151807046888
3.2679787234042554    0.00042832257547920386
3.2697872340425533    -0.00020880395327404515
3.2715957446808512    -0.0006382254515022044
3.273404255319149    -0.0012792167800195673
3.275212765957447    -0.002075920537247191
3.277021276595745    -0.0026825268948877045
3.278829787234043    -0.0029480784517541387
3.2806382978723407    -0.0031113378701552916
3.282446808510638    -0.0034939112684565566
3.284255319148936    -0.004101102495742328
3.286063829787234    -0.004642068286807171
3.287872340425532    -0.004931970624314851
3.28968085106383    -0.005131830852442978
3.2914893617021277    -0.005485487841797221
3.2932978723404256    -0.0058971586261242995
3.2951063829787235    -0.005964833540313009
3.2969148936170214    -0.005523117440473806
3.2987234042553193    -0.0050207101790633365
3.300531914893617    -0.005143346910713489
3.302340425531915    -0.006005974824271213
3.304148936170213    -0.006880956368049173
3.305957446808511    -0.006907779689899009
3.307765957446809    -0.006054650413971954
3.3095744680851067    -0.005193748738887449
3.311382978723404    -0.005114468897631242
3.313191489361702    -0.005570017893178132
3.315    -0.0054919072405392386
3.316808510638298    -0.004181017432568624
3.3186170212765957    -0.0021231274538743633
3.3204255319148936    -0.0004820993514837056
3.3222340425531915    0.00014790867622914991
3.3240425531914894    0.0003000290193278487
3.3258510638297873    0.0009038269643850395
3.3276595744680852    0.0021764172300218552
3.329468085106383    0.0034333473843654407
3.331276595744681    0.00396638397915728
3.333085106382979    0.0038775169615963244
3.334893617021277    0.0038922664390073454
3.3367021276595747    0.004459442333590076
3.3385106382978726    0.005268073610874333
3.34031914893617    0.005716026757046887
3.342127659574468    0.005671700494578612
3.343936170212766    0.005575473277074202
3.345744680851064    0.005823385775334834
3.3475531914893617    0.006267158926196511
3.3493617021276596    0.006447165637623562
3.3511702127659575    0.0062034376330049575
3.3529787234042554    0.005859470187742212
3.3547872340425533    0.005776023000190453
3.356595744680851    0.005890364454523814
3.358404255319149    0.005833007043566135
3.360212765957447    0.0054327816410513026
3.362021276595745    0.004932381133315472
3.363829787234043    0.0046523821539836115
3.3656382978723407    0.004572394857611476
3.3674468085106386    0.004379598639744585
3.369255319148936    0.003897390501029315
3.371063829787234    0.003316846001009583
3.372872340425532    0.002939522886070035
3.3746808510638298    0.002788467672461702
3.3764893617021277    0.0025949639394015466
3.3782978723404256    0.0021581968243315815
3.3801063829787235    0.0016059688327570137
3.3819148936170214    0.001253905962086054
3.3837234042553193    0.0012903983244816888
3.385531914893617    0.0016851193778197227
3.387340425531915    0.002354437750849193
3.389148936170213    0.003272772147343356
3.390957446808511    0.0043670629717473715
3.3927659574468088    0.005411678669648147
3.3945744680851067    0.0061677550995984775
3.3963829787234046    0.006632231371918191
3.398191489361702    0.007041076908051794
3.4    0.007570925236056222
3.401808510638298    0.008112124570048715
3.4036170212765957    0.008422135360878012
3.4054255319148936    0.00845451378552918
3.4072340425531915    0.00839764044480771
3.4090425531914894    0.008349360292576533
3.4108510638297873    0.008092597914998091
3.412659574468085    0.007353483262899288
3.414468085106383    0.00626176838125787
3.416276595744681    0.005372171478102173
3.418085106382979    0.005103761287849257
3.419893617021277    0.005234093986084506
3.4217021276595747    0.0051109505854330505
3.4235106382978726    0.004394383278366753
3.4253191489361705    0.003451297385915198
3.427127659574468    0.0029029428277012517
3.428936170212766    0.002853779619394194
3.4307446808510638    0.0027356036856991187
3.4325531914893617    0.0019580189099309316
3.4343617021276596    0.0005749040346747238
3.4361702127659575    -0.0008301194120222987
3.4379787234042554    -0.0018742684112114246
3.4397872340425533    -0.0028292945013278876
3.441595744680851    -0.004285344685423337
3.443404255319149    -0.006475842630312406
3.445212765957447    -0.009058460964964921
3.447021276595745    -0.011517615482381918
3.4488297872340428    -0.01361738839348971
3.4506382978723407    -0.015394739474789185
3.4524468085106386    -0.01684970193894199
3.4542553191489365    -0.01783338703946552
3.456063829787234    -0.01826234863078543
3.457872340425532    -0.018296817520439476
3.4596808510638297    -0.01820157762958617
3.4614893617021276    -0.018094229070655964
3.4632978723404255    -0.01794344097959418
3.4651063829787234    -0.017784053289544674
3.4669148936170213    -0.017767328370030692
3.468723404255319    -0.017909504281094578
3.470531914893617    -0.017910422951850906
3.472340425531915    -0.017415101943936077
3.474148936170213    -0.01649100765582249
3.475957446808511    -0.015694639505236883
3.4777659574468087    -0.015530829033948472
3.4795744680851066    -0.015891464355255645
3.4813829787234045    -0.01616396718713114
3.4831914893617024    -0.015910787214835735
3.4850000000000003    -0.015308964777521718
3.4868085106382978    -0.014833459492852655
3.4886170212765957    -0.01461849415668532
3.4904255319148936    -0.014318603312901045
3.4922340425531915    -0.013612530784521511
3.4940425531914894    -0.012641120339336655
3.4958510638297873    -0.011773747292387973
3.497659574468085    -0.011023527562564618
3.499468085106383    -0.009939698425091192
3.501276595744681    -0.00818969393349115
3.503085106382979    -0.006095877827699816
3.5048936170212768    -0.00438488382876169
3.5067021276595747    -0.0034006551118702846
3.5085106382978726    -0.002749663092871264
3.5103191489361705    -0.0018297381555460344
3.5121276595744684    -0.0005789376870054988
3.5139361702127663    0.0004976511156749959
3.5157446808510637    0.0010371575063528446
3.5175531914893616    0.0013345145766151907
3.5193617021276595    0.0019917883352771697
3.5211702127659574    0.0031502951299125334
3.5229787234042553    0.004289497388259336
3.5247872340425532    0.0048427105780911445
3.526595744680851    0.004839178363522914
3.528404255319149    0.004777408150607683
3.530212765957447    0.004945690179602311
3.532021276595745    0.005099814106395633
3.5338297872340427    0.004894620164775669
3.5356382978723406    0.004448240762783407
3.5374468085106385    0.004247303949389115
3.5392553191489364    0.0044972015486095356
3.5410638297872343    0.004791394677114284
3.5428723404255322    0.0045873445465482564
3.5446808510638297    0.003921157500211051
3.5464893617021276    0.003442277930216243
3.5482978723404255    0.003679062155942191
3.5501063829787234    0.0044138526257216084
3.5519148936170213    0.004927635715646917
3.553723404255319    0.004817704171506288
3.555531914893617    0.004412096591751838
3.557340425531915    0.004319584661932277
3.559148936170213    0.004693485255593116
3.560957446808511    0.005081715068902635
3.5627659574468087    0.004988135002245331
3.5645744680851066    0.004444722089342687
3.5663829787234045    0.003956760157822504
3.5681914893617024    0.0039589239272046555
3.5700000000000003    0.004429942742106944
3.571808510638298    0.0050249869131768704
3.5736170212765956    0.005464312372159067
3.5754255319148935    0.00572063633821395
3.5772340425531914    0.0058935241500784235
3.5790425531914893    0.006022522619136983
3.5808510638297872    0.006062703283380416
3.582659574468085    0.005982733974579804
3.584468085106383    0.005828198175532065
3.586276595744681    0.005700516338947025
3.588085106382979    0.005708205180932916
3.5898936170212767    0.005919083221287358
3.5917021276595746    0.006298579960468872
3.5935106382978725    0.006673514874971107
3.5953191489361704    0.006809278364434262
3.5971276595744683    0.0065908545464701184
3.5989361702127662    0.006145232271468953
3.600744680851064    0.005761679972518794
3.6025531914893616    0.005676652825870844
3.6043617021276595    0.005934810246139221
3.6061702127659574    0.00642900191994773
3.6079787234042553    0.00701315786845035
3.609787234042553    0.007553565644016152
3.611595744680851    0.007940842098254745
3.613404255319149    0.008156248315717398
3.615212765957447    0.008345441324020163
