0.0    0.0
0.0018085106382978724    0.0
0.003617021276595745    0.0
0.005425531914893617    0.0
0.00723404255319149    0.0
0.009042553191489363    0.0
0.010851063829787235    0.0
0.012659574468085107    0.0
0.01446808510638298    0.0
0.016276595744680853    0.0
0.018085106382978725    0.0
0.019893617021276597    0.0
0.02170212765957447    0.0
0.023510638297872342    0.0
0.025319148936170214    0.0
0.027127659574468086    0.0
0.02893617021276596    0.0
0.03074468085106383    0.0
0.032553191489361706    0.0
0.03436170212765958    0.0
0.03617021276595745    0.0
0.03797872340425532    0.0
0.039787234042553195    0.0
0.04159574468085107    0.0
0.04340425531914894    0.0
0.04521276595744681    0.0
0.047021276595744683    0.0
0.048829787234042556    0.0
0.05063829787234043    0.0
0.0524468085106383    0.0
0.05425531914893617    0.0
0.056063829787234044    0.0
0.05787234042553192    0.0
0.05968085106382979    0.0
0.06148936170212766    0.0
0.06329787234042554    0.0
0.06510638297872341    0.0
0.06691489361702128    0.0
0.06872340425531916    0.0
0.07053191489361703    0.0
0.0723404255319149    0.0
0.07414893617021277    0.0
0.07595744680851065    0.0
0.07776595744680852    0.0
0.07957446808510639    0.0
0.08138297872340426    0.0
0.08319148936170213    0.0
0.085    0.0
0.08680851063829788    0.0
0.08861702127659575    0.0
0.09042553191489362    0.0
0.0922340425531915    0.0
0.09404255319148937    0.0
0.09585106382978724    0.0
0.09765957446808511    0.0
0.09946808510638298    0.0
0.10127659574468086    0.0
0.10308510638297873    0.0
0.1048936170212766    0.0
0.10670212765957447    0.0
0.10851063829787234    0.0
0.11031914893617022    0.0
0.11212765957446809    0.0
0.11393617021276596    0.0
0.11574468085106383    0.0
0.1175531914893617    0.0
0.11936170212765958    0.0
0.12117021276595745    0.0
0.12297872340425532    0.0
0.1247872340425532    0.0
0.12659574468085108    0.0
0.12840425531914895    0.0
0.13021276595744682    0.0
0.1320212765957447    0.0
0.13382978723404257    0.0
0.13563829787234044    0.0
0.1374468085106383    0.0
0.13925531914893619    0.0
0.14106382978723406    0.0
0.14287234042553193    0.0
0.1446808510638298    0.0
0.14648936170212767    0.0
0.14829787234042555    0.0
0.15010638297872342    0.0
0.1519148936170213    0.0
0.15372340425531916    0.0
0.15553191489361703    0.0
0.1573404255319149    0.0
0.15914893617021278    0.0
0.16095744680851065    0.0
0.16276595744680852    0.0
0.1645744680851064    0.0
0.16638297872340427    0.0
0.16819148936170214    0.0
0.17    0.0
0.17180851063829788    0.0
0.17361702127659576    0.0
0.17542553191489363    0.0
0.1772340425531915    0.0
0.17904255319148937    0.0
0.18085106382978725    0.0
0.18265957446808512    0.0
0.184468085106383    0.0
0.18627659574468086    0.0
0.18808510638297873    0.0
0.1898936170212766    0.0
0.19170212765957448    0.0
0.19351063829787235    0.0
0.19531914893617022    0.0
0.1971276595744681    0.0
0.19893617021276597    0.0
0.20074468085106384    0.0
0.2025531914893617    0.0
0.20436170212765958    0.0
0.20617021276595746    0.0
0.20797872340425533    0.0
0.2097872340425532    0.0
0.21159574468085107    0.0
0.21340425531914894    0.0
0.21521276595744682    0.0
0.2170212765957447    0.0
0.21882978723404256    0.0
0.22063829787234043    0.0
0.2224468085106383    0.0
0.22425531914893618    0.0
0.22606382978723405    0.0
0.22787234042553192    0.0
0.2296808510638298    0.0
0.23148936170212767    0.0
0.23329787234042554    0.0
0.2351063829787234    0.0
0.23691489361702128    0.0
0.23872340425531915    0.0
0.24053191489361703    0.0
0.2423404255319149    0.0
0.24414893617021277    0.0
0.24595744680851064    0.0
0.24776595744680852    0.0
0.2495744680851064    0.0
0.25138297872340426    0.0
0.25319148936170216    0.0
0.255    0.0
0.2568085106382979    0.0
0.25861702127659575    0.0
0.26042553191489365    0.0
0.2622340425531915    0.0
0.2640425531914894    0.0
0.26585106382978724    0.0
0.26765957446808514    0.0
0.269468085106383    0.0
0.2712765957446809    0.0
0.2730851063829787    0.0
0.2748936170212766    0.0
0.27670212765957447    0.0
0.27851063829787237    0.0
0.2803191489361702    0.0
0.2821276595744681    0.0
0.28393617021276596    0.0
0.28574468085106386    0.0
0.2875531914893617    0.0
0.2893617021276596    0.0
0.29117021276595745    0.0
0.29297872340425535    0.0
0.2947872340425532    0.0
0.2965957446808511    0.0
0.29840425531914894    0.0
0.30021276595744684    0.0
0.3020212765957447    0.0
0.3038297872340426    0.0
0.3056382978723404    0.0
0.3074468085106383    0.0
0.30925531914893617    0.0
0.31106382978723407    0.0
0.3128723404255319    0.0
0.3146808510638298    0.0
0.31648936170212766    0.0
0.31829787234042556    0.0
0.3201063829787234    0.0
0.3219148936170213    0.0
0.32372340425531915    0.0
0.32553191489361705    0.0
0.3273404255319149    0.0
0.3291489361702128    0.0
0.33095744680851064    0.0
0.33276595744680854    0.0
0.3345744680851064    0.0
0.3363829787234043    0.0
0.3381914893617021    0.0
0.34    0.0
0.34180851063829787    0.0
0.34361702127659577    0.0
0.3454255319148936    0.0
0.3472340425531915    0.0
0.34904255319148936    0.0
0.35085106382978726    0.0
0.3526595744680851    0.0
0.354468085106383    0.0
0.35627659574468085    0.0
0.35808510638297875    0.0
0.3598936170212766    0.0
0.3617021276595745    0.0
0.36351063829787233    0.0
0.36531914893617023    0.0
0.3671276595744681    0.0
0.368936170212766    0.0
0.3707446808510638    0.0
0.3725531914893617    0.0
0.37436170212765957    0.0
0.37617021276595747    0.0
0.3779787234042553    0.0
0.3797872340425532    0.0
0.38159574468085106    0.0
0.38340425531914896    0.0
0.3852127659574468    0.0
0.3870212765957447    0.0
0.38882978723404255    0.0
0.39063829787234045    0.0
0.3924468085106383    0.0
0.3942553191489362    0.0
0.39606382978723403    0.0
0.39787234042553193    0.0
0.3996808510638298    0.0
0.4014893617021277    0.0
0.4032978723404255    0.0
0.4051063829787234    0.0
0.40691489361702127    0.0
0.40872340425531917    0.0
0.410531914893617    0.0
0.4123404255319149    0.0
0.41414893617021276    7e-323
0.41595744680851066    1.4076e-320
0.4177659574468085    2.68557e-318
0.4195744680851064    4.7904086e-316
0.42138297872340424    8.007722113e-314
0.42319148936170214    1.257257200175e-311
0.425    1.85794220054807e-309
0.4268085106382979    2.5893478265753103e-307
0.42861702127659573    3.409604784022091e-305
0.43042553191489363    4.249434640426446e-303
0.4322340425531915    5.020956377790914e-301
0.4340425531914894    5.6330672950181e-299
0.4358510638297872    6.00959408090295e-297
0.4376595744680851    6.105087845593259e-295
0.43946808510638297    5.913697194101948e-293
0.44127659574468087    5.468795639339078e-291
0.4430851063829787    4.834016807766681e-289
0.4448936170212766    4.0888587670789335e-287
0.44670212765957445    3.3131733306915935e-285
0.44851063829787235    2.5744438224928935e-283
0.4503191489361702    1.9202110605989475e-281
0.4521276595744681    1.376103557647302e-279
0.45393617021276594    9.483805320507528e-278
0.45574468085106384    6.29100162765416e-276
0.4575531914893617    4.019975896046008e-274
0.4593617021276596    2.4765088052588403e-272
0.46117021276595743    1.4719792400928608e-270
0.46297872340425533    8.447507387725671e-269
0.46478723404255323    4.6841208966332535e-267
0.4665957446808511    2.511286525630652e-265
0.468404255319149    1.302621538575172e-263
0.4702127659574468    6.541373250850237e-262
0.4720212765957447    3.182096979040972e-260
0.47382978723404257    1.5004017586284048e-258
0.47563829787234047    6.8611747053163e-257
0.4774468085106383    3.04456251543839e-255
0.4792553191489362    1.3116489938021604e-253
0.48106382978723405    5.489084819976018e-252
0.48287234042553195    2.2324816557125682e-250
0.4846808510638298    8.828577129202754e-249
0.4864893617021277    3.3963392564811044e-247
0.48829787234042554    1.2715849457711396e-245
0.49010638297872344    4.635366950962165e-244
0.4919148936170213    1.6459326360327988e-242
0.4937234042553192    5.695193681087584e-241
0.49553191489361703    1.921089216060155e-239
0.49734042553191493    6.319726068971996e-238
0.4991489361702128    2.0282662051782775e-236
0.5009574468085106    6.353124067270266e-235
0.5027659574468085    1.9428563504991994e-233
0.5045744680851064    5.802779606917339e-232
0.5063829787234043    1.6932476519293333e-230
0.5081914893617021    4.828775242468617e-229
0.51    1.3462475579817921e-227
0.5118085106382979    3.670455826979239e-226
0.5136170212765958    9.789363152131332e-225
0.5154255319148936    2.5548012442667414e-223
0.5172340425531915    6.526099454374995e-222
0.5190425531914894    1.6321748526276626e-220
0.5208510638297873    3.997750044195819e-219
0.5226595744680851    9.592177149633574e-218
0.524468085106383    2.255200657344916e-216
0.5262765957446809    5.196737497537483e-215
0.5280851063829788    1.1739848788257045e-213
0.5298936170212766    2.6006767915922305e-212
0.5317021276595745    5.650748847759677e-211
0.5335106382978724    1.204543828681957e-209
0.5353191489361703    2.519620565922284e-208
0.5371276595744681    5.1729749024489696e-207
0.538936170212766    1.0426364588307533e-205
0.5407446808510639    2.0635039562899956e-204
0.5425531914893618    4.0109580470085055e-203
0.5443617021276596    7.658610106963534e-202
0.5461702127659575    1.4368041092570727e-200
0.5479787234042554    2.6489626271303802e-199
0.5497872340425533    4.800294807084187e-198
0.551595744680851    8.551754462760022e-197
0.5534042553191489    1.4980197135170658e-195
0.5552127659574468    2.580672946212345e-194
0.5570212765957447    4.3729862917074917e-193
0.5588297872340425    7.290008178117987e-192
0.5606382978723404    1.1957936193950896e-190
0.5624468085106383    1.9303447905255254e-189
0.5642553191489362    3.067147815974318e-188
0.566063829787234    4.79761118476764e-187
0.5678723404255319    7.388800637487558e-186
0.5696808510638298    1.1205936425065507e-184
0.5714893617021277    1.6738369736671112e-183
0.5732978723404255    2.4628231495029375e-182
0.5751063829787234    3.5700265559321874e-181
0.5769148936170213    5.09905549851685e-180
0.5787234042553192    7.177098376193638e-179
0.580531914893617    9.956544141592273e-178
0.5823404255319149    1.361531008853192e-176
0.5841489361702128    1.835537323335093e-175
0.5859574468085107    2.439901166765687e-174
0.5877659574468085    3.198233376250021e-173
0.5895744680851064    4.1345816255672356e-172
0.5913829787234043    5.2721790135775e-171
0.5931914893617022    6.631909919461215e-170
0.595    8.230549214572644e-169
0.5968085106382979    1.0078866580076234e-167
0.5986170212765958    1.2179721468637052e-166
0.6004255319148937    1.4526301633796758e-165
0.6022340425531915    1.710067453814114e-164
0.6040425531914894    1.987282234680643e-163
0.6058510638297873    2.2800314905265313e-162
0.6076595744680852    2.5828740255331446e-161
0.609468085106383    2.8892960294156e-160
0.6112765957446809    3.1919193924387735e-159
0.6130851063829788    3.482785738910188e-158
0.6148936170212767    3.7537018860777205e-157
0.6167021276595744    3.996625983240492e-156
0.6185106382978723    4.2040687120792915e-155
0.6203191489361702    4.369481257601978e-154
0.6221276595744681    4.487601679788557e-153
0.6239361702127659    4.55473392544339e-152
0.6257446808510638    4.568938800556681e-151
0.6275531914893617    4.5301232679376625e-150
0.6293617021276596    4.440022708734213e-149
0.6311702127659574    4.302079423264638e-148
0.6329787234042553    4.121228758385398e-147
0.6347872340425532    3.9036110361306213e-146
0.6365957446808511    3.656232304936384e-145
0.6384042553191489    3.3865994713419595e-144
0.6402127659574468    3.1023555036761035e-143
0.6420212765957447    2.810938303635142e-142
0.6438297872340426    2.5192829143755586e-141
0.6456382978723404    2.2335815286060566e-140
0.6474468085106383    1.959109906941844e-139
0.6492553191489362    1.7001229402960867e-138
0.6510638297872341    1.4598167397217726e-137
0.6528723404255319    1.2403502348475652e-136
0.6546808510638298    1.0429160732225898e-135
0.6564893617021277    8.67848740326047e-135
0.6582978723404256    7.147572185416358e-134
0.6601063829787234    5.826700096059894e-133
0.6619148936170213    4.701817156972351e-132
0.6637234042553192    3.7559232722668197e-131
0.6655319148936171    2.9703261685537673e-130
0.6673404255319149    2.3257133434492207e-129
0.6691489361702128    1.8030203005502214e-128
0.6709574468085107    1.3840916075653984e-127
0.6727659574468086    1.0521456604416496e-126
0.6745744680851063    7.920641898455823e-126
0.6763829787234042    5.905336805178035e-125
0.6781914893617021    4.360684864013582e-124
0.68    3.1894520502602016e-123
0.6818085106382978    2.310755872901944e-122
0.6836170212765957    1.6584164647219083e-121
0.6854255319148936    1.1791234834796625e-120
0.6872340425531915    8.305684163568026e-120
0.6890425531914893    5.79650127931359e-119
0.6908510638297872    4.008247332354574e-118
0.6926595744680851    2.7464043965229992e-117
0.694468085106383    1.8647426273053762e-116
0.6962765957446809    1.2547017282578759e-115
0.6980851063829787    8.366652470316161e-115
0.6998936170212766    5.5293586866070645e-114
0.7017021276595745    3.621858477240436e-113
0.7035106382978724    2.3514918061213188e-112
0.7053191489361702    1.5133245203286857e-111
0.7071276595744681    9.654245290552493e-111
0.708936170212766    6.105525339959937e-110
0.7107446808510639    3.8279541031782236e-109
0.7125531914893617    2.3794120025355383e-108
0.7143617021276596    1.466397894959906e-107
0.7161702127659575    8.960516113657113e-107
0.7179787234042554    5.429161394249316e-106
0.7197872340425532    3.2618972792922026e-105
0.7215957446808511    1.9434109287101614e-104
0.723404255319149    1.1482451685636988e-103
0.7252127659574469    6.728198559164563e-103
0.7270212765957447    3.909988593508951e-102
0.7288297872340426    2.253630976516634e-101
0.7306382978723405    1.288364114396305e-100
0.7324468085106384    7.305679226557354e-100
0.7342553191489362    4.109284277073319e-99
0.7360638297872341    2.292833979558498e-98
0.737872340425532    1.2691030435091564e-97
0.7396808510638299    6.968765077811108e-97
0.7414893617021276    3.796348111219914e-96
0.7432978723404255    2.051841923033264e-95
0.7451063829787234    1.1002861212621805e-94
0.7469148936170213    5.854195728662669e-94
0.7487234042553191    3.09061221492456e-93
0.750531914893617    1.619023243638038e-92
0.7523404255319149    8.41605109991869e-92
0.7541489361702128    4.3413579239657494e-91
0.7559574468085106    2.222387684579708e-90
0.7577659574468085    1.1290311342356607e-89
0.7595744680851064    5.6924414058513764e-89
0.7613829787234043    2.848474146758893e-88
0.7631914893617021    1.4146903434776413e-87
0.765    6.9736484001574e-87
0.7668085106382979    3.412103853156096e-86
0.7686170212765958    1.6571498644712041e-85
0.7704255319148936    7.988998264489947e-85
0.7722340425531915    3.82320287900437e-84
0.7740425531914894    1.8162689322072327e-83
0.7758510638297873    8.565720688711459e-83
0.7776595744680851    4.010436092988009e-82
0.779468085106383    1.864129423496288e-81
0.7812765957446809    8.602604727207381e-81
0.7830851063829788    3.941539119762771e-80
0.7848936170212766    1.7930650545151107e-79
0.7867021276595745    8.099026097024993e-79
0.7885106382978724    3.632353942322398e-78
0.7903191489361703    1.6176108330086664e-77
0.7921276595744681    7.153230582379272e-77
0.793936170212766    3.141118459009344e-76
0.7957446808510639    1.3697199902454876e-75
0.7975531914893618    5.931383368824084e-75
0.7993617021276596    2.5507512582209305e-74
0.8011702127659575    1.089379474982729e-73
0.8029787234042554    4.620618832952691e-73
0.8047872340425533    1.9464432683819954e-72
0.806595744680851    8.143566461657139e-72
0.808404255319149    3.383992029007068e-71
0.8102127659574468    1.3966776311373391e-70
0.8120212765957447    5.725658213027766e-70
0.8138297872340425    2.331455667663349e-69
0.8156382978723404    9.429993157378169e-69
0.8174468085106383    3.788679877582137e-68
0.8192553191489362    1.512051136642693e-67
0.821063829787234    5.994551134362003e-67
0.8228723404255319    2.3608475524272384e-66
0.8246808510638298    9.236546930376939e-66
0.8264893617021277    3.589971269878874e-65
0.8282978723404255    1.3861844699841012e-64
0.8301063829787234    5.317515641803063e-64
0.8319148936170213    2.02657676825274e-63
0.8337234042553192    7.673484228060399e-63
0.835531914893617    2.886729005860935e-62
0.8373404255319149    1.0789759867094606e-61
0.8391489361702128    4.006990033387745e-61
0.8409574468085107    1.478542167347843e-60
0.8427659574468085    5.420836029108248e-60
0.8445744680851064    1.9748037685445976e-59
0.8463829787234043    7.148495472910051e-59
0.8481914893617022    2.571260959056711e-58
0.85    9.190225092115672e-58
0.8518085106382979    3.2640904501483243e-57
0.8536170212765958    1.1520244913610672e-56
0.8554255319148937    4.040471661670548e-56
0.8572340425531915    1.4082522947326923e-55
0.8590425531914894    4.8776881611584116e-55
0.8608510638297873    1.678957717606617e-54
0.8626595744680852    5.743340193497354e-54
0.864468085106383    1.9525185140930097e-53
0.8662765957446809    6.596875519955362e-53
0.8680851063829788    2.215136489051433e-52
0.8698936170212767    7.392447036537292e-52
0.8717021276595744    2.4519286502301968e-51
0.8735106382978723    8.082869192729008e-51
0.8753191489361702    2.648302073996638e-50
0.8771276595744681    8.624218749537472e-50
0.8789361702127659    2.7914393601726556e-49
0.8807446808510638    8.980461078601444e-49
0.8825531914893617    2.87168487111477e-48
0.8843617021276596    9.127424151896436e-48
0.8861702127659574    2.8836230315448864e-47
0.8879787234042553    9.055510243169208e-47
0.8897872340425532    2.8266812360148273e-46
0.8915957446808511    8.770722915883111e-46
0.8934042553191489    2.7051643886621345e-45
0.8952127659574468    8.29385833029613e-45
0.8970212765957447    2.5277208099639944e-44
0.8988297872340426    7.658009290228517e-44
0.9006382978723404    2.3063308924483213e-43
0.9024468085106383    6.9047956329171154e-43
0.9042553191489362    2.0549817255515315e-42
0.9060638297872341    6.079912841121785e-42
0.9078723404255319    1.788229365933437e-41
0.9096808510638298    5.228651435185533e-41
0.9114893617021277    1.5198501538082382e-40
0.9132978723404256    4.391980186380295e-40
0.9151063829787234    1.2617470332543555e-39
0.9169148936170213    3.6036302595758326e-39
0.9187234042553192    1.0232170218716639e-38
0.9205319148936171    2.8884068361447895e-38
0.9223404255319149    8.106164612541981e-38
0.9241489361702128    2.2617374103043176e-37
0.9259574468085107    6.273960863078639e-37
0.9277659574468086    1.7302837658958892e-36
0.9295744680851065    4.7442951405621256e-36
0.9313829787234043    1.2933251537942733e-35
0.9331914893617022    3.5053236433979637e-35
0.935    9.445729240424954e-35
0.936808510638298    2.530651389258145e-34
0.9386170212765957    6.740948173712905e-34
0.9404255319148936    1.785269351143009e-33
0.9422340425531915    4.700918830646596e-33
0.9440425531914894    1.2307221832227078e-32
0.9458510638297872    3.2035941540735906e-32
0.9476595744680851    8.291191410398254e-32
0.949468085106383    2.1335363892095193e-31
0.9512765957446809    5.45868950373724e-31
0.9530851063829787    1.3886199269249418e-30
0.9548936170212766    3.51225772790147e-30
0.9567021276595745    8.832802877392966e-30
0.9585106382978724    2.208619742637961e-29
0.9603191489361702    5.491039381730256e-29
0.9621276595744681    1.3573760571658958e-28
0.963936170212766    3.3362494893281964e-28
0.9657446808510639    8.153238183004106e-28
0.9675531914893617    1.981141269992192e-27
0.9693617021276596    4.7864636662373345e-27
0.9711702127659575    1.1498157687025207e-26
0.9729787234042554    2.746350460724168e-26
0.9747872340425532    6.522254604436842e-26
0.9765957446808511    1.540115840747439e-25
0.978404255319149    3.615950590491233e-25
0.9802127659574469    8.441206317518815e-25
0.9820212765957447    1.9592903235242773e-24
0.9838297872340426    4.5217286528660926e-24
0.9856382978723405    1.0375777488902066e-23
0.9874468085106384    2.3672608908544652e-23
0.9892553191489362    5.37006613490937e-23
0.9910638297872341    1.211210818632485e-22
0.992872340425532    2.716219373311603e-22
0.9946808510638299    6.056380777667078e-22
0.9964893617021277    1.342649947781278e-21
0.9982978723404256    2.959454191108707e-21
1.0001063829787233    6.485707620032298e-21
1.0019148936170212    1.4131803263185097e-20
1.0037234042553191    3.0614674128744266e-20
1.005531914893617    6.594027111261536e-20
1.007340425531915    1.412075262044145e-19
1.0091489361702128    3.0064071724790707e-19
1.0109574468085107    6.363809993914009e-19
1.0127659574468086    1.3392525286032095e-18
1.0145744680851063    2.802075422073483e-18
1.0163829787234042    5.828613294576477e-18
1.0181914893617021    1.205353761231483e-17
1.02    2.478125196842667e-17
1.021808510638298    5.0650849611188014e-17
1.0236170212765958    1.029200798179008e-16
1.0254255319148937    2.079018053834252e-16
1.0272340425531916    4.1749935543206533e-16
1.0290425531914893    8.334645785815278e-16
1.0308510638297872    1.654041519916455e-15
1.032659574468085    3.2630780183133473e-15
1.034468085106383    6.39917370210281e-15
1.036276595744681    1.2474669645003762e-14
1.0380851063829788    2.4173300869493144e-14
1.0398936170212767    4.6562614007946936e-14
1.0417021276595746    8.915088947905428e-14
1.0435106382978723    1.6966531409557631e-13
1.0453191489361702    3.209455157534327e-13
1.047127659574468    6.034369391790293e-13
1.048936170212766    1.1276801402694112e-12
1.0507446808510639    2.0945185210123903e-12
1.0525531914893618    3.866491995389667e-12
1.0543617021276597    7.093730547601146e-12
1.0561702127659576    1.2934407928693793e-11
1.0579787234042553    2.3438074807438395e-11
1.0597872340425532    4.220750063274583e-11
1.061595744680851    7.553322269193306e-11
1.063404255319149    1.3432442186793316e-10
1.0652127659574468    2.373711675545247e-10
1.0670212765957447    4.1681555221973115e-10
1.0688297872340426    7.272592577836633e-10
1.0706382978723405    1.2608107268029226e-09
1.0724468085106382    2.1717566968191466e-09
1.0742553191489361    3.7167029069223125e-09
1.076063829787234    6.3193744745556585e-09
1.077872340425532    1.0674399059296144e-08
1.0796808510638298    1.7912192610707456e-08
1.0814893617021277    2.985879135331851e-08
1.0832978723404256    4.94419189832916e-08
1.0851063829787235    8.132025688065902e-08
1.0869148936170212    1.3285025985769478e-07
1.088723404255319    2.1555862253132258e-07
1.090531914893617    3.4736489253017605e-07
1.092340425531915    5.559058759134732e-07
1.0941489361702128    8.834617287399627e-07
1.0959574468085107    1.394185771067804e-06
1.0977659574468086    2.1846114007164273e-06
1.0995744680851065    3.398767564186946e-06
1.1013829787234042    5.249698023405587e-06
1.103191489361702    8.049767903387867e-06
1.105    1.2252869527476183e-05
1.1068085106382979    1.8512516932997508e-05
1.1086170212765958    2.7760839917317302e-05
1.1104255319148937    4.131462742332775e-05
1.1122340425531916    6.1015767388475e-05
1.1140425531914895    8.941458103362805e-05
1.1158510638297872    0.00013000548867296135
1.117659574468085    0.00018752493054960049
1.119468085106383    0.00026832117004116704
1.1212765957446809    0.0003808041009364048
1.1230851063829788    0.0005359799434751099
1.1248936170212767    0.0007480701466767801
1.1267021276595746    0.0010352052826230775
1.1285106382978725    0.0014201726230863977
1.1303191489361701    0.0019311799756531768
1.132127659574468    0.0026025780636664865
1.133936170212766    0.00347545958101672
1.1357446808510638    0.004598026056174743
1.1375531914893617    0.0060255857614689564
1.1393617021276596    0.007820020171056076
1.1411702127659575    0.010048537225821334
1.1429787234042554    0.01278152247236988
1.1447872340425531    0.01608931060109012
1.146595744680851    0.020037737138670898
1.148404255319149    0.024682399866062608
1.1502127659574468    0.03006166722776246
1.1520212765957447    0.03618861880242953
1.1538297872340426    0.043042288209479224
1.1556382978723405    0.050558792389095164
1.1574468085106384    0.05862315563950543
1.1592553191489363    0.06706284583236538
1.161063829787234    0.07564419904733968
1.162872340425532    0.08407297621691309
1.1646808510638298    0.09200022765149382
1.1664893617021277    0.09903439883952161
1.1682978723404256    0.10476016611220784
1.1701063829787235    0.1087638375465014
1.1719148936170214    0.11066431755086786
1.1737234042553193    0.11014767576179144
1.175531914893617    0.10700238631868017
1.1773404255319149    0.10115145448931512
1.1791489361702128    0.09267709266868687
1.1809574468085107    0.08183352129160085
1.1827659574468086    0.06904400274839012
1.1845744680851065    0.05487945959454327
1.1863829787234044    0.0400179789656426
1.1881914893617023    0.025187035558237827
1.19    0.011093109146134789
1.1918085106382978    -0.0016538681479090593
1.1936170212765957    -0.012611615891329555
1.1954255319148936    -0.021561450615494106
1.1972340425531915    -0.028538812798679373
1.1990425531914894    -0.033830381853518776
1.2008510638297873    -0.03793386230110969
1.2026595744680852    -0.04148205771572125
1.204468085106383    -0.04513911622423801
1.2062765957446808    -0.049482798470173964
1.2080851063829787    -0.05489108131437251
1.2098936170212766    -0.06145320747194122
1.2117021276595745    -0.0689235660541665
1.2135106382978724    -0.0767312449949952
1.2153191489361703    -0.08404918777757661
1.2171276595744682    -0.08991588118693952
1.218936170212766    -0.0933913653811751
1.2207446808510638    -0.09372045462833048
1.2225531914893617    -0.09047167568655712
1.2243617021276596    -0.08362223423371479
1.2261702127659575    -0.07356782781091853
1.2279787234042554    -0.06105037077953698
1.2297872340425533    -0.04701419261957779
1.2315957446808512    -0.03241834146854673
1.2334042553191489    -0.018045124286866027
1.2352127659574468    -0.004349297651713286
1.2370212765957447    0.00861373367050823
1.2388297872340426    0.021158542865823003
1.2406382978723405    0.033840426895267686
1.2424468085106384    0.047253130871545146
1.2442553191489363    0.061801630619359976
1.2460638297872342    0.07750878230596658
1.2478723404255319    0.09391078054255694
1.2496808510638298    0.11007728913889028
1.2514893617021277    0.1247613752734461
1.2532978723404256    0.13664927469112015
1.2551063829787235    0.1446499637888764
1.2569148936170214    0.14814859784918244
1.2587234042553193    0.14715210741004153
1.2605319148936172    0.142280380480461
1.2623404255319148    0.13459710674884345
1.2641489361702127    0.1253198871660019
1.2659574468085106    0.1154864033679246
1.2677659574468085    0.10567032676039254
1.2695744680851064    0.09583041766154513
1.2713829787234043    0.08534000626367524
1.2731914893617022    0.07319122705282194
1.2750000000000001    0.05831462436462184
1.2768085106382978    0.03991730987117151
1.2786170212765957    0.0177350060488694
1.2804255319148936    -0.007880521336432515
1.2822340425531915    -0.03606372770037574
1.2840425531914894    -0.06568835645391055
1.2858510638297873    -0.09567950405584791
1.2876595744680852    -0.12527042842155828
1.289468085106383    -0.15410782487558772
1.2912765957446808    -0.1821637801500064
1.2930851063829787    -0.2094859627011807
1.2948936170212766    -0.23588372981643768
1.2967021276595745    -0.26068118140572216
1.2985106382978724    -0.28265344536515924
1.3003191489361703    -0.30020130919969523
1.3021276595744682    -0.3117312986034809
1.303936170212766    -0.3161250316015254
1.3057446808510638    -0.31313558552273923
1.3075531914893617    -0.30356044311599495
1.3093617021276596    -0.2891102497673227
1.3111702127659575    -0.27199749653729655
1.3129787234042554    -0.2543713046888477
1.3147872340425533    -0.23778418656254474
1.3165957446808512    -0.22286865067232986
1.318404255319149    -0.2093258639116094
1.3202127659574467    -0.19621243365673025
1.3220212765957446    -0.18239961944618832
1.3238297872340425    -0.16701713414490255
1.3256382978723404    -0.14970785737655157
1.3274468085106383    -0.1306061639092856
1.3292553191489362    -0.11007625960085071
1.3310638297872341    -0.0883554643901642
1.332872340425532    -0.06529257271712491
1.3346808510638297    -0.040330675233622965
1.3364893617021276    -0.012771689881548191
1.3382978723404255    0.01777626616751445
1.3401063829787234    0.050966662013648675
1.3419148936170213    0.08550983733178553
1.3437234042553192    0.11932559438125769
1.3455319148936171    0.15003486417058687
1.347340425531915    0.17562180068536015
1.3491489361702127    0.19501272097485695
1.3509574468085106    0.20834047019825092
1.3527659574468085    0.216786840335785
1.3545744680851064    0.22206963627047838
1.3563829787234043    0.2257881212002742
1.3581914893617022    0.22889416502654164
1.36    0.2314914645881453
1.361808510638298    0.23301160413059224
1.3636170212765957    0.23264557117837148
1.3654255319148936    0.22980320765106804
1.3672340425531915    0.22438085733007312
1.3690425531914894    0.2167330212029812
1.3708510638297873    0.2074067795921593
1.3726595744680852    0.19682292447591437
1.374468085106383    0.18510858612350145
1.376276595744681    0.1721902172061483
1.3780851063829787    0.15809363844730084
1.3798936170212766    0.14325869599819124
1.3817021276595745    0.1286414982047786
1.3835106382978724    0.11547587027568523
1.3853191489361703    0.1047537757289459
1.3871276595744682    0.09666413765227333
1.388936170212766    0.09029821856659345
1.390744680851064    0.0838362147482071
1.3925531914893619    0.07520658998842442
1.3943617021276595    0.06296310417092862
1.3961702127659574    0.046983253924565635
1.3979787234042553    0.028639999289151563
1.3997872340425532    0.010327139245906038
1.4015957446808511    -0.0054766970049454815
1.403404255319149    -0.017190437148407272
1.405212765957447    -0.024709458018072356
1.4070212765957448    -0.029317014887016612
1.4088297872340425    -0.032983729982074536
1.4106382978723404    -0.037405088845632095
1.4124468085106383    -0.04324704444061579
1.4142553191489362    -0.04995442039672199
1.416063829787234    -0.05618611966125599
1.417872340425532    -0.06062633880464108
1.41968085106383    -0.06274424639209447
1.4214893617021278    -0.06312281659568364
1.4232978723404255    -0.0632168205785526
1.4251063829787234    -0.06469628609510891
1.4269148936170213    -0.0687261915009664
1.4287234042553192    -0.07552995843467825
1.430531914893617    -0.08440116719102764
1.432340425531915    -0.09408083377577822
1.4341489361702129    -0.10324960821415347
1.4359574468085108    -0.11088094517420727
1.4377659574468085    -0.11634337238441952
1.4395744680851064    -0.11932112928103852
1.4413829787234043    -0.11972052753304485
1.4431914893617022    -0.11768594841203503
1.445    -0.11370679398797043
1.446808510638298    -0.10866831833012142
1.4486170212765959    -0.1036910322285938
1.4504255319148938    -0.09973758524038878
1.4522340425531914    -0.09715894186466767
1.4540425531914893    -0.09546367096775676
1.4558510638297872    -0.09352360897284084
1.4576595744680851    -0.0901894661310573
1.459468085106383    -0.08501584885153451
1.461276595744681    -0.07866664338138424
1.4630851063829788    -0.07269826979796237
1.4648936170212767    -0.06875682356534737
1.4667021276595744    -0.06758903684951836
1.4685106382978723    -0.06843050093910671
1.4703191489361702    -0.06917313529964747
1.4721276595744681    -0.06729360979559482
1.473936170212766    -0.06107837083718887
1.475744680851064    -0.05047751649064454
1.4775531914893618    -0.03709857948103279
1.4793617021276597    -0.023327609725496995
1.4811702127659574    -0.011068118343481502
1.4829787234042553    -0.0008180770588138084
1.4847872340425532    0.008385828874307274
1.486595744680851    0.018136376167649876
1.488404255319149    0.029444373033875954
1.490212765957447    0.041885976162016114
1.4920212765957448    0.05363708503541463
1.4938297872340427    0.062395145728890725
1.4956382978723404    0.06665843387063215
1.4974468085106383    0.06661781647283994
1.4992553191489362    0.06414192761579678
1.501063829787234    0.06186286831345193
1.502872340425532    0.061878397392370166
1.5046808510638299    0.0647806728494377
1.5064893617021278    0.06950300752656097
1.5082978723404257    0.07399677739793187
1.5101063829787233    0.07630657231394689
1.5119148936170212    0.0754539744410897
1.5137234042553191    0.07172637419023328
1.515531914893617    0.06634409134814112
1.517340425531915    0.0608005420270081
1.5191489361702128    0.056261250612990005
1.5209574468085107    0.05326464227230082
1.5227659574468086    0.051734310211863394
1.5245744680851063    0.05115927797045948
1.5263829787234042    0.05080057078297062
1.5281914893617021    0.04988156969540411
1.53    0.04779358613333279
1.531808510638298    0.04432086472816746
1.5336170212765958    0.03979551812058338
1.5354255319148937    0.03504395830546747
1.5372340425531916    0.031066511975902877
1.5390425531914893    0.028572369562172274
1.5408510638297872    0.027638082849117375
1.542659574468085    0.027731338652184613
1.544468085106383    0.02812198165021352
1.546276595744681    0.02842512756640219
1.5480851063829788    0.02889361581768788
1.5498936170212767    0.03022080078325759
1.5517021276595746    0.03295714411405894
1.5535106382978723    0.03694886143721644
1.5553191489361702    0.0412369834230103
1.557127659574468    0.044555947771253976
1.558936170212766    0.04613262338929454
1.5607446808510639    0.04622607422290852
1.5625531914893618    0.04598056469252698
1.5643617021276597    0.04662990070222944
1.5661702127659576    0.04857458913963862
1.5679787234042553    0.05099610660306492
1.5697872340425532    0.05233813363251272
1.571595744680851    0.051378826795115545
1.573404255319149    0.04816442797586522
1.5752127659574469    0.04411699538572586
1.5770212765957448    0.04117314038392708
1.5788297872340427    0.04049540015585677
1.5806382978723406    0.041636633114581115
1.5824468085106382    0.042766075759276656
1.5842553191489361    0.041846109141145976
1.586063829787234    0.03797513753888947
1.587872340425532    0.03196728374703854
1.5896808510638298    0.025746920043033764
1.5914893617021277    0.020956430680847973
1.5932978723404256    0.017736498288594922
1.5951063829787235    0.014537280402309324
1.5969148936170212    0.009115356826714688
1.5987234042553191    5.182427380102245e-05
1.600531914893617    -0.012235900922600771
1.602340425531915    -0.02566919765560832
1.6041489361702128    -0.03774035753818811
1.6059574468085107    -0.04696530310339106
1.6077659574468086    -0.05360303706129611
1.6095744680851065    -0.059221653722990875
1.6113829787234042    -0.06548244261912309
1.613191489361702    -0.07300669673319829
1.615    -0.08106254875403934
1.616808510638298    -0.0881901280248964
1.6186170212765958    -0.09323658338784044
1.6204255319148937    -0.09604925105262432
1.6222340425531916    -0.09739480796469302
1.6240425531914895    -0.09826096394502737
1.6258510638297874    -0.09911377159768206
1.627659574468085    -0.09964865133378617
1.629468085106383    -0.09915641054030258
1.6312765957446809    -0.0971643439819361
1.6330851063829788    -0.09384371678889941
1.6348936170212767    -0.089891302382927
1.6367021276595746    -0.0860004666372054
1.6385106382978725    -0.08232617283093807
1.6403191489361704    -0.07832654087511817
1.642127659574468    -0.07307991562759641
1.643936170212766    -0.06585373188698937
1.6457446808510638    -0.05655730268281417
1.6475531914893617    -0.045810924225086716
1.6493617021276596    -0.03460858452245667
1.6511702127659575    -0.02377611453776262
1.6529787234042554    -0.013517421556317681
1.6547872340425533    -0.0032832921825252277
1.656595744680851    0.007958023262141123
1.658404255319149    0.02115471136575304
1.6602127659574468    0.03656988803617853
1.6620212765957447    0.053462636764918026
1.6638297872340426    0.07027414178262904
1.6656382978723405    0.08529226195384469
1.6674468085106384    0.09747040700565522
1.6692553191489363    0.10691934636027998
1.671063829787234    0.11472591704513639
1.672872340425532    0.12215491397616206
1.6746808510638298    0.12972009993856987
1.6764893617021277    0.13675205991040462
1.6782978723404256    0.14179256804190044
1.6801063829787235    0.14357310306422394
1.6819148936170214    0.14189283931114738
1.6837234042553193    0.13775090798664064
1.685531914893617    0.1326202787592502
1.6873404255319149    0.12739956736456898
1.6891489361702128    0.12184399383449657
1.6909574468085107    0.11492537518083998
1.6927659574468086    0.10584816833565136
1.6945744680851065    0.09491244599568455
1.6963829787234044    0.08350534361909409
1.6981914893617023    0.0731771976279213
1.7    0.0644992377343136
1.7018085106382979    0.05660997483098211
1.7036170212765958    0.04784497093299764
1.7054255319148937    0.036995865092918995
1.7072340425531916    0.024232897275322907
1.7090425531914895    0.010972829376335834
1.7108510638297874    -0.0012003216863790186
1.7126595744680853    -0.011704929358906947
1.714468085106383    -0.02129643929369597
1.7162765957446808    -0.03131554333447891
1.7180851063829787    -0.04247387094569382
1.7198936170212766    -0.05416999803507585
1.7217021276595745    -0.06489160913170161
1.7235106382978724    -0.07337448614993339
1.7253191489361703    -0.07957840804499305
1.7271276595744682    -0.08469909000090736
1.728936170212766    -0.09022553152342008
1.7307446808510638    -0.09681934756393629
1.7325531914893617    -0.10391015577541496
1.7343617021276596    -0.11028656384068278
1.7361702127659575    -0.11513858821497464
1.7379787234042554    -0.11865999790440102
1.7397872340425533    -0.12172413077757338
1.7415957446808512    -0.12494781996323187
1.7434042553191489    -0.12797512900645117
1.7452127659574468    -0.12961640167394847
1.7470212765957447    -0.12874529756097444
1.7488297872340426    -0.1252107042592808
1.7506382978723405    -0.12000206916239797
1.7524468085106384    -0.11452267523331411
1.7542553191489363    -0.10955476410126266
1.7560638297872342    -0.10474043756969578
1.7578723404255319    -0.09897015521386515
1.7596808510638298    -0.09134052597331743
1.7614893617021277    -0.08191645746941062
1.7632978723404256    -0.07173472490994998
1.7651063829787235    -0.06211410195236272
1.7669148936170214    -0.053858697198875996
1.7687234042553193    -0.04695115561303474
1.7705319148936172    -0.040875274934713074
1.7723404255319148    -0.035202778921762545
1.7741489361702127    -0.029940621529529754
1.7759574468085106    -0.025427847474977845
1.7777659574468085    -0.0219899471818008
1.7795744680851064    -0.019726180606979317
1.7813829787234043    -0.018604835361787107
1.7831914893617022    -0.018696645436210663
1.7850000000000001    -0.020225855433695317
1.7868085106382978    -0.023301360347211378
1.7886170212765957    -0.027529845944221684
1.7904255319148936    -0.03188588580262859
1.7922340425531915    -0.0350471901363915
1.7940425531914894    -0.03602742238660821
1.7958510638297873    -0.03467251332341008
1.7976595744680852    -0.03165883715146235
1.7994680851063831    -0.02799096743508793
1.8012765957446808    -0.024358703771010834
1.8030851063829787    -0.020798762181155797
1.8048936170212766    -0.0168625257771089
1.8067021276595745    -0.012116797045286211
1.8085106382978724    -0.006581346387796293
1.8103191489361703    -0.0007833759521485711
1.8121276595744682    0.004594342636907401
1.813936170212766    0.009203096290918025
1.8157446808510638    0.01329915718250046
1.8175531914893617    0.017599267244362178
1.8193617021276596    0.022810724098301788
1.8211702127659575    0.029148578689660212
1.8229787234042554    0.036169709612086584
1.8247872340425533    0.043054040542443175
1.8265957446808512    0.04916843268152546
1.828404255319149    0.054545324480019156
1.8302127659574468    0.05993810228032556
1.8320212765957447    0.0663794321999078
1.8338297872340426    0.07450688257814653
1.8356382978723405    0.0840998963482961
1.8374468085106384    0.09414957183879852
1.8392553191489363    0.10342291380436539
1.8410638297872342    0.11113633294482039
1.842872340425532    0.11727892686848557
1.8446808510638297    0.12238966468294696
1.8464893617021276    0.1269988096359039
1.8482978723404255    0.13117963811980585
1.8501063829787234    0.1345394440655879
1.8519148936170213    0.13660922579939047
1.8537234042553192    0.13727331558070457
1.8555319148936171    0.13687031230889743
1.857340425531915    0.135891516223519
1.859148936170213    0.1345460999814803
1.8609574468085106    0.13256537436483315
1.8627659574468085    0.12940569882980094
1.8645744680851064    0.12467304663899506
1.8663829787234043    0.11841813420818681
1.8681914893617022    0.11107350282407605
1.87    0.1031021757318083
1.871808510638298    0.09464582005702257
1.873617021276596    0.08543265745684842
1.8754255319148936    0.07498321913857983
1.8772340425531915    0.06293571927697375
1.8790425531914894    0.04926633582488123
1.8808510638297873    0.0343027268045613
1.8826595744680852    0.01858806049950617
1.884468085106383    0.0027188731386952047
1.886276595744681    -0.012765027067454766
1.8880851063829789    -0.027438139744730725
1.8898936170212766    -0.04102544094891357
1.8917021276595745    -0.05342609251630148
1.8935106382978724    -0.06470594484768286
1.8953191489361703    -0.0750441276541787
1.8971276595744682    -0.08464455672625959
1.898936170212766    -0.09363881444448155
1.900744680851064    -0.10200522497429418
1.9025531914893619    -0.10952997176336843
1.9043617021276595    -0.11584697265305191
1.9061702127659574    -0.12058401667944318
1.9079787234042553    -0.12358144462001017
1.9097872340425532    -0.12506274721668614
1.9115957446808511    -0.12561218312947742
1.913404255319149    -0.1259197435130764
1.915212765957447    -0.12643841988504367
1.9170212765957448    -0.12720409836246055
1.9188297872340425    -0.12796538549540587
1.9206382978723404    -0.1285086038096248
1.9224468085106383    -0.12886634832542831
1.9242553191489362    -0.12917504268764268
1.9260638297872341    -0.1292735883248991
1.927872340425532    -0.1284319740845304
1.92968085106383    -0.12556413222986235
1.9314893617021278    -0.11988615362882707
1.9332978723404255    -0.11154755016620077
1.9351063829787234    -0.10169529837964689
1.9369148936170213    -0.09184256012195774
1.9387234042553192    -0.08298545718030026
1.940531914893617    -0.07514165923945512
1.942340425531915    -0.06764468657102682
1.944148936170213    -0.05989335083760472
1.9459574468085108    -0.051884285057332516
1.9477659574468085    -0.04408615532761001
1.9495744680851064    -0.036843674279059144
1.9513829787234043    -0.029949591382286853
1.9531914893617022    -0.02286528801336376
1.955    -0.01543396590546292
1.956808510638298    -0.008401239950398733
1.9586170212765959    -0.003149961524689285
1.9604255319148938    -0.0007271044687729169
1.9622340425531914    -0.0009078765123691226
1.9640425531914893    -0.0020970788792741093
1.9658510638297872    -0.002227785210705578
1.9676595744680851    -1.3939389027402011e-05
1.969468085106383    0.004370990634308408
1.971276595744681    0.009646741270913785
1.9730851063829788    0.01445229441287765
1.9748936170212767    0.018212302336142083
1.9767021276595744    0.02124078532462267
1.9785106382978723    0.02416307391489757
1.9803191489361702    0.02726472307572896
1.9821276595744681    0.030325824212529735
1.983936170212766    0.03298355795010954
1.985744680851064    0.0351863420712378
1.9875531914893618    0.03727676647621128
1.9893617021276597    0.03964241383097841
1.9911702127659574    0.04229854622160087
1.9929787234042553    0.044823155489454605
1.9947872340425532    0.04672410282207043
1.996595744680851    0.04791191395964592
1.998404255319149    0.048851073366778186
2.0002127659574467    0.05024523794976313
2.0020212765957446    0.05251358526983679
2.0038297872340425    0.055484114669132625
2.0056382978723404    0.058534855033505695
2.0074468085106383    0.06104199447830706
2.009255319148936    0.0627650324914602
2.011063829787234    0.06388764577514919
2.012872340425532    0.06473672457493851
2.01468085106383    0.06545325682474046
2.016489361702128    0.06589039472939379
2.0182978723404257    0.06579266589674398
2.0201063829787236    0.0650699560397785
2.0219148936170215    0.06391761272859409
2.0237234042553194    0.06268211588315833
2.0255319148936173    0.0615906073553671
2.0273404255319147    0.060571077532625944
2.0291489361702126    0.05931264965208591
2.0309574468085105    0.05752763701967001
2.0327659574468084    0.05522801729768288
2.0345744680851063    0.05282050076672182
2.0363829787234042    0.050946455007798735
2.038191489361702    0.05015266290319931
2.04    0.05057861404864829
2.041808510638298    0.05184018747623098
2.043617021276596    0.053189607466166425
2.0454255319148937    0.053883549853368365
2.0472340425531916    0.05356104946723486
2.0490425531914895    0.052396462778881756
2.0508510638297874    0.05090310096362269
2.0526595744680853    0.049491229030592054
2.0544680851063832    0.04809138428097444
2.0562765957446807    0.04616217062279715
2.0580851063829786    0.0431441015234431
2.0598936170212765    0.03905005644487747
2.0617021276595744    0.03469919623165213
2.0635106382978723    0.03131199302492062
2.06531914893617    0.029682685700813664
2.067127659574468    0.02954019260655718
2.068936170212766    0.029632598717642525
2.070744680851064    0.028528333776272292
2.072553191489362    0.025545553763302302
2.0743617021276597    0.021106113506090027
2.0761702127659576    0.016287442178130836
2.0779787234042555    0.012011377785393903
2.0797872340425534    0.008571599330665248
2.0815957446808513    0.005825095746206321
2.083404255319149    0.0037173108150348327
2.085212765957447    0.0025068509284715077
2.0870212765957445    0.00240407563960888
2.0888297872340424    0.0029990466413860216
2.0906382978723403    0.003158898147960173
2.0924468085106382    0.0016781893899622457
2.094255319148936    -0.0017856276843937076
2.096063829787234    -0.006333380930371727
2.097872340425532    -0.010429071252009755
2.09968085106383    -0.013050490135071154
2.1014893617021277    -0.014429338295424397
2.1032978723404256    -0.015756668025901425
2.1051063829787235    -0.018127444187667482
2.1069148936170214    -0.021643999319848357
2.1087234042553193    -0.025410296504227405
2.1105319148936172    -0.028327133041571893
2.112340425531915    -0.029920340407640984
2.114148936170213    -0.03050536416606899
2.1159574468085105    -0.030683165142709547
2.1177659574468084    -0.030771681424259543
2.1195744680851063    -0.030733801916973096
2.121382978723404    -0.030571632202949107
2.123191489361702    -0.030654065772319137
2.125    -0.03153866966128646
2.126808510638298    -0.0334181844043477
2.128617021276596    -0.03576285226600892
2.1304255319148937    -0.03758147308077034
2.1322340425531916    -0.038130085868725946
2.1340425531914895    -0.03744925015987488
2.1358510638297874    -0.03625179313974468
2.1376595744680853    -0.035274481983120734
2.139468085106383    -0.0346815774970749
2.141276595744681    -0.034028878278718075
2.143085106382979    -0.032765209757913166
2.1448936170212765    -0.0307768831001074
2.1467021276595744    -0.028488805978603343
2.1485106382978723    -0.026472995004909107
2.15031914893617    -0.02495106276808625
2.152127659574468    -0.023629411190479836
2.153936170212766    -0.021974570496225705
2.155744680851064    -0.019654734350335767
2.1575531914893618    -0.01677178878028801
2.1593617021276597    -0.013729654787780127
2.1611702127659576    -0.01089694062402772
2.1629787234042555    -0.00835750706248414
2.1647872340425534    -0.005924479219187451
2.1665957446808513    -0.0033597918349129712
2.168404255319149    -0.0005950724358985676
2.170212765957447    0.002211939670140693
2.172021276595745    0.004790613389526318
2.1738297872340424    0.006910363549229453
2.1756382978723403    0.008440716347260348
2.177446808510638    0.009300440861844025
2.179255319148936    0.009391712004417846
2.181063829787234    0.008615234035152743
2.182872340425532    0.006948789234183827
2.18468085106383    0.004469819131534391
2.1864893617021277    0.0012420473939324505
2.1882978723404256    -0.0028480520666149655
2.1901063829787235    -0.008102827728595406
2.1919148936170214    -0.014770862304008436
2.1937234042553193    -0.022716435588194372
2.195531914893617    -0.03133702988054364
2.197340425531915    -0.039904809638180425
2.199148936170213    -0.048103863669426816
2.200957446808511    -0.05627227959170247
2.2027659574468084    -0.0650558542566223
2.2045744680851063    -0.07471982564077262
2.206382978723404    -0.08473602580973555
2.208191489361702    -0.09405317381471834
2.21    -0.10181634638890397
2.211808510638298    -0.10785311592829983
2.2136170212765958    -0.11247273396735341
2.2154255319148937    -0.11583562681286591
2.2172340425531916    -0.11761242387846532
2.2190425531914895    -0.11734547654137045
2.2208510638297874    -0.115133835363431
2.2226595744680853    -0.11183206719432143
2.224468085106383    -0.10840900040997617
2.226276595744681    -0.1050391339445498
2.228085106382979    -0.10090616093372945
2.229893617021277    -0.09506017552600529
2.2317021276595743    -0.08756172755689834
2.233510638297872    -0.07972483350008405
2.23531914893617    -0.07307332702383179
2.237127659574468    -0.06792317681869411
2.238936170212766    -0.06297509062879858
2.240744680851064    -0.05638962594603017
2.2425531914893617    -0.04737180102165056
2.2443617021276596    -0.03676485988835436
2.2461702127659575    -0.0261119638787789
2.2479787234042554    -0.016152082044781413
2.2497872340425533    -0.0062533389408643385
2.251595744680851    0.004691342291346173
2.253404255319149    0.016873576280219425
2.255212765957447    0.02913311632483189
2.257021276595745    0.039920948767060295
2.258829787234043    0.04867061106852325
2.2606382978723403    0.05619489520000017
2.262446808510638    0.06374971998100268
2.264255319148936    0.07175696833568829
2.266063829787234    0.07946685851041232
2.267872340425532    0.08582321262684514
2.2696808510638298    0.0905737791669077
2.2714893617021277    0.09449370307297106
2.2732978723404256    0.09856857126196195
2.2751063829787235    0.10303513545020287
2.2769148936170214    0.10723115961907997
2.2787234042553193    0.11030071816380677
2.280531914893617    0.11195532120147705
2.282340425531915    0.11255666657036265
2.284148936170213    0.11258030763282487
2.285957446808511    0.11212448809415401
2.2877659574468088    0.11094514472658765
2.2895744680851062    0.10884567274818976
2.291382978723404    0.10590893439667087
2.293191489361702    0.1023560488839026
2.295    0.09831179947077351
2.296808510638298    0.09383187258996348
2.2986170212765957    0.08914974596971725
2.3004255319148936    0.08476624225028978
2.3022340425531915    0.0811726282276021
2.3040425531914894    0.07846957197349569
2.3058510638297873    0.07632836094441456
2.3076595744680852    0.07438285821542062
2.309468085106383    0.07264578351246703
2.311276595744681    0.07149971007780068
2.313085106382979    0.07128606957209765
2.314893617021277    0.07195684897204738
2.3167021276595747    0.07315063933279217
2.3185106382978726    0.0745417528315788
2.32031914893617    0.0760103155851172
2.322127659574468    0.07745142938533262
2.323936170212766    0.07853706341356367
2.325744680851064    0.07882944849959406
2.3275531914893617    0.07818174192562363
2.3293617021276596    0.07691553517166455
2.3311702127659575    0.07543805748137902
2.3329787234042554    0.07362973680642221
2.3347872340425533    0.07071816456380939
2.336595744680851    0.06592182493574889
2.338404255319149    0.05929057227577508
2.340212765957447    0.05184538886266915
2.342021276595745    0.04476992416601125
2.343829787234043    0.038396512626812124
2.3456382978723407    0.03199203051742884
2.3474468085106386    0.024561955768609485
2.349255319148936    0.01586864597564753
2.351063829787234    0.006681614902719426
2.352872340425532    -0.0018935741878705415
2.3546808510638297    -0.009246380281576694
2.3564893617021276    -0.015458321157454106
2.3582978723404255    -0.02086978585954093
2.3601063829787234    -0.025684762148766787
2.3619148936170213    -0.030074245243769625
2.3637234042553192    -0.03448822056972835
2.365531914893617    -0.039559436516596325
2.367340425531915    -0.045507723372010284
2.369148936170213    -0.05168996982535659
2.370957446808511    -0.056938746498404746
2.3727659574468087    -0.06049829791723095
2.3745744680851066    -0.0626347108252021
2.3763829787234045    -0.06426268260782521
2.378191489361702    -0.06596933915734514
2.38    -0.06747756664440442
2.381808510638298    -0.06810528730045683
2.3836170212765957    -0.06766317857422204
2.3854255319148936    -0.06674667658486828
2.3872340425531915    -0.0660805305860553
2.3890425531914894    -0.06567223061994544
2.3908510638297873    -0.06476683839740906
2.392659574468085    -0.06269062845765054
2.394468085106383    -0.05965480070798565
2.396276595744681    -0.05662658897519031
2.398085106382979    -0.05442098451711236
2.399893617021277    -0.053022372936468845
2.4017021276595747    -0.05184062162659367
2.4035106382978726    -0.0505171881983191
2.4053191489361705    -0.049298966653577705
2.407127659574468    -0.048571256446690025
2.408936170212766    -0.048180912653351435
2.4107446808510637    -0.04743627543014786
2.4125531914893616    -0.04583358829794519
2.4143617021276595    -0.04363849209891561
2.4161702127659574    -0.04157582665422693
2.4179787234042553    -0.039941047062801674
2.4197872340425532    -0.038187904074840046
2.421595744680851    -0.03554679633380668
2.423404255319149    -0.03202062611713827
2.425212765957447    -0.028600544378762263
2.427021276595745    -0.02638049920062524
2.4288297872340427    -0.025503946285126033
2.4306382978723406    -0.02509947436952239
2.4324468085106385    -0.024267052317980778
2.4342553191489364    -0.02300334512792946
2.436063829787234    -0.022052143360517598
2.437872340425532    -0.021919095508041345
2.4396808510638297    -0.022238285896721187
2.4414893617021276    -0.02221721577364967
2.4432978723404255    -0.02157141462814135
2.4451063829787234    -0.02076428247717061
2.4469148936170213    -0.020223130921640672
2.448723404255319    -0.019501090942834858
2.450531914893617    -0.017512263911847965
2.452340425531915    -0.013717315153711718
2.454148936170213    -0.008915833009004028
2.455957446808511    -0.004609510888411052
2.4577659574468087    -0.001499007415631884
2.4595744680851066    0.001232239552707449
2.4613829787234045    0.004940586829207187
2.4631914893617024    0.009801170452284728
2.465    0.014209323965521499
2.4668085106382978    0.016060696866134278
2.4686170212765957    0.014677666961892627
2.4704255319148936    0.01143372708983341
2.4722340425531915    0.008466491357605868
2.4740425531914894    0.0068148127461286866
2.4758510638297873    0.005797847759554239
2.477659574468085    0.004048911370490932
2.479468085106383    0.0009337676447718889
2.481276595744681    -0.0030904487750036203
2.483085106382979    -0.007270132505970747
2.4848936170212768    -0.01136471742922274
2.4867021276595747    -0.01555394240845048
2.4885106382978726    -0.01976923652831083
2.4903191489361705    -0.023471870064104557
2.4921276595744684    -0.026253216133738443
2.493936170212766    -0.028509260460494432
2.4957446808510637    -0.03126045856685278
2.4975531914893616    -0.035188954342950565
2.4993617021276595    -0.039936655254661904
2.5011702127659574    -0.044461604359941495
2.5029787234042553    -0.04805412544996779
2.504787234042553    -0.05087293978061952
2.506595744680851    -0.05344321719384683
2.508404255319149    -0.05576961723261756
2.510212765957447    -0.05713481722604381
2.512021276595745    -0.05681077908268177
2.5138297872340427    -0.05482824205276167
2.5156382978723406    -0.05190747595410743
2.5174468085106385    -0.048669521508955385
2.5192553191489364    -0.04508644965331676
2.5210638297872343    -0.040795140518937206
2.5228723404255318    -0.03582006346707953
2.5246808510638297    -0.030746998557131075
2.5264893617021276    -0.026076862847064487
2.5282978723404255    -0.021535080261060886
2.5301063829787234    -0.016238113306168624
2.5319148936170213    -0.009638962450500721
2.533723404255319    -0.0022321253600995194
2.535531914893617    0.004782017008190024
2.537340425531915    0.0105266011125803
2.539148936170213    0.015070694032391398
2.5409574468085108    0.019040425827122787
2.5427659574468087    0.022761908845344556
2.5445744680851066    0.02594446245005322
2.5463829787234045    0.028197454676820853
2.5481914893617024    0.029668517008765105
2.5500000000000003    0.03098691710153169
2.551808510638298    0.032576072012377194
2.5536170212765956    0.034175597231375435
2.5554255319148935    0.03515544164466733
2.5572340425531914    0.03524643944572875
2.5590425531914893    0.03482212506658011
2.560851063829787    0.034427835947092256
2.562659574468085    0.03416692344526094
2.564468085106383    0.03370318030238521
2.566276595744681    0.0328483103379142
2.568085106382979    0.031952621493685135
2.5698936170212767    0.031546205660983984
2.5717021276595746    0.03163094309429576
2.5735106382978725    0.03153456776697515
2.5753191489361704    0.030633291100442425
2.5771276595744683    0.029192717910509695
2.578936170212766    0.028323853040810115
2.580744680851064    0.02896954437868137
2.5825531914893616    0.030932205877777147
2.5843617021276595    0.032980862413423004
2.5861702127659574    0.03396423808372882
2.5879787234042553    0.03380889626948601
2.589787234042553    0.03342915057664059
2.591595744680851    0.03373013181562996
2.593404255319149    0.0347809259180534
2.595212765957447    0.03594698071575653
2.5970212765957448    0.036696505334926355
2.5988297872340427    0.03713618426831122
2.6006382978723406    0.037741856446745145
2.6024468085106385    0.038682549399652225
2.6042553191489364    0.0395410307321505
2.6060638297872343    0.03973210230630321
2.607872340425532    0.03913850629991232
2.60968085106383    0.038278947741147
2.6114893617021275    0.03784732183235939
2.6132978723404254    0.03809736606661783
2.6151063829787233    0.03864542125785063
2.6169148936170212    0.03881051628931413
2.618723404255319    0.03812695502096698
2.620531914893617    0.036595391764215585
2.622340425531915    0.03454909642310583
2.624148936170213    0.032342139928141056
2.6259574468085107    0.03014191145765157
2.6277659574468086    0.027944717482736935
2.6295744680851065    0.025719605044243046
2.6313829787234044    0.023489696435996806
2.6331914893617023    0.021239733429796973
2.6350000000000002    0.018733564248190317
2.636808510638298    0.015474006254765978
2.638617021276596    0.010965596790094265
2.6404255319148935    0.005145593990418588
2.6422340425531914    -0.0014072519744928705
2.6440425531914893    -0.007772357555856304
2.645851063829787    -0.013320171682871978
2.647659574468085    -0.018120230163981108
2.649468085106383    -0.022720018408104815
2.651276595744681    -0.027506418681721087
2.653085106382979    -0.0323106557281406
2.6548936170212767    -0.036669432157077714
2.6567021276595746    -0.040425950200499106
2.6585106382978725    -0.04394775336121298
2.6603191489361704    -0.04765410052997579
2.6621276595744683    -0.051355753867035725
2.663936170212766    -0.054185356534082726
2.665744680851064    -0.055273885146921525
2.667553191489362    -0.05448446953452375
2.6693617021276594    -0.05242640263299621
2.6711702127659573    -0.049771376212966775
2.6729787234042552    -0.04666993258568303
2.674787234042553    -0.0429082887738651
2.676595744680851    -0.03853369700933541
2.678404255319149    -0.034100868605243556
2.680212765957447    -0.030164524561913042
2.6820212765957447    -0.026614260025919094
2.6838297872340426    -0.022725567736100884
2.6856382978723405    -0.017986497705386517
2.6874468085106384    -0.012784901852667067
2.6892553191489363    -0.008103408072215487
2.6910638297872342    -0.00447936244417046
2.692872340425532    -0.001381962123161766
2.69468085106383    0.0022465305487267186
2.696489361702128    0.006838708007753694
2.6982978723404254    0.011703900520659368
2.7001063829787233    0.01572659723353284
2.701914893617021    0.018457965216495786
2.703723404255319    0.020379503587398567
2.705531914893617    0.02211213230858991
2.707340425531915    0.02358266733512751
2.709148936170213    0.02418391107797127
2.7109574468085107    0.02374458943140969
2.7127659574468086    0.023107898734538175
2.7145744680851065    0.023525028914163422
2.7163829787234044    0.025448654409787885
2.7181914893617023    0.028049781339799164
2.72    0.030002958654175654
2.721808510638298    0.030683209270435524
2.723617021276596    0.03050945479931977
2.725425531914894    0.030197380041627135
2.7272340425531914    0.02991520689339467
2.7290425531914893    0.02933167513060224
2.730851063829787    0.028366436817194973
2.732659574468085    0.02756145828158156
2.734468085106383    0.027484349547770473
2.736276595744681    0.027853329972801766
2.7380851063829788    0.027554119687272775
2.7398936170212767    0.025741220147737928
2.7417021276595746    0.02288136157665622
2.7435106382978725    0.020506883291428385
2.7453191489361704    0.019803603870714115
2.7471276595744683    0.0204681520366094
2.748936170212766    0.021034501750023478
2.750744680851064    0.020314560286714974
2.752553191489362    0.018438526837772876
2.75436170212766    0.016482218417027503
2.7561702127659573    0.015227509385629431
2.757978723404255    0.014463484712115383
2.759787234042553    0.013493689957683831
2.761595744680851    0.012097793048681953
2.763404255319149    0.010746922424578653
2.765212765957447    0.009853844165768968
2.7670212765957447    0.009047204212016002
2.7688297872340426    0.007456320656121399
2.7706382978723405    0.004778514181347147
2.7724468085106384    0.0018966381753336347
2.7742553191489363    0.00021702065718694511
2.776063829787234    0.0003005879029375607
2.777872340425532    0.0012039783123971295
2.77968085106383    0.0012709954459222154
2.781489361702128    -0.00037748220853725805
2.783297872340426    -0.0031246263913307305
2.7851063829787237    -0.005577549986965908
2.786914893617021    -0.006945125695480555
2.788723404255319    -0.007705608167725163
2.790531914893617    -0.009007715950004196
2.792340425531915    -0.011532066892815149
2.7941489361702128    -0.014966374372152796
2.7959574468085107    -0.018485184850246205
2.7977659574468086    -0.021581308409053413
2.7995744680851065    -0.024360298292405835
2.8013829787234044    -0.027111958685769846
2.8031914893617023    -0.02976161553584435
2.805    -0.0318440873037666
2.806808510638298    -0.03298860095623039
2.808617021276596    -0.033335783461179366
2.810425531914894    -0.033427932076393635
2.8122340425531918    -0.033719276784103566
2.8140425531914897    -0.034242801300774006
2.815851063829787    -0.034748845327825684
2.817659574468085    -0.03510104709995478
2.819468085106383    -0.03547743929162289
2.821276595744681    -0.03619531324415243
2.8230851063829787    -0.03739967984102459
2.8248936170212766    -0.03895292871249752
2.8267021276595745    -0.04058414153270337
2.8285106382978724    -0.0420733395813733
2.8303191489361703    -0.043279185594463726
2.832127659574468    -0.04406991181340757
2.833936170212766    -0.04433586732502334
2.835744680851064    -0.04410496615551314
2.837553191489362    -0.04358503271981841
2.83936170212766    -0.04301159957746256
2.8411702127659577    -0.0424377848288649
2.8429787234042556    -0.041720910695081714
2.844787234042553    -0.040746151607796655
2.846595744680851    -0.03962087069627615
2.848404255319149    -0.038575357046953085
2.8502127659574468    -0.03765996699035169
2.8520212765957447    -0.03661560279725147
2.8538297872340426    -0.03512415299565641
2.8556382978723405    -0.03317464760043269
2.8574468085106384    -0.031082946987014706
2.8592553191489363    -0.029080088654732335
2.861063829787234    -0.02693876406459298
2.862872340425532    -0.024151586355494477
2.86468085106383    -0.02056621689805014
2.866489361702128    -0.016778900538059402
2.8682978723404258    -0.01373787701040519
2.8701063829787237    -0.011844006606114038
2.8719148936170216    -0.010460341076456024
2.873723404255319    -0.008408572041921105
2.875531914893617    -0.005028732715024704
2.877340425531915    -0.0007739354294107846
2.8791489361702127    0.0032270524016857404
2.8809574468085106    0.006167296453432606
2.8827659574468085    0.008138758626739958
2.8845744680851064    0.009830988609003125
2.8863829787234043    0.011813113343888484
2.8881914893617022    0.014170650664962054
2.89    0.016725809708769048
2.891808510638298    0.01939548801978787
2.893617021276596    0.022209533941393935
2.895425531914894    0.025055415250778357
2.8972340425531917    0.02759148377308202
2.8990425531914896    0.029519098014359462
2.9008510638297875    0.030890393884610613
2.902659574468085    0.03203896954029899
2.904468085106383    0.03317844552145356
2.906276595744681    0.03413677976180113
2.9080851063829787    0.034544681450901255
2.9098936170212766    0.03425834841664337
2.9117021276595745    0.03353245053612183
2.9135106382978724    0.03277496739600427
2.9153191489361703    0.032197489183551115
2.917127659574468    0.03173692625793506
2.918936170212766    0.0312443414448772
2.920744680851064    0.030639180705002676
2.922553191489362    0.029873058765492698
2.92436170212766    0.028873713310223877
2.9261702127659577    0.027653979917186863
2.9279787234042556    0.026450925365091124
2.9297872340425535    0.02560134348553106
2.931595744680851    0.02517391094788895
2.933404255319149    0.024794224424117287
2.9352127659574467    0.023995946573875118
2.9370212765957446    0.022805222788227275
2.9388297872340425    0.021863373099371586
2.9406382978723404    0.021819185081179686
2.9424468085106383    0.022588764936747233
2.9442553191489362    0.023351664600150847
2.946063829787234    0.023390083710079543
2.947872340425532    0.022885755974464753
2.94968085106383    0.02274948333436457
2.951489361702128    0.02360944757521266
2.9532978723404257    0.025059878695036217
2.9551063829787236    0.02601804846944688
2.9569148936170215    0.025799755255373237
2.9587234042553194    0.02471493881469941
2.960531914893617    0.0235494715179254
2.962340425531915    0.02258504050834185
2.9641489361702127    0.021318039537247327
2.9659574468085106    0.0191857539051042
2.9677659574468085    0.01640911510181546
2.9695744680851064    0.013925842538225729
2.9713829787234043    0.0124592520899406
2.973191489361702    0.011775891881003097
2.975    0.010961644915264985
2.976808510638298    0.009383848372615352
2.978617021276596    0.0072686001767132
2.980425531914894    0.005319519857557237
2.9822340425531917    0.0038949424453283473
2.9840425531914896    0.0026785634349526122
2.9858510638297875    0.0011257116497922189
2.9876595744680854    -0.0009104026216105255
2.989468085106383    -0.003069609228167961
2.9912765957446807    -0.004916195720360662
2.9930851063829786    -0.006359097783104275
2.9948936170212765    -0.007653078369741797
2.9967021276595744    -0.009122262367617713
2.9985106382978723    -0.010977502023550606
3.0003191489361702    -0.013319558215827875
3.002127659574468    -0.01612296317200754
3.003936170212766    -0.019111281472051714
3.005744680851064    -0.02174622663124429
3.007553191489362    -0.023535764468665076
3.0093617021276597    -0.02445591382824731
3.0111702127659576    -0.02501216834201522
3.0129787234042555    -0.025773046146698213
3.0147872340425534    -0.02680334138832644
3.0165957446808513    -0.027598459418885102
3.0184042553191492    -0.02761443925225231
3.0202127659574467    -0.026845354758459162
3.0220212765957446    -0.025844713543987225
3.0238297872340425    -0.02517755918609275
3.0256382978723404    -0.02486568010847515
3.0274468085106383    -0.024348753017353588
3.029255319148936    -0.022939447258196983
3.031063829787234    -0.02031732964018922
3.032872340425532    -0.016678059867182526
3.03468085106383    -0.012536201385031868
3.036489361702128    -0.008430474206154552
3.0382978723404257    -0.004731126373590187
3.0401063829787236    -0.0015820708966047094
3.0419148936170215    0.001070297914553953
3.0437234042553194    0.0034022152481578563
3.0455319148936173    0.005624292497364152
3.047340425531915    0.007907809439780235
3.0491489361702127    0.010317079124758943
3.0509574468085106    0.012726071600274304
3.0527659574468085    0.014779011109976873
3.0545744680851064    0.016035194368893745
3.0563829787234043    0.016316697337912064
3.058191489361702    0.015980499695081585
3.06    0.015735373593026798
3.061808510638298    0.016010281112356778
3.063617021276596    0.016453872247505656
3.0654255319148938    0.016190713236297852
3.0672340425531917    0.014721492578120568
3.0690425531914896    0.012547554498221543
3.0708510638297875    0.010737028832192668
3.0726595744680854    0.00977616448339319
3.0744680851063833    0.008961908459881356
3.076276595744681    0.007126768180601473
3.0780851063829786    0.0040010626005639385
3.0798936170212765    0.000680803276041737
3.0817021276595744    -0.0014274285229245436
3.0835106382978723    -0.002076636906604575
3.08531914893617    -0.0023951964174018193
3.087127659574468    -0.003555371311441861
3.088936170212766    -0.005400912492996347
3.090744680851064    -0.006640185338006828
3.092553191489362    -0.006411409876936498
3.0943617021276597    -0.0053937340095420614
3.0961702127659576    -0.005122997824749813
3.0979787234042555    -0.006259780018580384
3.0997872340425534    -0.0078084567023234954
3.1015957446808513    -0.0082056258317731
3.103404255319149    -0.007037367396796845
3.105212765957447    -0.0054404487857051265
3.1070212765957446    -0.004797098630050402
3.1088297872340425    -0.00528133444295583
3.1106382978723404    -0.00587708537699113
3.1124468085106383    -0.005683056271314147
3.114255319148936    -0.00486576426542548
3.116063829787234    -0.004207839889990711
3.117872340425532    -0.003981019990638251
3.11968085106383    -0.0036185928219455935
3.1214893617021278    -0.00253206880104894
3.1232978723404257    -0.0009316006191918487
3.1251063829787236    0.00044175187488080213
3.1269148936170215    0.0013033193382791723
3.1287234042553194    0.002207870380387764
3.1305319148936173    0.00378749548565043
3.132340425531915    0.005806240430972238
3.134148936170213    0.007269674188444595
3.1359574468085105    0.007504017658098983
3.1377659574468084    0.006878819435907145
3.1395744680851063    0.006279865642694206
3.141382978723404    0.0060069867214605464
3.143191489361702    0.005484743938513916
3.145    0.004124185705848727
3.146808510638298    0.002197644858465745
3.148617021276596    0.0005718115312583817
3.1504255319148937    -0.00038291297499510495
3.1522340425531916    -0.0013031497274501968
3.1540425531914895    -0.003062927701346328
3.1558510638297874    -0.005647275389825979
3.1576595744680853    -0.008080728331455756
3.159468085106383    -0.009531984791547937
3.161276595744681    -0.010248482385715055
3.163085106382979    -0.011172658110814892
3.1648936170212765    -0.012719751430325285
3.1667021276595744    -0.014230377309856419
3.1685106382978723    -0.014768149026447118
3.17031914893617    -0.014269807698314428
3.172127659574468    -0.013634536405627942
3.173936170212766    -0.013658752712118664
3.175744680851064    -0.014127622526566954
3.1775531914893618    -0.014144964429554522
3.1793617021276597    -0.013253050180403287
3.1811702127659576    -0.011973693558035537
3.1829787234042555    -0.011175431989670541
3.1847872340425534    -0.01110476346008228
3.1865957446808513    -0.011236669422215738
3.188404255319149    -0.011004245062310831
3.190212765957447    -0.010412460203728645
3.192021276595745    -0.009815643562358497
3.1938297872340424    -0.009275643367365175
3.1956382978723403    -0.008407248791199513
3.1974468085106382    -0.006890702971929985
3.199255319148936    -0.0049255292543428295
3.201063829787234    -0.0030185877778213816
3.202872340425532    -0.0014275840012985827
3.20468085106383    -3.1730120538588655e-05
3.2064893617021277    0.0012296033255982076
3.2082978723404256    0.002036457598250335
3.2101063829787235    0.0020325067772357
3.2119148936170214    0.001428241233758332
3.2137234042553193    0.0009935974076985556
3.2155319148936172    0.0012982325410544997
3.217340425531915    0.0020801039495363617
3.219148936170213    0.0025655115383591
3.220957446808511    0.0024036572751690213
3.2227659574468084    0.002066044085368603
3.2245744680851063    0.0021861135225612954
3.226382978723404    0.0026523715791252934
3.228191489361702    0.00262799579895985
3.23    0.0015403924381730905
3.231808510638298    -0.0001561800308850082
3.233617021276596    -0.0014179003751905454
3.2354255319148937    -0.0017625273055877758
3.2372340425531916    -0.001750619448796569
3.2390425531914895    -0.0022130475589864913
3.2408510638297874    -0.003174811644675543
3.2426595744680853    -0.003801587283617166
3.244468085106383    -0.003440572951288783
3.246276595744681    -0.002480184184043223
3.248085106382979    -0.0019672250285703006
3.249893617021277    -0.0024282455932036567
3.251702127659575    -0.0032991912669414337
3.2535106382978722    -0.0036233901068672305
3.25531914893617    -0.003160710700514552
3.257127659574468    -0.002595198985659799
3.258936170212766    -0.002640765151418706
3.260744680851064    -0.0031450154218749687
3.2625531914893617    -0.0032412632104622517
3.2643617021276596    -0.002331272498347224
3.2661702127659575    -0.0007440005388598386
3.2679787234042554    0.0006394903368900047
3.2697872340425533    0.0013043693068923606
3.2715957446808512    0.0015426314859882566
3.273404255319149    0.0020389355730731024
3.275212765957447    0.0031659263410805435
3.277021276595745    0.004723149954137581
3.278829787234043    0.0062299033427273085
3.2806382978723407    0.0073222798742041545
3.282446808510638    0.00788981232894998
3.284255319148936    0.008014275053574204
3.286063829787234    0.007925840761938795
3.287872340425532    0.007976878857051917
3.28968085106383    0.008484801580434862
3.2914893617021277    0.009475662092790377
3.2932978723404256    0.01059453560466273
3.2951063829787235    0.011351295413932759
3.2969148936170214    0.011512052783287595
3.2987234042553193    0.01126835876050923
3.300531914893617    0.011040133199755072
3.302340425531915    0.011122683263575696
3.304148936170213    0.011484715661353036
3.305957446808511    0.011830004667510106
3.307765957446809    0.011825067206393052
3.3095744680851067    0.01134102289088878
3.311382978723404    0.010577923518031244
3.313191489361702    0.009956326590893712
3.315    0.009773809257284672
3.316808510638298    0.009875837538252634
3.3186170212765957    0.009716935518257594
3.3204255319148936    0.008884380925158331
3.3222340425531915    0.007608400825061876
3.3240425531914894    0.006643319161870036
3.3258510638297873    0.006514418554403977
3.3276595744680852    0.0069085936572274975
3.329468085106383    0.006969218740729012
3.331276595744681    0.006280337545100266
3.333085106382979    0.005442959762871961
3.334893617021277    0.005480315091121709
3.3367021276595747    0.006626389513726504
3.3385106382978726    0.007861543439149516
3.34031914893617    0.007820109539466982
3.342127659574468    0.006153848753122861
3.343936170212766    0.003866009004629434
3.345744680851064    0.0022514452506590277
3.3475531914893617    0.0016302759976261983
3.3493617021276596    0.0012488576152868739
3.3511702127659575    0.00034052657083653826
3.3529787234042554    -0.0009677642693808272
3.3547872340425533    -0.0019289107440726265
3.356595744680851    -0.0021871837443984774
3.358404255319149    -0.0022400931631437896
3.360212765957447    -0.002818615722983916
3.362021276595745    -0.00401082157556953
3.363829787234043    -0.0052240027338720475
3.3656382978723407    -0.005982287453634165
3.3674468085106386    -0.006512467434438343
3.369255319148936    -0.00738362479647075
3.371063829787234    -0.008698460158814505
3.372872340425532    -0.009903183606274374
3.3746808510638298    -0.010477805569257044
3.3764893617021277    -0.010630175349670746
3.3782978723404256    -0.011095529718273954
3.3801063829787235    -0.012263311547913044
3.3819148936170214    -0.013699713682898844
3.3837234042553193    -0.014648405926820492
3.385531914893617    -0.014890870413140089
3.387340425531915    -0.014928266637505658
3.389148936170213    -0.015306062620496875
3.390957446808511    -0.01594687924426526
3.3927659574468088    -0.016299752374237423
3.3945744680851067    -0.016071805992966096
3.3963829787234046    -0.015605532577125682
3.398191489361702    -0.015450427755635387
3.4    -0.015695109596252605
3.401808510638298    -0.015890745448469103
3.4036170212765957    -0.015617482235140225
3.4054255319148936    -0.014944728244413171
3.4072340425531915    -0.014219032923693573
3.4090425531914894    -0.013509608177582181
3.4108510638297873    -0.012486600422606624
3.412659574468085    -0.010933931703643474
3.414468085106383    -0.00924231716130322
3.416276595744681    -0.008186192046344961
3.418085106382979    -0.008142208077793714
3.419893617021277    -0.008621890677440253
3.4217021276595747    -0.008687578838761815
3.4235106382978726    -0.007837917549022907
3.4253191489361705    -0.006425730303750335
3.427127659574468    -0.0051956982607584724
3.428936170212766    -0.00448380531206855
3.4307446808510638    -0.003938529260784019
3.4325531914893617    -0.003004859385243126
3.4343617021276596    -0.0015909401294907756
3.4361702127659575    -0.00019608081468520835
3.4379787234042554    0.0006030517191148945
3.4397872340425533    0.0007462874055134216
3.441595744680851    0.0007624652337926537
3.443404255319149    0.0012709619567070705
3.445212765957447    0.002407589978606308
3.447021276595745    0.003704125215377177
3.4488297872340428    0.004506519069677509
3.4506382978723407    0.004539875849698328
3.4524468085106386    0.004128366193561432
3.4542553191489365    0.003902679271132088
3.456063829787234    0.004272894942526065
3.457872340425532    0.005129304440364945
3.4596808510638297    0.006009463391996364
3.4614893617021276    0.006544681689614392
3.4632978723404255    0.006761498116334329
3.4651063829787234    0.006978483084892576
3.4669148936170213    0.007436499260490458
3.468723404255319    0.0080394125410617
3.470531914893617    0.00844249954434653
3.472340425531915    0.008375475714243285
3.474148936170213    0.007885259217442842
3.475957446808511    0.007298566430307886
3.4777659574468087    0.0069730801025071135
3.4795744680851066    0.007057359038887238
3.4813829787234045    0.007422376088174148
3.4831914893617024    0.007777370062013423
3.4850000000000003    0.007873295116417737
3.4868085106382978    0.007659777407822643
3.4886170212765957    0.007286070121625575
3.4904255319148936    0.0069381444376787615
3.4922340425531915    0.006652724077867274
3.4940425531914894    0.006303309530233623
3.4958510638297873    0.00579443659643185
3.497659574468085    0.005247022193039505
3.499468085106383    0.00491493787989849
3.501276595744681    0.0048662628838274935
3.503085106382979    0.004793693826175701
3.5048936170212768    0.004250886014145722
3.5067021276595747    0.0031329227648321557
3.5085106382978726    0.0018626855643175348
3.5103191489361705    0.0009982074667434248
3.5121276595744684    0.0006316013479915224
3.5139361702127663    0.0002526597632611226
3.5157446808510637    -0.0007217486238350584
3.5175531914893616    -0.002309794361735359
3.5193617021276595    -0.003931730444624637
3.5211702127659574    -0.005022984888524795
3.5229787234042553    -0.005596702140158184
3.5247872340425532    -0.006130550508230323
3.526595744680851    -0.006956798508479916
3.528404255319149    -0.007909114400569055
3.530212765957447    -0.008633405287443652
3.532021276595745    -0.009133759050832222
3.5338297872340427    -0.009830503693870632
3.5356382978723406    -0.011020394981906812
3.5374468085106385    -0.012392200033614575
3.5392553191489364    -0.01321791235656065
3.5410638297872343    -0.013042847317173797
3.5428723404255322    -0.01210570315552537
3.5446808510638297    -0.011042157206526768
3.5464893617021276    -0.01025306004271154
3.5482978723404255    -0.009650748730046167
3.5501063829787234    -0.008978157997745113
3.5519148936170213    -0.008211632670228876
3.553723404255319    -0.007542289685230252
3.555531914893617    -0.0070330999170940284
3.557340425531915    -0.006460314910334211
3.559148936170213    -0.005562703066757702
3.560957446808511    -0.004359019674650489
3.5627659574468087    -0.0031081689416573048
3.5645744680851066    -0.0019742860416446907
3.5663829787234045    -0.0008544832148054721
3.5681914893617024    0.00040206289158372104
3.5700000000000003    0.00170067939314535
3.571808510638298    0.0027728141712486777
3.5736170212765956    0.0035636259037500027
3.5754255319148935    0.004419233589946645
3.5772340425531914    0.0057515771458847755
3.5790425531914893    0.00751492031110893
3.5808510638297872    0.009125888342258666
3.582659574468085    0.00998745525871819
3.584468085106383    0.010073602336751043
3.586276595744681    0.009939223398766418
3.588085106382979    0.010158835927477633
3.5898936170212767    0.010818322211639078
3.5917021276595746    0.011576117765828021
3.5935106382978725    0.012139383764359519
3.5953191489361704    0.012569698625944774
3.5971276595744683    0.013105866258671337
3.5989361702127662    0.013782772322607167
3.600744680851064    0.014323969344714993
3.6025531914893616    0.014412299116457113
3.6043617021276595    0.013997761519558114
3.6061702127659574    0.01330348564679787
3.6079787234042553    0.012572359265364376
3.609787234042553    0.011865784568366773
3.611595744680851    0.011098993770885855
3.613404255319149    0.01019631197719373
3.615212765957447    0.009155362679660032
