0.0    0.0
0.0018085106382978724    0.0
0.003617021276595745    0.0
0.005425531914893617    0.0
0.00723404255319149    0.0
0.009042553191489363    0.0
0.010851063829787235    0.0
0.012659574468085107    0.0
0.01446808510638298    0.0
0.016276595744680853    0.0
0.018085106382978725    0.0
0.019893617021276597    0.0
0.02170212765957447    0.0
0.023510638297872342    0.0
0.025319148936170214    0.0
0.027127659574468086    0.0
0.02893617021276596    0.0
0.03074468085106383    0.0
0.032553191489361706    0.0
0.03436170212765958    0.0
0.03617021276595745    0.0
0.03797872340425532    0.0
0.039787234042553195    0.0
0.04159574468085107    0.0
0.04340425531914894    0.0
0.04521276595744681    0.0
0.047021276595744683    0.0
0.048829787234042556    0.0
0.05063829787234043    0.0
0.0524468085106383    0.0
0.05425531914893617    0.0
0.056063829787234044    0.0
0.05787234042553192    0.0
0.05968085106382979    0.0
0.06148936170212766    0.0
0.06329787234042554    0.0
0.06510638297872341    0.0
0.06691489361702128    0.0
0.06872340425531916    0.0
0.07053191489361703    0.0
0.0723404255319149    0.0
0.07414893617021277    0.0
0.07595744680851065    0.0
0.07776595744680852    0.0
0.07957446808510639    0.0
0.08138297872340426    0.0
0.08319148936170213    0.0
0.085    0.0
0.08680851063829788    0.0
0.08861702127659575    0.0
0.09042553191489362    0.0
0.0922340425531915    0.0
0.09404255319148937    0.0
0.09585106382978724    0.0
0.09765957446808511    0.0
0.09946808510638298    0.0
0.10127659574468086    0.0
0.10308510638297873    0.0
0.1048936170212766    0.0
0.10670212765957447    0.0
0.10851063829787234    0.0
0.11031914893617022    0.0
0.11212765957446809    0.0
0.11393617021276596    0.0
0.11574468085106383    0.0
0.1175531914893617    0.0
0.11936170212765958    0.0
0.12117021276595745    0.0
0.12297872340425532    0.0
0.1247872340425532    0.0
0.12659574468085108    0.0
0.12840425531914895    0.0
0.13021276595744682    0.0
0.1320212765957447    0.0
0.13382978723404257    0.0
0.13563829787234044    0.0
0.1374468085106383    0.0
0.13925531914893619    0.0
0.14106382978723406    0.0
0.14287234042553193    0.0
0.1446808510638298    0.0
0.14648936170212767    0.0
0.14829787234042555    0.0
0.15010638297872342    0.0
0.1519148936170213    0.0
0.15372340425531916    0.0
0.15553191489361703    0.0
0.1573404255319149    0.0
0.15914893617021278    0.0
0.16095744680851065    0.0
0.16276595744680852    0.0
0.1645744680851064    0.0
0.16638297872340427    0.0
0.16819148936170214    0.0
0.17    0.0
0.17180851063829788    0.0
0.17361702127659576    0.0
0.17542553191489363    0.0
0.1772340425531915    0.0
0.17904255319148937    0.0
0.18085106382978725    0.0
0.18265957446808512    0.0
0.184468085106383    0.0
0.18627659574468086    0.0
0.18808510638297873    0.0
0.1898936170212766    0.0
0.19170212765957448    0.0
0.19351063829787235    0.0
0.19531914893617022    0.0
0.1971276595744681    0.0
0.19893617021276597    0.0
0.20074468085106384    0.0
0.2025531914893617    0.0
0.20436170212765958    0.0
0.20617021276595746    0.0
0.20797872340425533    0.0
0.2097872340425532    0.0
0.21159574468085107    0.0
0.21340425531914894    0.0
0.21521276595744682    0.0
0.2170212765957447    0.0
0.21882978723404256    0.0
0.22063829787234043    0.0
0.2224468085106383    0.0
0.22425531914893618    0.0
0.22606382978723405    0.0
0.22787234042553192    0.0
0.2296808510638298    0.0
0.23148936170212767    0.0
0.23329787234042554    0.0
0.2351063829787234    0.0
0.23691489361702128    0.0
0.23872340425531915    0.0
0.24053191489361703    0.0
0.2423404255319149    0.0
0.24414893617021277    0.0
0.24595744680851064    0.0
0.24776595744680852    0.0
0.2495744680851064    0.0
0.25138297872340426    0.0
0.25319148936170216    0.0
0.255    0.0
0.2568085106382979    0.0
0.25861702127659575    0.0
0.26042553191489365    0.0
0.2622340425531915    0.0
0.2640425531914894    0.0
0.26585106382978724    0.0
0.26765957446808514    0.0
0.269468085106383    0.0
0.2712765957446809    0.0
0.2730851063829787    0.0
0.2748936170212766    0.0
0.27670212765957447    0.0
0.27851063829787237    0.0
0.2803191489361702    0.0
0.2821276595744681    0.0
0.28393617021276596    0.0
0.28574468085106386    0.0
0.2875531914893617    0.0
0.2893617021276596    0.0
0.29117021276595745    0.0
0.29297872340425535    0.0
0.2947872340425532    0.0
0.2965957446808511    0.0
0.29840425531914894    0.0
0.30021276595744684    0.0
0.3020212765957447    0.0
0.3038297872340426    0.0
0.3056382978723404    0.0
0.3074468085106383    0.0
0.30925531914893617    0.0
0.31106382978723407    0.0
0.3128723404255319    0.0
0.3146808510638298    0.0
0.31648936170212766    0.0
0.31829787234042556    0.0
0.3201063829787234    0.0
0.3219148936170213    0.0
0.32372340425531915    0.0
0.32553191489361705    0.0
0.3273404255319149    0.0
0.3291489361702128    0.0
0.33095744680851064    0.0
0.33276595744680854    0.0
0.3345744680851064    0.0
0.3363829787234043    0.0
0.3381914893617021    0.0
0.34    0.0
0.34180851063829787    0.0
0.34361702127659577    0.0
0.3454255319148936    0.0
0.3472340425531915    0.0
0.34904255319148936    0.0
0.35085106382978726    0.0
0.3526595744680851    0.0
0.354468085106383    0.0
0.35627659574468085    0.0
0.35808510638297875    0.0
0.3598936170212766    0.0
0.3617021276595745    0.0
0.36351063829787233    0.0
0.36531914893617023    0.0
0.3671276595744681    0.0
0.368936170212766    0.0
0.3707446808510638    0.0
0.3725531914893617    0.0
0.37436170212765957    0.0
0.37617021276595747    0.0
0.3779787234042553    0.0
0.3797872340425532    0.0
0.38159574468085106    0.0
0.38340425531914896    0.0
0.3852127659574468    0.0
0.3870212765957447    0.0
0.38882978723404255    0.0
0.39063829787234045    0.0
0.3924468085106383    0.0
0.3942553191489362    0.0
0.39606382978723403    0.0
0.39787234042553193    0.0
0.3996808510638298    0.0
0.4014893617021277    0.0
0.4032978723404255    0.0
0.4051063829787234    0.0
0.40691489361702127    0.0
0.40872340425531917    0.0
0.410531914893617    0.0
0.4123404255319149    0.0
0.41414893617021276    0.0
0.41595744680851066    0.0
0.4177659574468085    0.0
0.4195744680851064    0.0
0.42138297872340424    0.0
0.42319148936170214    0.0
0.425    0.0
0.4268085106382979    0.0
0.42861702127659573    0.0
0.43042553191489363    3.5e-323
0.4322340425531915    6.452e-321
0.4340425531914894    1.000804e-318
0.4358510638297872    1.4604588e-316
0.4376595744680851    2.013469226e-314
0.43946808510638297    2.62713565146e-312
0.44127659574468087    3.2495019065216e-310
0.4430851063829787    3.816129702479423e-308
0.4448936170212766    4.2612814782591565e-306
0.44670212765957445    4.530782078824843e-304
0.44851063829787235    4.592995369188452e-302
0.4503191489361702    4.444818172628975e-300
0.4521276595744681    4.111173172891914e-298
0.45393617021276594    3.638523456704117e-296
0.45574468085106384    3.084629729893793e-294
0.4575531914893617    2.5075447352639808e-292
0.4593617021276596    1.9565520686714542e-290
0.46117021276595743    1.4667014827798013e-288
0.46297872340425533    1.0572863427501013e-286
0.46478723404255323    7.335345701465877e-285
0.4665957446808511    4.9021507376684645e-283
0.468404255319149    3.158183408035008e-281
0.4702127659574468    1.9629329137300478e-279
0.4720212765957447    1.1779067267737333e-277
0.47382978723404257    6.8290677421701665e-276
0.47563829787234047    3.8278353917375895e-274
0.4774468085106383    2.0757343208386436e-272
0.4792553191489362    1.0896625652655246e-270
0.48106382978723405    5.5408879555470176e-269
0.48287234042553195    2.7307996989879306e-267
0.4846808510638298    1.3051810313392726e-265
0.4864893617021277    6.052865644181674e-264
0.48829787234042554    2.725158070384104e-262
0.49010638297872344    1.1917528662416658e-260
0.4919148936170213    5.064782745621285e-259
0.4937234042553192    2.092786648481157e-257
0.49553191489361703    8.411655533520665e-256
0.49734042553191493    3.2902357543618254e-254
0.4991489361702128    1.2530033451729636e-252
0.5009574468085106    4.647742696106768e-251
0.5027659574468085    1.6798714957548187e-249
0.5045744680851064    5.918729124286174e-248
0.5063829787234043    2.0336142144724887e-246
0.5081914893617021    6.8164909387172865e-245
0.51    2.2297965271379465e-243
0.5118085106382979    7.12093741550945e-242
0.5136170212765958    2.2208944100683033e-240
0.5154255319148936    6.766820256220841e-239
0.5172340425531915    2.0148866921416492e-237
0.5190425531914894    5.864964477396684e-236
0.5208510638297873    1.6694169124606206e-234
0.5226595744680851    4.648162598471744e-233
0.524468085106383    1.266321432822897e-231
0.5262765957446809    3.376591938930232e-230
0.5280851063829788    8.814707344368094e-229
0.5298936170212766    2.2534692293464904e-227
0.5317021276595745    5.6432151130866176e-226
0.5335106382978724    1.3846717943448918e-224
0.5353191489361703    3.329842431341036e-223
0.5371276595744681    7.849931026023463e-222
0.538936170212766    1.814594221055766e-220
0.5407446808510639    4.1140399143375126e-219
0.5425531914893618    9.15027588651307e-218
0.5443617021276596    1.9969892356891027e-216
0.5461702127659575    4.277500218978285e-215
0.5479787234042554    8.994394612993254e-214
0.5497872340425533    1.857009596721677e-212
0.551595744680851    3.7653677889781283e-211
0.5534042553191489    7.499641324012529e-210
0.5552127659574468    1.4675750825868623e-208
0.5570212765957447    2.8220973943157752e-207
0.5588297872340425    5.333825658180332e-206
0.5606382978723404    9.91019924771268e-205
0.5624468085106383    1.8104337758913346e-203
0.5642553191489362    3.252504498010137e-202
0.566063829787234    5.7473139500765215e-201
0.5678723404255319    9.990768864386266e-200
0.5696808510638298    1.7088093680713385e-198
0.5714893617021277    2.876214909889769e-197
0.5732978723404255    4.764890888688291e-196
0.5751063829787234    7.77066223428818e-195
0.5769148936170213    1.2476844387616284e-193
0.5787234042553192    1.972695529429811e-192
0.580531914893617    3.0717764257969124e-191
0.5823404255319149    4.711485196812022e-190
0.5841489361702128    7.1191476252806106e-189
0.5859574468085107    1.0598934371934732e-187
0.5877659574468085    1.554967842730804e-186
0.5895744680851064    2.2483581594698117e-185
0.5913829787234043    3.2044481468637507e-184
0.5931914893617022    4.502382896819814e-183
0.595    6.23720132187324e-182
0.5968085106382979    8.520223726873709e-181
0.5986170212765958    1.1478388198891318e-179
0.6004255319148937    1.5252229075552143e-178
0.6022340425531915    1.999222529363695e-177
0.6040425531914894    2.585332274390706e-176
0.6058510638297873    3.298755582737259e-175
0.6076595744680852    4.153485682653263e-174
0.609468085106383    5.161233861801276e-173
0.6112765957446809    6.330255101652134e-172
0.6130851063829788    7.664142190464023e-171
0.6148936170212767    9.160677522692622e-170
0.6167021276595744    1.0810844144938886e-168
0.6185106382978723    1.2598101698331295e-167
0.6203191489361702    1.4498026832984156e-166
0.6221276595744681    1.6478400518865668e-165
0.6239361702127659    1.8499796798366208e-164
0.6257446808510638    2.051669065281913e-163
0.6275531914893617    2.247905983810832e-162
0.6293617021276596    2.4334410880341363e-161
0.6311702127659574    2.6030117608294115e-160
0.6329787234042553    2.7515926360840127e-159
0.6347872340425532    2.8746459484431425e-158
0.6365957446808511    2.968354091290318e-157
0.6384042553191489    3.0298175897138796e-156
0.6402127659574468    3.0572040908394726e-155
0.6420212765957447    3.049837716108814e-154
0.6438297872340426    3.0082228336264194e-153
0.6456382978723404    2.934001511416256e-152
0.6474468085106383    2.8298490757022317e-151
0.6492553191489362    2.6993168122516544e-150
0.6510638297872341    2.5466344827442145e-149
0.6528723404255319    2.3764876781619297e-148
0.6546808510638298    2.1937859488102693e-147
0.6564893617021277    2.0034371495302157e-146
0.6582978723404256    1.8101416808666015e-145
0.6601063829787234    1.6182175710386785e-144
0.6619148936170213    1.4314639818536048e-143
0.6637234042553192    1.2530671127044074e-142
0.6655319148936171    1.0855489797964217e-141
0.6673404255319149    9.307564653977943e-141
0.6691489361702128    7.898855844990687e-140
0.6709574468085107    6.635342294358837e-139
0.6727659574468086    5.517757584922721e-138
0.6745744680851063    4.542456416486775e-137
0.6763829787234042    3.702338517572864e-136
0.6781914893617021    2.987766388356662e-135
0.68    2.3874257867711734e-134
0.6818085106382978    1.889091787314034e-133
0.6836170212765957    1.4802770891351098e-132
0.6854255319148936    1.148751884717423e-131
0.6872340425531915    8.829352408924714e-131
0.6890425531914893    6.721661661324429e-130
0.6908510638297872    5.068682358849112e-129
0.6926595744680851    3.7862496764621876e-128
0.694468085106383    2.8018440228024966e-127
0.6962765957446809    2.0541098087777432e-126
0.6980851063829787    1.4920126366940152e-125
0.6998936170212766    1.073777562180978e-124
0.7017021276595745    7.657246960340755e-124
0.7035106382978724    5.4109150548390533e-123
0.7053191489361702    3.789059626774853e-122
0.7071276595744681    2.6295259538749685e-121
0.708936170212766    1.8085525472895063e-120
0.7107446808510639    1.2328621389164141e-119
0.7125531914893617    8.330084392838878e-119
0.7143617021276596    5.57901208295297e-118
0.7161702127659575    3.7039017758690926e-117
0.7179787234042554    2.4376809082528905e-116
0.7197872340425532    1.5904872882598146e-115
0.7215957446808511    1.02882132667797e-114
0.723404255319149    6.598212944537497e-114
0.7252127659574469    4.1957467204577955e-113
0.7270212765957447    2.645504317790747e-112
0.7288297872340426    1.654030161885079e-111
0.7306382978723405    1.0254945097975032e-110
0.7324468085106384    6.305175928308538e-110
0.7342553191489362    3.844623267535103e-109
0.7360638297872341    2.3249927951636603e-108
0.737872340425532    1.3945014687475696e-107
0.7396808510638299    8.295908705241752e-107
0.7414893617021276    4.895245045646809e-106
0.7432978723404255    2.8652863975502947e-105
0.7451063829787234    1.6636509024791572e-104
0.7469148936170213    9.582396634318736e-104
0.7487234042553191    5.47546341276752e-103
0.750531914893617    3.10398220774715e-102
0.7523404255319149    1.745764973421434e-101
0.7541489361702128    9.741749244461861e-101
0.7559574468085106    5.393726822509087e-100
0.7577659574468085    2.9631783632815024e-99
0.7595744680851064    1.6153227633698067e-98
0.7613829787234043    8.73794168142411e-98
0.7631914893617021    4.690538767676663e-97
0.765    2.4987070563391753e-96
0.7668085106382979    1.3209977152734848e-95
0.7686170212765958    6.931030408515296e-95
0.7704255319148936    3.609252649493164e-94
0.7722340425531915    1.8654132533621708e-93
0.7740425531914894    9.56941756935662e-93
0.7758510638297873    4.8726232804524476e-92
0.7776595744680851    2.462754310943421e-91
0.779468085106383    1.2355892896243518e-90
0.7812765957446809    6.1536910072529744e-90
0.7830851063829788    3.0424208190942016e-89
0.7848936170212766    1.4932699169439317e-88
0.7867021276595745    7.276223085173879e-88
0.7885106382978724    3.519941305442633e-87
0.7903191489361703    1.690594594846874e-86
0.7921276595744681    8.061779726067172e-86
0.793936170212766    3.817001959626212e-85
0.7957446808510639    1.7944290776819044e-84
0.7975531914893618    8.37635318198737e-84
0.7993617021276596    3.882581590871268e-83
0.8011702127659575    1.7870435804279673e-82
0.8029787234042554    8.167901833623473e-82
0.8047872340425533    3.7073058504342765e-81
0.806595744680851    1.6710538750219e-80
0.808404255319149    7.480283587712823e-80
0.8102127659574468    3.325466359499165e-79
0.8120212765957447    1.4682672510768424e-78
0.8138297872340425    6.438530536116911e-78
0.8156382978723404    2.8041962508991262e-77
0.8174468085106383    1.2130559035991979e-76
0.8192553191489362    5.212122715493014e-76
0.821063829787234    2.22443828851844e-75
0.8228723404255319    9.429928136924794e-75
0.8246808510638298    3.970899968590155e-74
0.8264893617021277    1.661009731730374e-73
0.8282978723404255    6.901890608737918e-73
0.8301063829787234    2.848961003117057e-72
0.8319148936170213    1.1682538632817648e-71
0.8337234042553192    4.759155148723713e-71
0.835531914893617    1.9260782292556735e-70
0.8373404255319149    7.744239749235206e-70
0.8391489361702128    3.093525718277698e-69
0.8409574468085107    1.2277442085507998e-68
0.8427659574468085    4.841169734476946e-68
0.8445744680851064    1.8966617703731825e-67
0.8463829787234043    7.383043629285675e-67
0.8481914893617022    2.8555885063512383e-66
0.85    1.0974355651359569e-65
0.8518085106382979    4.1907726977501934e-65
0.8536170212765958    1.5901906456440995e-64
0.8554255319148937    5.995874404798683e-64
0.8572340425531915    2.2465300095676483e-63
0.8590425531914894    8.364428940438302e-63
0.8608510638297873    3.0948003865354035e-62
0.8626595744680852    1.1379129900123824e-61
0.864468085106383    4.157892125979383e-61
0.8662765957446809    1.509846183261292e-60
0.8680851063829788    5.448726230876505e-60
0.8698936170212767    1.9541928779689256e-59
0.8717021276595744    6.965579898474447e-59
0.8735106382978723    2.467582575495191e-58
0.8753191489361702    8.68795820653328e-58
0.8771276595744681    3.0402010546052475e-57
0.8789361702127659    1.0573828946102057e-56
0.8807446808510638    3.655227262623258e-56
0.8825531914893617    1.2559005467100635e-55
0.8843617021276596    4.289052939693e-55
0.8861702127659574    1.4559259427849025e-54
0.8879787234042553    4.912416827495365e-54
0.8897872340425532    1.6475378841630602e-53
0.8915957446808511    5.492448682124113e-53
0.8934042553191489    1.820090694728088e-52
0.8952127659574468    5.99545846389883e-52
0.8970212765957447    1.9631791820432836e-51
0.8988297872340426    6.390154795337024e-51
0.9006382978723404    2.06767529993711e-50
0.9024468085106383    6.650868325334899e-50
0.9042553191489362    2.12669316700213e-49
0.9060638297872341    6.7603180145548854e-49
0.9078723404255319    2.1363403884732193e-48
0.9096808510638298    6.711505363950644e-48
0.9114893617021277    2.0961416657329404e-47
0.9132978723404256    6.508448202519596e-47
0.9151063829787234    2.009070813319262e-46
0.9169148936170213    6.165648237661401e-46
0.9187234042553192    1.8811896927263573e-45
0.9205319148936171    5.706388379716084e-45
0.9223404255319149    1.7209545292566054e-44
0.9241489361702128    5.160135938723271e-44
0.9259574468085107    1.5382992037872721e-43
0.9277659574468086    4.55945109131209e-43
0.9295744680851065    1.3436322876258425e-42
0.9313829787234043    3.9368455468439384e-42
0.9331914893617022    1.146885994634516e-41
0.935    3.322001338499942e-41
0.936808510638298    9.567328633503572e-41
0.9386170212765957    2.739658749792608e-40
0.9404255319148936    7.80046682141516e-40
0.9422340425531915    2.2083424275394315e-39
0.9440425531914894    6.216374813266105e-39
0.9458510638297872    1.739947220851399e-38
0.9476595744680851    4.84246082655011e-38
0.949468085106383    1.3400785849394798e-37
0.9512765957446809    3.6874944534990463e-37
0.9530851063829787    1.0089559090179476e-36
0.9548936170212766    2.7450821574821634e-36
0.9567021276595745    7.426486420536935e-36
0.9585106382978724    1.997831037644134e-35
0.9603191489361702    5.344213143774625e-35
0.9621276595744681    1.421545158241772e-34
0.963936170212766    3.7600320180278325e-34
0.9657446808510639    9.889593254150115e-34
0.9675531914893617    2.586563976110128e-33
0.9693617021276596    6.727097501141397e-33
0.9711702127659575    1.739777093202239e-32
0.9729787234042554    4.4742727851483254e-32
0.9747872340425532    1.1442363400529345e-31
0.9765957446808511    2.90987809111296e-31
0.978404255319149    7.358696166152354e-31
0.9802127659574469    1.850525576705588e-30
0.9820212765957447    4.6276282614248096e-30
0.9838297872340426    1.150778878560023e-29
0.9856382978723405    2.8457459029816276e-29
0.9874468085106384    6.9979660522655e-29
0.9892553191489362    1.7112740062799081e-28
0.9910638297872341    4.161402265889436e-28
0.992872340425532    1.0063117843207533e-27
0.9946808510638299    2.4199048854723384e-27
0.9964893617021277    5.786779732332547e-27
0.9982978723404256    1.3760950588345424e-26
1.0001063829787233    3.254112240891596e-26
1.0019148936170212    7.652245253287084e-26
1.0037234042553191    1.7894394513449171e-25
1.005531914893617    4.161177975459048e-25
1.007340425531915    9.62245688759073e-25
1.0091489361702128    2.212713371866227e-24
1.0109574468085107    5.059793734445967e-24
1.0127659574468086    1.1505559697671455e-23
1.0145744680851063    2.6016486452022298e-23
1.0163829787234042    5.849975121784328e-23
1.0181914893617021    1.308043680139854e-22
1.02    2.908382653476566e-22
1.021808510638298    6.430429442710801e-22
1.0236170212765958    1.413791751854967e-21
1.0254255319148937    3.0909051904096667e-21
1.0272340425531916    6.719520316518662e-21
1.0290425531914893    1.4525818406622857e-20
1.0308510638297872    3.122410029249829e-20
1.032659574468085    6.673955324633052e-20
1.034468085106383    1.4184615643693118e-19
1.036276595744681    2.9977088987716806e-19
1.0380851063829788    6.299345869937714e-19
1.0398936170212767    1.3162302768327418e-18
1.0417021276595746    2.7346064924634555e-18
1.0435106382978723    5.6491130009877864e-18
1.0453191489361702    1.1603362266528805e-17
1.047127659574468    2.3697422312163754e-17
1.048936170212766    4.8120188074666135e-17
1.0507446808510639    9.715329574358412e-17
1.0525531914893618    1.9502334859577244e-16
1.0543617021276597    3.8923253331220937e-16
1.0561702127659576    7.72359464745524e-16
1.0579787234042553    1.523743084437653e-15
1.0597872340425532    2.9886827904848743e-15
1.061595744680851    5.827969967961691e-15
1.063404255319149    1.1298415298107126e-14
1.0652127659574468    2.1775772701546054e-14
1.0670212765957447    4.172325754359482e-14
1.0688297872340426    7.947379036748988e-14
1.0706382978723405    1.504883630065296e-13
1.0724468085106382    2.8327422706988865e-13
1.0742553191489361    5.300635270077173e-13
1.076063829787234    9.859541604340175e-13
1.077872340425532    1.8229902973778672e-12
1.0796808510638298    3.3504362356982458e-12
1.0814893617021277    6.120654901757898e-12
1.0832978723404256    1.1113830245252694e-11
1.0851063829787235    2.0058033583643384e-11
1.0869148936170212    3.5979959815698903e-11
1.088723404255319    6.414595759311982e-11
1.090531914893617    1.1365861204938604e-10
1.092340425531915    2.0014628097873344e-10
1.0941489361702128    3.502612028845793e-10
1.0959574468085107    6.091476900998169e-10
1.0977659574468086    1.052750456118628e-09
1.0995744680851065    1.8079492120628955e-09
1.1013829787234042    3.0852481052095782e-09
1.103191489361702    5.231444146940337e-09
1.105    8.813830022122612e-09
1.1068085106382979    1.475375767882084e-08
1.1086170212765958    2.4536814497320198e-08
1.1104255319148937    4.05408866137052e-08
1.1122340425531916    6.654402774832405e-08
1.1140425531914895    1.0850411229769077e-07
1.1158510638297872    1.7574552848898e-07
1.117659574468085    2.8274973537115126e-07
1.119468085106383    4.518330100344614e-07
1.1212765957446809    7.171146555699749e-07
1.1230851063829788    1.1303429411084459e-06
1.1248936170212767    1.7693669472543352e-06
1.1267021276595746    2.7503352505078517e-06
1.1285106382978725    4.245083555749353e-06
1.1303191489361701    6.505660012365714e-06
1.132127659574468    9.898544547812518e-06
1.133936170212766    1.4951857949063985e-05
1.1357446808510638    2.2419729051260473e-05
1.1375531914893617    3.336897975957476e-05
1.1393617021276596    4.9294358716479954e-05
1.1411702127659575    7.226963100526678e-05
1.1429787234042554    0.0001051427914563005
1.1447872340425531    0.00015178432992842518
1.146595744680851    0.0002173975815476811
1.148404255319149    0.00030889940292206253
1.1502127659574468    0.00043537729986513904
1.1520212765957447    0.0006086251879950178
1.1538297872340426    0.0008437536368391867
1.1556382978723405    0.0011598611690660256
1.1574468085106384    0.0015807404721292168
1.1592553191489363    0.0021355769301950834
1.161063829787234    0.0028595767354058273
1.162872340425532    0.0037944385398530475
1.1646808510638298    0.004988557426863437
1.1664893617021277    0.006496825083743743
1.1682978723404256    0.008379868682210478
1.1701063829787235    0.010702557482180384
1.1719148936170214    0.013531605986469346
1.1737234042553193    0.016932121768505625
1.175531914893617    0.020962991256007178
1.1773404255319149    0.025671073494631564
1.1791489361702128    0.0310842840889174
1.1809574468085107    0.037203799652599095
1.1827659574468086    0.04399579280004558
1.1845744680851065    0.0513833081251578
1.1863829787234044    0.059239092297752025
1.1881914893617023    0.06738036994879336
1.19    0.07556667786436731
1.1918085106382978    0.08350189488990555
1.1936170212765957    0.090841495132213
1.1954255319148936    0.09720577449937963
1.1972340425531915    0.10219933567575758
1.1990425531914894    0.10543646643908379
1.2008510638297873    0.10657124264752076
1.2026595744680852    0.10533029746398952
1.204468085106383    0.10154532639088608
1.2062765957446808    0.09518167933510326
1.2080851063829787    0.08635898153387116
1.2098936170212766    0.07535977889744015
1.2117021276595745    0.06262284542558823
1.2135106382978724    0.04871908531006433
1.2153191489361703    0.03430988269577194
1.2171276595744682    0.02009015465201424
1.218936170212766    0.006720979717898128
1.2207446808510638    -0.005240874754446727
1.2225531914893617    -0.015407371876583548
1.2243617021276596    -0.023607666067058743
1.2261702127659575    -0.029911413190758986
1.2279787234042554    -0.034620120799418064
1.2297872340425533    -0.03822372650782231
1.2315957446808512    -0.04132482694675807
1.2334042553191489    -0.0445387476853565
1.2352127659574468    -0.048382978102132795
1.2370212765957447    -0.05317329817633744
1.2388297872340426    -0.05894517121766292
1.2406382978723405    -0.06541694721767005
1.2424468085106384    -0.0720059242686315
1.2442553191489363    -0.07789984665413913
1.2460638297872342    -0.0821762014266883
1.2478723404255319    -0.08395154225901852
1.2496808510638298    -0.08253517138291752
1.2514893617021277    -0.0775578903369609
1.2532978723404256    -0.06904862732681899
1.2551063829787235    -0.05743994485577619
1.2569148936170214    -0.04349676027878273
1.2587234042553193    -0.02817874667422536
1.2605319148936172    -0.012462456862360728
1.2623404255319148    0.002839522479409249
1.2641489361702127    0.017221391407064978
1.2659574468085106    0.030553690150482923
1.2677659574468085    0.043059294585902894
1.2695744680851064    0.0551970807972723
1.2713829787234043    0.06747786874860773
1.2731914893617022    0.08025666486278515
1.2750000000000001    0.09355509059172479
1.2768085106382978    0.10696447278629015
1.2786170212765957    0.11966278221317647
1.2804255319148936    0.13055059509630604
1.2822340425531915    0.13847906765642895
1.2840425531914894    0.14251509153679923
1.2858510638297873    0.1421736631770282
1.2876595744680852    0.1375507044661101
1.289468085106383    0.12931207926608115
1.2912765957446808    0.1185317548862086
1.2930851063829787    0.10641448189683506
1.2948936170212766    0.09397395571834982
1.2967021276595745    0.08175494824696364
1.2985106382978724    0.06968052718619464
1.3003191489361703    0.05707341295601487
1.3021276595744682    0.042851677665134605
1.303936170212766    0.025847280680267537
1.3057446808510638    0.005157374979944087
1.3075531914893617    -0.019574006109118018
1.3093617021276596    -0.04802680896002926
1.3111702127659575    -0.07926458032195918
1.3129787234042554    -0.11195910175279089
1.3147872340425533    -0.14470258659138135
1.3165957446808512    -0.17630125144193054
1.318404255319149    -0.205951575651875
1.3202127659574467    -0.23324348414167473
1.3220212765957446    -0.2579993901235467
1.3238297872340425    -0.28002193369229106
1.3256382978723404    -0.29886239658696495
1.3274468085106383    -0.3137196571543885
1.3292553191489362    -0.3235339914146536
1.3310638297872341    -0.32726527161636604
1.332872340425532    -0.3242678460609974
1.3346808510638297    -0.3146245425155137
1.3364893617021276    -0.299301678640763
1.3382978723404255    -0.28004019467019164
1.3401063829787234    -0.2589888921710681
1.3419148936170213    -0.23818201408485107
1.3437234042553192    -0.2190280791062953
1.3455319148936171    -0.20198264048894343
1.347340425531915    -0.18651843772954463
1.3491489361702127    -0.1714015887608321
1.3509574468085106    -0.15517080605965894
1.3527659574468085    -0.13664192692620647
1.3545744680851064    -0.11525357036765443
1.3563829787234043    -0.09113642547721226
1.3581914893617022    -0.06490349166283149
1.36    -0.03727517702295985
1.361808510638298    -0.008722248641394308
1.3636170212765957    0.020700044514406265
1.3654255319148936    0.051240473968706776
1.3672340425531915    0.08310607305929317
1.3690425531914894    0.11604102248551117
1.3708510638297873    0.14903857931674513
1.3726595744680852    0.18035149177804283
1.374468085106383    0.20784472078333505
1.376276595744681    0.2295839439201871
1.3780851063829787    0.24443996975883436
1.3798936170212766    0.25246553708977465
1.3817021276595745    0.25488209391750144
1.3835106382978724    0.2536687244803075
1.3853191489361703    0.25090777733750397
1.3871276595744682    0.24814052946508341
1.388936170212766    0.24597679579416648
1.390744680851064    0.24408844233830757
1.3925531914893619    0.2415498659574697
1.3943617021276595    0.2373450264456754
1.3961702127659574    0.23080594237947677
1.3979787234042553    0.2218045471852022
1.3997872340425532    0.21065710582098118
1.4015957446808511    0.19784733019023093
1.403404255319149    0.18375591360055482
1.405212765957447    0.16855945365135816
1.4070212765957448    0.15234574319711996
1.4088297872340425    0.13534990432649346
1.4106382978723404    0.11812812355582686
1.4124468085106383    0.10150706124510897
1.4142553191489362    0.0862730071933083
1.416063829787234    0.07273097630962436
1.417872340425532    0.060376719481331054
1.41968085106383    0.04791141430076502
1.4214893617021278    0.03368022542421244
1.4232978723404255    0.01639729991720943
1.4251063829787234    -0.0041574461444716555
1.4269148936170213    -0.026818951407831512
1.4287234042553192    -0.04930108387666661
1.430531914893617    -0.0689855149163774
1.432340425531915    -0.0839160377384771
1.4341489361702129    -0.09355622974849738
1.4359574468085108    -0.09895593631439074
1.4377659574468085    -0.1022384703516545
1.4395744680851064    -0.10564044306209204
1.4413829787234043    -0.11055111768200145
1.4431914893617022    -0.11699721272078749
1.445    -0.12379866154316412
1.446808510638298    -0.12928999508145367
1.4486170212765959    -0.13222803191214827
1.4504255319148938    -0.13242828946902763
1.4522340425531914    -0.13082712748210207
1.4540425531914893    -0.12896962891126623
1.4558510638297872    -0.1282137566053747
1.4576595744680851    -0.12906873793949641
1.459468085106383    -0.13099021783430115
1.461276595744681    -0.1326980084240963
1.4630851063829788    -0.13281002902444522
1.4648936170212767    -0.1304451736538309
1.4667021276595744    -0.12550460490104814
1.4685106382978723    -0.11854724796008173
1.4703191489361702    -0.1104017503989671
1.4721276595744681    -0.10177279628466618
1.473936170212766    -0.0930492067927435
1.475744680851064    -0.08435454102069032
1.4775531914893618    -0.0757163507295989
1.4793617021276597    -0.0671763521765473
1.4811702127659574    -0.058748583561801376
1.4829787234042553    -0.05028652651696379
1.4847872340425532    -0.04142411082127136
1.486595744680851    -0.03172381069787121
1.488404255319149    -0.021008395607915384
1.490212765957447    -0.009677707497684478
1.4920212765957448    0.0012478045022802694
1.4938297872340427    0.010490874013111063
1.4956382978723404    0.017169109794031745
1.4974468085106383    0.021387567805991804
1.4992553191489362    0.02438544577407857
1.501063829787234    0.028057349454945014
1.502872340425532    0.034026714905609226
1.5046808510638299    0.04274759160967344
1.5064893617021278    0.053154281727931865
1.5082978723404257    0.06310961588605644
1.5101063829787233    0.07045611321891572
1.5119148936170212    0.07410793306233392
1.5137234042553191    0.07456536183254527
1.515531914893617    0.07354322169100098
1.517340425531915    0.07291417821514574
1.5191489361702128    0.07357902810703683
1.5209574468085107    0.07493509843148745
1.5227659574468086    0.07527136026396834
1.5245744680851063    0.07286896103720399
1.5263829787234042    0.06715614325769047
1.5281914893617021    0.059220296810495524
1.53    0.051352455189246
1.531808510638298    0.04587149538168192
1.5336170212765958    0.043903441581289115
1.5354255319148937    0.0448180894282416
1.5372340425531916    0.046636908827065546
1.5390425531914893    0.04716024903168857
1.5408510638297872    0.045158696456460465
1.542659574468085    0.0409664656835763
1.544468085106383    0.036190828756299684
1.546276595744681    0.03276829041968214
1.5480851063829788    0.031942436979137026
1.5498936170212767    0.03372204682414043
1.5517021276595746    0.03704495821307467
1.5535106382978723    0.040453815767118484
1.5553191489361702    0.04284180728812627
1.557127659574468    0.04387134111696456
1.558936170212766    0.04393097060644255
1.5607446808510639    0.04377704022471643
1.5625531914893618    0.04413088308576339
1.5643617021276597    0.04543040249885395
1.5661702127659576    0.047767566554430124
1.5679787234042553    0.05092613681351789
1.5697872340425532    0.05444001368562734
1.571595744680851    0.057675982045206714
1.573404255319149    0.05999469466202524
1.5752127659574469    0.06099111307378642
1.5770212765957448    0.06070002944179881
1.5788297872340427    0.0595928091722249
1.5806382978723406    0.05828076955368415
1.5824468085106382    0.057049674170122355
1.5842553191489361    0.0555283501914387
1.586063829787234    0.052778682290856804
1.587872340425532    0.047845695298243535
1.5896808510638298    0.04046931484322573
1.5914893617021277    0.03147759407478645
1.5932978723404256    0.02252182285028196
1.5951063829787235    0.01522504930639304
1.5969148936170212    0.010234331979836538
1.5987234042553191    0.0067907011993184364
1.600531914893617    0.0031378725769514483
1.602340425531915    -0.0024498510718596015
1.6041489361702128    -0.01066556952320656
1.6059574468085107    -0.02084126306355953
1.6077659574468086    -0.03149508501284855
1.6095744680851065    -0.041358845805363656
1.6113829787234042    -0.05015883765139201
1.613191489361702    -0.058603802081599696
1.615    -0.0676102162741727
1.616808510638298    -0.07735859760859919
1.6186170212765958    -0.08691165115276138
1.6204255319148937    -0.09472138682266114
1.6222340425531916    -0.09968881463324576
1.6240425531914895    -0.10200065787127476
1.6258510638297874    -0.10308937072887404
1.627659574468085    -0.1046793913494936
1.629468085106383    -0.10755823445519212
1.6312765957446809    -0.11094882348425648
1.6330851063829788    -0.11296617532638513
1.6348936170212767    -0.11188059809358712
1.6367021276595746    -0.10732205044272584
1.6385106382978725    -0.10057667066829261
1.6403191489361704    -0.09374948454725913
1.642127659574468    -0.08836128194664979
1.643936170212766    -0.08434766350892185
1.6457446808510638    -0.08014731014433786
1.6475531914893617    -0.07380412449890465
1.6493617021276596    -0.06430647837512131
1.6511702127659575    -0.05224039776610931
1.6529787234042554    -0.039334352863423294
1.6547872340425533    -0.027252828903915977
1.656595744680851    -0.01649855771598257
1.658404255319149    -0.006168257037680071
1.6602127659574468    0.005317486578336215
1.6620212765957447    0.01906120196050759
1.6638297872340426    0.034912849364001027
1.6656382978723405    0.05155522350981696
1.6674468085106384    0.06731418360342578
1.6692553191489363    0.08108842621100279
1.671063829787234    0.09278425382154432
1.672872340425532    0.10304874341975126
1.6746808510638298    0.11259023188961612
1.6764893617021277    0.12160548602691795
1.6782978723404256    0.1296756750542084
1.6801063829787235    0.1361141530156249
1.6819148936170214    0.14044546559279286
1.6837234042553193    0.1426646624386269
1.685531914893617    0.14314143926278322
1.6873404255319149    0.14229987363807123
1.6891489361702128    0.14032900960321082
1.6909574468085107    0.1371087909635058
1.6927659574468086    0.13236239400533156
1.6945744680851065    0.1259069255578097
1.6963829787234044    0.11784337646459514
1.6981914893617023    0.10858513023653912
1.7    0.09871214325883831
1.7018085106382979    0.0887147928260445
1.7036170212765958    0.07874779738847562
1.7054255319148937    0.06853855306684029
1.7072340425531916    0.05755158383558737
1.7090425531914895    0.045379256484826325
1.7108510638297874    0.03215588336606662
1.7126595744680853    0.018701650123302584
1.714468085106383    0.006210468692812034
1.7162765957446808    -0.004410909249959161
1.7180851063829787    -0.013149687573530716
1.7198936170212766    -0.020983976944468928
1.7217021276595745    -0.02930917274589967
1.7235106382978724    -0.0390130179187923
1.7253191489361703    -0.049831468580918525
1.7271276595744682    -0.06048360914029799
1.728936170212766    -0.06954452546660281
1.7307446808510638    -0.07644862302852684
1.7325531914893617    -0.08187124062995929
1.7343617021276596    -0.08717088394409866
1.7361702127659575    -0.09329134640343448
1.7379787234042554    -0.09996962409229043
1.7397872340425533    -0.1058933401246307
1.7415957446808512    -0.10972117072913029
1.7434042553191489    -0.11118032411563009
1.7452127659574468    -0.11135509885424383
1.7470212765957447    -0.11189236827710097
1.7488297872340426    -0.11371094400396259
1.7506382978723405    -0.11622382094030634
1.7524468085106384    -0.11770544243205616
1.7542553191489363    -0.11653893942229643
1.7560638297872342    -0.11237413486746078
1.7578723404255319    -0.10629289438953582
1.7596808510638298    -0.09987546998190874
1.7614893617021277    -0.09395001723175189
1.7632978723404256    -0.0880595169108026
1.7651063829787235    -0.08108001114635432
1.7669148936170214    -0.07245758382558146
1.7687234042553193    -0.06299777191523007
1.7705319148936172    -0.054493397137653735
1.7723404255319148    -0.04843889213127016
1.7741489361702127    -0.0448616264636663
1.7759574468085106    -0.042248446187819755
1.7777659574468085    -0.03868393487843365
1.7795744680851064    -0.03333974953012937
1.7813829787234043    -0.027158275560384665
1.7831914893617022    -0.022202854943637156
1.7850000000000001    -0.020191594843308486
1.7868085106382978    -0.021349277271441522
1.7886170212765957    -0.02441714077973773
1.7904255319148936    -0.02771611586986364
1.7922340425531915    -0.030345878823778205
1.7940425531914894    -0.0325674287810601
1.7958510638297873    -0.035150612346456445
1.7976595744680852    -0.038333694727922765
1.7994680851063831    -0.041323738541752544
1.8012765957446808    -0.04276174453395237
1.8030851063829787    -0.04174178272511668
1.8048936170212766    -0.03851725936705104
1.8067021276595745    -0.034311296658472004
1.8085106382978724    -0.030402092164596314
1.8103191489361703    -0.027232230586071625
1.8121276595744682    -0.02422758998006154
1.813936170212766    -0.020398238408333352
1.8157446808510638    -0.015170119041120159
1.8175531914893617    -0.008772613719896485
1.8193617021276596    -0.0019411121067523327
1.8211702127659575    0.00472431579008706
1.8229787234042554    0.011170634556265309
1.8247872340425533    0.017775591826898668
1.8265957446808512    0.02489947709395106
1.828404255319149    0.0325634197829274
1.8302127659574468    0.04053427300102358
1.8320212765957447    0.04867532779925886
1.8338297872340426    0.057163041213865784
1.8356382978723405    0.06630875533197116
1.8374468085106384    0.07612286654211438
1.8392553191489363    0.08604049826404193
1.8410638297872342    0.09512274067862032
1.842872340425532    0.1026362564556066
1.8446808510638297    0.10855624697887735
1.8464893617021276    0.11355655184507783
1.8482978723404255    0.11844964156603423
1.8501063829787234    0.12349522822115251
1.8519148936170213    0.12812890477586536
1.8537234042553192    0.13135053454462936
1.8555319148936171    0.1324948802598278
1.857340425531915    0.1317914676891137
1.859148936170213    0.13025971640784162
1.8609574468085106    0.12898056004072456
1.8627659574468085    0.1282649425970021
1.8645744680851064    0.12734005181850566
1.8663829787234043    0.1248135284967295
1.8681914893617022    0.11961197472895632
1.87    0.11173287379628649
1.871808510638298    0.10226443626518933
1.873617021276596    0.09264388110716637
1.8754255319148936    0.0836761918134461
1.8772340425531915    0.07501990625284821
1.8790425531914894    0.065515805373807
1.8808510638297873    0.05411553751742204
1.8826595744680852    0.040713935972521265
1.884468085106383    0.02625265195741458
1.886276595744681    0.012017156059413316
1.8880851063829789    -0.0013164934029443378
1.8898936170212766    -0.014113490768859286
1.8917021276595745    -0.02731832793935423
1.8935106382978724    -0.0414508800440983
1.8953191489361703    -0.055886931522178614
1.8971276595744682    -0.06906643655273542
1.898936170212766    -0.07954154379315356
1.900744680851064    -0.08706972850525124
1.9025531914893619    -0.0928637070559448
1.9043617021276595    -0.09874137692482979
1.9061702127659574    -0.1057905947688983
1.9079787234042553    -0.11356914549464472
1.9097872340425532    -0.12045469703970507
1.9115957446808511    -0.12485928491825105
1.913404255319149    -0.12635697108615934
1.915212765957447    -0.12587986395410633
1.9170212765957448    -0.12491292369418205
1.9188297872340425    -0.12440675620260438
1.9206382978723404    -0.12428224029139692
1.9224468085106383    -0.12382837638430261
1.9242553191489362    -0.12252020486221196
1.9260638297872341    -0.12047945459505127
1.927872340425532    -0.11819996491587953
1.92968085106383    -0.11586969589473664
1.9314893617021278    -0.11299038254516539
1.9332978723404255    -0.10870222834920393
1.9351063829787234    -0.10254900476072404
1.9369148936170213    -0.0949893195434734
1.9387234042553192    -0.08716426669121591
1.940531914893617    -0.0800849072508914
1.942340425531915    -0.07391893304205435
1.944148936170213    -0.06797742838978565
1.9459574468085108    -0.06140440257216298
1.9477659574468085    -0.053981013544589465
1.9495744680851064    -0.046378761315275865
1.9513829787234043    -0.039677784843205166
1.9531914893617022    -0.034575712505304806
1.955    -0.030933654609804864
1.956808510638298    -0.027982668642299813
1.9586170212765959    -0.0249559636909591
1.9604255319148938    -0.021597862662984288
1.9622340425531914    -0.018163562115359237
1.9640425531914893    -0.014982117862971316
1.9658510638297872    -0.012004517775107068
1.9676595744680851    -0.008728021276247697
1.969468085106383    -0.004543618316188006
1.971276595744681    0.0007954612354680005
1.9730851063829788    0.006964285067048983
1.9748936170212767    0.013271064420630354
1.9767021276595744    0.019105895662479763
1.9785106382978723    0.024289220247800974
1.9803191489361702    0.0290681066755957
1.9821276595744681    0.033781476434847815
1.983936170212766    0.038465681168641616
1.985744680851064    0.0427215090479313
1.9875531914893618    0.045973569683137566
1.9893617021276597    0.04794904074942588
1.9911702127659574    0.04900327774372695
1.9929787234042553    0.049992898171086514
1.9947872340425532    0.05172542317165925
1.996595744680851    0.05437173145957003
1.998404255319149    0.05731956546117939
2.0002127659574467    0.05964834678395449
2.0020212765957446    0.060906774650879555
2.0038297872340425    0.06157414844408471
2.0056382978723404    0.06277628598054157
2.0074468085106383    0.06541176254758747
2.009255319148936    0.06936456578810539
2.011063829787234    0.07347242675103725
2.012872340425532    0.07633583231751086
2.01468085106383    0.07734703352282442
2.016489361702128    0.0770974046127431
2.0182978723404257    0.07681259266525088
2.0201063829787236    0.07728233186007917
2.0219148936170215    0.07819770739141275
2.0237234042553194    0.0784760029126468
2.0255319148936173    0.07730357056844182
2.0273404255319147    0.0749881283984322
2.0291489361702126    0.07284970838811168
2.0309574468085105    0.07219350028786235
2.0327659574468084    0.073204028144164
2.0345744680851063    0.07469060943601195
2.0363829787234042    0.07491736212944368
2.038191489361702    0.07286163399884367
2.04    0.06891275631384146
2.041808510638298    0.06450755864766432
2.043617021276596    0.06106293558437721
2.0454255319148937    0.059076942434283505
2.0472340425531916    0.05803748482337828
2.0490425531914895    0.057060145782950586
2.0508510638297874    0.055614744617522055
2.0526595744680853    0.053741783153325104
2.0544680851063832    0.051696403448794184
2.0562765957446807    0.049469619543678234
2.0580851063829786    0.04668210001697676
2.0598936170212765    0.042935994220930335
2.0617021276595744    0.038257578820962646
2.0635106382978723    0.033182720262100424
2.06531914893617    0.028379064250475587
2.067127659574468    0.024132585496249498
2.068936170212766    0.02015677420412918
2.070744680851064    0.01590159215841986
2.072553191489362    0.011102293274495231
2.0743617021276597    0.006096611939053524
2.0761702127659576    0.0016293600393181389
2.0779787234042555    -0.0017101415115658837
2.0797872340425534    -0.003966294756889806
2.0815957446808513    -0.005821545671974421
2.083404255319149    -0.008112277027014635
2.085212765957447    -0.011228122815227781
2.0870212765957445    -0.0148604561075363
2.0888297872340424    -0.01829625855559027
2.0906382978723403    -0.021030296481782305
2.0924468085106382    -0.023216737935018585
2.094255319148936    -0.025594777997780725
2.096063829787234    -0.028919223359050762
2.097872340425532    -0.033309960970266075
2.09968085106383    -0.038014037574903625
2.1014893617021277    -0.04178439757390123
2.1032978723404256    -0.043629947640754146
2.1051063829787235    -0.04341541079878847
2.1069148936170214    -0.04189434452820841
2.1087234042553193    -0.04016926646211903
2.1105319148936172    -0.03898323805933236
2.112340425531915    -0.03835050976650389
2.114148936170213    -0.037755911830127956
2.1159574468085105    -0.03671155526330018
2.1177659574468084    -0.03519884544546159
2.1195744680851063    -0.03364551061675958
2.121382978723404    -0.032489116174913096
2.123191489361702    -0.031730649132013955
2.125    -0.030889886953294338
2.126808510638298    -0.029424190293040574
2.128617021276596    -0.02725399316733481
2.1304255319148937    -0.024914862901321867
2.1322340425531916    -0.023155450119340386
2.1340425531914895    -0.022287317758603646
2.1358510638297874    -0.021846685876431626
2.1376595744680853    -0.020902826063580293
2.139468085106383    -0.01880452104987624
2.141276595744681    -0.015754188106828416
2.143085106382979    -0.01270781796659011
2.1448936170212765    -0.010655563206727007
2.1467021276595744    -0.009873375460997976
2.1485106382978723    -0.009772689509031818
2.15031914893617    -0.009461195499783435
2.152127659574468    -0.008507911587182983
2.153936170212766    -0.00723568706430432
2.155744680851064    -0.00630275748916858
2.1575531914893618    -0.005985076346398067
2.1593617021276597    -0.0058365495568347865
2.1611702127659576    -0.005043411768250652
2.1629787234042555    -0.0031447529285061997
2.1647872340425534    -0.0004680813183414352
2.1665957446808513    0.002082483211337581
2.168404255319149    0.003643582720219155
2.170212765957447    0.0038401956503279658
2.172021276595745    0.002724200860402396
2.1738297872340424    0.0003980533267417506
2.1756382978723403    -0.0032049443734014672
2.177446808510638    -0.008155380027197878
2.179255319148936    -0.014223897150530433
2.181063829787234    -0.020863307669024785
2.182872340425532    -0.027580670000828485
2.18468085106383    -0.03433208387869717
2.1864893617021277    -0.04148318043221841
2.1882978723404256    -0.04930777439002951
2.1901063829787235    -0.05751345076159857
2.1919148936170214    -0.06531981534794305
2.1937234042553193    -0.07208196368582896
2.195531914893617    -0.07786774865860173
2.197340425531915    -0.08338016850821998
2.199148936170213    -0.08923188523521454
2.200957446808511    -0.09523687039606578
2.2027659574468084    -0.10041453585388059
2.2045744680851063    -0.10374277421761881
2.206382978723404    -0.10498105288581115
2.208191489361702    -0.10481689396142933
2.21    -0.10423446217131065
2.211808510638298    -0.10372218070924634
2.2136170212765958    -0.1030288314577978
2.2154255319148937    -0.10158966476816376
2.2172340425531916    -0.09910072542249575
2.2190425531914895    -0.09566672406054767
2.2208510638297874    -0.09148828502267474
2.2226595744680853    -0.08657017802737045
2.224468085106383    -0.08085856632379103
2.226276595744681    -0.07464891023978372
2.228085106382979    -0.06869838540424521
2.229893617021277    -0.0637239783232998
2.2317021276595743    -0.05965330103000813
2.233510638297872    -0.055388813531805636
2.23531914893617    -0.04946795533902962
2.237127659574468    -0.041158702282728346
2.238936170212766    -0.03104611655636358
2.240744680851064    -0.02055900614366752
2.2425531914893617    -0.010827056048201007
2.2443617021276596    -0.0018667277655317425
2.2461702127659575    0.007211151142697933
2.2479787234042554    0.01721253514619783
2.2497872340425533    0.028018250347568236
2.251595744680851    0.03863533044814467
2.253404255319149    0.04804011332371477
2.255212765957447    0.05600599965559942
2.257021276595745    0.06317884226179306
2.258829787234043    0.07039393244543617
2.2606382978723403    0.07791096287675352
2.262446808510638    0.08526206031047544
2.264255319148936    0.09179458832626726
2.266063829787234    0.09734622435447433
2.267872340425532    0.10240124430049453
2.2696808510638298    0.10759048324821889
2.2714893617021277    0.11301549963899517
2.2732978723404256    0.11803544648157764
2.2751063829787235    0.12172536824955056
2.2769148936170214    0.1235991299895887
2.2787234042553193    0.12394766844247752
2.280531914893617    0.12349196585745069
2.282340425531915    0.12267650943896273
2.284148936170213    0.12126398851479138
2.285957446808511    0.11861953189759315
2.2877659574468088    0.11442790714960362
2.2895744680851062    0.10916392791547531
2.291382978723404    0.10384887504775771
2.293191489361702    0.09929978323465134
2.295    0.09557853324796588
2.296808510638298    0.09216887579431345
2.2986170212765957    0.08869301115436144
2.3004255319148936    0.08542248303579754
2.3022340425531915    0.08302556974381183
2.3040425531914894    0.08178073951900987
2.3058510638297873    0.08108686487645471
2.3076595744680852    0.07986033559355919
2.309468085106383    0.07751043697671904
2.311276595744681    0.07453017541875877
2.313085106382979    0.07205125752059467
2.314893617021277    0.07074009073741004
2.3167021276595747    0.07012150220667036
2.3185106382978726    0.06903259386513645
2.32031914893617    0.0667650866250802
2.322127659574468    0.06371710795814005
2.323936170212766    0.06085024140813032
2.325744680851064    0.05849390368022926
2.3275531914893617    0.05576806707750083
2.3293617021276596    0.05130410915747774
2.3311702127659575    0.044599354851819595
2.3329787234042554    0.03663807684044457
2.3347872340425533    0.029116637384329014
2.336595744680851    0.023021044764691044
2.338404255319149    0.017955481517860375
2.340212765957447    0.012824624117437119
2.342021276595745    0.007070277456976887
2.343829787234043    0.001139501063073053
2.3456382978723407    -0.004240492469063547
2.3474468085106386    -0.009076693013786927
2.349255319148936    -0.01420694610459286
2.351063829787234    -0.020327724418518392
2.352872340425532    -0.027047857894479235
2.3546808510638297    -0.03309890652323693
2.3564893617021276    -0.037576899766651135
2.3582978723404255    -0.040904665690355495
2.3601063829787234    -0.044422776982367206
2.3619148936170213    -0.048963860381151005
2.3637234042553192    -0.053897695364611094
2.365531914893617    -0.05769862666738553
2.367340425531915    -0.05949711558434551
2.369148936170213    -0.060010446656311243
2.370957446808511    -0.060856506351148844
2.3727659574468087    -0.06292189996720793
2.3745744680851066    -0.06543828335922025
2.3763829787234045    -0.06669743117397425
2.378191489361702    -0.06567659644604373
2.38    -0.06297293404807897
2.381808510638298    -0.060210710404406856
2.3836170212765957    -0.058621088453302134
2.3854255319148936    -0.05820324126817217
2.3872340425531915    -0.058125528444971764
2.3890425531914894    -0.05773027899505209
2.3908510638297873    -0.05704219487559965
2.392659574468085    -0.056407033268282114
2.394468085106383    -0.05587341302152918
2.396276595744681    -0.0550888634971573
2.398085106382979    -0.0537589428788362
2.399893617021277    -0.052041222466195164
2.4017021276595747    -0.050383280476948775
2.4035106382978726    -0.04902236072730963
2.4053191489361705    -0.047757936428457645
2.407127659574468    -0.04624066332572395
2.408936170212766    -0.044382023206290755
2.4107446808510637    -0.04236860596115702
2.4125531914893616    -0.0402906278694877
2.4143617021276595    -0.03789774769955637
2.4161702127659574    -0.034845266767702776
2.4179787234042553    -0.031170239931222588
2.4197872340425532    -0.027410895702543035
2.421595744680851    -0.024173267551114944
2.423404255319149    -0.021602191010463047
2.425212765957447    -0.01934130372178383
2.427021276595745    -0.017001530850753538
2.4288297872340427    -0.014571027767244137
2.4306382978723406    -0.012299696111124917
2.4324468085106385    -0.01025820678493427
2.4342553191489364    -0.008183994424276909
2.436063829787234    -0.005856577576142604
2.437872340425532    -0.0035270458789871846
2.4396808510638297    -0.0017680682161713215
2.4414893617021276    -0.0007809871132063487
2.4432978723404255    6.383226019324986e-05
2.4451063829787234    0.001802302394311546
2.4469148936170213    0.004873806451997628
2.448723404255319    0.00858032091122826
2.450531914893617    0.011656576690440202
2.452340425531915    0.013426916934624304
2.454148936170213    0.014350661676305316
2.455957446808511    0.015378347710505233
2.4577659574468087    0.01681932521219534
2.4595744680851066    0.017950292297395948
2.4613829787234045    0.017771241915253866
2.4631914893617024    0.0160466319835361
2.465    0.013474229139700401
2.4668085106382978    0.010831424264083515
2.4686170212765957    0.008113591799429196
2.4704255319148936    0.004673547932243796
2.4722340425531915    0.0001996038739698917
2.4740425531914894    -0.004626383361939021
2.4758510638297873    -0.008617493015249365
2.477659574468085    -0.011242871184174812
2.479468085106383    -0.013194070641930403
2.481276595744681    -0.01571621526922713
2.483085106382979    -0.019416747882319927
2.4848936170212768    -0.023823233335331945
2.4867021276595747    -0.028103618009893378
2.4885106382978726    -0.03206579162584103
2.4903191489361705    -0.03628097147759467
2.4921276595744684    -0.04121614357626732
2.493936170212766    -0.046415285915172896
2.4957446808510637    -0.050723950839257986
2.4975531914893616    -0.053365806515855665
2.4993617021276595    -0.054699756806391955
2.5011702127659574    -0.05581285304173007
2.5029787234042553    -0.05736366964802869
2.504787234042553    -0.05888515910571715
2.506595744680851    -0.059239504114902405
2.508404255319149    -0.05770262007977378
2.510212765957447    -0.05457041876262907
2.512021276595745    -0.050780163120574956
2.5138297872340427    -0.047074360577986266
2.5156382978723406    -0.04357280290541485
2.5174468085106385    -0.0400181018750462
2.5192553191489364    -0.03622133085534274
2.5210638297872343    -0.03217965293517186
2.5228723404255318    -0.027886187692086964
2.5246808510638297    -0.023238852878851933
2.5264893617021276    -0.01822616858650026
2.5282978723404255    -0.013101802830510823
2.5301063829787234    -0.008217909071691367
2.5319148936170213    -0.0036442036331029264
2.533723404255319    0.0009499618936564653
2.535531914893617    0.0059274541306143964
2.537340425531915    0.011195516880188168
2.539148936170213    0.016161892519385986
2.5409574468085108    0.020223288893333673
2.5427659574468087    0.023268366237336555
2.5445744680851066    0.025664087327233204
2.5463829787234045    0.027795667980660316
2.5481914893617024    0.029726928010823172
2.5500000000000003    0.03134875828567345
2.551808510638298    0.03274938988853478
2.5536170212765956    0.03426574810474421
2.5554255319148935    0.036106952510644
2.5572340425531914    0.03803625164722266
2.5590425531914893    0.03958486446544686
2.560851063829787    0.040619954726449914
2.562659574468085    0.0415880659552863
2.564468085106383    0.043064872849348415
2.566276595744681    0.04505452289444063
2.568085106382979    0.04683895927671389
2.5698936170212767    0.047608552693415046
2.5717021276595746    0.04722802040299706
2.5735106382978725    0.0463211938162222
2.5753191489361704    0.045610623464429345
2.5771276595744683    0.045263076168651106
2.578936170212766    0.04493238622443235
2.580744680851064    0.044347622653394134
2.5825531914893616    0.04367760308762611
2.5843617021276595    0.043236999218274036
2.5861702127659574    0.042956457490360686
2.5879787234042553    0.04235643974795861
2.589787234042553    0.041135942134785955
2.591595744680851    0.039673274260184216
2.593404255319149    0.03875713636863763
2.595212765957447    0.038753658830883095
2.5970212765957448    0.03913173724142627
2.5988297872340427    0.038929494375080254
2.6006382978723406    0.037694271714572986
2.6024468085106385    0.035874860797937114
2.6042553191489364    0.03424731219558155
2.6060638297872343    0.033035802831435104
2.607872340425532    0.031710060649183205
2.60968085106383    0.02964671513599554
2.6114893617021275    0.026868337442868755
2.6132978723404254    0.024037115813479462
2.6151063829787233    0.02177550102401165
2.6169148936170212    0.02012937960297051
2.618723404255319    0.01872852941655625
2.620531914893617    0.017313729819975116
2.622340425531915    0.015898725203010465
2.624148936170213    0.014387136980476369
2.6259574468085107    0.012237349601850894
2.6277659574468086    0.00875580623088804
2.6295744680851065    0.0037884827079213423
2.6313829787234044    -0.002009359649818982
2.6331914893617023    -0.007724465792005511
2.6350000000000002    -0.012982735196577088
2.636808510638298    -0.01807996562793672
2.638617021276596    -0.02330190299918402
2.6404255319148935    -0.028278017940163956
2.6422340425531914    -0.03220977692871659
2.6440425531914893    -0.03476228446867926
2.645851063829787    -0.03654530093105444
2.647659574468085    -0.03851726596781394
2.649468085106383    -0.04091359152327779
2.651276595744681    -0.042939691539185094
2.653085106382979    -0.043659506674339495
2.6548936170212767    -0.04312660652681353
2.6567021276595746    -0.04245713656785723
2.6585106382978725    -0.042695563204665464
2.6603191489361704    -0.043697570335630105
2.6621276595744683    -0.04426969110100643
2.663936170212766    -0.04341489717567152
2.665744680851064    -0.04130756780019088
2.667553191489362    -0.03895290717009713
2.6693617021276594    -0.03698486388648075
2.6711702127659573    -0.03500140209384301
2.6729787234042552    -0.03216257976892609
2.674787234042553    -0.02829555165983858
2.676595744680851    -0.024184888313695863
2.678404255319149    -0.020708589194045182
2.680212765957447    -0.017838873564793245
2.6820212765957447    -0.014677687997735452
2.6838297872340426    -0.010486874147866684
2.6856382978723405    -0.0055301321095943615
2.6874468085106384    -0.0007877990647079816
2.6892553191489363    0.003081538126235627
2.6910638297872342    0.006323428852513523
2.692872340425532    0.009595814465211225
2.69468085106383    0.013064971297632524
2.696489361702128    0.016201848506318325
2.6982978723404254    0.018509438430823713
2.7001063829787233    0.020273113495250093
2.701914893617021    0.022388338341381528
2.703723404255319    0.025419258970993563
2.705531914893617    0.028967849481561204
2.707340425531915    0.03208980923430487
2.709148936170213    0.03428356319212924
2.7109574468085107    0.03592016883587725
2.7127659574468086    0.03764107561303743
2.7145744680851065    0.039455384815343976
2.7163829787234044    0.040618392749570416
2.7181914893617023    0.04046623359749386
2.72    0.03926510536169476
2.721808510638298    0.03808735338839744
2.723617021276596    0.037800999065250245
2.725425531914894    0.03824047420566152
2.7272340425531914    0.038427640207868784
2.7290425531914893    0.037580019319075654
2.730851063829787    0.03583644169089067
2.732659574468085    0.03399581222792299
2.734468085106383    0.03263834292948275
2.736276595744681    0.031591074123456554
2.7380851063829788    0.03023061418123424
2.7398936170212767    0.028188713665411043
2.7417021276595746    0.025673093469185802
2.7435106382978725    0.023145454117723396
2.7453191489361704    0.020831663059259174
2.7471276595744683    0.018645825680393815
2.748936170212766    0.01653782225174468
2.750744680851064    0.014741614306323661
2.752553191489362    0.0135369025429329
2.75436170212766    0.012768094210851188
2.7561702127659573    0.011739990667907933
2.757978723404255    0.009758170520314666
2.759787234042553    0.006851513231277296
2.761595744680851    0.003906787238698374
2.763404255319149    0.0019524756829480804
2.765212765957447    0.0011874789985735134
2.7670212765957447    0.0006865310934218829
2.7688297872340426    -0.0008660639843199811
2.7706382978723405    -0.004040906922375563
2.7724468085106384    -0.008174189485022732
2.7742553191489363    -0.01198773419871994
2.776063829787234    -0.014725416562199535
2.777872340425532    -0.01671717353833918
2.77968085106383    -0.018856474181005264
2.781489361702128    -0.021567321115423276
2.783297872340426    -0.024341643509605056
2.7851063829787237    -0.0263155956644944
2.786914893617021    -0.027244073322829736
2.788723404255319    -0.027795299152765206
2.790531914893617    -0.028813060395874265
2.792340425531915    -0.030332810558315694
2.7941489361702128    -0.03145389307011424
2.7959574468085107    -0.03127604841626307
2.7977659574468086    -0.029936323110750174
2.7995744680851065    -0.028617408461995925
2.8013829787234044    -0.02846726742838855
2.8031914893617023    -0.02954223410611346
2.805    -0.030877269468980728
2.806808510638298    -0.03158241081225904
2.808617021276596    -0.03176875147090008
2.810425531914894    -0.03232129099044462
2.8122340425531918    -0.0338179682756717
2.8140425531914897    -0.03581887210434111
2.815851063829787    -0.03729923150052848
2.817659574468085    -0.037703829372665615
2.819468085106383    -0.037429307828674166
2.821276595744681    -0.037235301375143665
2.8230851063829787    -0.037324217579053895
2.8248936170212766    -0.03718392558769125
2.8267021276595745    -0.03636379207613495
2.8285106382978724    -0.035236516001139376
2.8303191489361703    -0.03478847135643681
2.832127659574468    -0.03559779385539441
2.833936170212766    -0.037120564482058124
2.835744680851064    -0.03810691348160046
2.837553191489362    -0.03774322668614093
2.83936170212766    -0.03633784841432694
2.8411702127659577    -0.03488330057025962
2.8429787234042556    -0.03402779995911856
2.844787234042553    -0.03354221573182081
2.846595744680851    -0.03273309920817229
2.848404255319149    -0.03121945799444846
2.8502127659574468    -0.029210903672719106
2.8520212765957447    -0.02710564096104577
2.8538297872340426    -0.0249952276252198
2.8556382978723405    -0.02265406067782573
2.8574468085106384    -0.019925479734760353
2.8592553191489363    -0.01695453921127004
2.861063829787234    -0.013983509248614277
2.862872340425532    -0.011020682919361133
2.86468085106383    -0.007851146913751269
2.866489361702128    -0.004402585925107859
2.8682978723404258    -0.0010025166693695998
2.8701063829787237    0.0018339851611051626
2.8719148936170216    0.0038921961690012094
2.873723404255319    0.005496240356151474
2.875531914893617    0.0072539208149815775
2.877340425531915    0.009602741294334813
2.8791489361702127    0.012611581136923794
2.8809574468085106    0.016127590286673585
2.8827659574468085    0.019958705012077617
2.8845744680851064    0.02383827217954125
2.8863829787234043    0.027312897316843922
2.8881914893617022    0.02987446589012218
2.89    0.03134990292521578
2.891808510638298    0.03214107260233802
2.893617021276596    0.03294279030490689
2.895425531914894    0.0341051154532892
2.8972340425531917    0.035259135330972705
2.8990425531914896    0.03563528806578166
2.9008510638297875    0.03481182422297306
2.902659574468085    0.033164750773287344
2.904468085106383    0.031568069324926534
2.906276595744681    0.030642636170040337
2.9080851063829787    0.030293497267171683
2.9098936170212766    0.02995595312155222
2.9117021276595745    0.029239347622895234
2.9135106382978724    0.02828090827474085
2.9153191489361703    0.02747114457147483
2.917127659574468    0.026894087933108136
2.918936170212766    0.026120060849798094
2.920744680851064    0.024603408997931092
2.922553191489362    0.022290075670078714
2.92436170212766    0.019803627024717607
2.9261702127659577    0.017990044690141045
2.9279787234042556    0.017236876501032235
2.9297872340425535    0.017202743582239437
2.931595744680851    0.017189925203003602
2.933404255319149    0.01677949510553567
2.9352127659574467    0.016129770393631178
2.9370212765957446    0.01570504499354765
2.9388297872340425    0.01575934178536173
2.9406382978723404    0.0160923667097738
2.9424468085106383    0.016267246469398505
2.9442553191489362    0.016009331936425487
2.946063829787234    0.015379109773226977
2.947872340425532    0.014614253923786881
2.94968085106383    0.0138921327175929
2.951489361702128    0.013283450734081093
2.9532978723404257    0.012874618075801633
2.9551063829787236    0.012813192503276154
2.9569148936170215    0.013151215261274454
2.9587234042553194    0.013666583266074547
2.960531914893617    0.01393799646330865
2.962340425531915    0.013685971150320487
2.9641489361702127    0.01306079643237728
2.9659574468085106    0.012554646365429724
2.9677659574468085    0.012574956263997048
2.9695744680851064    0.013062137692675828
2.9713829787234043    0.013499646733880977
2.973191489361702    0.013294806658568071
2.975    0.012190927171262498
2.976808510638298    0.010395055326333776
2.978617021276596    0.008384138678659357
2.980425531914894    0.0065841455183801925
2.9822340425531917    0.005136877036433729
2.9840425531914896    0.0038595836835840815
2.9858510638297875    0.0023986416520127727
2.9876595744680854    0.0004971895829613145
2.989468085106383    -0.001790151720853685
2.9912765957446807    -0.004120158494271954
2.9930851063829786    -0.006145884372075304
2.9948936170212765    -0.007827916211262826
2.9967021276595744    -0.009457565333834619
2.9985106382978723    -0.011342318075590429
3.0003191489361702    -0.013476136512785229
3.002127659574468    -0.01556053213348752
3.003936170212766    -0.017350624247507024
3.005744680851064    -0.01890442161940841
3.007553191489362    -0.02041293276072323
3.0093617021276597    -0.02181195520366943
3.0111702127659576    -0.022692722908025473
3.0129787234042555    -0.02269649332693162
3.0147872340425534    -0.021949865290065727
3.0165957446808513    -0.02096366207982158
3.0184042553191492    -0.020029577653347334
3.0202127659574467    -0.01881506663632547
3.0220212765957446    -0.016718361464924544
3.0238297872340425    -0.013663008924320378
3.0256382978723404    -0.010406104757041418
3.0274468085106383    -0.007904360553633371
3.029255319148936    -0.006369855052724671
3.031063829787234    -0.005081567885428047
3.032872340425532    -0.0032143151668603334
3.03468085106383    -0.0007801874767435898
3.036489361702128    0.0013803226468602477
3.0382978723404257    0.0025406726974133197
3.0401063829787236    0.0028733467670396546
3.0419148936170215    0.003187534524329608
3.0437234042553194    0.003969876196142417
3.0455319148936173    0.004877560302015454
3.047340425531915    0.0052412361634172466
3.0491489361702127    0.004894020639103354
3.0509574468085106    0.00428217869889312
3.0527659574468085    0.0037661976524008857
3.0545744680851064    0.003077864336253366
3.0563829787234043    0.0017059683565042892
3.058191489361702    -0.00024409860166622823
3.06    -0.0018750849884327815
3.061808510638298    -0.0023855668546431405
3.063617021276596    -0.0020366605932991833
3.0654255319148938    -0.0019815261474902665
3.0672340425531917    -0.0030324001914048167
3.0690425531914896    -0.004749881413719184
3.0708510638297875    -0.005943638122376866
3.0726595744680854    -0.006042694264985652
3.0744680851063833    -0.005746688028821165
3.076276595744681    -0.006188470792385533
3.0780851063829786    -0.007585688197296675
3.0798936170212765    -0.00896208922069731
3.0817021276595744    -0.00925393460183331
3.0835106382978723    -0.008490000031368794
3.08531914893617    -0.007678430158831979
3.087127659574468    -0.007589518039731803
3.088936170212766    -0.007907736327373084
3.090744680851064    -0.007720381312400404
3.092553191489362    -0.006675366324740514
3.0943617021276597    -0.005374212307680945
3.0961702127659576    -0.004560278804497213
3.0979787234042555    -0.004153560948039491
3.0997872340425534    -0.003341538397334483
3.1015957446808513    -0.0016036932775836286
3.103404255319149    0.0006076768527211417
3.105212765957447    0.0023730538286971105
3.1070212765957446    0.0033779721641539963
3.1088297872340425    0.0042484141615420235
3.1106382978723404    0.005758512073736047
3.1124468085106383    0.007885234389840155
3.114255319148936    0.00983927942934244
3.116063829787234    0.010995822253125998
3.117872340425532    0.011581117852461457
3.11968085106383    0.012316765880721333
3.1214893617021278    0.013504140871417113
3.1232978723404257    0.014667054165511981
3.1251063829787236    0.015135639200279116
3.1269148936170215    0.014809071146151705
3.1287234042553194    0.014177464925664952
3.1305319148936173    0.013639722686682357
3.132340425531915    0.013000503414753659
3.134148936170213    0.011752672322095602
3.1359574468085105    0.009759211906512109
3.1377659574468084    0.007484428135000252
3.1395744680851063    0.00551150641831805
3.141382978723404    0.003945735236481082
3.143191489361702    0.0023939550850756337
3.145    0.0004883137804202577
3.146808510638298    -0.0016912213481479522
3.148617021276596    -0.0037465947299154976
3.1504255319148937    -0.005417130043870319
3.1522340425531916    -0.00681631955137521
3.1540425531914895    -0.008248243442977234
3.1558510638297874    -0.00989387586883575
3.1576595744680853    -0.011712136140334267
3.159468085106383    -0.013562850807019043
3.161276595744681    -0.015324096699579494
3.163085106382979    -0.016890646084469788
3.1648936170212765    -0.018149656693396125
3.1667021276595744    -0.019024113293377956
3.1685106382978723    -0.01952135403784079
3.17031914893617    -0.01970038354619732
3.172127659574468    -0.019611078651819623
3.173936170212766    -0.01931156364132429
3.175744680851064    -0.018922861794099244
3.1775531914893618    -0.01856864216886457
3.1793617021276597    -0.01820467048328573
3.1811702127659576    -0.017582321859976983
3.1829787234042555    -0.016510353808582692
3.1847872340425534    -0.01517279806990774
3.1865957446808513    -0.014056289742465648
3.188404255319149    -0.013431623337534122
3.190212765957447    -0.012942103006592015
3.192021276595745    -0.011872575261821647
3.1938297872340424    -0.009926833015280575
3.1956382978723403    -0.007657023126556733
3.1974468085106382    -0.005975239337453385
3.199255319148936    -0.005222947222040994
3.201063829787234    -0.004856251895999711
3.202872340425532    -0.00414302246762043
3.20468085106383    -0.003070607089369161
3.2064893617021277    -0.00237153906605318
3.2082978723404256    -0.002604904550373611
3.2101063829787235    -0.0033823129117166303
3.2119148936170214    -0.00369060245452297
3.2137234042553193    -0.0029642381948520955
3.2155319148936172    -0.0016585785124446934
3.217340425531915    -0.0006726949148297763
3.219148936170213    -0.00034219322274092355
3.220957446808511    -0.00019583157866649313
3.2227659574468084    0.0003103824712787884
3.2245744680851063    0.001059741790499261
3.226382978723404    0.0014498003280922545
3.228191489361702    0.0011886335092074797
3.23    0.000651986627726383
3.231808510638298    0.00035960099933720073
3.233617021276596    0.0003036266087311961
3.2354255319148937    4.711902277003871e-05
3.2372340425531916    -0.0005361517674529886
3.2390425531914895    -0.0009032507351191339
3.2408510638297874    -0.00042053786388528743
3.2426595744680853    0.0008198855454027634
3.244468085106383    0.0020354463598201873
3.246276595744681    0.002679378686082046
3.248085106382979    0.0031159705335278964
3.249893617021277    0.004147328195456413
3.251702127659575    0.0059309477362069095
3.2535106382978722    0.007649847348442317
3.25531914893617    0.00840593913057601
3.257127659574468    0.008268551844793932
3.258936170212766    0.008168965776781965
3.260744680851064    0.00874522237244808
3.2625531914893617    0.009564923956609794
3.2643617021276596    0.009704992126284652
3.2661702127659575    0.00897225739241228
3.2679787234042554    0.00822716588608638
3.2697872340425533    0.008381508086490613
3.2715957446808512    0.00931156734570511
3.273404255319149    0.01005670875343236
3.275212765957447    0.010071471894831614
3.277021276595745    0.00996112108921229
3.278829787234043    0.010747927453980604
3.2806382978723407    0.012543387388647787
3.282446808510638    0.014268951130988201
3.284255319148936    0.01480744521182362
3.286063829787234    0.014225885372279565
3.287872340425532    0.013626022009232505
3.28968085106383    0.01383656508426961
3.2914893617021277    0.014517297364395196
3.2932978723404256    0.014678345568996536
3.2951063829787235    0.013894473373573163
3.2969148936170214    0.012742205146947114
3.2987234042553193    0.012040259921553095
3.300531914893617    0.011926239319529821
3.302340425531915    0.011868845700271774
3.304148936170213    0.011447278705702224
3.305957446808511    0.010819412297017373
3.307765957446809    0.010345417042608725
3.3095744680851067    0.009997165209821433
3.311382978723404    0.009401594188604999
3.313191489361702    0.008420010904057116
3.315    0.007399625285426793
3.316808510638298    0.006701785256211458
3.3186170212765957    0.006158009956909705
3.3204255319148936    0.005265530996232599
3.3222340425531915    0.0039353143405141105
3.3240425531914894    0.0027787323465510577
3.3258510638297873    0.0024388566259631378
3.3276595744680852    0.0027383020864080844
3.329468085106383    0.0027625471495141083
3.331276595744681    0.0018767247643247413
3.333085106382979    0.0004564590490718414
3.334893617021277    -0.0006093558101746127
3.3367021276595747    -0.0010775663421585847
3.3385106382978726    -0.001735357800337108
3.34031914893617    -0.0034808579801092034
3.342127659574468    -0.0061788511307988075
3.343936170212766    -0.008689672457639672
3.345744680851064    -0.010074691826008099
3.3475531914893617    -0.010568904453726907
3.3493617021276596    -0.011202128513030075
3.3511702127659575    -0.01257003977144417
3.3529787234042554    -0.014221505245261636
3.3547872340425533    -0.015309235577184166
3.356595744680851    -0.015619189386009487
3.358404255319149    -0.015729151874873587
3.360212765957447    -0.016206186178520286
3.362021276595745    -0.016920632018740035
3.363829787234043    -0.017309033998649158
3.3656382978723407    -0.017171373866766253
3.3674468085106386    -0.016955202794979876
3.369255319148936    -0.017198571082942468
3.371063829787234    -0.01787820428498251
3.372872340425532    -0.018472443993576143
3.3746808510638298    -0.01860008502744246
3.3764893617021277    -0.01840354789779433
3.3782978723404256    -0.018251235193825696
3.3801063829787235    -0.01822552296914274
3.3819148936170214    -0.018064921297109827
3.3837234042553193    -0.017555614164395127
3.385531914893617    -0.016783017965753225
3.387340425531915    -0.015922845365613586
3.389148936170213    -0.014937161824296712
3.390957446808511    -0.01366311033907222
3.3927659574468088    -0.012180456847371526
3.3945744680851067    -0.010886592412505926
3.3963829787234046    -0.010074299801408115
3.398191489361702    -0.009526548272804709
3.4    -0.00870755926174931
3.401808510638298    -0.007382921659766721
3.4036170212765957    -0.005904664449163282
3.4054255319148936    -0.004775839399596757
3.4072340425531915    -0.004023296919057975
3.4090425531914894    -0.0031760577775735146
3.4108510638297873    -0.0018875985249457864
3.412659574468085    -0.0004072457611002775
3.414468085106383    0.000719004143759286
3.416276595744681    0.0013544009966082583
3.418085106382979    0.0019808968870060365
3.419893617021277    0.0031178194752075356
3.4217021276595747    0.004653247221480833
3.4235106382978726    0.005915650495834849
3.4253191489361705    0.006405731570583897
3.427127659574468    0.006310737283100798
3.428936170212766    0.006220255894196941
3.4307446808510638    0.006447975264043284
3.4325531914893617    0.006793761173742039
3.4343617021276596    0.006961671761878127
3.4361702127659575    0.007021625494986139
3.4379787234042554    0.007311906805556113
3.4397872340425533    0.007949441707248619
3.441595744680851    0.00861121450548748
3.443404255319149    0.008860412415568591
3.445212765957447    0.00858075003300066
3.447021276595745    0.007990250235747155
3.4488297872340428    0.007299385042258282
3.4506382978723407    0.006521900982732242
3.4524468085106386    0.005661993475544242
3.4542553191489365    0.004930898385674063
3.456063829787234    0.0046062832496336515
3.457872340425532    0.004690705632945481
3.4596808510638297    0.004869249662412608
3.4614893617021276    0.004890332875915957
3.4632978723404255    0.0048879435628487525
3.4651063829787234    0.0051846238091896885
3.4669148936170213    0.005794992209276548
3.468723404255319    0.006294925711001572
3.470531914893617    0.0062893995358753955
3.472340425531915    0.0059174518193651545
3.474148936170213    0.005724835445195999
3.475957446808511    0.006010900534981373
3.4777659574468087    0.006445613261399686
3.4795744680851066    0.006446075707764065
3.4813829787234045    0.00585500551852324
3.4831914893617024    0.005079112540444327
3.4850000000000003    0.004529722611577587
3.4868085106382978    0.004095827722774881
3.4886170212765957    0.00333031440582542
3.4904255319148936    0.002101782973439534
3.4922340425531915    0.0008527253366735462
3.4940425531914894    0.00010513511921557374
3.4958510638297873    -0.00017088417226818886
3.497659574468085    -0.0005167853226363719
3.499468085106383    -0.0013084213374537387
3.501276595744681    -0.002281820426088683
3.503085106382979    -0.0028443248110372804
3.5048936170212768    -0.002772094198729172
3.5067021276595747    -0.0024398408429238266
3.5085106382978726    -0.002351660134959647
3.5103191489361705    -0.0026113352219661956
3.5121276595744684    -0.0029766426219600267
3.5139361702127663    -0.0033297113054769484
3.5157446808510637    -0.003864195365387198
3.5175531914893616    -0.004726897333175232
3.5193617021276595    -0.005639051423557347
3.5211702127659574    -0.006083109921710804
3.5229787234042553    -0.005880968599270334
3.5247872340425532    -0.00542656372346837
3.526595744680851    -0.005242243605474958
3.528404255319149    -0.005392805221251302
3.530212765957447    -0.005480084579407887
3.532021276595745    -0.00519639946890632
3.5338297872340427    -0.004706733993058755
3.5356382978723406    -0.00438345181834606
3.5374468085106385    -0.0042903250816142486
3.5392553191489364    -0.00413914687758317
3.5410638297872343    -0.0037804110333299985
3.5428723404255322    -0.003525426739251619
3.5446808510638297    -0.003782358627373788
3.5464893617021276    -0.004422962945276242
3.5482978723404255    -0.004743908978702234
3.5501063829787234    -0.0041903929123300945
3.5519148936170213    -0.0030100785950956032
3.553723404255319    -0.002007241829715546
3.555531914893617    -0.0016430145765862882
3.557340425531915    -0.0015563602876790786
3.559148936170213    -0.001092192481978115
3.560957446808511    -0.0001847785583443055
3.5627659574468087    0.0005083585224408755
3.5645744680851066    0.00041030261384285944
3.5663829787234045    -0.00020995319748295235
3.5681914893617024    -0.0004567246294579126
3.5700000000000003    0.00023430264992735017
3.571808510638298    0.0015298627991341067
3.5736170212765956    0.00265851086554082
3.5754255319148935    0.003288820964696599
3.5772340425531914    0.003766472206829987
3.5790425531914893    0.004501940319726488
3.5808510638297872    0.005354965250739259
3.582659574468085    0.005811351375044469
3.584468085106383    0.005701744666435598
3.586276595744681    0.005513352313102465
3.588085106382979    0.005861892258171027
3.5898936170212767    0.00675175464466856
3.5917021276595746    0.0075261727576687
3.5935106382978725    0.007571590500649596
3.5953191489361704    0.00694235389954998
3.5971276595744683    0.006203205434598085
3.5989361702127662    0.005744729519560154
3.600744680851064    0.005419700747458957
3.6025531914893616    0.004889887221506966
3.6043617021276595    0.004183543616792691
3.6061702127659574    0.003743658037525164
3.6079787234042553    0.003917762825218675
3.609787234042553    0.004533531865405706
3.611595744680851    0.005079839240507571
3.613404255319149    0.005267332494460748
3.615212765957447    0.005304174038706963
