0.0    0.0
0.0018085106382978724    0.0
0.003617021276595745    0.0
0.005425531914893617    0.0
0.00723404255319149    0.0
0.009042553191489363    0.0
0.010851063829787235    0.0
0.012659574468085107    0.0
0.01446808510638298    0.0
0.016276595744680853    0.0
0.018085106382978725    0.0
0.019893617021276597    0.0
0.02170212765957447    0.0
0.023510638297872342    0.0
0.025319148936170214    0.0
0.027127659574468086    0.0
0.02893617021276596    0.0
0.03074468085106383    0.0
0.032553191489361706    0.0
0.03436170212765958    0.0
0.03617021276595745    0.0
0.03797872340425532    0.0
0.039787234042553195    0.0
0.04159574468085107    0.0
0.04340425531914894    0.0
0.04521276595744681    0.0
0.047021276595744683    0.0
0.048829787234042556    0.0
0.05063829787234043    0.0
0.0524468085106383    0.0
0.05425531914893617    0.0
0.056063829787234044    0.0
0.05787234042553192    0.0
0.05968085106382979    0.0
0.06148936170212766    0.0
0.06329787234042554    0.0
0.06510638297872341    0.0
0.06691489361702128    0.0
0.06872340425531916    0.0
0.07053191489361703    0.0
0.0723404255319149    0.0
0.07414893617021277    0.0
0.07595744680851065    0.0
0.07776595744680852    0.0
0.07957446808510639    0.0
0.08138297872340426    0.0
0.08319148936170213    0.0
0.085    0.0
0.08680851063829788    0.0
0.08861702127659575    0.0
0.09042553191489362    0.0
0.0922340425531915    0.0
0.09404255319148937    0.0
0.09585106382978724    0.0
0.09765957446808511    0.0
0.09946808510638298    0.0
0.10127659574468086    0.0
0.10308510638297873    0.0
0.1048936170212766    0.0
0.10670212765957447    0.0
0.10851063829787234    0.0
0.11031914893617022    0.0
0.11212765957446809    0.0
0.11393617021276596    0.0
0.11574468085106383    0.0
0.1175531914893617    0.0
0.11936170212765958    0.0
0.12117021276595745    0.0
0.12297872340425532    0.0
0.1247872340425532    0.0
0.12659574468085108    0.0
0.12840425531914895    0.0
0.13021276595744682    0.0
0.1320212765957447    0.0
0.13382978723404257    0.0
0.13563829787234044    0.0
0.1374468085106383    0.0
0.13925531914893619    0.0
0.14106382978723406    0.0
0.14287234042553193    0.0
0.1446808510638298    0.0
0.14648936170212767    0.0
0.14829787234042555    0.0
0.15010638297872342    0.0
0.1519148936170213    0.0
0.15372340425531916    0.0
0.15553191489361703    0.0
0.1573404255319149    0.0
0.15914893617021278    0.0
0.16095744680851065    0.0
0.16276595744680852    0.0
0.1645744680851064    0.0
0.16638297872340427    0.0
0.16819148936170214    0.0
0.17    0.0
0.17180851063829788    0.0
0.17361702127659576    0.0
0.17542553191489363    0.0
0.1772340425531915    0.0
0.17904255319148937    0.0
0.18085106382978725    0.0
0.18265957446808512    0.0
0.184468085106383    0.0
0.18627659574468086    0.0
0.18808510638297873    0.0
0.1898936170212766    0.0
0.19170212765957448    0.0
0.19351063829787235    0.0
0.19531914893617022    0.0
0.1971276595744681    0.0
0.19893617021276597    0.0
0.20074468085106384    0.0
0.2025531914893617    0.0
0.20436170212765958    0.0
0.20617021276595746    0.0
0.20797872340425533    0.0
0.2097872340425532    0.0
0.21159574468085107    0.0
0.21340425531914894    0.0
0.21521276595744682    0.0
0.2170212765957447    0.0
0.21882978723404256    0.0
0.22063829787234043    0.0
0.2224468085106383    0.0
0.22425531914893618    0.0
0.22606382978723405    0.0
0.22787234042553192    0.0
0.2296808510638298    0.0
0.23148936170212767    0.0
0.23329787234042554    0.0
0.2351063829787234    0.0
0.23691489361702128    0.0
0.23872340425531915    0.0
0.24053191489361703    0.0
0.2423404255319149    0.0
0.24414893617021277    0.0
0.24595744680851064    0.0
0.24776595744680852    0.0
0.2495744680851064    0.0
0.25138297872340426    0.0
0.25319148936170216    0.0
0.255    0.0
0.2568085106382979    0.0
0.25861702127659575    0.0
0.26042553191489365    0.0
0.2622340425531915    0.0
0.2640425531914894    0.0
0.26585106382978724    0.0
0.26765957446808514    0.0
0.269468085106383    0.0
0.2712765957446809    0.0
0.2730851063829787    0.0
0.2748936170212766    0.0
0.27670212765957447    0.0
0.27851063829787237    0.0
0.2803191489361702    0.0
0.2821276595744681    0.0
0.28393617021276596    0.0
0.28574468085106386    0.0
0.2875531914893617    0.0
0.2893617021276596    0.0
0.29117021276595745    0.0
0.29297872340425535    0.0
0.2947872340425532    0.0
0.2965957446808511    0.0
0.29840425531914894    0.0
0.30021276595744684    0.0
0.3020212765957447    0.0
0.3038297872340426    0.0
0.3056382978723404    0.0
0.3074468085106383    0.0
0.30925531914893617    0.0
0.31106382978723407    0.0
0.3128723404255319    0.0
0.3146808510638298    0.0
0.31648936170212766    0.0
0.31829787234042556    0.0
0.3201063829787234    0.0
0.3219148936170213    0.0
0.32372340425531915    0.0
0.32553191489361705    0.0
0.3273404255319149    0.0
0.3291489361702128    0.0
0.33095744680851064    0.0
0.33276595744680854    0.0
0.3345744680851064    0.0
0.3363829787234043    0.0
0.3381914893617021    0.0
0.34    0.0
0.34180851063829787    0.0
0.34361702127659577    0.0
0.3454255319148936    0.0
0.3472340425531915    0.0
0.34904255319148936    0.0
0.35085106382978726    0.0
0.3526595744680851    0.0
0.354468085106383    0.0
0.35627659574468085    0.0
0.35808510638297875    0.0
0.3598936170212766    0.0
0.3617021276595745    0.0
0.36351063829787233    0.0
0.36531914893617023    0.0
0.3671276595744681    0.0
0.368936170212766    0.0
0.3707446808510638    0.0
0.3725531914893617    0.0
0.37436170212765957    0.0
0.37617021276595747    0.0
0.3779787234042553    0.0
0.3797872340425532    0.0
0.38159574468085106    0.0
0.38340425531914896    0.0
0.3852127659574468    0.0
0.3870212765957447    0.0
0.38882978723404255    0.0
0.39063829787234045    0.0
0.3924468085106383    0.0
0.3942553191489362    0.0
0.39606382978723403    0.0
0.39787234042553193    0.0
0.3996808510638298    0.0
0.4014893617021277    0.0
0.4032978723404255    0.0
0.4051063829787234    0.0
0.40691489361702127    0.0
0.40872340425531917    0.0
0.410531914893617    0.0
0.4123404255319149    0.0
0.41414893617021276    0.0
0.41595744680851066    0.0
0.4177659574468085    0.0
0.4195744680851064    0.0
0.42138297872340424    0.0
0.42319148936170214    0.0
0.425    0.0
0.4268085106382979    0.0
0.42861702127659573    0.0
0.43042553191489363    0.0
0.4322340425531915    0.0
0.4340425531914894    0.0
0.4358510638297872    0.0
0.4376595744680851    0.0
0.43946808510638297    2.77e-322
0.44127659574468087    4.091e-320
0.4430851063829787    5.612037e-318
0.4448936170212766    7.2903547e-316
0.44670212765957445    8.9846304183e-314
0.44851063829787235    1.052040611502e-311
0.4503191489361702    1.17210684848604e-309
0.4521276595744681    1.2442099512895631e-307
0.45393617021276594    1.2600024397486125e-305
0.45574468085106384    1.2187991791478695e-303
0.4575531914893617    1.1274105337388701e-301
0.4593617021276596    9.98397364573523e-300
0.46117021276595743    8.4733697341937e-298
0.46297872340425533    6.898894794314642e-296
0.46478723404255323    5.3937817824460015e-294
0.4665957446808511    4.053212886278822e-292
0.468404255319149    2.930099410362264e-290
0.4702127659574468    2.0394400462892276e-288
0.4720212765957447    1.3678514513878713e-286
0.47382978723404257    8.847202865904612e-285
0.47563829787234047    5.522534773291761e-283
0.4774468085106383    3.329279000932183e-281
0.4792553191489362    1.9397385126239736e-279
0.48106382978723405    1.0929700843760067e-277
0.48287234042553195    5.959717814405917e-276
0.4846808510638298    3.1467749284019985e-274
0.4864893617021277    1.6098631441029293e-272
0.48829787234042554    7.984491151030877e-271
0.49010638297872344    3.841348397095368e-269
0.4919148936170213    1.7936319964926299e-267
0.4937234042553192    8.1324885544155e-266
0.49553191489361703    3.582399086183308e-264
0.49734042553191493    1.533902474465185e-262
0.4991489361702128    6.387060110522793e-261
0.5009574468085106    2.587518933834997e-259
0.5027659574468085    1.0203262240903879e-257
0.5045744680851064    3.91791862223582e-256
0.5063829787234043    1.465598177714607e-254
0.5081914893617021    5.3431149896250047e-253
0.51    1.899179749288413e-251
0.5118085106382979    6.584101491734855e-250
0.5136170212765958    2.2271430623951077e-248
0.5154255319148936    7.353237955354734e-247
0.5172340425531915    2.3705082143611896e-245
0.5190425531914894    7.464245775941688e-244
0.5208510638297873    2.2964516967218684e-242
0.5226595744680851    6.905530988990787e-241
0.524468085106383    2.0302195104440735e-239
0.5262765957446809    5.8375323167945194e-238
0.5280851063829788    1.6420515706189289e-236
0.5298936170212766    4.520047539290806e-235
0.5317021276595745    1.217929860761555e-233
0.5335106382978724    3.2132603451719555e-232
0.5353191489361703    8.302946814358116e-231
0.5371276595744681    2.1018262119376607e-229
0.538936170212766    5.213775323936188e-228
0.5407446808510639    1.2676777958585287e-226
0.5425531914893618    3.021858032093978e-225
0.5443617021276596    7.064035884543869e-224
0.5461702127659575    1.6197503075031352e-222
0.5479787234042554    3.6438453209197034e-221
0.5497872340425533    8.044269189366491e-220
0.551595744680851    1.7431068133315012e-218
0.5534042553191489    3.708224270955393e-217
0.5552127659574468    7.746479560928499e-216
0.5570212765957447    1.5893845987261424e-214
0.5588297872340425    3.203522534060273e-213
0.5606382978723404    6.344345182698613e-212
0.5624468085106383    1.2347821496823576e-210
0.5642553191489362    2.3622232314054087e-209
0.566063829787234    4.442827296076578e-208
0.5678723404255319    8.216465440345179e-207
0.5696808510638298    1.4944292232546717e-205
0.5714893617021277    2.6736616705915513e-204
0.5732978723404255    4.7060104507466425e-203
0.5751063829787234    8.150565841524396e-202
0.5769148936170213    1.389257482213766e-200
0.5787234042553192    2.330816774348484e-199
0.580531914893617    3.849753142869427e-198
0.5823404255319149    6.260725024986585e-197
0.5841489361702128    1.0026509021321462e-195
0.5859574468085107    1.5815152101445926e-194
0.5877659574468085    2.4573070699140014e-193
0.5895744680851064    3.761583218745028e-192
0.5913829787234043    5.673730672757322e-191
0.5931914893617022    8.433620476883069e-190
0.595    1.2355664208143384e-188
0.5968085106382979    1.7843629650352636e-187
0.5986170212765958    2.540520404234776e-186
0.6004255319148937    3.566488871841402e-185
0.6022340425531915    4.937340676471077e-184
0.6040425531914894    6.741145954794989e-183
0.6058510638297873    9.078544485481126e-182
0.6076595744680852    1.2061272126313137e-180
0.609468085106383    1.580942395329459e-179
0.6112765957446809    2.044729167831717e-178
0.6130851063829788    2.6097702991793393e-177
0.6148936170212767    3.287491384061951e-176
0.6167021276595744    4.087625516970395e-175
0.6185106382978723    5.017290198333077e-174
0.6203191489361702    6.080029857951431e-173
0.6221276595744681    7.274891979277203e-172
0.6239361702127659    8.59561528973488e-171
0.6257446808510638    1.003001285646192e-169
0.6275531914893617    1.1559629627972868e-168
0.6293617021276596    1.3159742137360013e-167
0.6311702127659574    1.4799747815612778e-166
0.6329787234042553    1.6443963791773005e-165
0.6347872340425532    1.805282234710386e-164
0.6365957446808511    1.9584415364342432e-163
0.6384042553191489    2.0996306729311224e-162
0.6402127659574468    2.224750337743215e-161
0.6420212765957447    2.3300455859465974e-160
0.6438297872340426    2.4122950460635803e-159
0.6456382978723404    2.468975842287771e-158
0.6474468085106383    2.49839237024649e-157
0.6492553191489362    2.499759755713093e-156
0.6510638297872341    2.4732363467517313e-155
0.6528723404255319    2.419903590550837e-154
0.6546808510638298    2.3416957234311322e-153
0.6564893617021277    2.2412854543372724e-152
0.6582978723404256    2.1219348958067788e-151
0.6601063829787234    1.987323127794026e-150
0.6619148936170213    1.8413628193246571e-149
0.6637234042553192    1.6880182559495162e-148
0.6655319148936171    1.5311360208654956e-147
0.6673404255319149    1.37429764568704e-146
0.6691489361702128    1.2207010416181533e-145
0.6709574468085107    1.0730747329532526e-144
0.6727659574468086    9.336261278825858e-144
0.6745744680851063    8.040225267733424e-143
0.6763829787234042    6.854014778192638e-142
0.6781914893617021    5.784055659017379e-141
0.68    4.832358110722641e-140
0.6818085106382978    3.997175396048764e-139
0.6836170212765957    3.273728003790977e-138
0.6854255319148936    2.654940226220824e-137
0.6872340425531915    2.132145189351369e-136
0.6890425531914893    1.6957249907355605e-135
0.6908510638297872    1.3356635581468653e-134
0.6926595744680851    1.042000164884348e-133
0.694468085106383    8.051805111180111e-133
0.6962765957446809    6.163094727982366e-132
0.6980851063829787    4.673148564603566e-131
0.6998936170212766    3.5103482160486448e-130
0.7017021276595745    2.6124324359204205e-129
0.7035106382978724    1.9262749096453804e-128
0.7053191489361702    1.4073222942311797e-127
0.7071276595744681    1.0188128859833904e-126
0.708936170212766    7.308765304317412e-126
0.7107446808510639    5.195952802834946e-125
0.7125531914893617    3.6608383515893045e-124
0.7143617021276596    2.5563032704857695e-123
0.7161702127659575    1.7692234239864592e-122
0.7179787234042554    1.2137051793612298e-121
0.7197872340425532    8.253257880827236e-121
0.7215957446808511    5.563402853432648e-120
0.723404255319149    3.7177434826404684e-119
0.7252127659574469    2.46299100988071e-118
0.7270212765957447    1.6177490209338904e-117
0.7288297872340426    1.0535242729191306e-116
0.7306382978723405    6.802725518398535e-116
0.7324468085106384    4.355580326719814e-115
0.7342553191489362    2.765369825915616e-114
0.7360638297872341    1.7411000302755052e-113
0.737872340425532    1.0871175379345431e-112
0.7396808510638299    6.7317858391378655e-112
0.7414893617021276    4.1343153302615075e-111
0.7432978723404255    2.518341984756766e-110
0.7451063829787234    1.5215340604141826e-109
0.7469148936170213    9.118478159058713e-109
0.7487234042553191    5.4206877091466515e-108
0.750531914893617    3.196650646778065e-107
0.7523404255319149    1.8700875471944674e-106
0.7541489361702128    1.0853546740677206e-105
0.7559574468085106    6.2494415008148216e-105
0.7577659574468085    3.5701553998591325e-104
0.7595744680851064    2.0236053840448734e-103
0.7613829787234043    1.1380819517205758e-102
0.7631914893617021    6.351060779237344e-102
0.765    3.516898657281554e-101
0.7668085106382979    1.9325464137902127e-100
0.7686170212765958    1.0538334121983034e-99
0.7704255319148936    5.702971762122745e-99
0.7722340425531915    3.062899872591661e-98
0.7740425531914894    1.6326068585717614e-97
0.7758510638297873    8.636989928757971e-97
0.7776595744680851    4.535130174948149e-96
0.779468085106383    2.363622122237037e-95
0.7812765957446809    1.2227607980906777e-94
0.7830851063829788    6.279053736017129e-94
0.7848936170212766    3.2007372228901776e-93
0.7867021276595745    1.6196556900931775e-92
0.7885106382978724    8.136278625294564e-92
0.7903191489361703    4.057633022445221e-91
0.7921276595744681    2.008985566997992e-90
0.793936170212766    9.875317377439472e-90
0.7957446808510639    4.81957171634661e-89
0.7975531914893618    2.335402625256171e-88
0.7993617021276596    1.1236308514824671e-87
0.8011702127659575    5.367927151525245e-87
0.8029787234042554    2.546378653766748e-86
0.8047872340425533    1.199457792871468e-85
0.806595744680851    5.610539525993258e-85
0.808404255319149    2.6061167456523025e-84
0.8102127659574468    1.2021660669737934e-83
0.8120212765957447    5.507164576284314e-83
0.8138297872340425    2.5055099544604703e-82
0.8156382978723404    1.132087660104259e-81
0.8174468085106383    5.080319796584525e-81
0.8192553191489362    2.264332533730526e-80
0.821063829787234    1.0023940501894697e-79
0.8228723404255319    4.407544427281845e-79
0.8246808510638298    1.9249770590598615e-78
0.8264893617021277    8.350945061205553e-78
0.8282978723404255    3.598631225688326e-77
0.8301063829787234    1.5404266535561437e-76
0.8319148936170213    6.550234628336344e-76
0.8337234042553192    2.766909186116572e-75
0.835531914893617    1.1610879344848693e-74
0.8373404255319149    4.840355920075796e-74
0.8391489361702128    2.0046620092596567e-73
0.8409574468085107    8.248334787664726e-73
0.8427659574468085    3.3718024197055387e-72
0.8445744680851064    1.3694242594973118e-71
0.8463829787234043    5.525902323267307e-71
0.8481914893617022    2.2154746702721214e-70
0.85    8.825468478964357e-70
0.8518085106382979    3.493212640689329e-69
0.8536170212765958    1.3738436868978131e-68
0.8554255319148937    5.368875370566629e-68
0.8572340425531915    2.0848344216131706e-67
0.8590425531914894    8.044711894950592e-67
0.8608510638297873    3.0846679899739447e-66
0.8626595744680852    1.1753672313457934e-65
0.864468085106383    4.450553829619182e-65
0.8662765957446809    1.674703257811322e-64
0.8680851063829788    6.262574311859171e-64
0.8698936170212767    2.3273780072819402e-63
0.8717021276595744    8.595826634102645e-63
0.8735106382978723    3.1551690524673027e-62
0.8753191489361702    1.1510106847146824e-61
0.8771276595744681    4.173161393958359e-61
0.8789361702127659    1.5037906367498488e-60
0.8807446808510638    5.3858357390103e-60
0.8825531914893617    1.9172088461169839e-59
0.8843617021276596    6.783335485793565e-59
0.8861702127659574    2.385511857384431e-58
0.8879787234042553    8.338559478640623e-58
0.8897872340425532    2.8971988790032977e-57
0.8915957446808511    1.0005757444340933e-56
0.8934042553191489    3.434887176990957e-56
0.8952127659574468    1.1721202986674375e-55
0.8970212765957447    3.975899187964132e-55
0.8988297872340426    1.3406276479037963e-54
0.9006382978723404    4.4936234441049074e-54
0.9024468085106383    1.4972931867072369e-53
0.9042553191489362    4.959576106942874e-53
0.9060638297872341    1.6331105503627122e-52
0.9078723404255319    5.345958754920113e-52
0.9096808510638298    1.739723380199987e-51
0.9114893617021277    5.628398780894773e-51
0.9132978723404256    1.8102767598595767e-50
0.9151063829787234    5.788497406006392e-50
0.9169148936170213    1.840147608939101e-49
0.9187234042553192    5.815814384682861e-49
0.9205319148936171    1.8274456939308476e-48
0.9223404255319149    5.708991609085618e-48
0.9241489361702128    1.7732098365487214e-47
0.9259574468085107    5.475848028089194e-47
0.9277659574468086    1.6812713007022901e-46
0.9295744680851065    5.132440303073312e-46
0.9313829787234043    1.557808785113e-45
0.9331914893617022    4.7012448623948076e-45
0.935    1.4106664169976574e-44
0.936808510638298    4.2087455666216367e-44
0.9386170212765957    1.2485385800044285e-43
0.9404255319148936    3.682783408239951e-43
0.9422340425531915    1.0801378296720438e-42
0.9440425531914894    3.1500303522939037e-42
0.9458510638297872    9.134537086151805e-42
0.9476595744680851    2.6338932872393245e-41
0.949468085106383    7.551845960251626e-41
0.9512765957446809    2.1530532803969283e-40
0.9530851063829787    6.103886279917877e-40
0.9548936170212766    1.720724295835905e-39
0.9567021276595745    4.82361291363441e-39
0.9585106382978724    1.3445993973035322e-38
0.9603191489361702    3.7271389628965163e-38
0.9621276595744681    1.027361472855686e-37
0.963936170212766    2.8160391595008726e-37
0.9657446808510639    7.675813913813971e-37
0.9675531914893617    2.0805733292599658e-36
0.9693617021276596    5.60811442652581e-36
0.9711702127659575    1.5032397885360283e-35
0.9729787234042554    4.007000721209401e-35
0.9747872340425532    1.0621661184231562e-34
0.9765957446808511    2.7999439159900607e-34
0.978404255319149    7.33993107993483e-34
0.9802127659574469    1.913472322341329e-33
0.9820212765957447    4.960684728726199e-33
0.9838297872340426    1.2789450591693084e-32
0.9856382978723405    3.279098353255805e-32
0.9874468085106384    8.360854311180936e-32
0.9892553191489362    2.1200289096907997e-31
0.9910638297872341    5.346000211248855e-31
0.992872340425532    1.3406433444456198e-30
0.9946808510638299    3.343455608456651e-30
0.9964893617021277    8.292332283761658e-30
0.9982978723404256    2.0453015975635982e-29
1.0001063829787233    5.0169309630352627e-29
1.0019148936170212    1.2238253967749396e-28
1.0037234042553191    2.968941991048459e-28
1.005531914893617    7.162837559040502e-28
1.007340425531915    1.7185799288610507e-27
1.0091489361702128    4.100677288079374e-27
1.0109574468085107    9.730665226353046e-27
1.0127659574468086    2.296308754885168e-26
1.0145744680851063    5.389127351058032e-26
1.0163829787234042    1.2577852563746337e-25
1.0181914893617021    2.9194012041519124e-25
1.02    6.738752478345427e-25
1.021808510638298    1.5469017756711281e-24
1.0236170212765958    3.531363457273508e-24
1.0254255319148937    8.017100765016376e-24
1.0272340425531916    1.8100316226138282e-23
1.0290425531914893    4.063940945745156e-23
1.0308510638297872    9.074012698760383e-23
1.032659574468085    2.0148390428689777e-22
1.034468085106383    4.44906114571786e-22
1.036276595744681    9.76970247894084e-22
1.0380851063829788    2.133423115744448e-21
1.0398936170212767    4.632900102793391e-21
1.0417021276595746    1.0004757786154067e-20
1.0435106382978723    2.1484991226945642e-20
1.0453191489361702    4.5881311691263227e-20
1.047127659574468    9.743285368286074e-20
1.048936170212766    2.057504075632491e-19
1.0507446808510639    4.320541881861936e-19
1.0525531914893618    9.021823611120832e-19
1.0543617021276597    1.873290861523143e-18
1.0561702127659576    3.867825265079339e-18
1.0579787234042553    7.940996510960024e-18
1.0597872340425532    1.62115771466061e-17
1.061595744680851    3.2908872134387056e-17
1.063404255319149    6.642527323731788e-17
1.0652127659574468    1.3331568639574827e-16
1.0670212765957447    2.6604274189808294e-16
1.0688297872340426    5.278837712632815e-16
1.0706382978723405    1.0414446108548911e-15
1.0724468085106382    2.0428618920059777e-15
1.0742553191489361    3.984194604826915e-15
1.076063829787234    7.725636474006396e-15
1.077872340425532    1.4894070409877668e-14
1.0796808510638298    2.854768455684488e-14
1.0814893617021277    5.4400061671513607e-14
1.0832978723404256    1.0306027185046703e-13
1.0851063829787235    1.9410585596426655e-13
1.0869148936170212    3.6344041438673107e-13
1.088723404255319    6.764979317723878e-13
1.090531914893617    1.2517843482093483e-12
1.092340425531915    2.3025715099783112e-12
1.0941489361702128    4.210248471805666e-12
1.0959574468085107    7.652500694425741e-12
1.0977659574468086    1.3825783836571015e-11
1.0995744680851065    2.4828825381993855e-11
1.1013829787234042    4.4319157986427705e-11
1.103191489361702    7.862926394265346e-11
1.105    1.3865078568715583e-10
1.1068085106382979    2.4299282738375614e-10
1.1086170212765958    4.2323802343148014e-10
1.1104255319148937    7.326265005955691e-10
1.1122340425531916    1.2602984546653849e-09
1.1140425531914895    2.1544806427204433e-09
1.1158510638297872    3.6599506410109945e-09
1.117659574468085    6.17811159950749e-09
1.119468085106383    1.0362582592228493e-08
1.1212765957446809    1.7270114374547975e-08
1.1230851063829788    2.8596964372172145e-08
1.1248936170212767    4.704614432265727e-08
1.1267021276595746    7.689332987280054e-08
1.1285106382978725    1.2485163133612157e-07
1.1303191489361701    2.0138183401330138e-07
1.132127659574468    3.2266038068953385e-07
1.133936170212766    5.135091142178387e-07
1.1357446808510638    8.117172875848713e-07
1.1375531914893617    1.2743582844141404e-06
1.1393617021276596    1.9869336711517005e-06
1.1411702127659575    3.0764803069008903e-06
1.1429787234042554    4.730168204415473e-06
1.1447872340425531    7.221413581678763e-06
1.146595744680851    1.0946146788260444e-05
1.148404255319149    1.6472616684763037e-05
1.1502127659574468    2.4608979289711604e-05
1.1520212765957447    3.649388964185713e-05
1.1538297872340426    5.371634663745681e-05
1.1556382978723405    7.84720495479879e-05
1.1574468085106384    0.00011376438208575
1.1592553191489363    0.00016365865436067785
1.161063829787234    0.00023359814147408208
1.162872340425532    0.000330789416133686
1.1646808510638298    0.0004646620570333097
1.1664893617021277    0.0006474035309146037
1.1682978723404256    0.0008945633598535327
1.1701063829787235    0.0012257110739320157
1.1719148936170214    0.0016651194837983363
1.1737234042553193    0.0022424282655635515
1.175531914893617    0.0029932228638652235
1.1773404255319149    0.003959440947757528
1.1791489361702128    0.005189494474505465
1.1809574468085107    0.006737972098536381
1.1827659574468086    0.008664767503038098
1.1845744680851065    0.011033468591433653
1.1863829787234044    0.013908845671043786
1.1881914893617023    0.017353299741212268
1.19    0.021422180761591816
1.1918085106382978    0.026157965488046928
1.1936170212765957    0.03158339827738951
1.1954255319148936    0.03769384590781384
1.1972340425531915    0.04444929373178842
1.1990425531914894    0.05176660383162822
1.2008510638297873    0.05951284743895838
1.2026595744680852    0.067500687378726
1.204468085106383    0.07548688890791411
1.2062765957446808    0.08317504232912717
1.2080851063829787    0.09022345186928643
1.2098936170212766    0.09625885268794981
1.2117021276595745    0.1008961455598179
1.2135106382978724    0.10376369263950638
1.2153191489361703    0.10453293271245781
1.2171276595744682    0.1029502193306665
1.218936170212766    0.0988679635897387
1.2207446808510638    0.09227150741041845
1.2225531914893617    0.08329781164452824
1.2243617021276596    0.07224216053617549
1.2261702127659575    0.05954977340705278
1.2279787234042554    0.04579052796769097
1.2297872340425533    0.03161689925535184
1.2315957446808512    0.01770755434122761
1.2334042553191489    0.004701548186873315
1.2352127659574468    -0.006869630573477025
1.2370212765957447    -0.016643248635182052
1.2388297872340426    -0.024470241822478637
1.2406382978723405    -0.030435172179534967
1.2424468085106384    -0.03484497535866196
1.2442553191489363    -0.03818419496136641
1.2460638297872342    -0.04103948570566271
1.2478723404255319    -0.044001695228886195
1.2496808510638298    -0.04755886930840586
1.2514893617021277    -0.05199702230197793
1.2532978723404256    -0.057326511037143354
1.2551063829787235    -0.06324968789798985
1.2569148936170214    -0.06918004275001369
1.2587234042553193    -0.07431478712658646
1.2605319148936172    -0.07775298902394995
1.2623404255319148    -0.0786417002275277
1.2641489361702127    -0.0763250837469786
1.2659574468085106    -0.07046827655980417
1.2677659574468085    -0.061129950162163105
1.2695744680851064    -0.04876557849282734
1.2713829787234043    -0.034156326137649226
1.2731914893617022    -0.01827397837640292
1.2750000000000001    -0.002107226266923296
1.2768085106382978    0.013514676727151637
1.2786170212765957    0.028061445431872983
1.2804255319148936    0.04137064282056872
1.2822340425531915    0.05362644154066745
1.2840425531914894    0.06524941325512557
1.2858510638297873    0.07672086362286984
1.2876595744680852    0.08838380268810353
1.289468085106383    0.10027211299402497
1.2912765957446808    0.11201628976544131
1.2930851063829787    0.12285769169198729
1.2948936170212766    0.13177653541883327
1.2967021276595745    0.13770810113665843
1.2985106382978724    0.13979491200732774
1.3003191489361703    0.1376079639532219
1.3021276595744682    0.1312728732416542
1.303936170212766    0.12145810788495082
1.3057446808510638    0.1092180054722188
1.3075531914893617    0.09572410007973103
1.3093617021276596    0.0819528793859218
1.3111702127659575    0.06841562128046103
1.3129787234042554    0.05500964158991016
1.3147872340425533    0.04103998323235797
1.3165957446808512    0.025413559240129488
1.318404255319149    0.0069571784336618925
1.3202127659574467    -0.015227841706104906
1.3220212765957446    -0.041475701758968475
1.3238297872340425    -0.07141517934100722
1.3256382978723404    -0.10401812317703568
1.3274468085106383    -0.13781948625831864
1.3292553191489362    -0.17123693532637646
1.3310638297872341    -0.20288660375011158
1.332872340425532    -0.23179447706444678
1.3346808510638297    -0.2574407510115282
1.3364893617021276    -0.2796354451092329
1.3382978723404255    -0.2982866454015468
1.3401063829787234    -0.3131648424788277
1.3419148936170213    -0.3237709583921444
1.3437234042553192    -0.3293778944481439
1.3455319148936171    -0.32924748828715766
1.347340425531915    -0.32295085806939294
1.3491489361702127    -0.3106687253081407
1.3509574468085106    -0.2933415388543098
1.3527659574468085    -0.2725835711572008
1.3545744680851064    -0.25035759387862466
1.3563829787234043    -0.22849811840136736
1.3581914893617022    -0.20823639625498125
1.36    -0.18989180783425225
1.361808510638298    -0.17284349457563497
1.3636170212765957    -0.15579880666190132
1.3654255319148936    -0.13726673283558533
1.3672340425531915    -0.11606715919246374
1.3690425531914894    -0.09169285843681332
1.3708510638297873    -0.06439893343778433
1.3726595744680852    -0.035003424426918534
1.374468085106383    -0.004500021927391386
1.376276595744681    0.02633929490185381
1.3780851063829787    0.05719137486767718
1.3798936170212766    0.08813429710174096
1.3817021276595745    0.11934513396739684
1.3835106382978724    0.15068390635694556
1.3853191489361703    0.18136778556956634
1.3871276595744682    0.20991386527699246
1.388936170212766    0.2344203559098803
1.390744680851064    0.25310824557263994
1.3925531914893619    0.2649218087101817
1.3943617021276595    0.2699431638528749
1.3961702127659574    0.26943690511252677
1.3979787234042553    0.2654840405465782
1.3997872340425532    0.260330817200717
1.4015957446808511    0.2556956935449521
1.403404255319149    0.25229440656562624
1.405212765957447    0.24975038444433834
1.4070212765957448    0.24689629229238008
1.4088297872340425    0.24231425422842362
1.4106382978723404    0.23487767899953205
1.4124468085106383    0.22408235890766998
1.4142553191489362    0.2100724242277276
1.416063829787234    0.1934173481941746
1.417872340425532    0.17480440218990806
1.41968085106383    0.15482460859336977
1.4214893617021278    0.1339469295697619
1.4232978723404255    0.11264429494307587
1.4251063829787234    0.09153154311921574
1.4269148936170213    0.0713609173772631
1.4287234042553192    0.052808370536722035
1.430531914893617    0.03612797623482175
1.432340425531915    0.020869714773218355
1.4341489361702129    0.005872155597842495
1.4359574468085108    -0.010369064330273417
1.4377659574468085    -0.02904880721425731
1.4395744680851064    -0.05038561607706162
1.4413829787234043    -0.07327155812706013
1.4431914893617022    -0.0954649769714371
1.445    -0.11431532171412609
1.446808510638298    -0.1277482270851948
1.4486170212765959    -0.13508616898365255
1.4504255319148938    -0.1373232116763053
1.4522340425531914    -0.13670540567219286
1.4540425531914893    -0.1357871909660014
1.4558510638297872    -0.13638438006310583
1.4576595744680851    -0.13889854601726337
1.459468085106383    -0.14231278279057885
1.461276595744681    -0.14483700646862324
1.4630851063829788    -0.1448710045824686
1.4648936170212767    -0.14181033793071512
1.4667021276595744    -0.13631459893028297
1.4685106382978723    -0.1299380210192141
1.4703191489361702    -0.1243421382645839
1.4721276595744681    -0.12050450655826625
1.473936170212766    -0.11831147323054123
1.475744680851064    -0.11670075886042591
1.4775531914893618    -0.11422856783718316
1.4793617021276597    -0.10973441779139959
1.4811702127659574    -0.10276617065476365
1.4829787234042553    -0.09359812682980456
1.4847872340425532    -0.08291616661733742
1.486595744680851    -0.07141276299210961
1.488404255319149    -0.0595404305837296
1.490212765957447    -0.04752757341214256
1.4920212765957448    -0.03556954623235303
1.4938297872340427    -0.02399683866122105
1.4956382978723404    -0.01326033595247074
1.4974468085106383    -0.0037280612681860545
1.4992553191489362    0.004552739954929133
1.501063829787234    0.011925750001815769
1.502872340425532    0.018929352464308345
1.5046808510638299    0.025927130502134174
1.5064893617021278    0.03280612992953523
1.5082978723404257    0.03897594145902386
1.5101063829787233    0.04372439969058971
1.5119148936170212    0.04674264614553818
1.5137234042553191    0.048483881562928335
1.515531914893617    0.050080041839691905
1.517340425531915    0.052794286581681046
1.5191489361702128    0.05728859804687901
1.5209574468085107    0.06314169756094677
1.5227659574468086    0.06894551016139035
1.5245744680851063    0.07298118272384573
1.5263829787234042    0.07411741273429652
1.5281914893617021    0.07241016354226117
1.53    0.06903290322876603
1.531808510638298    0.06555815217544052
1.5336170212765958    0.06301320151352104
1.5354255319148937    0.06129219164399431
1.5372340425531916    0.059308386554335804
1.5390425531914893    0.055819547571129474
1.5408510638297872    0.05042682952889642
1.542659574468085    0.044107457048766216
1.544468085106383    0.03889682539201912
1.546276595744681    0.036845824288427836
1.5480851063829788    0.038837453709808706
1.5498936170212767    0.04396692377559906
1.5517021276595746    0.049885451359441876
1.5535106382978723    0.053953423932426636
1.5553191489361702    0.05457425965017283
1.557127659574468    0.05197170663976043
1.558936170212766    0.04799460764727362
1.5607446808510639    0.04508828898163454
1.5625531914893618    0.04502789083422366
1.5643617021276597    0.04810305822439111
1.5661702127659576    0.053140461856514984
1.5679787234042553    0.05825497322609409
1.5697872340425532    0.06183730553888629
1.571595744680851    0.06322760344854945
1.573404255319149    0.06278617001342611
1.5752127659574469    0.06145566480370558
1.5770212765957448    0.06016601235993975
1.5788297872340427    0.05943051681114073
1.5806382978723406    0.059272156594614614
1.5824468085106382    0.059381583404743116
1.5842553191489361    0.05930804090477783
1.586063829787234    0.05855827288659539
1.587872340425532    0.05662656965082097
1.5896808510638298    0.053059082747660885
1.5914893617021277    0.04760189151566589
1.5932978723404256    0.04035589796282736
1.5951063829787235    0.03179255917100794
1.5969148936170212    0.02255617236814235
1.5987234042553191    0.013148737243665512
1.600531914893617    0.0037204391354899446
1.602340425531915    -0.005853947158161734
1.6041489361702128    -0.015641927938257277
1.6059574468085107    -0.025319669177511994
1.6077659574468086    -0.03414828841879369
1.6095744680851065    -0.04137363926609482
1.6113829787234042    -0.046831208812870714
1.613191489361702    -0.05131543300787794
1.615    -0.056356441471961796
1.616808510638298    -0.06342299270084409
1.6186170212765958    -0.07299641380698482
1.6204255319148937    -0.08412417358619445
1.6222340425531916    -0.09480889453300093
1.6240425531914895    -0.10305601600923212
1.6258510638297874    -0.10794614410697806
1.627659574468085    -0.11004738544178905
1.629468085106383    -0.11090113830418649
1.6312765957446809    -0.11193165616394812
1.6330851063829788    -0.11351854245513568
1.6348936170212767    -0.11485064766118969
1.6367021276595746    -0.11462426020250346
1.6385106382978725    -0.11204861036059302
1.6403191489361704    -0.10741015377851532
1.642127659574468    -0.10178298892747337
1.643936170212766    -0.09611656007449987
1.6457446808510638    -0.09041072480907225
1.6475531914893617    -0.0836401166110694
1.6493617021276596    -0.07453562410952427
1.6511702127659575    -0.06267125251656064
1.6529787234042554    -0.04903269964911587
1.6547872340425533    -0.035580381747173026
1.656595744680851    -0.024039403730243915
1.658404255319149    -0.01473440743853311
1.6602127659574468    -0.006302451612837403
1.6620212765957447    0.003468555830964823
1.6638297872340426    0.016208440147814203
1.6656382978723405    0.03189280932886235
1.6674468085106384    0.0488408911012648
1.6692553191489363    0.0647600525216136
1.671063829787234    0.07810884715580857
1.672872340425532    0.08886620057109115
1.6746808510638298    0.09824379501814542
1.6764893617021277    0.10762332574069905
1.6782978723404256    0.11750606018524798
1.6801063829787235    0.127188741179408
1.6819148936170214    0.13531562352547952
1.6837234042553193    0.1408330193280097
1.685531914893617    0.14363559983166155
1.6873404255319149    0.14448050067784898
1.6891489361702128    0.1443074467422509
1.6909574468085107    0.1435140352463549
1.6927659574468086    0.14171368010341864
1.6945744680851065    0.13810584709052773
1.6963829787234044    0.13213709380299096
1.6981914893617023    0.1239562501502314
1.7    0.1143628403138347
1.7018085106382979    0.10433186190220983
1.7036170212765958    0.0944756000156537
1.7054255319148937    0.08479573689000619
1.7072340425531916    0.07483674392154907
1.7090425531914895    0.06408071760772205
1.7108510638297874    0.052310778878350186
1.7126595744680853    0.039751507316638734
1.714468085106383    0.026965518336983754
1.7162765957446808    0.01461152051173218
1.7180851063829787    0.0031950355502094845
1.7198936170212766    -0.007095995678323591
1.7217021276595745    -0.016423086195274085
1.7235106382978724    -0.025183017426768414
1.7253191489361703    -0.0337822027080925
1.7271276595744682    -0.042403332531298465
1.728936170212766    -0.05090897235109233
1.7307446808510638    -0.058971279700201246
1.7325531914893617    -0.06636211533611766
1.7343617021276596    -0.07318666791221232
1.7361702127659575    -0.07983959133873439
1.7379787234042554    -0.08665585106131776
1.7397872340425533    -0.09349695336658004
1.7415957446808512    -0.09963201208321432
1.7434042553191489    -0.10409997970653043
1.7452127659574468    -0.10636452869481014
1.7470212765957447    -0.10678480859440811
1.7488297872340426    -0.10648914286326525
1.7506382978723405    -0.10665884834929015
1.7524468085106384    -0.10770403120704236
1.7542553191489363    -0.1089524262702884
1.7560638297872342    -0.10912149589036957
1.7578723404255319    -0.10724373141204277
1.7596808510638298    -0.1033391468859042
1.7614893617021277    -0.09830543978969011
1.7632978723404256    -0.09311703051110515
1.7651063829787235    -0.088000065317411
1.7669148936170214    -0.08229578821954867
1.7687234042553193    -0.07516875543870763
1.7705319148936172    -0.06659258446609936
1.7723404255319148    -0.05775849062885888
1.7741489361702127    -0.050474503556476355
1.7759574468085106    -0.045945864393377056
1.7777659574468085    -0.04388179681517845
1.7795744680851064    -0.04267774190478678
1.7813829787234043    -0.040594689707262696
1.7831914893617022    -0.03705159177773601
1.7850000000000001    -0.033028386137779864
1.7868085106382978    -0.030267849722664206
1.7886170212765957    -0.029920126762775612
1.7904255319148936    -0.031715351061264156
1.7922340425531915    -0.034306190532098484
1.7940425531914894    -0.0364505192886175
1.7958510638297873    -0.03800825079538526
1.7976595744680852    -0.03989157440814795
1.7994680851063831    -0.043006133622260766
1.8012765957446808    -0.04710307843296057
1.8030851063829787    -0.0505774805847062
1.8048936170212766    -0.05147817529416838
1.8067021276595745    -0.04896486339419425
1.8085106382978724    -0.044022089382023184
1.8103191489361703    -0.03879396636642548
1.8121276595744682    -0.035005536431955205
1.813936170212766    -0.03268976907304246
1.8157446808510638    -0.030219808423793203
1.8175531914893617    -0.02562087422971364
1.8193617021276596    -0.01812911343300032
1.8211702127659575    -0.008783226607219172
1.8229787234042554    0.0003862680495086389
1.8247872340425533    0.007903214084825382
1.8265957446808512    0.01391517457385619
1.828404255319149    0.019993540653950172
1.8302127659574468    0.027883985621108266
1.8320212765957447    0.038208535597426124
1.8338297872340426    0.050078578847119984
1.8356382978723405    0.06180717409929323
1.8374468085106384    0.07206963506270428
1.8392553191489363    0.08061117524693867
1.8410638297872342    0.08806975492872787
1.842872340425532    0.09521834234985554
1.8446808510638297    0.10231927997620671
1.8464893617021276    0.10906271681393354
1.8482978723404255    0.11499704261091481
1.8501063829787234    0.11996661178625467
1.8519148936170213    0.1241565358112631
1.8537234042553192    0.12776796236915963
1.8555319148936171    0.130694670682468
1.857340425531915    0.13253888303579694
1.859148936170213    0.1329544954291397
1.8609574468085106    0.1319835499625934
1.8627659574468085    0.13005385281022439
1.8645744680851064    0.12761941242794908
1.8663829787234043    0.12475627481266074
1.8681914893617022    0.12107404496430482
1.87    0.11602877548560514
1.871808510638298    0.10937286874967508
1.873617021276596    0.10135915566953421
1.8754255319148936    0.09252830559664688
1.8772340425531915    0.08326418751814305
1.8790425531914894    0.07349664096956834
1.8808510638297873    0.06280424470863097
1.8826595744680852    0.0508323916461383
1.884468085106383    0.037676911797404386
1.886276595744681    0.023908227294449885
1.8880851063829789    0.010204196843169172
1.8898936170212766    -0.0031158493728975657
1.8917021276595745    -0.016269198388769508
1.8935106382978724    -0.02972985581279805
1.8953191489361703    -0.04368573455046586
1.8971276595744682    -0.05765937795760899
1.898936170212766    -0.07062654002757694
1.900744680851064    -0.08160189055147794
1.9025531914893619    -0.09028752367818287
1.9043617021276595    -0.09728850614747157
1.9061702127659574    -0.10368701054205716
1.9079787234042553    -0.11024347609700043
1.9097872340425532    -0.11680405689313207
1.9115957446808511    -0.12237845975427926
1.913404255319149    -0.12586377210766742
1.915212765957447    -0.12688470148116526
1.9170212765957448    -0.12610253868805443
1.9188297872340425    -0.12473886037570919
1.9206382978723404    -0.12368008327821048
1.9224468085106383    -0.1228791914273773
1.9242553191489362    -0.12154333943892795
1.9260638297872341    -0.1189489768233846
1.927872340425532    -0.11518674609193164
1.92968085106383    -0.11117612719712155
1.9314893617021278    -0.10790393696789072
1.9332978723404255    -0.10552717725324609
1.9351063829787234    -0.10313985599307826
1.9369148936170213    -0.09946335200246792
1.9387234042553192    -0.09391676960626918
1.940531914893617    -0.08715337316983207
1.942340425531915    -0.08056484772203965
1.944148936170213    -0.07513345287211806
1.9459574468085108    -0.07060276047030542
1.9477659574468085    -0.06570638342650462
1.9495744680851064    -0.05930581970619342
1.9513829787234043    -0.051491863341340344
1.9531914893617022    -0.04369497181943603
1.955    -0.03766039255540961
1.956808510638298    -0.03409681736758939
1.9586170212765959    -0.032092494488148895
1.9604255319148938    -0.029766042836382504
1.9622340425531914    -0.025614134791423625
1.9640425531914893    -0.019481886652595932
1.9658510638297872    -0.012444641356371015
1.9676595744680851    -0.005808979653229952
1.969468085106383    -0.00012068849401898705
1.971276595744681    0.005040381760510452
1.9730851063829788    0.010439536047988841
1.9748936170212767    0.01639374884937895
1.9767021276595744    0.02251711801767526
1.9785106382978723    0.02815350175652044
1.9803191489361702    0.033012591408174384
1.9821276595744681    0.03739078449474784
1.983936170212766    0.041796754119430256
1.985744680851064    0.04637073460360123
1.9875531914893618    0.050660536109131925
1.9893617021276597    0.05396573992363427
1.9911702127659574    0.05593677048310034
1.9929787234042553    0.05689981807905133
1.9947872340425532    0.05764202385908609
1.996595744680851    0.058865579831802094
1.998404255319149    0.06077395422143412
2.0002127659574467    0.06309128358411845
2.0020212765957446    0.06542292750136658
2.0038297872340425    0.06760461942033089
2.0056382978723404    0.06976171232014489
2.0074468085106383    0.0720945822965405
2.009255319148936    0.07463458492160008
2.011063829787234    0.07719287403308248
2.012872340425532    0.07951423203789426
2.01468085106383    0.08146391886392845
2.016489361702128    0.08307207340966441
2.0182978723404257    0.08441073972364285
2.0201063829787236    0.0854319421500267
2.0219148936170215    0.08592510311186449
2.0237234042553194    0.08565147351479332
2.0255319148936173    0.0845710901687601
2.0273404255319147    0.08299380992205557
2.0291489361702126    0.08151034745367197
2.0309574468085105    0.08068346270632068
2.0327659574468084    0.08064671855192551
2.0345744680851063    0.08087294533497638
2.0363829787234042    0.08033544814128413
2.038191489361702    0.0780616642587949
2.04    0.0737821958596572
2.041808510638298    0.06822909826908077
2.043617021276596    0.06280643418794726
2.0454255319148937    0.058784103783644015
2.0472340425531916    0.05654881287200279
2.0490425531914895    0.0554530609515039
2.0508510638297874    0.05437384773347466
2.0526595744680853    0.05254056045714417
2.0544680851063832    0.04997510107987016
2.0562765957446807    0.04721519415805092
2.0580851063829786    0.044608126585790595
2.0598936170212765    0.04183768463353975
2.0617021276595744    0.03813816388959765
2.0635106382978723    0.03302187044698933
2.06531914893617    0.026853941961656046
2.067127659574468    0.020707191513061114
2.068936170212766    0.015558387867552245
2.070744680851064    0.011498369585978697
2.072553191489362    0.007664872158196587
2.0743617021276597    0.003006629259836434
2.0761702127659576    -0.0027431608475002927
2.0779787234042555    -0.00872488004404572
2.0797872340425534    -0.013578561888658459
2.0815957446808513    -0.016560404063190124
2.083404255319149    -0.01823758950810669
2.085212765957447    -0.020168558023835995
2.0870212765957445    -0.023789244565888334
2.0888297872340424    -0.029362819001885778
2.0906382978723403    -0.03579492235343719
2.0924468085106382    -0.04142813601019191
2.094255319148936    -0.04517646557509439
2.096063829787234    -0.04713889841929231
2.097872340425532    -0.04828549535564758
2.09968085106383    -0.04954441630092239
2.1014893617021277    -0.051044669639940074
2.1032978723404256    -0.052080864394944165
2.1051063829787235    -0.0517579604138296
2.1069148936170214    -0.049751625616083164
2.1087234042553193    -0.04658111266214461
2.1105319148936172    -0.04322528210645572
2.112340425531915    -0.040439350445814815
2.114148936170213    -0.03832819660447248
2.1159574468085105    -0.036471974874105306
2.1177659574468084    -0.034426321311834276
2.1195744680851063    -0.032132430918760044
2.121382978723404    -0.029894760883252915
2.123191489361702    -0.027989016933104148
2.125    -0.02629268601648574
2.126808510638298    -0.02430292345811403
2.128617021276596    -0.021552901591136535
2.1304255319148937    -0.018070531066644524
2.1322340425531916    -0.014466454137103138
2.1340425531914895    -0.011545548149558896
2.1358510638297874    -0.00974404701971585
2.1376595744680853    -0.008848692920751494
2.139468085106383    -0.008219193233137374
2.141276595744681    -0.007313173233985655
2.143085106382979    -0.006068887494207373
2.1448936170212765    -0.004843292546960009
2.1467021276595744    -0.004000506880186525
2.1485106382978723    -0.0035448021175470985
2.15031914893617    -0.0031312178954889212
2.152127659574468    -0.0024273575657408957
2.153936170212766    -0.0014706666765370254
2.155744680851064    -0.0006671652423654918
2.1575531914893618    -0.00041178399805037215
2.1593617021276597    -0.0006754683569600115
2.1611702127659576    -0.0009634880894397642
2.1629787234042555    -0.0007352100244577958
2.1647872340425534    4.2844342712551804e-05
2.1665957446808513    0.0006879244081889628
2.168404255319149    0.0001468531335797347
2.170212765957447    -0.0023550021859040987
2.172021276595745    -0.006871608861056405
2.1738297872340424    -0.012834576408350503
2.1756382978723403    -0.019564171481561855
2.177446808510638    -0.02672529823475277
2.179255319148936    -0.03434505118005554
2.181063829787234    -0.042438744737597775
2.182872340425532    -0.05066827332063795
2.18468085106383    -0.05842090305443874
2.1864893617021277    -0.0652700436286586
2.1882978723404256    -0.07136442528131953
2.1901063829787235    -0.07730540842935879
2.1919148936170214    -0.08353947390494673
2.1937234042553193    -0.0897915426327004
2.195531914893617    -0.09510074693714546
2.197340425531915    -0.09850860808612058
2.199148936170213    -0.09983492950971545
2.200957446808511    -0.09984422211363689
2.2027659574468084    -0.09962056935004893
2.2045744680851063    -0.09968393874673503
2.206382978723404    -0.09962865032206458
2.208191489361702    -0.0985927423707107
2.21    -0.09610410057520988
2.211808510638298    -0.09251632114346689
2.2136170212765958    -0.08866312627751266
2.2154255319148937    -0.08511787920583588
2.2172340425531916    -0.08179939286721807
2.2190425531914895    -0.07827171237151831
2.2208510638297874    -0.07435331377320606
2.2226595744680853    -0.07033910901171367
2.224468085106383    -0.06657770184927461
2.226276595744681    -0.06288023821983171
2.228085106382979    -0.05847535092169068
2.229893617021277    -0.052671082922176246
2.2317021276595743    -0.045586909778761286
2.233510638297872    -0.038137759424613546
2.23531914893617    -0.03115668048430016
2.237127659574468    -0.024469332996820817
2.238936170212766    -0.016909174556801618
2.240744680851064    -0.00741118123327443
2.2425531914893617    0.003779916722280091
2.2443617021276596    0.014991709984424149
2.2461702127659575    0.024352982807812357
2.2479787234042554    0.031338707887553774
2.2497872340425533    0.03722287534044534
2.251595744680851    0.043982601470038546
2.253404255319149    0.05261440997209686
2.255212765957447    0.06236407483887646
2.257021276595745    0.07151379728814924
2.258829787234043    0.07893189486830607
2.2606382978723403    0.08493723268493852
2.262446808510638    0.09075487783556213
2.264255319148936    0.09720027079092264
2.266063829787234    0.1039031541595252
2.267872340425532    0.109762282276084
2.2696808510638298    0.11407813455436253
2.2714893617021277    0.11718593183423906
2.2732978723404256    0.11998101736586331
2.2751063829787235    0.1228691688752469
2.2769148936170214    0.12523147470351675
2.2787234042553193    0.1259437418894771
2.280531914893617    0.12442676801860675
2.282340425531915    0.12119706255437601
2.284148936170213    0.1174097501072214
2.285957446808511    0.1138770752976864
2.2877659574468088    0.11051909513796782
2.2895744680851062    0.1067288698892011
2.291382978723404    0.10222643507664775
2.293191489361702    0.09753370186437499
2.295    0.0936188918979523
2.296808510638298    0.09107871819812827
2.2986170212765957    0.08964352903587913
2.3004255319148936    0.088442037930897
2.3022340425531915    0.0867347982558466
2.3040425531914894    0.08442779071741602
2.3058510638297873    0.08194788691232777
2.3076595744680852    0.07968750548928458
2.309468085106383    0.07759364599544075
2.311276595744681    0.07527018912328676
2.313085106382979    0.07242806366061205
2.314893617021277    0.06918796983107275
2.3167021276595747    0.06591659017510143
2.3185106382978726    0.06276452808656666
2.32031914893617    0.05938839977615901
2.322127659574468    0.055172433721790676
2.323936170212766    0.049773659384743985
2.325744680851064    0.043474576492891825
2.3275531914893617    0.03698319668806209
2.3293617021276596    0.03084711299832181
2.3311702127659575    0.025043685840659732
2.3329787234042554    0.019162433250942537
2.3347872340425533    0.013010112266314995
2.336595744680851    0.007006621098799192
2.338404255319149    0.0018976781709769044
2.340212765957447    -0.0020054689331200607
2.342021276595745    -0.005299829803277027
2.343829787234043    -0.009109300149355234
2.3456382978723407    -0.014107323557361516
2.3474468085106386    -0.019869635763358713
2.349255319148936    -0.025255947127020256
2.351063829787234    -0.029525201981394557
2.352872340425532    -0.0330915481264352
2.3546808510638297    -0.03709937510571181
2.3564893617021276    -0.04216787568323525
2.3582978723404255    -0.04757700516328522
2.3601063829787234    -0.05182562509137666
2.3619148936170213    -0.05411877354691549
2.3637234042553192    -0.0552933941473397
2.365531914893617    -0.05712161655271455
2.367340425531915    -0.0605314541493134
2.369148936170213    -0.06448001897786623
2.370957446808511    -0.06671339156558095
2.3727659574468087    -0.06582907399008178
2.3745744680851066    -0.06269877390477516
2.3763829787234045    -0.059828558393401995
2.378191489361702    -0.059198729206908565
2.38    -0.060613240840679025
2.381808510638298    -0.06209894609777915
2.3836170212765957    -0.06189642903464958
2.3854255319148936    -0.06006738510614683
2.3872340425531915    -0.05820813206120229
2.3890425531914894    -0.05769228122992666
2.3908510638297873    -0.05828801009062792
2.392659574468085    -0.05850247358127508
2.394468085106383    -0.05718410539474751
2.396276595744681    -0.05467429774451832
2.398085106382979    -0.05236982192533743
2.399893617021277    -0.051248224409176174
2.4017021276595747    -0.050920364435044316
2.4035106382978726    -0.05011583318053167
2.4053191489361705    -0.04797674402124327
2.407127659574468    -0.04477905398084439
2.408936170212766    -0.04143505631253269
2.4107446808510637    -0.038457159828499704
2.4125531914893616    -0.035535383079850394
2.4143617021276595    -0.03208347988942045
2.4161702127659574    -0.028019678476231435
2.4179787234042553    -0.023874889666218077
2.4197872340425532    -0.02016914631362792
2.421595744680851    -0.01683729692959663
2.423404255319149    -0.013375286146726083
2.425212765957447    -0.009507781027008885
2.427021276595745    -0.005582867899254837
2.4288297872340427    -0.002243701728127623
2.4306382978723406    0.00023069969550110854
2.4324468085106385    0.0021688346193488115
2.4342553191489364    0.004099183405256554
2.436063829787234    0.006202215350360095
2.437872340425532    0.008244644568868007
2.4396808510638297    0.01000663240047859
2.4414893617021276    0.011630894710839508
2.4432978723404255    0.013453957831886004
2.4451063829787234    0.01553611553487923
2.4469148936170213    0.01748175620076021
2.448723404255319    0.018788398559649994
2.450531914893617    0.019319876651229095
2.452340425531915    0.01934951881079969
2.454148936170213    0.019141089492556464
2.455957446808511    0.018590074430820617
2.4577659574468087    0.017358063228248285
2.4595744680851066    0.015310265752910533
2.4613829787234045    0.012682808087464525
2.4631914893617024    0.009751821295565986
2.465    0.006437790409589302
2.4668085106382978    0.002418857018390763
2.4686170212765957    -0.0022867028037706905
2.4704255319148936    -0.006966320245475959
2.4722340425531915    -0.010646218187644904
2.4740425531914894    -0.012998638330051349
2.4758510638297873    -0.014778718492538185
2.477659574468085    -0.017242132590997765
2.479468085106383    -0.02105890505665852
2.481276595744681    -0.025805753199794237
2.483085106382979    -0.030523229183644265
2.4848936170212768    -0.034692855334210626
2.4867021276595747    -0.038574302210011985
2.4885106382978726    -0.04260563010857747
2.4903191489361705    -0.046642103952295816
2.4921276595744684    -0.04996800708536668
2.493936170212766    -0.05208369843417052
2.4957446808510637    -0.053329325183652826
2.4975531914893616    -0.05456058277030042
2.4993617021276595    -0.0561841956245943
2.5011702127659574    -0.05763572841055961
2.5029787234042553    -0.057924338060335506
2.504787234042553    -0.056672342430668154
2.506595744680851    -0.0545015174040082
2.508404255319149    -0.05233471201843955
2.510212765957447    -0.050392770615217394
2.512021276595745    -0.04800337067629794
2.5138297872340427    -0.044419353386645224
2.5156382978723406    -0.03971280542261561
2.5174468085106385    -0.034744709602160376
2.5192553191489364    -0.030266889754280213
2.5210638297872343    -0.02618021487147567
2.5228723404255318    -0.021762599564833646
2.5246808510638297    -0.016563349828817776
2.5264893617021276    -0.010929332875531703
2.5282978723404255    -0.00559882078242184
2.5301063829787234    -0.0008891361852149098
2.5319148936170213    0.0035592464458969403
2.533723404255319    0.008216344548909044
2.535531914893617    0.012989423488511703
2.537340425531915    0.0172650040593316
2.539148936170213    0.020613127785827825
2.5409574468085108    0.023297151031153398
2.5427659574468087    0.02595972517605093
2.5445744680851066    0.028846007518152705
2.5463829787234045    0.03150035751196291
2.5481914893617024    0.033336033375351654
2.5500000000000003    0.03444178283892345
2.551808510638298    0.03566917880081605
2.5536170212765956    0.03783686278548924
2.5554255319148935    0.04089824591877937
2.5572340425531914    0.0439877718167546
2.5590425531914893    0.0462977022105267
2.560851063829787    0.047826661803927764
2.562659574468085    0.049202342365501014
2.564468085106383    0.050817982046735655
2.566276595744681    0.052267750860303844
2.568085106382979    0.05270930778634318
2.5698936170212767    0.051754659970498884
2.5717021276595746    0.04993599047680604
2.5735106382978725    0.04827598537456444
2.5753191489361704    0.047426127488324143
2.5771276595744683    0.04721143968667525
2.578936170212766    0.046923573602165286
2.580744680851064    0.04596667530363918
2.5825531914893616    0.044252756249923655
2.5843617021276595    0.042138855552082105
2.5861702127659574    0.040136202705670934
2.5879787234042553    0.038659681959942294
2.589787234042553    0.0378653101305641
2.591595744680851    0.03754252855075453
2.593404255319149    0.037154436515973624
2.595212765957447    0.0361403608220347
2.5970212765957448    0.034335107339597604
2.5988297872340427    0.03211128882304613
2.6006382978723406    0.0300252039952517
2.6024468085106385    0.02826566991663789
2.6042553191489364    0.026484682523151205
2.6060638297872343    0.0242241061825371
2.607872340425532    0.021486574622282692
2.60968085106383    0.01879952958014662
2.6114893617021275    0.01667332486594824
2.6132978723404254    0.01505543929511717
2.6151063829787233    0.013404766798342058
2.6169148936170212    0.011292295597577318
2.618723404255319    0.00880822851676765
2.620531914893617    0.00628315718499157
2.622340425531915    0.0036723671459862293
2.624148936170213    0.0004038063355106666
2.6259574468085107    -0.004030384787264647
2.6277659574468086    -0.00937528369813097
2.6295744680851065    -0.014657395276014172
2.6313829787234044    -0.019017829358323718
2.6331914893617023    -0.02245696138820863
2.6350000000000002    -0.025663250639326757
2.636808510638298    -0.029113434926681094
2.638617021276596    -0.032460568712767014
2.6404255319148935    -0.034899994987445816
2.6422340425531914    -0.03608052056427535
2.6440425531914893    -0.03650571018546309
2.645851063829787    -0.03697445298068185
2.647659574468085    -0.037734259513206504
2.649468085106383    -0.03834361817010309
2.651276595744681    -0.038380027700943446
2.653085106382979    -0.038106921231869324
2.6548936170212767    -0.03824866133755409
2.6567021276595746    -0.03909252211075296
2.6585106382978725    -0.039978595631576276
2.6603191489361704    -0.03983747614845371
2.6621276595744683    -0.0382326890782207
2.663936170212766    -0.035758912265368696
2.665744680851064    -0.033357733659057996
2.667553191489362    -0.03132891351659902
2.6693617021276594    -0.02913589580903061
2.6711702127659573    -0.0261711914236556
2.6729787234042552    -0.02255365759792049
2.674787234042553    -0.019034599077361436
2.676595744680851    -0.016154914903040288
2.678404255319149    -0.013658124367453648
2.680212765957447    -0.010833031576124204
2.6820212765957447    -0.007360345317585601
2.6838297872340426    -0.0036726928839205617
2.6856382978723405    -0.00044004014521072023
2.6874468085106384    0.0021881472873686147
2.6892553191489363    0.004717963579851564
2.6910638297872342    0.007732729296238506
2.692872340425532    0.011327443611137435
2.69468085106383    0.0151815455231602
2.696489361702128    0.01906785240731139
2.6982978723404254    0.02309234080320033
2.7001063829787233    0.027375399112978753
2.701914893617021    0.031646695695394716
2.703723404255319    0.03534335050823667
2.705531914893617    0.038127288194296394
2.707340425531915    0.04015391008129841
2.709148936170213    0.04171701228527659
2.7109574468085107    0.042726936400323934
2.7127659574468086    0.04277110107746329
2.7145744680851065    0.04180074253131501
2.7163829787234044    0.040601924903498815
2.7181914893617023    0.04029702553620691
2.72    0.04122486495487554
2.721808510638298    0.042414316893294224
2.723617021276596    0.042382635235604024
2.725425531914894    0.040562936002082106
2.7272340425531914    0.03787746402608129
2.7290425531914893    0.03579623355003336
2.730851063829787    0.034831925459772206
2.732659574468085    0.034053557789528247
2.734468085106383    0.03212157053021855
2.736276595744681    0.028720036408964374
2.7380851063829788    0.024870057307857428
2.7398936170212767    0.02186072524612607
2.7417021276595746    0.020018301841987496
2.7435106382978725    0.01861885408951426
2.7453191489361704    0.016906004972325903
2.7471276595744683    0.014963076020057635
2.748936170212766    0.013455543170214947
2.750744680851064    0.012632298847558211
2.752553191489362    0.011838589725523836
2.75436170212766    0.010166924447840373
2.7561702127659573    0.007507587098470582
2.757978723404255    0.004748881118460949
2.759787234042553    0.0028170506247170643
2.761595744680851    0.0015733782076909316
2.763404255319149    -0.00020169463265433938
2.765212765957447    -0.0036585869663113627
2.7670212765957447    -0.008732876028922008
2.7688297872340426    -0.014166109631537332
2.7706382978723405    -0.018627431510518773
2.7724468085106384    -0.021763650992707106
2.7742553191489363    -0.024171937096139552
2.776063829787234    -0.026474614378316184
2.777872340425532    -0.028571238972229934
2.77968085106383    -0.029837678882588363
2.781489361702128    -0.02995394331584294
2.783297872340426    -0.029383352766428443
2.7851063829787237    -0.02896498670290152
2.786914893617021    -0.029079782537456293
2.788723404255319    -0.029309940579944627
2.790531914893617    -0.028964850033717834
2.792340425531915    -0.027911970007723608
2.7941489361702128    -0.02682675983675615
2.7959574468085107    -0.02658633322923635
2.7977659574468086    -0.027422030142878702
2.7995744680851065    -0.02869324702831124
2.8013829787234044    -0.029508591228986303
2.8031914893617023    -0.02956542759512385
2.805    -0.029375408826629215
2.806808510638298    -0.029682187942274667
2.808617021276596    -0.03069128175496965
2.810425531914894    -0.0318902059115145
2.8122340425531918    -0.032596617816078165
2.8140425531914897    -0.03261797976813061
2.815851063829787    -0.032331200457611904
2.817659574468085    -0.03215821467606169
2.819468085106383    -0.0320850360357418
2.821276595744681    -0.03180007515960324
2.8230851063829787    -0.03128311061881924
2.8248936170212766    -0.031098366226296463
2.8267021276595745    -0.031924735072457834
2.8285106382978724    -0.033734702183283415
2.8303191489361703    -0.03553427474989377
2.832127659574468    -0.0360759224679005
2.833936170212766    -0.034928989232649456
2.835744680851064    -0.03284880210201622
2.837553191489362    -0.031058054448125143
2.83936170212766    -0.030160853135437073
2.8411702127659577    -0.029764841671528874
2.8429787234042556    -0.029104968809300476
2.844787234042553    -0.027904444468741144
2.846595744680851    -0.026531648703975404
2.848404255319149    -0.02537512015124798
2.8502127659574468    -0.024252361182610878
2.8520212765957447    -0.02257502963495661
2.8538297872340426    -0.020055274478202476
2.8556382978723405    -0.017078657589934043
2.8574468085106384    -0.014271398094752412
2.8592553191489363    -0.011772870056839423
2.861063829787234    -0.009107249961316701
2.862872340425532    -0.005849776891276876
2.86468085106383    -0.002311118949105087
2.866489361702128    0.0006196561409782463
2.8682978723404258    0.0023862637301379523
2.8701063829787237    0.003443439563599133
2.8719148936170216    0.0049183225022530535
2.873723404255319    0.007575951457643222
2.875531914893617    0.011172009168688202
2.877340425531915    0.014835890800433661
2.8791489361702127    0.01799524808988022
2.8809574468085106    0.020811761583923977
2.8827659574468085    0.02372565490037741
2.8845744680851064    0.026738936967476
2.8863829787234043    0.029313600175624246
2.8881914893617022    0.030981567629835595
2.89    0.031908039574851645
2.891808510638298    0.03271747416310159
2.893617021276596    0.0337727842586369
2.895425531914894    0.03474321747632197
2.8972340425531917    0.0349617129602818
2.8990425531914896    0.034169177755051953
2.9008510638297875    0.03281941290934474
2.902659574468085    0.031633208697858774
2.904468085106383    0.030918929764434895
2.906276595744681    0.0303803291756211
2.9080851063829787    0.029536989968182457
2.9098936170212766    0.028220467008595554
2.9117021276595745    0.02661825741619229
2.9135106382978724    0.024928165695565496
2.9153191489361703    0.023118507149576216
2.917127659574468    0.02108455032515822
2.918936170212766    0.018957928928624038
2.920744680851064    0.017132522447161173
2.922553191489362    0.01593092404600103
2.92436170212766    0.015287639692005545
2.9261702127659577    0.014819783662859617
2.9279787234042556    0.01421126909922214
2.9297872340425535    0.013486190072395696
2.931595744680851    0.012891265466213775
2.933404255319149    0.012556924731979776
2.9352127659574467    0.01233580220664908
2.9370212765957446    0.0119836519107373
2.9388297872340425    0.011447218743369129
2.9406382978723404    0.010919061203612319
2.9424468085106383    0.010608552342361868
2.9442553191489362    0.010510770067174942
2.946063829787234    0.010451908286244604
2.947872340425532    0.010364473188255827
2.94968085106383    0.01046752354225004
2.951489361702128    0.011106838802782917
2.9532978723404257    0.01237043000801058
2.9551063829787236    0.013862884364301286
2.9569148936170215    0.01491267756066978
2.9587234042553194    0.015085651975202966
2.960531914893617    0.014560771731964597
2.962340425531915    0.014004429056604442
2.9641489361702127    0.014011980058922211
2.9659574468085106    0.014589805755087438
2.9677659574468085    0.015145312566119708
2.9695744680851064    0.01501037428152725
2.9713829787234043    0.014033122368225834
2.973191489361702    0.01269758561842129
2.975    0.011663934143861344
2.976808510638298    0.011164916861962991
2.978617021276596    0.010820869327599257
2.980425531914894    0.010019285142569348
2.9822340425531917    0.008462385690700559
2.9840425531914896    0.006361354393930986
2.9858510638297875    0.004154540746148147
2.9876595744680854    0.0021080195924646416
2.989468085106383    0.0002131511841149186
2.9912765957446807    -0.0015958783418459428
2.9930851063829786    -0.0032504643082756613
2.9948936170212765    -0.004652691133395712
2.9967021276595744    -0.005936669607915581
2.9985106382978723    -0.007503671744847399
3.0003191489361702    -0.009685260004414688
3.002127659574468    -0.012346856769961289
3.003936170212766    -0.014885311969682877
3.005744680851064    -0.01669716329820037
3.007553191489362    -0.0176846170921143
3.0093617021276597    -0.018283672019096826
3.0111702127659576    -0.018961441431238204
3.0129787234042555    -0.019672820045045423
3.0147872340425534    -0.01982798739503872
3.0165957446808513    -0.01882879803654441
3.0184042553191492    -0.016672245663812552
3.0202127659574467    -0.014044149482574882
3.0220212765957446    -0.011805533724977463
3.0238297872340425    -0.01034229484011354
3.0256382978723404    -0.0093666198183468
3.0274468085106383    -0.008324705186033905
3.029255319148936    -0.0069982787717108065
3.031063829787234    -0.005723399841959818
3.032872340425532    -0.005037873690908856
3.03468085106383    -0.0051288168279123685
3.036489361702128    -0.005636045678162241
3.0382978723404257    -0.005993345578060305
3.0401063829787236    -0.005938547488002155
3.0419148936170215    -0.005667275952272208
3.0437234042553194    -0.0055111668555306356
3.0455319148936173    -0.00554735753054786
3.047340425531915    -0.005599564558213933
3.0491489361702127    -0.005598438772651423
3.0509574468085106    -0.005800627577895148
3.0527659574468085    -0.006506913461475127
3.0545744680851064    -0.007554744281448011
3.0563829787234043    -0.008238089527650488
3.058191489361702    -0.007901291015594268
3.06    -0.006652078294079419
3.061808510638298    -0.0053832793307181295
3.063617021276596    -0.004978408670759776
3.0654255319148938    -0.0054957616397592265
3.0672340425531917    -0.006208085705171439
3.0690425531914896    -0.006451715952439947
3.0708510638297875    -0.006328768715338414
3.0726595744680854    -0.006476993756752815
3.0744680851063833    -0.00720887216248701
3.076276595744681    -0.008058119646764462
3.0780851063829786    -0.00827214128372472
3.0798936170212765    -0.007640095005354201
3.0817021276595744    -0.006642292143077473
3.0835106382978723    -0.00575786139452443
3.08531914893617    -0.004833883328948071
3.087127659574468    -0.0033539647730213493
3.088936170212766    -0.0012841374857675055
3.090744680851064    0.0006353394371405311
3.092553191489362    0.0016563566151607543
3.0943617021276597    0.0019850142219782012
3.0961702127659576    0.002689315731659423
3.0979787234042555    0.004502837744536858
3.0997872340425534    0.006883655100968668
3.1015957446808513    0.008526608746502743
3.103404255319149    0.008844812496667968
3.105212765957447    0.008702083384973705
3.1070212765957446    0.009461532787384382
3.1088297872340425    0.01139778587809073
3.1106382978723404    0.013345683679566126
3.1124468085106383    0.014050786997131557
3.114255319148936    0.013650120801903275
3.116063829787234    0.01349913150293688
3.117872340425532    0.014507996790617761
3.11968085106383    0.015969106735663877
3.1214893617021278    0.016327180644783588
3.1232978723404257    0.01502704965364508
3.1251063829787236    0.013230557440709396
3.1269148936170215    0.0124884473164973
3.1287234042553194    0.012896340851053918
3.1305319148936173    0.012932106291335087
3.132340425531915    0.011214353999136586
3.134148936170213    0.008135750894178968
3.1359574468085105    0.0054429025794659365
3.1377659574468084    0.0042435544191124965
3.1395744680851063    0.0037702971530772025
3.141382978723404    0.002326667644722632
3.143191489361702    -0.000727467612607861
3.145    -0.004276634761568659
3.146808510638298    -0.0067916606596881745
3.148617021276596    -0.008063944597894883
3.1504255319148937    -0.009302202240828943
3.1522340425531916    -0.011578201796185916
3.1540425531914895    -0.014541539230347223
3.1558510638297874    -0.0168891303558347
3.1576595744680853    -0.017905751968323388
3.159468085106383    -0.018167679178296977
3.161276595744681    -0.018643691535589365
3.163085106382979    -0.019431579986283528
3.1648936170212765    -0.01974396745267643
3.1667021276595744    -0.019106892768699268
3.1685106382978723    -0.018174864304421664
3.17031914893617    -0.018051082347720012
3.172127659574468    -0.018907931773246702
3.173936170212766    -0.01963968435924519
3.175744680851064    -0.019064520601237738
3.1775531914893618    -0.0173026550295363
3.1793617021276597    -0.015698124670333383
3.1811702127659576    -0.015344947273108676
3.1829787234042555    -0.01589779689421622
3.1847872340425534    -0.015991094071097813
3.1865957446808513    -0.014733012525735702
3.188404255319149    -0.012582889675889788
3.190212765957447    -0.010733551265405365
3.192021276595745    -0.009831199324159944
3.1938297872340424    -0.009471892751585352
3.1956382978723403    -0.008865873068126102
3.1974468085106382    -0.007744278039413979
3.199255319148936    -0.006504874258616098
3.201063829787234    -0.005634597714698725
3.202872340425532    -0.005225150891398389
3.20468085106383    -0.005072156960407713
3.2064893617021277    -0.005029628229088791
3.2082978723404256    -0.005076450414347521
3.2101063829787235    -0.005093826778009659
3.2119148936170214    -0.004803561096975445
3.2137234042553193    -0.0040553858694419905
3.2155319148936172    -0.0030909715310247932
3.217340425531915    -0.002369999953062478
3.219148936170213    -0.002103296222753217
3.220957446808511    -0.0020465964600960155
3.2227659574468084    -0.0018050473177553855
3.2245744680851063    -0.0012681009099295851
3.226382978723404    -0.0006525133816922724
3.228191489361702    -0.00014778959768030212
3.23    0.0003486985887776778
3.231808510638298    0.0010756371486677486
3.233617021276596    0.0020670013762393046
3.2354255319148937    0.003087710170281538
3.2372340425531916    0.003919647221510714
3.2390425531914895    0.004613135240322147
3.2408510638297874    0.005390034342061324
3.2426595744680853    0.006356615641284511
3.244468085106383    0.00740854512884234
3.246276595744681    0.008409504968043316
3.248085106382979    0.009346268254675284
3.249893617021277    0.010235467879145808
3.251702127659575    0.010956768388574631
3.2535106382978722    0.011321796754516873
3.25531914893617    0.011342152549621102
3.257127659574468    0.011318430771945715
3.258936170212766    0.011555753882220672
3.260744680851064    0.012020901694066463
3.2625531914893617    0.012395571187581748
3.2643617021276596    0.012502402241084344
3.2661702127659575    0.012578021921448723
3.2679787234042554    0.013024311599496777
3.2697872340425533    0.013927720903866509
3.2715957446808512    0.014950731565086804
3.273404255319149    0.015734190162606347
3.275212765957447    0.016288285696892023
3.277021276595745    0.01686452554939779
3.278829787234043    0.017493535521445877
3.2806382978723407    0.017835069939633116
3.282446808510638    0.01758062938458608
3.284255319148936    0.016886190260630422
3.286063829787234    0.016220482877799806
3.287872340425532    0.01577106296369568
3.28968085106383    0.015184648155646671
3.2914893617021277    0.014046056365941136
3.2932978723404256    0.012531053461772232
3.2951063829787235    0.011356877148901712
3.2969148936170214    0.010985554585845311
3.2987234042553193    0.011017437702145225
3.300531914893617    0.010571438172822818
3.302340425531915    0.009273886632513998
3.304148936170213    0.007695782323054047
3.305957446808511    0.006696279167603514
3.307765957446809    0.006437052386057639
3.3095744680851067    0.006232718342099302
3.311382978723404    0.005394270587382254
3.313191489361702    0.004036298041179951
3.315    0.002897540354004766
3.316808510638298    0.002438973603581888
3.3186170212765957    0.0023216821708255614
3.3204255319148936    0.001835990102783026
3.3222340425531915    0.0006845158357537879
3.3240425531914894    -0.0008184777667214641
3.3258510638297873    -0.0022433328997493573
3.3276595744680852    -0.0034996916602341053
3.329468085106383    -0.004713251470753538
3.331276595744681    -0.00586179893792571
3.333085106382979    -0.006808071554872427
3.334893617021277    -0.0076976318030844175
3.3367021276595747    -0.00903828742758285
3.3385106382978726    -0.011140169722842399
3.34031914893617    -0.013551207409242753
3.342127659574468    -0.015327971632412445
3.343936170212766    -0.016002245841706626
3.345744680851064    -0.016128913756429553
3.3475531914893617    -0.016672513215510755
3.3493617021276596    -0.01788249696854549
3.3511702127659575    -0.01900077305652842
3.3529787234042554    -0.01918453665662497
3.3547872340425533    -0.01853348652866762
3.356595744680851    -0.01795710053111753
3.358404255319149    -0.018052265155834718
3.360212765957447    -0.018411284918562885
3.362021276595745    -0.01824700585432648
3.363829787234043    -0.017539021676906782
3.3656382978723407    -0.017199548918234754
3.3674468085106386    -0.017968809644450683
3.369255319148936    -0.01938763678157314
3.371063829787234    -0.020174219148485384
3.372872340425532    -0.019619409800001687
3.3746808510638298    -0.01832852545988376
3.3764893617021277    -0.017409000755707005
3.3782978723404256    -0.017104405112023408
3.3801063829787235    -0.01654771915671087
3.3819148936170214    -0.014910624885788024
3.3837234042553193    -0.012501221515555952
3.385531914893617    -0.010453356198550364
3.387340425531915    -0.009419883344631938
3.389148936170213    -0.008900856629582302
3.390957446808511    -0.007997869878547531
3.3927659574468088    -0.006581945138038857
3.3945744680851067    -0.005379865441242835
3.3963829787234046    -0.004904277056842198
3.398191489361702    -0.004644315584825741
3.4    -0.0035983712123523713
3.401808510638298    -0.0015089720804924954
3.4036170212765957    0.0007528303807876958
3.4054255319148936    0.0021556866349018676
3.4072340425531915    0.002652028029556156
3.4090425531914894    0.003123155917224376
3.4108510638297873    0.00425186140503566
3.412659574468085    0.005741168205470805
3.414468085106383    0.006788222826160314
3.416276595744681    0.007121338605631277
3.418085106382979    0.007262918171057051
3.419893617021277    0.007753324990964658
3.4217021276595747    0.008420063434809307
3.4235106382978726    0.008664496973354316
3.4253191489361705    0.008358467194773409
3.427127659574468    0.00812251159671744
3.428936170212766    0.008566612245820159
3.4307446808510638    0.0094529099776546
3.4325531914893617    0.009886455201840257
3.4343617021276596    0.009346700343769864
3.4361702127659575    0.008290940166573597
3.4379787234042554    0.0075790706055509065
3.4397872340425533    0.0074359460343988385
3.441595744680851    0.007231656716047146
3.443404255319149    0.006324214220874112
3.445212765957447    0.004894041763742755
3.447021276595745    0.0037469263040816325
3.4488297872340428    0.0033704243246158692
3.4506382978723407    0.0034305880582086333
3.4524468085106386    0.0032914656348281566
3.4542553191489365    0.002848262114111177
3.456063829787234    0.002623604901255268
3.457872340425532    0.003059350838945459
3.4596808510638297    0.00394503918302495
3.4614893617021276    0.004693931196076764
3.4632978723404255    0.005065214842120861
3.4651063829787234    0.005387069571405568
3.4669148936170213    0.006021447457178463
3.468723404255319    0.006799075143090248
3.470531914893617    0.007170189745507241
3.472340425531915    0.00687521568739414
3.474148936170213    0.006269726114749654
3.475957446808511    0.0058827052856363655
3.4777659574468087    0.005754483407081316
3.4795744680851066    0.005366587108891083
3.4813829787234045    0.004239679516454806
3.4831914893617024    0.0024842733156393466
3.4850000000000003    0.0006951325973349252
3.4868085106382978    -0.0006190040566601484
3.4886170212765957    -0.00139675864799411
3.4904255319148936    -0.001858528340279805
3.4922340425531915    -0.002145826842201594
3.4940425531914894    -0.0022290178427436897
3.4958510638297873    -0.002103242325669567
3.497659574468085    -0.0019270639239804977
3.499468085106383    -0.0019108580886692166
3.501276595744681    -0.0021354869307822688
3.503085106382979    -0.002542844500055247
3.5048936170212768    -0.003059673867526945
3.5067021276595747    -0.003640617663092923
3.5085106382978726    -0.004187951598682363
3.5103191489361705    -0.004532307309929484
3.5121276595744684    -0.004575738505966298
3.5139361702127663    -0.004420694973653756
3.5157446808510637    -0.004269015066105386
3.5175531914893616    -0.004179108165631501
3.5193617021276595    -0.0040025306483703026
3.5211702127659574    -0.003618337958360234
3.5229787234042553    -0.003175947785637824
3.5247872340425532    -0.0030006669759236665
3.526595744680851    -0.003231502460289623
3.528404255319149    -0.003626665678822913
3.530212765957447    -0.003794153852533572
3.532021276595745    -0.003588015561341914
3.5338297872340427    -0.003213885383189583
3.5356382978723406    -0.0029593933513095416
3.5374468085106385    -0.0029148739865679386
3.5392553191489364    -0.0029999668528204364
3.5410638297872343    -0.0031659498516614674
3.5428723404255322    -0.003430574690623657
3.5446808510638297    -0.0037050755350114296
3.5464893617021276    -0.003736831202601768
3.5482978723404255    -0.0033604479773223523
3.5501063829787234    -0.0027719312536367818
3.5519148936170213    -0.0024027238569132026
3.553723404255319    -0.0024461702687618185
3.555531914893617    -0.002591384790888984
3.557340425531915    -0.00233842764178003
3.559148936170213    -0.0015580369234909032
3.560957446808511    -0.0006177769842681622
3.5627659574468087    8.830190916519305e-05
3.5645744680851066    0.0006154339477549268
3.5663829787234045    0.0013416929319214842
3.5681914893617024    0.0024079121251579707
3.5700000000000003    0.003470318990913431
3.571808510638298    0.0041169338222807345
3.5736170212765956    0.004414133406264854
3.5754255319148935    0.004836775742202919
3.5772340425531914    0.005619197797502492
3.5790425531914893    0.006356214901059849
3.5808510638297872    0.006423623420743067
3.582659574468085    0.005749730922028537
3.584468085106383    0.004971825722480772
3.586276595744681    0.004738788096241644
3.588085106382979    0.0049946220292382704
3.5898936170212767    0.005128164603219517
3.5917021276595746    0.004798216774114652
3.5935106382978725    0.004384871940067725
3.5953191489361704    0.004483366211814908
3.5971276595744683    0.005083314460142846
3.5989361702127662    0.005507717078301968
3.600744680851064    0.0052444354502462955
3.6025531914893616    0.004653206103140304
3.6043617021276595    0.004635514240061291
3.6061702127659574    0.00561714548044508
3.6079787234042553    0.00705381390640487
3.609787234042553    0.00805065151354882
3.611595744680851    0.008344947867360737
3.613404255319149    0.008488288073024267
3.615212765957447    0.009066357608765136
