0.0    0.0
0.0018085106382978724    0.0
0.003617021276595745    0.0
0.005425531914893617    0.0
0.00723404255319149    0.0
0.009042553191489363    0.0
0.010851063829787235    0.0
0.012659574468085107    0.0
0.01446808510638298    0.0
0.016276595744680853    0.0
0.018085106382978725    0.0
0.019893617021276597    0.0
0.02170212765957447    0.0
0.023510638297872342    0.0
0.025319148936170214    0.0
0.027127659574468086    0.0
0.02893617021276596    0.0
0.03074468085106383    0.0
0.032553191489361706    0.0
0.03436170212765958    0.0
0.03617021276595745    0.0
0.03797872340425532    0.0
0.039787234042553195    0.0
0.04159574468085107    0.0
0.04340425531914894    0.0
0.04521276595744681    0.0
0.047021276595744683    0.0
0.048829787234042556    0.0
0.05063829787234043    0.0
0.0524468085106383    0.0
0.05425531914893617    0.0
0.056063829787234044    0.0
0.05787234042553192    0.0
0.05968085106382979    0.0
0.06148936170212766    0.0
0.06329787234042554    0.0
0.06510638297872341    0.0
0.06691489361702128    0.0
0.06872340425531916    0.0
0.07053191489361703    0.0
0.0723404255319149    0.0
0.07414893617021277    0.0
0.07595744680851065    0.0
0.07776595744680852    0.0
0.07957446808510639    0.0
0.08138297872340426    0.0
0.08319148936170213    0.0
0.085    0.0
0.08680851063829788    0.0
0.08861702127659575    0.0
0.09042553191489362    0.0
0.0922340425531915    0.0
0.09404255319148937    0.0
0.09585106382978724    0.0
0.09765957446808511    0.0
0.09946808510638298    0.0
0.10127659574468086    0.0
0.10308510638297873    0.0
0.1048936170212766    0.0
0.10670212765957447    0.0
0.10851063829787234    0.0
0.11031914893617022    0.0
0.11212765957446809    0.0
0.11393617021276596    0.0
0.11574468085106383    0.0
0.1175531914893617    0.0
0.11936170212765958    0.0
0.12117021276595745    0.0
0.12297872340425532    0.0
0.1247872340425532    0.0
0.12659574468085108    0.0
0.12840425531914895    0.0
0.13021276595744682    0.0
0.1320212765957447    0.0
0.13382978723404257    0.0
0.13563829787234044    0.0
0.1374468085106383    0.0
0.13925531914893619    0.0
0.14106382978723406    0.0
0.14287234042553193    0.0
0.1446808510638298    0.0
0.14648936170212767    0.0
0.14829787234042555    0.0
0.15010638297872342    0.0
0.1519148936170213    0.0
0.15372340425531916    0.0
0.15553191489361703    0.0
0.1573404255319149    0.0
0.15914893617021278    0.0
0.16095744680851065    0.0
0.16276595744680852    0.0
0.1645744680851064    0.0
0.16638297872340427    0.0
0.16819148936170214    0.0
0.17    0.0
0.17180851063829788    0.0
0.17361702127659576    0.0
0.17542553191489363    0.0
0.1772340425531915    0.0
0.17904255319148937    0.0
0.18085106382978725    0.0
0.18265957446808512    0.0
0.184468085106383    0.0
0.18627659574468086    0.0
0.18808510638297873    0.0
0.1898936170212766    0.0
0.19170212765957448    0.0
0.19351063829787235    0.0
0.19531914893617022    0.0
0.1971276595744681    0.0
0.19893617021276597    0.0
0.20074468085106384    0.0
0.2025531914893617    0.0
0.20436170212765958    0.0
0.20617021276595746    0.0
0.20797872340425533    0.0
0.2097872340425532    0.0
0.21159574468085107    0.0
0.21340425531914894    0.0
0.21521276595744682    0.0
0.2170212765957447    0.0
0.21882978723404256    0.0
0.22063829787234043    0.0
0.2224468085106383    0.0
0.22425531914893618    0.0
0.22606382978723405    0.0
0.22787234042553192    0.0
0.2296808510638298    0.0
0.23148936170212767    0.0
0.23329787234042554    0.0
0.2351063829787234    0.0
0.23691489361702128    0.0
0.23872340425531915    0.0
0.24053191489361703    0.0
0.2423404255319149    0.0
0.24414893617021277    0.0
0.24595744680851064    0.0
0.24776595744680852    0.0
0.2495744680851064    0.0
0.25138297872340426    0.0
0.25319148936170216    0.0
0.255    0.0
0.2568085106382979    0.0
0.25861702127659575    0.0
0.26042553191489365    0.0
0.2622340425531915    0.0
0.2640425531914894    0.0
0.26585106382978724    0.0
0.26765957446808514    0.0
0.269468085106383    0.0
0.2712765957446809    0.0
0.2730851063829787    0.0
0.2748936170212766    0.0
0.27670212765957447    0.0
0.27851063829787237    0.0
0.2803191489361702    0.0
0.2821276595744681    0.0
0.28393617021276596    0.0
0.28574468085106386    0.0
0.2875531914893617    0.0
0.2893617021276596    0.0
0.29117021276595745    0.0
0.29297872340425535    0.0
0.2947872340425532    0.0
0.2965957446808511    0.0
0.29840425531914894    0.0
0.30021276595744684    0.0
0.3020212765957447    0.0
0.3038297872340426    0.0
0.3056382978723404    0.0
0.3074468085106383    0.0
0.30925531914893617    0.0
0.31106382978723407    0.0
0.3128723404255319    0.0
0.3146808510638298    0.0
0.31648936170212766    0.0
0.31829787234042556    0.0
0.3201063829787234    0.0
0.3219148936170213    0.0
0.32372340425531915    0.0
0.32553191489361705    0.0
0.3273404255319149    0.0
0.3291489361702128    0.0
0.33095744680851064    0.0
0.33276595744680854    0.0
0.3345744680851064    0.0
0.3363829787234043    0.0
0.3381914893617021    0.0
0.34    0.0
0.34180851063829787    0.0
0.34361702127659577    0.0
0.3454255319148936    0.0
0.3472340425531915    0.0
0.34904255319148936    0.0
0.35085106382978726    0.0
0.3526595744680851    0.0
0.354468085106383    0.0
0.35627659574468085    0.0
0.35808510638297875    0.0
0.3598936170212766    0.0
0.3617021276595745    0.0
0.36351063829787233    0.0
0.36531914893617023    0.0
0.3671276595744681    0.0
0.368936170212766    0.0
0.3707446808510638    0.0
0.3725531914893617    0.0
0.37436170212765957    0.0
0.37617021276595747    0.0
0.3779787234042553    0.0
0.3797872340425532    0.0
0.38159574468085106    0.0
0.38340425531914896    0.0
0.3852127659574468    0.0
0.3870212765957447    0.0
0.38882978723404255    0.0
0.39063829787234045    0.0
0.3924468085106383    0.0
0.3942553191489362    0.0
0.39606382978723403    0.0
0.39787234042553193    0.0
0.3996808510638298    0.0
0.4014893617021277    0.0
0.4032978723404255    0.0
0.4051063829787234    0.0
0.40691489361702127    0.0
0.40872340425531917    0.0
0.410531914893617    0.0
0.4123404255319149    0.0
0.41414893617021276    0.0
0.41595744680851066    0.0
0.4177659574468085    0.0
0.4195744680851064    0.0
0.42138297872340424    0.0
0.42319148936170214    0.0
0.425    0.0
0.4268085106382979    0.0
0.42861702127659573    0.0
0.43042553191489363    0.0
0.4322340425531915    0.0
0.4340425531914894    0.0
0.4358510638297872    0.0
0.4376595744680851    0.0
0.43946808510638297    0.0
0.44127659574468087    0.0
0.4430851063829787    0.0
0.4448936170212766    0.0
0.44670212765957445    0.0
0.44851063829787235    0.0
0.4503191489361702    0.0
0.4521276595744681    0.0
0.45393617021276594    0.0
0.45574468085106384    5.4e-323
0.4575531914893617    6.863e-321
0.4593617021276596    7.9952e-319
0.46117021276595743    8.8690855e-317
0.46297872340425533    9.38519768e-315
0.46478723404255323    9.4855520777e-313
0.4665957446808511    9.1673284378607e-311
0.468404255319149    8.48137740356229e-309
0.4702127659574468    7.51958011322306e-307
0.4720212765957447    6.395342818025186e-305
0.47382978723404257    5.2227248765008393e-303
0.47563829787234047    4.099165441885574e-301
0.4774468085106383    3.094878608906409e-299
0.4792553191489362    2.249627464136359e-297
0.48106382978723405    1.5756158873225305e-295
0.48287234042553195    1.0641496271751166e-293
0.4846808510638298    6.935762227365252e-292
0.4864893617021277    4.365549030277415e-290
0.48829787234042554    2.655454782632685e-288
0.49010638297872344    1.562015455802293e-286
0.4919148936170213    8.891162523879562e-285
0.4937234042553192    4.900371297101419e-283
0.49553191489361703    2.6167218116408006e-281
0.49734042553191493    1.3545534583366636e-279
0.4991489361702128    6.801240180464097e-278
0.5009574468085106    3.3141231700921915e-276
0.5027659574468085    1.5680691526349636e-274
0.5045744680851064    7.207719937105946e-273
0.5063829787234043    3.220177348121154e-271
0.5081914893617021    1.398998491279979e-269
0.51    5.913032302834254e-268
0.5118085106382979    2.4324990850078607e-266
0.5136170212765958    9.743894975885767e-265
0.5154255319148936    3.802178013108899e-263
0.5172340425531915    1.4458704174375757e-261
0.5190425531914894    5.360377711960877e-260
0.5208510638297873    1.938195727179966e-258
0.5226595744680851    6.83751856935566e-257
0.524468085106383    2.354268436897264e-255
0.5262765957446809    7.914502497056589e-254
0.5280851063829788    2.5986685689513516e-252
0.5298936170212766    8.336490619529423e-251
0.5317021276595745    2.6137399103019e-249
0.5335106382978724    8.01172712605305e-248
0.5353191489361703    2.4016460461324364e-246
0.5371276595744681    7.042744076119161e-245
0.538936170212766    2.0209359745702644e-243
0.5407446808510639    5.67630160744837e-242
0.5425531914893618    1.5609970916183493e-240
0.5443617021276596    4.204176676565683e-239
0.5461702127659575    1.1092200833590804e-237
0.5479787234042554    2.867644499436822e-236
0.5497872340425533    7.266311076172036e-235
0.551595744680851    1.8050592209023673e-233
0.5534042553191489    4.397065594781312e-232
0.5552127659574468    1.0505852225098992e-230
0.5570212765957447    2.4626177277636406e-229
0.5588297872340425    5.664458001770124e-228
0.5606382978723404    1.278826044911516e-226
0.5624468085106383    2.834329530536099e-225
0.5642553191489362    6.168320616321686e-224
0.566063829787234    1.3184123592319523e-222
0.5678723404255319    2.7681614085424555e-221
0.5696808510638298    5.710493070535715e-220
0.5714893617021277    1.1576634006878665e-218
0.5732978723404255    2.3067482025590407e-217
0.5751063829787234    4.518645568374816e-216
0.5769148936170213    8.703339566805894e-215
0.5787234042553192    1.6485833622689627e-213
0.580531914893617    3.0715631785094733e-212
0.5823404255319149    5.62997240092127e-211
0.5841489361702128    1.0153706543188704e-209
0.5859574468085107    1.8021308107566104e-208
0.5877659574468085    3.148196494907087e-207
0.5895744680851064    5.414025208889002e-206
0.5913829787234043    9.167046626258724e-205
0.5931914893617022    1.5284662716448565e-203
0.595    2.5099485656790574e-202
0.5968085106382979    4.059947443740035e-201
0.5986170212765958    6.469720803894014e-200
0.6004255319148937    1.0158321936187078e-198
0.6022340425531915    1.571774951597375e-197
0.6040425531914894    2.3969020131837645e-196
0.6058510638297873    3.60296656527548e-195
0.6076595744680852    5.3392185320180965e-194
0.609468085106383    7.80115930186609e-193
0.6112765957446809    1.1239838526243959e-191
0.6130851063829788    1.5971106582923844e-190
0.6148936170212767    2.238399263757717e-189
0.6167021276595744    3.094713150383889e-188
0.6185106382978723    4.221194328348771e-187
0.6203191489361702    5.681111623600501e-186
0.6221276595744681    7.545089808211536e-185
0.6239361702127659    9.889580603892534e-184
0.6257446808510638    1.2794465629337513e-182
0.6275531914893617    1.6339730986187238e-181
0.6293617021276596    2.0601223268225577e-180
0.6311702127659574    2.564558447019201e-179
0.6329787234042553    3.152456266172022e-178
0.6347872340425532    3.8268997540867126e-177
0.6365957446808511    4.588287390544396e-176
0.6384042553191489    5.433790921583196e-175
0.6402127659574468    6.356918150474535e-174
0.6420212765957447    7.347230056808708e-173
0.6438297872340426    8.390257194002314e-172
0.6456382978723404    9.467649801278148e-171
0.6474468085106383    1.0557580823865277e-169
0.6492553191489362    1.1635402129262458e-168
0.6510638297872341    1.267453325522786e-167
0.6528723404255319    1.3647541043436257e-166
0.6546808510638298    1.4527349694501495e-165
0.6564893617021277    1.5288506229769305e-164
0.6582978723404256    1.59084178088756e-163
0.6601063829787234    1.6368475981250243e-162
0.6619148936170213    1.665498913653526e-161
0.6637234042553192    1.675985772645827e-160
0.6655319148936171    1.6680946032525964e-159
0.6673404255319149    1.6422127476563166e-158
0.6691489361702128    1.5993005420594528e-157
0.6709574468085107    1.5408335641356452e-156
0.6727659574468086    1.4687197900422871e-155
0.6745744680851063    1.3851980376235839e-154
0.6763829787234042    1.2927250894548003e-153
0.6781914893617021    1.1938592318479782e-152
0.68    1.0911476298848726e-151
0.6818085106382978    9.870240656629816e-151
0.6836170212765957    8.837222298805378e-150
0.6854255319148936    7.832081397806631e-149
0.6872340425531915    6.871335337473131e-148
0.6890425531914893    5.96810429171968e-147
0.6908510638297872    5.132055640473457e-146
0.6926595744680851    4.369522750429593e-145
0.694468085106383    3.683765536152203e-144
0.6962765957446809    3.075335824201039e-143
0.6980851063829787    2.542509648055057e-142
0.6998936170212766    2.0817506926841356e-141
0.7017021276595745    1.6881734846461622e-140
0.7035106382978724    1.3559808034534604e-139
0.7053191489361702    1.0788564009849283e-138
0.7071276595744681    8.503007725010732e-138
0.708936170212766    6.639038765352099e-137
0.7107446808510639    5.1355396448785116e-136
0.7125531914893617    3.9358583118705065e-135
0.7143617021276596    2.9887476070648207e-134
0.7161702127659575    2.2488426424034117e-133
0.7179787234042554    1.6767652332317164e-132
0.7197872340425532    1.238944498993135e-131
0.7215957446808511    9.072366451306127e-131
0.723404255319149    6.58416817639699e-130
0.7252127659574469    4.736036316595237e-129
0.7270212765957447    3.3766403995740825e-128
0.7288297872340426    2.3863377490050485e-127
0.7306382978723405    1.67177445624465e-126
0.7324468085106384    1.1610294471842249e-125
0.7342553191489362    7.993728662955181e-125
0.7360638297872341    5.456532866942092e-124
0.737872340425532    3.692884201728887e-123
0.7396808510638299    2.4780851993825793e-122
0.7414893617021276    1.6488769739535162e-121
0.7432978723404255    1.0879310030309858e-120
0.7451063829787234    7.118277296732468e-120
0.7469148936170213    4.618788079662698e-119
0.7487234042553191    2.9722111680351983e-118
0.750531914893617    1.896917566868565e-117
0.7523404255319149    1.2007507970492336e-116
0.7541489361702128    7.538955406739175e-116
0.7559574468085106    4.695062216139721e-115
0.7577659574468085    2.9004222110653105e-114
0.7595744680851064    1.777413124378463e-113
0.7613829787234043    1.0805384406064899e-112
0.7631914893617021    6.51679295634021e-112
0.765    3.8992983823975e-111
0.7668085106382979    2.3148062335120837e-110
0.7686170212765958    1.3634368589504919e-109
0.7704255319148936    7.968269675497013e-109
0.7722340425531915    4.620806944339567e-108
0.7740425531914894    2.6589639189058133e-107
0.7758510638297873    1.5183213875893774e-106
0.7776595744680851    8.603739708613225e-106
0.779468085106383    4.838364301494073e-105
0.7812765957446809    2.700305479747227e-104
0.7830851063829788    1.495703003363075e-103
0.7848936170212766    8.222632860889428e-103
0.7867021276595745    4.486671336623315e-102
0.7885106382978724    2.429965046760951e-101
0.7903191489361703    1.3063291789651306e-100
0.7921276595744681    6.971019762669051e-100
0.793936170212766    3.692709770099697e-99
0.7957446808510639    1.941838645677695e-98
0.7975531914893618    1.0137105710716608e-97
0.7993617021276596    5.253651872591271e-97
0.8011702127659575    2.7031400144295332e-96
0.8029787234042554    1.3808580135624302e-95
0.8047872340425533    7.003512167800009e-95
0.806595744680851    3.5268105053210333e-94
0.808404255319149    1.763439586918757e-93
0.8102127659574468    8.755157580236281e-93
0.8120212765957447    4.316232424814127e-92
0.8138297872340425    2.112980857788402e-91
0.8156382978723404    1.0271844897929997e-90
0.8174468085106383    4.958788896076571e-90
0.8192553191489362    2.377327696963329e-89
0.821063829787234    1.1318805361899315e-88
0.8228723404255319    5.352072125135268e-88
0.8246808510638298    2.513418016923366e-87
0.8264893617021277    1.1723042378910949e-86
0.8282978723404255    5.430753640334173e-86
0.8301063829787234    2.4988213363865587e-85
0.8319148936170213    1.1420278547217624e-84
0.8337234042553192    5.184364145674314e-84
0.835531914893617    2.3377733670081552e-83
0.8373404255319149    1.0471480580672082e-82
0.8391489361702128    4.659326016146432e-82
0.8409574468085107    2.0594812976831008e-81
0.8427659574468085    9.043210736113096e-81
0.8445744680851064    3.9448244019358825e-80
0.8463829787234043    1.7095546398098334e-79
0.8481914893617022    7.360350953841128e-79
0.85    3.148357996426578e-78
0.8518085106382979    1.3379794830140916e-77
0.8536170212765958    5.649423691919546e-77
0.8554255319148937    2.3700508594647513e-76
0.8572340425531915    9.879145320311722e-76
0.8590425531914894    4.0916504256244406e-75
0.8608510638297873    1.683853291321456e-74
0.8626595744680852    6.8856601891065e-74
0.864468085106383    2.7978952396802566e-73
0.8662765957446809    1.1297195632786264e-72
0.8680851063829788    4.532855643517526e-72
0.8698936170212767    1.8073562320381165e-71
0.8717021276595744    7.161347618890657e-71
0.8735106382978723    2.8198970568723066e-70
0.8753191489361702    1.1034877990980482e-69
0.8771276595744681    4.291466961784975e-69
0.8789361702127659    1.6586549077010957e-68
0.8807446808510638    6.371274220290638e-68
0.8825531914893617    2.432340762528069e-67
0.8843617021276596    9.229074766843463e-67
0.8861702127659574    3.480448411196107e-66
0.8879787234042553    1.3045570977961935e-65
0.8897872340425532    4.860145858694366e-65
0.8915957446808511    1.799704492434356e-64
0.8934042553191489    6.62408739003549e-64
0.8952127659574468    2.4234330816174685e-63
0.8970212765957447    8.812988651326998e-63
0.8988297872340426    3.1857344184001567e-62
0.9006382978723404    1.1447139731955311e-61
0.9024468085106383    4.0887659094336066e-61
0.9042553191489362    1.4517841402404583e-60
0.9060638297872341    5.124281548443193e-60
0.9078723404255319    1.798007743883601e-59
0.9096808510638298    6.271684174303349e-59
0.9114893617021277    2.1747891991341876e-58
0.9132978723404256    7.497159376607143e-58
0.9151063829787234    2.569384141993632e-57
0.9169148936170213    8.754273190018522e-57
0.9187234042553192    2.9653493074252164e-56
0.9205319148936171    9.986244323076248e-56
0.9223404255319149    3.343527085592642e-55
0.9241489361702128    1.1129855076892859e-54
0.9259574468085107    3.683509233132886e-54
0.9277659574468086    1.2120683207485753e-53
0.9295744680851065    3.9654358335976497e-53
0.9313829787234043    1.2899074664455907e-52
0.9331914893617022    4.1719127320124956e-52
0.935    1.3416092340890495e-51
0.936808510638298    4.289790409957924e-51
0.9386170212765957    1.363861527625618e-50
0.9404255319148936    4.311550946519386e-50
0.9422340425531915    1.3552848529383545e-49
0.9440425531914894    4.236099548164221e-49
0.9458510638297872    1.3165726956039105e-48
0.9476595744680851    4.0688451199877694e-48
0.949468085106383    1.2504016207689393e-47
0.9512765957446809    3.8210637995473083e-47
0.9530851063829787    1.1611269130586895e-46
0.9548936170212766    3.508648769847192e-46
0.9567021276595745    1.0543115742278151e-45
0.9585106382978724    3.1504378069072246e-45
0.9603191489361702    9.361589633052116e-45
0.9621276595744681    2.766360967676922e-44
0.963936170212766    8.129285443805823e-44
0.9657446808510639    2.3756573623106427e-43
0.9675531914893617    6.904093706641151e-43
0.9693617021276596    1.9953746266909187e-42
0.9711702127659575    5.735093040327527e-42
0.9729787234042554    1.639298400272008e-41
0.9747872340425532    4.659939384051365e-41
0.9765957446808511    1.3173777227882074e-40
0.978404255319149    3.703830958833291e-40
0.9802127659574469    1.0356325762869255e-39
0.9820212765957447    2.8798957610821786e-39
0.9838297872340426    7.964657043856659e-39
0.9856382978723405    2.1906816488676358e-38
0.9874468085106384    5.99260814491199e-38
0.9892553191489362    1.6303444060672771e-37
0.9910638297872341    4.411355489830918e-37
0.992872340425532    1.1871244178968513e-36
0.9946808510638299    3.177269595945043e-36
0.9964893617021277    8.457609202711787e-36
0.9982978723404256    2.239127656625323e-35
1.0001063829787233    5.895893986075856e-35
1.0019148936170212    1.5440516738535828e-34
1.0037234042553191    4.0217681619757e-34
1.005531914893617    1.0418779688018345e-33
1.007340425531915    2.6844961488208856e-33
1.0091489361702128    6.879489454588362e-33
1.0109574468085107    1.7534702891858174e-32
1.0127659574468086    4.4451925241368673e-32
1.0145744680851063    1.120814602933374e-31
1.0163829787234042    2.8107939130101233e-31
1.0181914893617021    7.01095400980151e-31
1.02    1.73931758747649e-30
1.021808510638298    4.291755517772408e-30
1.0236170212765958    1.0532850662077831e-29
1.0254255319148937    2.571059859059436e-29
1.0272340425531916    6.242148403443407e-29
1.0290425531914893    1.507342176894733e-28
1.0308510638297872    3.620308499508817e-28
1.032659574468085    8.648390032895022e-28
1.034468085106383    2.0548531506786782e-27
1.036276595744681    4.8560361130267336e-27
1.0380851063829788    1.1414010267772866e-26
1.0398936170212767    2.668390359516817e-26
1.0417021276595746    6.204611831050063e-26
1.0435106382978723    1.4349385145650487e-25
1.0453191489361702    3.3006884761970086e-25
1.047127659574468    7.551398139059826e-25
1.048936170212766    1.7183066705031474e-24
1.0507446808510639    3.888868124043578e-24
1.0525531914893618    8.753739347496287e-24
1.0543617021276597    1.959793652793427e-23
1.0561702127659576    4.363869664936757e-23
1.0579787234042553    9.66442655611619e-23
1.0597872340425532    2.1287338499937246e-22
1.061595744680851    4.66343057384833e-22
1.063404255319149    1.0160762632038453e-21
1.0652127659574468    2.2018176667374248e-21
1.0670212765957447    4.745348524492256e-21
1.0688297872340426    1.0171474089122762e-20
1.0706382978723405    2.1683323053872746e-20
1.0724468085106382    4.597173786969044e-20
1.0742553191489361    9.693395900988692e-20
1.076063829787234    2.0327200233867091e-19
1.077872340425532    4.239281227276444e-19
1.0796808510638298    8.792577852358355e-19
1.0814893617021277    1.813617296015254e-18
1.0832978723404256    3.720286791440421e-18
1.0851063829787235    7.589344333894618e-18
1.0869148936170212    1.53965949625933e-17
1.088723404255319    3.106225821929665e-17
1.090531914893617    6.231956255900315e-17
1.092340425531915    1.2433508673279938e-16
1.0941489361702128    2.4668095991549764e-16
1.0959574468085107    4.866812842994931e-16
1.0977659574468086    9.548056599894772e-16
1.0995744680851065    1.862690281684875e-15
1.1013829787234042    3.61339464285933e-15
1.103191489361702    6.969999361871346e-15
1.105    1.3368600015644942e-14
1.1068085106382979    2.549575995102026e-14
1.1086170212765958    4.8347225316616574e-14
1.1104255319148937    9.115681654694114e-14
1.1122340425531916    1.7088852466874754e-13
1.1140425531914895    3.185184998389933e-13
1.1158510638297872    5.902635733123509e-13
1.117659574468085    1.0875221111015948e-12
1.119468085106383    1.992057663224049e-12
1.1212765957446809    3.6276717171221053e-12
1.1230851063829788    6.567597555982161e-12
1.1248936170212767    1.1820270637349304e-11
1.1267021276595746    2.114852685792229e-11
1.1285106382978725    3.7614364189213454e-11
1.1303191489361701    6.650233879822551e-11
1.132127659574468    1.168740170434531e-10
1.133936170212766    2.0416660891497646e-10
1.1357446808510638    3.545067704871942e-10
1.1375531914893617    6.118209435399704e-10
1.1393617021276596    1.0494712762367222e-09
1.1411702127659575    1.7891596742045345e-09
1.1429787234042554    3.0314147464746214e-09
1.1447872340425531    5.104393694165805e-09
1.146595744680851    8.541413977808465e-09
1.148404255319149    1.4203188045388779e-08
1.1502127659574468    2.346904324019495e-08
1.1520212765957447    3.853370621575083e-08
1.1538297872340426    6.286424500736963e-08
1.1556382978723405    1.0189786988615208e-07
1.1574468085106384    1.640987156057076e-07
1.1592553191489363    2.625447470082862e-07
1.161063829787234    4.1729014041106634e-07
1.162872340425532    6.588510400855779e-07
1.1646808510638298    1.0333023749292143e-06
1.1664893617021277    1.6096612111438184e-06
1.1682978723404256    2.4904804600880677e-06
1.1701063829787235    3.826899589304673e-06
1.1719148936170214    5.839810737921011e-06
1.1737234042553193    8.84931268711176e-06
1.175531914893617    1.3315251270818865e-05
1.1773404255319149    1.9892385506203537e-05
1.1791489361702128    2.950456393199311e-05
1.1809574468085107    4.344321592205496e-05
1.1827659574468086    6.349640064499575e-05
1.1845744680851065    9.211551629139285e-05
1.1863829787234044    0.00013262740941934398
1.1881914893617023    0.0001894998339640509
1.19    0.0002686677179796279
1.1918085106382978    0.00037792615706309896
1.1936170212765957    0.0005273930517620535
1.1954255319148936    0.0007300393760866647
1.1972340425531915    0.001002277723704312
1.1990425531914894    0.0013645895881990466
1.2008510638297873    0.0018421584828346464
1.2026595744680852    0.0024654594256347424
1.204468085106383    0.003270735824863197
1.2062765957446808    0.004300273263163659
1.2080851063829787    0.005602357673884271
1.2098936170212766    0.00723078536601338
1.2117021276595745    0.009243777664445715
1.2135106382978724    0.011702147898203626
1.2153191489361703    0.014666578157417221
1.2171276595744682    0.018193893099545593
1.218936170212766    0.022332273324760458
1.2207446808510638    0.027115435537104087
1.2225531914893617    0.032555922672939136
1.2243617021276596    0.03863779264973878
1.2261702127659575    0.04530916270077026
1.2279787234042554    0.05247524470862795
1.2297872340425533    0.059992676136159856
1.2315957446808512    0.06766608516430267
1.2334042553191489    0.07524789639516169
1.2352127659574468    0.08244235149016846
1.2370212765957447    0.08891455588737984
1.2388297872340426    0.09430504457885025
1.2406382978723405    0.09824987776813524
1.2424468085106384    0.10040564366662591
1.2442553191489363    0.10047800094754425
1.2460638297872342    0.09825160868364527
1.2478723404255319    0.09361856831074844
1.2496808510638298    0.08660196518522681
1.2514893617021277    0.07737088183099114
1.2532978723404256    0.06624348664400825
1.2551063829787235    0.05367557173947994
1.2569148936170214    0.04023325122239854
1.2587234042553193    0.026550379560792356
1.2605319148936172    0.013273449360460307
1.2623404255319148    0.000999014349054866
1.2641489361702127    -0.009789294771055347
1.2659574468085106    -0.018775735552418654
1.2677659574468085    -0.025850663831610707
1.2695744680851064    -0.03112428399746111
1.2713829787234043    -0.034910730690543686
1.2731914893617022    -0.03768111425851647
1.2750000000000001    -0.03998895057833466
1.2768085106382978    -0.042376461983656306
1.2786170212765957    -0.04527470714036932
1.2804255319148936    -0.04891342566000046
1.2822340425531915    -0.053257021808872214
1.2840425531914894    -0.057980716006513396
1.2858510638297873    -0.06249550174367959
1.2876595744680852    -0.06602270054814954
1.289468085106383    -0.06770976470027304
1.2912765957446808    -0.0667701826729214
1.2930851063829787    -0.06262376741746739
1.2948936170212766    -0.05501097507619382
1.2967021276595745    -0.044057364494025184
1.2985106382978724    -0.030272076342623244
1.3003191489361703    -0.014476328661043536
1.3021276595744682    0.0023277147405884185
1.303936170212766    0.01912370442350649
1.3057446808510638    0.03504981099109107
1.3075531914893617    0.04953273933092306
1.3093617021276596    0.062355728503696514
1.3111702127659575    0.07364251003638188
1.3129787234042554    0.08375814730409843
1.3147872340425533    0.09314819810373474
1.3165957446808512    0.10215469109402066
1.318404255319149    0.1108561833702366
1.3202127659574467    0.11897643580299384
1.3220212765957446    0.12589144449541773
1.3238297872340425    0.13074035327554762
1.3256382978723404    0.13261772328102844
1.3274468085106383    0.13080009275360327
1.3292553191489362    0.12494597560248283
1.3310638297872341    0.11521048492709163
1.332872340425532    0.10223474059799209
1.3346808510638297    0.08700245032392676
1.3364893617021276    0.07059355198377162
1.3382978723404255    0.053897121894586994
1.3401063829787234    0.03736283297416425
1.3419148936170213    0.020865534637449168
1.3437234042553192    0.0037303917652016932
1.3455319148936171    -0.01507737895397435
1.347340425531915    -0.03664203189837599
1.3491489361702127    -0.061748054616187556
1.3509574468085106    -0.0905900156277022
1.3527659574468085    -0.12262643540112587
1.3545744680851064    -0.1566230669798369
1.3563829787234043    -0.19087566642830495
1.3581914893617022    -0.22354808990644187
1.36    -0.25302600860732855
1.361808510638298    -0.2781822390155047
1.3636170212765957    -0.29847941189276034
1.3654255319148936    -0.31389070770554567
1.3672340425531915    -0.3246816082086959
1.3690425531914894    -0.33114339617032557
1.3708510638297873    -0.3333847582342723
1.3726595744680852    -0.3312642865481486
1.374468085106383    -0.3244909978889811
1.376276595744681    -0.3128517618136744
1.3780851063829787    -0.29646936534552487
1.3798936170212766    -0.2759751640911961
1.3817021276595745    -0.25250601825308855
1.3835106382978724    -0.2274995045101778
1.3853191489361703    -0.20234147357871846
1.3871276595744682    -0.1779850706343316
1.388936170212766    -0.15468309948645698
1.390744680851064    -0.13194364573080125
1.3925531914893619    -0.10874080458653282
1.3943617021276595    -0.08391613555584887
1.3961702127659574    -0.056629552106969294
1.3979787234042553    -0.026693137999331415
1.3997872340425532    0.005338583953023612
1.4015957446808511    0.03835550038189649
1.403404255319149    0.07107882477208005
1.405212765957447    0.10248762300735692
1.4070212765957448    0.13210473743227183
1.4088297872340425    0.16001770624640818
1.4106382978723404    0.18662208470537164
1.4124468085106383    0.21219750992382233
1.4142553191489362    0.23650827130978683
1.416063829787234    0.25862194825936813
1.417872340425532    0.27705593059506783
1.41968085106383    0.29022344454136195
1.4214893617021278    0.297015081044795
1.4232978723404255    0.2972783342885269
1.4251063829787234    0.291982329011524
1.4269148936170213    0.28297285153041685
1.4287234042553192    0.27238796279534905
1.430531914893617    0.2619478320349826
1.432340425531915    0.25239143698632094
1.4341489361702129    0.24327943567520532
1.4359574468085108    0.2332371699381487
1.4377659574468085    0.22053554638738643
1.4395744680851064    0.20377597353652882
1.4413829787234043    0.1824147030339709
1.4431914893617022    0.15694278729484484
1.445    0.1286910494824316
1.446808510638298    0.09938364743227207
1.4486170212765959    0.0706495419852213
1.4504255319148938    0.04368401221154586
1.4522340425531914    0.019149050630758502
1.4540425531914893    -0.002729300240746132
1.4558510638297872    -0.02199686496550659
1.4576595744680851    -0.03887193335589772
1.459468085106383    -0.05376100470577982
1.461276595744681    -0.06732897979940783
1.4630851063829788    -0.08049274371522841
1.4648936170212767    -0.09422745220033202
1.4667021276595744    -0.10918415914348586
1.4685106382978723    -0.1252587943811313
1.4703191489361702    -0.14134167270060422
1.4721276595744681    -0.1554482195356467
1.473936170212766    -0.16527899729275408
1.475744680851064    -0.16904424861080458
1.4775531914893618    -0.16622221926166786
1.4793617021276597    -0.15789795481571145
1.4811702127659574    -0.1464817922399711
1.4829787234042553    -0.13487695863517685
1.4847872340425532    -0.1254284073752402
1.486595744680851    -0.11910724222324012
1.488404255319149    -0.11529510250506017
1.490212765957447    -0.11226246862424163
1.4920212765957448    -0.10810965151686092
1.4938297872340427    -0.10171907195954025
1.4956382978723404    -0.09326516369242452
1.4974468085106383    -0.08404927034413914
1.4992553191489362    -0.0757627857660135
1.501063829787234    -0.06956351837175997
1.502872340425532    -0.06543521056776566
1.5046808510638299    -0.06214691773687828
1.5064893617021278    -0.05781964644948323
1.5082978723404257    -0.05080442600850167
1.5101063829787233    -0.04043453969817616
1.5119148936170212    -0.027301419257370813
1.5137234042553191    -0.01296228509738901
1.515531914893617    0.0007272314474847819
1.517340425531915    0.012302194046725588
1.5191489361702128    0.021085236556515518
1.5209574468085107    0.027175183952800688
1.5227659574468086    0.031141449894408226
1.5245744680851063    0.033666248367256416
1.5263829787234042    0.0353404192835263
1.5281914893617021    0.03666142607881917
1.53    0.03812011940804726
1.531808510638298    0.04020807210602728
1.5336170212765958    0.04326376136551849
1.5354255319148937    0.047237531758870965
1.5372340425531916    0.051569917342417254
1.5390425531914893    0.0553503812011653
1.5408510638297872    0.05775429326479245
1.542659574468085    0.058548410403828174
1.544468085106383    0.05835312518884739
1.546276595744681    0.05844245456698026
1.5480851063829788    0.060117833456245634
1.5498936170212767    0.06396400520021135
1.5517021276595746    0.06941077556773805
1.5535106382978723    0.07489146582025964
1.5553191489361702    0.0785651651962637
1.557127659574468    0.0792383195719004
1.558936170212766    0.07698393437675972
1.5607446808510639    0.07310895745075251
1.5625531914893618    0.06948422075357137
1.5643617021276597    0.06761482093435801
1.5661702127659576    0.06797246313454368
1.5679787234042553    0.06994469641494046
1.5697872340425532    0.07237874575343424
1.571595744680851    0.0743420585629113
1.573404255319149    0.07560911388991047
1.5752127659574469    0.07658418162695714
1.5770212765957448    0.07775319030101814
1.5788297872340427    0.07907585215184863
1.5806382978723406    0.07977237117757167
1.5824468085106382    0.07869475550141487
1.5842553191489361    0.0750702622325022
1.586063829787234    0.06912874899455342
1.587872340425532    0.06216538487069197
1.5896808510638298    0.05593148884539387
1.5914893617021277    0.051676560698744795
1.5932978723404256    0.04940670090610444
1.5951063829787235    0.04781660488350303
1.5969148936170212    0.0449550045736275
1.5987234042553191    0.03924408026819988
1.600531914893617    0.030267244358613832
1.602340425531915    0.018892696507763082
1.6041489361702128    0.006708978366690481
1.6059574468085107    -0.004848927499971626
1.6077659574468086    -0.015157258149910067
1.6095744680851065    -0.024502290157549966
1.6113829787234042    -0.03365137305396293
1.613191489361702    -0.04323904719605204
1.615    -0.05336863121613804
1.616808510638298    -0.0636243711303473
1.6186170212765958    -0.0733891215962193
1.6204255319148937    -0.08218348102829065
1.6222340425531916    -0.08979343296718098
1.6240425531914895    -0.09616717844358755
1.6258510638297874    -0.10125552987728137
1.627659574468085    -0.10499103019844705
1.629468085106383    -0.10744239169732761
1.6312765957446809    -0.10898447351430698
1.6330851063829788    -0.11026478954956187
1.6348936170212767    -0.11189108491399985
1.6367021276595746    -0.11400772954237345
1.6385106382978725    -0.11607356509526173
1.6403191489361704    -0.11706249934909596
1.642127659574468    -0.11602065548442195
1.643936170212766    -0.11263346995777943
1.6457446808510638    -0.1074037147116157
1.6475531914893617    -0.10128379775880869
1.6493617021276596    -0.0949891822990448
1.6511702127659575    -0.08846877751991
1.6529787234042554    -0.08092533494273985
1.6547872340425533    -0.07140091080414934
1.656595744680851    -0.05952958147623347
1.658404255319149    -0.0459154547714265
1.6602127659574468    -0.03184091908034711
1.6620212765957447    -0.018486637267510785
1.6638297872340426    -0.006210306310434722
1.6656382978723405    0.005589974430282188
1.6674468085106384    0.017911704645123525
1.6692553191489363    0.03127949512397809
1.671063829787234    0.04520809658499569
1.672872340425532    0.05841230011351343
1.6746808510638298    0.06964349337463505
1.6764893617021277    0.07856614024457109
1.6782978723404256    0.08603587546865188
1.6801063829787235    0.09355444374114658
1.6819148936170214    0.10226401948487704
1.6837234042553193    0.11217847166414524
1.685531914893617    0.1221833739308712
1.6873404255319149    0.1307862662085747
1.6891489361702128    0.13706439697142286
1.6909574468085107    0.1411302648813763
1.6927659574468086    0.14380722695923864
1.6945744680851065    0.14579985658577432
1.6963829787234044    0.14701440163092594
1.6981914893617023    0.1465579716716398
1.7    0.14341911673381125
1.7018085106382979    0.13730593736513458
1.7036170212765958    0.1289897874902447
1.7054255319148937    0.11987093915547312
1.7072340425531916    0.111069841764144
1.7090425531914895    0.10271067505665946
1.7108510638297874    0.0939288248118732
1.7126595744680853    0.08360210527710693
1.714468085106383    0.07127523836751806
1.7162765957446808    0.0576113988395264
1.7180851063829787    0.04405701394423872
1.7198936170212766    0.03197602078250218
1.7217021276595745    0.02187383762441055
1.7235106382978724    0.013233032129289564
1.7253191489361703    0.005017554708701865
1.7271276595744682    -0.0035689882009150176
1.728936170212766    -0.012620056815871939
1.7307446808510638    -0.021634133998077933
1.7325531914893617    -0.030027175634673567
1.7343617021276596    -0.037613443171684635
1.7361702127659575    -0.04470441573203794
1.7379787234042554    -0.05181105550397749
1.7397872340425533    -0.05923465615688414
1.7415957446808512    -0.06686952202472832
1.7434042553191489    -0.07432201274454589
1.7452127659574468    -0.08118452180667513
1.7470212765957447    -0.08721306519826169
1.7488297872340426    -0.09229457227280499
1.7506382978723405    -0.0963064595293166
1.7524468085106384    -0.09906307809808915
1.7542553191489363    -0.10043512851581982
1.7560638297872342    -0.10053201376229659
1.7578723404255319    -0.09974590811091205
1.7596808510638298    -0.09856378136589133
1.7614893617021277    -0.09726738838088592
1.7632978723404256    -0.09576485315283523
1.7651063829787235    -0.09370851372958533
1.7669148936170214    -0.09081860877880621
1.7687234042553193    -0.08715341259248469
1.7705319148936172    -0.08310444827667837
1.7723404255319148    -0.07912467217465127
1.7741489361702127    -0.0754229581476574
1.7759574468085106    -0.07188394758307193
1.7777659574468085    -0.06827473051513022
1.7795744680851064    -0.06455097047797284
1.7813829787234043    -0.06099275397422321
1.7831914893617022    -0.05805522088176432
1.7850000000000001    -0.05607059795113874
1.7868085106382978    -0.05506050989866429
1.7886170212765957    -0.05480287866427397
1.7904255319148936    -0.0550566639062719
1.7922340425531915    -0.05570861318585968
1.7940425531914894    -0.05670316321836209
1.7958510638297873    -0.057858046362072424
1.7976595744680852    -0.05881412890833586
1.7994680851063831    -0.05925548304928685
1.8012765957446808    -0.059246915864499025
1.8030851063829787    -0.05934456802114185
1.8048936170212766    -0.06025948462484111
1.8067021276595745    -0.06223579567765988
1.8085106382978724    -0.06462391445119753
1.8103191489361703    -0.0660689384320669
1.8121276595744682    -0.06528130639911484
1.813936170212766    -0.0618552956304452
1.8157446808510638    -0.056488882901489984
1.8175531914893617    -0.05038470565982203
1.8193617021276596    -0.04426969092278363
1.8211702127659575    -0.03781888413235132
1.8229787234042554    -0.029981142344645245
1.8247872340425533    -0.01997390975770666
1.8265957446808512    -0.00813092639914726
1.828404255319149    0.0041410208642369195
1.8302127659574468    0.015328985721744078
1.8320212765957447    0.024951470765195702
1.8338297872340426    0.033918486378640915
1.8356382978723405    0.043762678817883365
1.8374468085106384    0.05531852600646583
1.8392553191489363    0.06791869032371803
1.8410638297872342    0.07979485995108687
1.842872340425532    0.08939553876272346
1.8446808510638297    0.09655955842480951
1.8464893617021276    0.10256936965106198
1.8482978723404255    0.10901245494029388
1.8501063829787234    0.11637256404615959
1.8519148936170213    0.12352598376775442
1.8537234042553192    0.12859739502829948
1.8555319148936171    0.13050893392049084
1.857340425531915    0.12995750381384763
1.859148936170213    0.12898827636504595
1.8609574468085106    0.1294603810121242
1.8627659574468085    0.13160803696351536
1.8645744680851064    0.13384185132063803
1.8663829787234043    0.13395188862902913
1.8681914893617022    0.13076195257768575
1.87    0.12494035751412175
1.871808510638298    0.11836272252221977
1.873617021276596    0.11257505669988468
1.8754255319148936    0.10759014981364298
1.8772340425531915    0.10193867443109039
1.8790425531914894    0.09387473036917901
1.8808510638297873    0.08274347845294489
1.8826595744680852    0.069451511245675
1.884468085106383    0.055741714561944405
1.886276595744681    0.042912395403876924
1.8880851063829789    0.030991066384142035
1.8898936170212766    0.01893645058987148
1.8917021276595745    0.005610943305469199
1.8935106382978724    -0.009279592001914048
1.8953191489361703    -0.02495651699687683
1.8971276595744682    -0.04011277158515439
1.898936170212766    -0.053726043354007505
1.900744680851064    -0.06553631960642345
1.9025531914893619    -0.07594422133265002
1.9043617021276595    -0.08554499330116955
1.9061702127659574    -0.09470191848622131
1.9079787234042553    -0.10340636241710544
1.9097872340425532    -0.11138743673858273
1.9115957446808511    -0.11828801486384957
1.913404255319149    -0.1237887925659728
1.915212765957447    -0.12769715106204904
1.9170212765957448    -0.13004937417731421
1.9188297872340425    -0.13118270800335918
1.9206382978723404    -0.1316565098140839
1.9224468085106383    -0.1319731162762796
1.9242553191489362    -0.13223926473202052
1.9260638297872341    -0.13203587126602545
1.927872340425532    -0.1306683977730792
1.92968085106383    -0.12768541759065544
1.9314893617021278    -0.12330254584249445
1.9332978723404255    -0.11838103809520262
1.9351063829787234    -0.11391294127973184
1.9369148936170213    -0.110342166375036
1.9387234042553192    -0.1072080224423276
1.940531914893617    -0.10339647792887344
1.942340425531915    -0.09785919848667823
1.944148936170213    -0.09032018487877391
1.9459574468085108    -0.0814857350831718
1.9477659574468085    -0.07261269948198373
1.9495744680851064    -0.06473256865082583
1.9513829787234043    -0.058062373140279705
1.9531914893617022    -0.05199458254501811
1.955    -0.045646265771649985
1.956808510638298    -0.03855381144136262
1.9586170212765959    -0.031003844557721053
1.9604255319148938    -0.0237651803818959
1.9622340425531914    -0.017436226272909694
1.9640425531914893    -0.01191696461096307
1.9658510638297872    -0.006426456959925355
1.9676595744680851    -6.910628042614345e-05
1.969468085106383    0.007481130199281333
1.971276595744681    0.015715138046115965
1.9730851063829788    0.02365507644177311
1.9748936170212767    0.030559294629329183
1.9767021276595744    0.03639427258260024
1.9785106382978723    0.04169682081289064
1.9803191489361702    0.0469694542726828
1.9821276595744681    0.05215812284295984
1.983936170212766    0.05669123957199447
1.985744680851064    0.060053638273512774
1.9875531914893618    0.06236575473548181
1.9893617021276597    0.06439995122161579
1.9911702127659574    0.06695851143264434
1.9929787234042553    0.0701400354371525
1.9947872340425532    0.07317794398324873
1.996595744680851    0.07506417331579338
1.998404255319149    0.07546129868837145
2.0002127659574467    0.07509784084199783
2.0020212765957446    0.07524978413247435
2.0038297872340425    0.07671081660077095
2.0056382978723404    0.07913696580246643
2.0074468085106383    0.08135905595167037
2.009255319148936    0.08241578120571977
2.011063829787234    0.08241071458822297
2.012872340425532    0.0824338653314114
2.01468085106383    0.08361091665153739
2.016489361702128    0.08612075934571048
2.0182978723404257    0.08904745262818431
2.0201063829787236    0.09117428501010491
2.0219148936170215    0.09197338425136922
2.0237234042553194    0.09188084748821643
2.0255319148936173    0.09163095756872347
2.0273404255319147    0.0913220587492268
2.0291489361702126    0.09015649067535217
2.0309574468085105    0.08716779393686261
2.0327659574468084    0.08229235874292459
2.0345744680851063    0.07675742680533781
2.0363829787234042    0.07233118826673404
2.038191489361702    0.07001406026148682
2.04    0.06929774642527597
2.041808510638298    0.06865706212719758
2.043617021276596    0.06686182318505093
2.0454255319148937    0.0639678611628185
2.0472340425531916    0.06112974912318103
2.0490425531914895    0.05942554046281727
2.0508510638297874    0.05875856548430361
2.0526595744680853    0.057823210027691946
2.0544680851063832    0.055168589298590365
2.0562765957446807    0.05042231635861022
2.0580851063829786    0.04460362320845798
2.0598936170212765    0.03925831449915759
2.0617021276595744    0.03516103257533626
2.0635106382978723    0.03167143417793826
2.06531914893617    0.02724073613792219
2.067127659574468    0.020598811316048488
2.068936170212766    0.011647757211751444
2.070744680851064    0.0014243696636499076
2.072553191489362    -0.008695512160597007
2.0743617021276597    -0.017820041336664292
2.0761702127659576    -0.025782148104315627
2.0779787234042555    -0.032783852204472996
2.0797872340425534    -0.03892058677970302
2.0815957446808513    -0.04404694657892766
2.083404255319149    -0.04802659181376366
2.085212765957447    -0.05102920211850927
2.0870212765957445    -0.05353522895326916
2.0888297872340424    -0.05603029354469635
2.0906382978723403    -0.058673332892147906
2.0924468085106382    -0.061228323311583954
2.094255319148936    -0.06328979600523894
2.096063829787234    -0.06457624745954181
2.097872340425532    -0.06504206035256756
2.09968085106383    -0.0647561921324523
2.1014893617021277    -0.0637089909810543
2.1032978723404256    -0.061749685304801336
2.1051063829787235    -0.058717140387235314
2.1069148936170214    -0.05464955874975584
2.1087234042553193    -0.04989244455666829
2.1105319148936172    -0.04500158022907433
2.112340425531915    -0.04048268802226972
2.114148936170213    -0.036520797481586556
2.1159574468085105    -0.03287190580956609
2.1177659574468084    -0.029011284285276343
2.1195744680851063    -0.0244878587670777
2.121382978723404    -0.019288515254524387
2.123191489361702    -0.01396413931229646
2.125    -0.00938182189331364
2.126808510638298    -0.006213058170929795
2.128617021276596    -0.004487003425383699
2.1304255319148937    -0.00354249738561758
2.1322340425531916    -0.0024518675430860596
2.1340425531914895    -0.0006347816585323424
2.1358510638297874    0.0017839477176944671
2.1376595744680853    0.004134301119021257
2.139468085106383    0.005735729521313892
2.141276595744681    0.006369956509271761
2.143085106382979    0.0063268111746175035
2.1448936170212765    0.006037901368189162
2.1467021276595744    0.005668901220590988
2.1485106382978723    0.005055036727664538
2.15031914893617    0.004022065359053812
2.152127659574468    0.0027493266538104215
2.153936170212766    0.0017644006459964804
2.155744680851064    0.0014897441766187126
2.1575531914893618    0.001702568193866528
2.1593617021276597    0.0014143648677595318
2.1611702127659576    -0.0006324260751128611
2.1629787234042555    -0.005172202047903221
2.1647872340425534    -0.011933636618732684
2.1665957446808513    -0.019858752432025218
2.168404255319149    -0.027863598963188154
2.170212765957447    -0.03554338952572503
2.172021276595745    -0.04327108186407648
2.1738297872340424    -0.05163667976425955
2.1756382978723403    -0.06071532637216209
2.177446808510638    -0.06978747383846623
2.179255319148936    -0.07775188978109843
2.181063829787234    -0.08389046126330113
2.182872340425532    -0.08834713550505496
2.18468085106383    -0.09191877368340298
2.1864893617021277    -0.0953265775074183
2.1882978723404256    -0.09856709099213565
2.1901063829787235    -0.10087406983832051
2.1919148936170214    -0.10131646294171948
2.1937234042553193    -0.0995385300655506
2.195531914893617    -0.09604692019939026
2.197340425531915    -0.09184056058752973
2.199148936170213    -0.08772190369025831
2.200957446808511    -0.08386327280416842
2.2027659574468084    -0.0799457474677916
2.2045744680851063    -0.07568184035814471
2.206382978723404    -0.07122319488856432
2.208191489361702    -0.06709702714705681
2.21    -0.06375936451738826
2.211808510638298    -0.06119023007042104
2.2136170212765958    -0.058892377193560275
2.2154255319148937    -0.05627136486035354
2.2172340425531916    -0.053036532986505125
2.2190425531914895    -0.04927582154845439
2.2208510638297874    -0.0451895811509085
2.2226595744680853    -0.04079107024235255
2.224468085106383    -0.035887689062158654
2.226276595744681    -0.03035201910053653
2.228085106382979    -0.024381298032299457
2.229893617021277    -0.018438182651406433
2.2317021276595743    -0.012878862883739378
2.233510638297872    -0.007607006004451952
2.23531914893617    -0.0021122285969922237
2.237127659574468    0.004084213641110968
2.238936170212766    0.010948056719536303
2.240744680851064    0.017865836025198673
2.2425531914893617    0.02410828189594038
2.2443617021276596    0.029465011494692703
2.2461702127659575    0.034505272134688555
2.2479787234042554    0.04020532501112098
2.2497872340425533    0.04721412660913321
2.251595744680851    0.055349174541400134
2.253404255319149    0.06373589477320055
2.255212765957447    0.0714678195385044
2.257021276595745    0.07822957249913853
2.258829787234043    0.08437000810314654
2.2606382978723403    0.09040158773011037
2.262446808510638    0.0964040229322756
2.264255319148936    0.1018786718661508
2.266063829787234    0.10617412382826916
2.267872340425532    0.10907103747983316
2.2696808510638298    0.11096670694069397
2.2714893617021277    0.11247844528089859
2.2732978723404256    0.11384002030083204
2.2751063829787235    0.11467233025673437
2.2769148936170214    0.11436241353398754
2.2787234042553193    0.11270411306818823
2.280531914893617    0.11019381153744481
2.282340425531915    0.10769391620909782
2.284148936170213    0.10577630849312222
2.285957446808511    0.10435866943568006
2.2877659574468088    0.10295250045956361
2.2895744680851062    0.10124030554694638
2.291382978723404    0.09938775995237159
2.293191489361702    0.09778733110131765
2.295    0.09652797882046274
2.296808510638298    0.09517689144376851
2.2986170212765957    0.09313509084912025
2.3004255319148936    0.09021549225764083
2.3022340425531915    0.08683023245192381
2.3040425531914894    0.0835567629243456
2.3058510638297873    0.08050169467106275
2.3076595744680852    0.07712017744855096
2.309468085106383    0.07270360790824343
2.311276595744681    0.06705888827085199
2.313085106382979    0.060686557008721914
2.314893617021277    0.054270848679424
2.3167021276595747    0.04801530509249828
2.3185106382978726    0.041535820178722274
2.32031914893617    0.03444532797769734
2.322127659574468    0.027013186663259935
2.323936170212766    0.020154033457354614
2.325744680851064    0.014669153097294274
2.3275531914893617    0.010464309931715418
2.3293617021276596    0.006561626746057623
2.3311702127659575    0.0019694716539479396
2.3329787234042554    -0.003390065607926439
2.3347872340425533    -0.00859147109759372
2.336595744680851    -0.012555363339906618
2.338404255319149    -0.01503673943403123
2.340212765957447    -0.016836604361410275
2.342021276595745    -0.019095135708675
2.343829787234043    -0.02239628611629251
2.3456382978723407    -0.026518749127819166
2.3474468085106386    -0.03094669783551726
2.349255319148936    -0.03548629925339765
2.351063829787234    -0.04030940955821222
2.352872340425532    -0.04544277745804132
2.3546808510638297    -0.05035882011894327
2.3564893617021276    -0.0542110856039294
2.3582978723404255    -0.05652781763527963
2.3601063829787234    -0.057634701774813904
2.3619148936170213    -0.05832603573495139
2.3637234042553192    -0.05909235705241922
2.365531914893617    -0.05970134208564268
2.367340425531915    -0.05958166629033286
2.369148936170213    -0.05862150671994221
2.370957446808511    -0.057536329175137624
2.3727659574468087    -0.057372323035806444
2.3745744680851066    -0.05858451592907234
2.3763829787234045    -0.060577322363575506
2.378191489361702    -0.062164754249455695
2.38    -0.06252876300685178
2.381808510638298    -0.061795718274025746
2.3836170212765957    -0.06074413059154565
2.3854255319148936    -0.059987606981166966
2.3872340425531915    -0.059431044957382884
2.3890425531914894    -0.058471593982667644
2.3908510638297873    -0.05667662785405703
2.392659574468085    -0.05424778077928802
2.394468085106383    -0.051840810206821034
2.396276595744681    -0.04994892089288748
2.398085106382979    -0.0484450619121069
2.399893617021277    -0.046685428853929525
2.4017021276595747    -0.04403859195642579
2.4035106382978726    -0.04034441598658561
2.4053191489361705    -0.03592589517565685
2.407127659574468    -0.03121448252812263
2.408936170212766    -0.026382074902755827
2.4107446808510637    -0.02131704039139449
2.4125531914893616    -0.015924395400020205
2.4143617021276595    -0.010416772082973196
2.4161702127659574    -0.005278075249783475
2.4179787234042553    -0.0009055461522385864
2.4197872340425532    0.002733682400752712
2.421595744680851    0.006076477883433233
2.423404255319149    0.00954774180427578
2.425212765957447    0.013125549668593396
2.427021276595745    0.0163193554142108
2.4288297872340427    0.018620894479570965
2.4306382978723406    0.02000916778351515
2.4324468085106385    0.0209911453910209
2.4342553191489364    0.02209378055514051
2.436063829787234    0.02329844070373647
2.437872340425532    0.024024370929034748
2.4396808510638297    0.023736084484384058
2.4414893617021276    0.02256688174324705
2.4432978723404255    0.021251223270440635
2.4451063829787234    0.02033511148792095
2.4469148936170213    0.019443902957157574
2.448723404255319    0.01744943645863451
2.450531914893617    0.013518104251605587
2.452340425531915    0.008058602672997933
2.454148936170213    0.0025595066368946685
2.455957446808511    -0.0016462754167030577
2.4577659574468087    -0.00453875287583924
2.4595744680851066    -0.007334846232024794
2.4613829787234045    -0.011220930078257682
2.4631914893617024    -0.01614926697909086
2.465    -0.02090938521441344
2.4668085106382978    -0.024380295952327796
2.4686170212765957    -0.026642672276933288
2.4704255319148936    -0.028785602606511432
2.4722340425531915    -0.03164250517811401
2.4740425531914894    -0.03485203418778901
2.4758510638297873    -0.0372968241206577
2.477659574468085    -0.03846297415099302
2.479468085106383    -0.039210628567449834
2.481276595744681    -0.041026757693242974
2.483085106382979    -0.04446841660442108
2.4848936170212768    -0.04844148366954454
2.4867021276595747    -0.05114359985050064
2.4885106382978726    -0.051754661577803826
2.4903191489361705    -0.05114064217612205
2.4921276595744684    -0.0508463195964219
2.493936170212766    -0.051439351480936715
2.4957446808510637    -0.05193608595269496
2.4975531914893616    -0.050879365821327474
2.4993617021276595    -0.047893957778123414
2.5011702127659574    -0.0440745986087524
2.5029787234042553    -0.0408411271079277
2.504787234042553    -0.03852386379529224
2.506595744680851    -0.03617549529154525
2.508404255319149    -0.03273630849816343
2.510212765957447    -0.02822756951749486
2.512021276595745    -0.023678539672859683
2.5138297872340427    -0.019923772785338724
2.5156382978723406    -0.016642243887835077
2.5174468085106385    -0.01271110156667649
2.5192553191489364    -0.007481736662299163
2.5210638297872343    -0.0015793876162569966
2.5228723404255318    0.0036390540235922385
2.5246808510638297    0.007379848347405007
2.5264893617021276    0.010088729065651102
2.5282978723404255    0.012841471269287896
2.5301063829787234    0.016159129991168072
2.5319148936170213    0.019516376013323372
2.533723404255319    0.022005860931186547
2.535531914893617    0.02338548585716229
2.537340425531915    0.024394923920121936
2.539148936170213    0.02606906913442144
2.5409574468085108    0.02882242774124124
2.5427659574468087    0.03222626829643758
2.5445744680851066    0.03559210737656963
2.5463829787234045    0.03865397892064706
2.5481914893617024    0.04165295300574188
2.5500000000000003    0.04484528855914632
2.551808510638298    0.048042168019949406
2.5536170212765956    0.05066682545893942
2.5554255319148935    0.052225835443312725
2.5572340425531914    0.052706173839157495
2.5590425531914893    0.05255892609621491
2.560851063829787    0.052344769060972275
2.562659574468085    0.052351383737615546
2.564468085106383    0.052424384173615175
2.566276595744681    0.05207712847135212
2.568085106382979    0.05082354170131124
2.5698936170212767    0.048576264182202934
2.5717021276595746    0.04583888743827327
2.5735106382978725    0.04345101078442296
2.5753191489361704    0.04196527211859374
2.5771276595744683    0.04114831122772484
2.578936170212766    0.04012964712822235
2.580744680851064    0.03817373203012852
2.5825531914893616    0.03538256069862595
2.5843617021276595    0.032596575757362266
2.5861702127659574    0.030528051070808145
2.5879787234042553    0.028997344961430915
2.589787234042553    0.027107011024940918
2.591595744680851    0.02421570757240643
2.593404255319149    0.020670604284203614
2.595212765957447    0.01745890057937132
2.5970212765957448    0.0151099053078919
2.5988297872340427    0.013057122706257727
2.6006382978723406    0.010228271883240624
2.6024468085106385    0.006280900080965476
2.6042553191489364    0.0021224409104180185
2.6060638297872343    -0.0009309243176636927
2.607872340425532    -0.002516334852826946
2.60968085106383    -0.0036461737846923505
2.6114893617021275    -0.00570601668955999
2.6132978723404254    -0.00908291543303221
2.6151063829787233    -0.012880179074834868
2.6169148936170212    -0.01597817552871012
2.618723404255319    -0.01822616480901225
2.620531914893617    -0.020442821385903587
2.622340425531915    -0.02327987613706846
2.624148936170213    -0.026304944777030832
2.6259574468085107    -0.028403877584695307
2.6277659574468086    -0.029071870689268017
2.6295744680851065    -0.02910044071509854
2.6313829787234044    -0.029807670704920824
2.6331914893617023    -0.031607860613462595
2.6350000000000002    -0.03351282559061667
2.636808510638298    -0.03417075143848675
2.638617021276596    -0.03334940893681528
2.6404255319148935    -0.03224778443218151
2.6422340425531914    -0.03227129098881736
2.6440425531914893    -0.033564321856783506
2.645851063829787    -0.03484716543514433
2.647659574468085    -0.03469502670818043
2.649468085106383    -0.03288155139191278
2.651276595744681    -0.030416078808013565
2.653085106382979    -0.028358361070486116
2.6548936170212767    -0.026765366670314407
2.6567021276595746    -0.02486350494799701
2.6585106382978725    -0.022128773783262272
2.6603191489361704    -0.01899897534930304
2.6621276595744683    -0.016443891353731623
2.663936170212766    -0.014934263138341633
2.665744680851064    -0.01398763214752289
2.667553191489362    -0.012773900711372379
2.6693617021276594    -0.011075136105914585
2.6711702127659573    -0.009532540311415236
2.6729787234042552    -0.008918037278078196
2.674787234042553    -0.009207629251320043
2.676595744680851    -0.009403821769157841
2.678404255319149    -0.00825602511476858
2.680212765957447    -0.0051638538521417195
2.6820212765957447    -0.00047385807873716584
2.6838297872340426    0.004956649225109516
2.6856382978723405    0.010412624826736588
2.6874468085106384    0.015635545056849706
2.6892553191489363    0.02068347582891491
2.6910638297872342    0.025611117588185343
2.692872340425532    0.030271629980197827
2.69468085106383    0.034337428238584176
2.696489361702128    0.037471329744006486
2.6982978723404254    0.03953510422768953
2.7001063829787233    0.04071837281376386
2.701914893617021    0.04148161915238654
2.703723404255319    0.04230344838743568
2.705531914893617    0.043392611255187404
2.707340425531915    0.04459786402929742
2.709148936170213    0.045590255532220715
2.7109574468085107    0.046131160927613594
2.7127659574468086    0.04616585149072295
2.7145744680851065    0.04569756282511205
2.7163829787234044    0.04465425398760819
2.7181914893617023    0.042945615455143644
2.72    0.04063764574806298
2.721808510638298    0.037993174599604
2.723617021276596    0.035284093765795506
2.725425531914894    0.03258698442171513
2.7272340425531914    0.029824082234634897
2.7290425531914893    0.02700840124082666
2.730851063829787    0.02436633944106094
2.732659574468085    0.022134768053013627
2.734468085106383    0.020250968780555045
2.736276595744681    0.018345864161864713
2.7380851063829788    0.01612053496836957
2.7398936170212767    0.013692008750494797
2.7417021276595746    0.011461586416712948
2.7435106382978725    0.009598813423296982
2.7453191489361704    0.007735314217170591
2.7471276595744683    0.005284023866897259
2.748936170212766    0.002078612936026812
2.750744680851064    -0.0014042613190670989
2.752553191489362    -0.004557683925330471
2.75436170212766    -0.007362717639661368
2.7561702127659573    -0.010487731710485441
2.757978723404255    -0.014594983878075986
2.759787234042553    -0.019571598879961863
2.761595744680851    -0.02450960213638293
2.763404255319149    -0.0284405625692407
2.765212765957447    -0.03101871235653198
2.7670212765957447    -0.03247291761531538
2.7688297872340426    -0.033039039275989744
2.7706382978723405    -0.03266327552499152
2.7724468085106384    -0.03134472253651078
2.7742553191489363    -0.02960037935749714
2.776063829787234    -0.02831026126202845
2.777872340425532    -0.02795895717258396
2.77968085106383    -0.028120626752551038
2.781489361702128    -0.027869833685084423
2.783297872340426    -0.02675010771215766
2.7851063829787237    -0.025225147761702066
2.786914893617021    -0.02407434416614202
2.788723404255319    -0.02341392866271342
2.790531914893617    -0.022499111175569256
2.792340425531915    -0.020581427032076584
2.7941489361702128    -0.017849848547576312
2.7959574468085107    -0.015347908013433269
2.7977659574468086    -0.013937193198089524
2.7995744680851065    -0.01350697020169701
2.8013829787234044    -0.013354667776545346
2.8031914893617023    -0.013264303342784146
2.805    -0.013935010710189901
2.806808510638298    -0.016144911756275103
2.808617021276596    -0.01957202859094731
2.810425531914894    -0.022719646757890857
2.8122340425531918    -0.024209448307056083
2.8140425531914897    -0.024112767337566204
2.815851063829787    -0.023839100748461205
2.817659574468085    -0.0246400660921421
2.819468085106383    -0.026317612373902788
2.821276595744681    -0.027513359617772938
2.8230851063829787    -0.027222387158508346
2.8248936170212766    -0.02586026009028833
2.8267021276595745    -0.02477008107160309
2.8285106382978724    -0.024810830176367808
2.8303191489361703    -0.025618629148938456
2.832127659574468    -0.026256260223084145
2.833936170212766    -0.026351725362119598
2.835744680851064    -0.026355960988227387
2.837553191489362    -0.026703882349327926
2.83936170212766    -0.027010656888760948
2.8411702127659577    -0.026364470490115234
2.8429787234042556    -0.02440062436094747
2.844787234042553    -0.02183727319825602
2.846595744680851    -0.019751430277705123
2.848404255319149    -0.01838523446928085
2.8502127659574468    -0.016892923964027078
2.8520212765957447    -0.014387372421630941
2.8538297872340426    -0.011112623177024598
2.8556382978723405    -0.008352551979602104
2.8574468085106384    -0.007088839485607505
2.8592553191489363    -0.006868194009444091
2.861063829787234    -0.006166118583573802
2.862872340425532    -0.0039024544898033486
2.86468085106383    -0.0004896600453739904
2.866489361702128    0.0026988752336302947
2.8682978723404258    0.004834934835180017
2.8701063829787237    0.006483837773255866
2.8719148936170216    0.008929338665411356
2.873723404255319    0.012773261446911134
2.875531914893617    0.01732952866011612
2.877340425531915    0.021383480804101046
2.8791489361702127    0.0243957483981746
2.8809574468085106    0.02684334841503752
2.8827659574468085    0.029442191169046047
2.8845744680851064    0.03222345089694236
2.8863829787234043    0.03448401830058081
2.8881914893617022    0.035553628602375355
2.89    0.03542176000495272
2.891808510638298    0.03454470271300921
2.893617021276596    0.03318875553772418
2.895425531914894    0.031190553650635937
2.8972340425531917    0.0284292611448361
2.8990425531914896    0.02535751940963841
2.9008510638297875    0.02280863229100038
2.902659574468085    0.02117805607872931
2.904468085106383    0.019922476600785423
2.906276595744681    0.01806932198644951
2.9080851063829787    0.015287333676653643
2.9098936170212766    0.012334173488134818
2.9117021276595745    0.010291211173483094
2.9135106382978724    0.009346737922220457
2.9153191489361703    0.008490694826114139
2.917127659574468    0.0065737452819145566
2.918936170212766    0.0036732299393943124
2.920744680851064    0.0012628364590173162
2.922553191489362    0.0008833780641520367
2.92436170212766    0.0026326953219112234
2.9261702127659577    0.00506358475310064
2.9279787234042556    0.006629766320928493
2.9297872340425535    0.007164689380569982
2.931595744680851    0.007824016761089068
2.933404255319149    0.009581197860197526
2.9352127659574467    0.011959567911540228
2.9370212765957446    0.013448390755376806
2.9388297872340425    0.01319301262351844
2.9406382978723404    0.012091667411295687
2.9424468085106383    0.012015601355952329
2.9442553191489362    0.013911500375272346
2.946063829787234    0.01681462238342267
2.947872340425532    0.01886114410826195
2.94968085106383    0.019226504465428472
2.951489361702128    0.01890440418790628
2.9532978723404257    0.01951425367705966
2.9551063829787236    0.02148873732885681
2.9569148936170215    0.023646026955632594
2.9587234042553194    0.024568499624466715
2.960531914893617    0.024177121689296782
2.962340425531915    0.023705675232104144
2.9641489361702127    0.024145837596982196
2.9659574468085106    0.02501187609826295
2.9677659574468085    0.024906915670012637
2.9695744680851064    0.023260712474419055
2.9713829787234043    0.02118558666928376
2.973191489361702    0.020350401566422996
2.975    0.021065175400708964
2.976808510638298    0.02176999147146315
2.978617021276596    0.02061314668019522
2.980425531914894    0.017432968991265903
2.9822340425531917    0.013923381069784219
2.9840425531914896    0.01174066398652937
2.9858510638297875    0.010623807657750756
2.9876595744680854    0.008640615409207804
2.989468085106383    0.004341206727261135
2.9912765957446807    -0.001529928421056358
2.9930851063829786    -0.006665184520736179
2.9948936170212765    -0.00952170488955431
2.9967021276595744    -0.0108518314357445
2.9985106382978723    -0.012811659412822056
3.0003191489361702    -0.016628154548531976
3.002127659574468    -0.021299107884771802
3.003936170212766    -0.024622676413498946
3.005744680851064    -0.025375074128817114
3.007553191489362    -0.024365749846258
3.0093617021276597    -0.023443554131146495
3.0111702127659576    -0.023692158545393478
3.0129787234042555    -0.024696562580081974
3.0147872340425534    -0.025385955834250254
3.0165957446808513    -0.025266842628004327
3.0184042553191492    -0.024694726353170812
3.0202127659574467    -0.02414809985537445
3.0220212765957446    -0.02359393538631082
3.0238297872340425    -0.02271965858772406
3.0256382978723404    -0.021601062204084753
3.0274468085106383    -0.02082172047013161
3.029255319148936    -0.02080104631418008
3.031063829787234    -0.021155817695743775
3.032872340425532    -0.020964946488496637
3.03468085106383    -0.019742981885930273
3.036489361702128    -0.0180273981936942
3.0382978723404257    -0.016854544777543945
3.0401063829787236    -0.01665405551648866
3.0419148936170215    -0.01678665131926662
3.0437234042553194    -0.016258118593632104
3.0455319148936173    -0.014824121451347316
3.047340425531915    -0.013249901715003468
3.0491489361702127    -0.012429392192938302
3.0509574468085106    -0.0123495567042149
3.0527659574468085    -0.012064965447649043
3.0545744680851064    -0.010717841947418018
3.0563829787234043    -0.008466784625068866
3.058191489361702    -0.006291401281556612
3.06    -0.004905783418174749
3.061808510638298    -0.004015945625936145
3.063617021276596    -0.002758786128879003
3.0654255319148938    -0.0008036913766525365
3.0672340425531917    0.0011783420957563414
3.0690425531914896    0.0022642251864534646
3.0708510638297875    0.0024161941731265287
3.0726595744680854    0.002669142243676593
3.0744680851063833    0.004061588126766123
3.076276595744681    0.006453510231521185
3.0780851063829786    0.0085849793557569
3.0798936170212765    0.009391441269530277
3.0817021276595744    0.009161703315076368
3.0835106382978723    0.009236726640483858
3.08531914893617    0.010542943203257521
3.087127659574468    0.012572826785665313
3.088936170212766    0.013953758998662268
3.090744680851064    0.013967090760469696
3.092553191489362    0.013295149002957345
3.0943617021276597    0.013150742527656616
3.0961702127659576    0.013815949848697797
3.0979787234042555    0.01432757767121175
3.0997872340425534    0.013722278329029353
3.1015957446808513    0.01238349406471169
3.103404255319149    0.011816707455912942
3.105212765957447    0.012966966816696842
3.1070212765957446    0.014972063496000849
3.1088297872340425    0.015897778197308893
3.1106382978723404    0.014796366772392086
3.1124468085106383    0.012833484180010093
3.114255319148936    0.012135076458667203
3.116063829787234    0.01350316063685257
3.117872340425532    0.01545912816171155
3.11968085106383    0.01567765127407186
3.1214893617021278    0.013283685123362615
3.1232978723404257    0.009573773723301399
3.1251063829787236    0.00648863867341987
3.1269148936170215    0.00460660402393016
3.1287234042553194    0.002831887626362115
3.1305319148936173    -4.582611189031787e-05
3.132340425531915    -0.0038130276366930183
3.134148936170213    -0.007040771545086737
3.1359574468085105    -0.00868217433643086
3.1377659574468084    -0.009165597866816613
3.1395744680851063    -0.009801461149502588
3.141382978723404    -0.01131610905476356
3.143191489361702    -0.013234731295580424
3.145    -0.014693605274692424
3.146808510638298    -0.01554823735634742
3.148617021276596    -0.016408910143257172
3.1504255319148937    -0.01765754714652498
3.1522340425531916    -0.01877337827704802
3.1540425531914895    -0.018876796935206653
3.1558510638297874    -0.017852564583812732
3.1576595744680853    -0.016654975423870632
3.159468085106383    -0.016355121891102897
3.161276595744681    -0.017002101723281888
3.163085106382979    -0.017618240251543734
3.1648936170212765    -0.017339787870041232
3.1667021276595744    -0.01639724419965641
3.1685106382978723    -0.015831202846846495
3.17031914893617    -0.016290338894681674
3.172127659574468    -0.017269037925477775
3.173936170212766    -0.017601442665025297
3.175744680851064    -0.016627644682168752
3.1775531914893618    -0.0147819002889038
3.1793617021276597    -0.013074202490016722
3.1811702127659576    -0.012124373030630822
3.1829787234042555    -0.011749147302898326
3.1847872340425534    -0.01136991838846376
3.1865957446808513    -0.01065088208909409
3.188404255319149    -0.009706734865043691
3.190212765957447    -0.008832416104843227
3.192021276595745    -0.008194102547049827
3.1938297872340424    -0.00779703239992138
3.1956382978723403    -0.0076198970792936485
3.1974468085106382    -0.007650527456280828
3.199255319148936    -0.007787726814602772
3.201063829787234    -0.007806639888097879
3.202872340425532    -0.0075044086610642265
3.20468085106383    -0.006883215761041431
3.2064893617021277    -0.006143742187849768
3.2082978723404256    -0.005463816049285947
3.2101063829787235    -0.004782667860287129
3.2119148936170214    -0.0038226603472150678
3.2137234042553193    -0.002350462561251563
3.2155319148936172    -0.0004424532399846708
3.217340425531915    0.0015043216198263247
3.219148936170213    0.0030601000225541175
3.220957446808511    0.004113159520432725
3.2227659574468084    0.004945345344139212
3.2245744680851063    0.005911137013941074
3.226382978723404    0.0070009258545231795
3.228191489361702    0.007769078752284636
3.23    0.007804750541835924
3.231808510638298    0.007316788432428872
3.233617021276596    0.007141650434872544
3.2354255319148937    0.007995671559905273
3.2372340425531916    0.00966497236528628
3.2390425531914895    0.011072158954928022
3.2408510638297874    0.011324099514561274
3.2426595744680853    0.01071395477766523
3.244468085106383    0.010536727090315461
3.246276595744681    0.01179021638363681
3.248085106382979    0.014117281087410045
3.249893617021277    0.016182088423267023
3.251702127659575    0.017104843006120043
3.2535106382978722    0.017345143611493467
3.25531914893617    0.018017464661155502
3.257127659574468    0.01944819907094287
3.258936170212766    0.020712570676188077
3.260744680851064    0.020748729687653067
3.2625531914893617    0.01972432863307169
3.2643617021276596    0.018950809742659648
3.2661702127659575    0.019355621254670524
3.2679787234042554    0.020324008512193972
3.2697872340425533    0.02037743934787408
3.2715957446808512    0.018966142710997648
3.273404255319149    0.017225920753042218
3.275212765957447    0.016695250324279265
3.277021276595745    0.01743776755717167
3.278829787234043    0.01782605590555611
3.2806382978723407    0.016343686316662588
3.282446808510638    0.013349524427873877
3.284255319148936    0.010726160984984644
3.286063829787234    0.009798179107828289
3.287872340425532    0.009946786981044422
3.28968085106383    0.009513666058127923
3.2914893617021277    0.007860858591478233
3.2932978723404256    0.00610128344252347
3.2951063829787235    0.005651901618057233
3.2969148936170214    0.006397405936380503
3.2987234042553193    0.006702806002200721
3.300531914893617    0.0052605083372382795
3.302340425531915    0.0025543757086294045
3.304148936170213    0.0002228431208838996
3.305957446808511    -0.0008532530490163561
3.307765957446809    -0.0014371291271037668
3.3095744680851067    -0.0028278812481887495
3.311382978723404    -0.00521868847279432
3.313191489361702    -0.007529649153418786
3.315    -0.008810260426411419
3.316808510638298    -0.009383550634284392
3.3186170212765957    -0.010334092408852915
3.3204255319148936    -0.012085384233578004
3.3222340425531915    -0.013919739816434564
3.3240425531914894    -0.015008380364044638
3.3258510638297873    -0.015546146517152087
3.3276595744680852    -0.016470581611801913
3.329468085106383    -0.018122455681107735
3.331276595744681    -0.0196382373979737
3.333085106382979    -0.01997221088038075
3.334893617021277    -0.019324283641508677
3.3367021276595747    -0.019114339200533258
3.3385106382978726    -0.02038235321968853
3.34031914893617    -0.022488723517287416
3.342127659574468    -0.023730659426473108
3.343936170212766    -0.02322267061202382
3.345744680851064    -0.021855917179767086
3.3475531914893617    -0.02122903523709274
3.3493617021276596    -0.021833635054714445
3.3511702127659575    -0.022604664586273915
3.3529787234042554    -0.022263599265591322
3.3547872340425533    -0.02077613534306038
3.356595744680851    -0.01923093908203804
3.358404255319149    -0.018427516470365675
3.360212765957447    -0.017962771831259085
3.362021276595745    -0.01686498286560926
3.363829787234043    -0.014878738377368243
3.3656382978723407    -0.012781244148260679
3.3674468085106386    -0.011403365180636709
3.369255319148936    -0.010632922187940094
3.371063829787234    -0.009617817470653003
3.372872340425532    -0.007844434916472565
3.3746808510638298    -0.005724395811390379
3.3764893617021277    -0.0040209713050185485
3.3782978723404256    -0.002910866463135958
3.3801063829787235    -0.0018591203594378238
3.3819148936170214    -0.0003922043686450131
3.3837234042553193    0.0012640271944141103
3.385531914893617    0.0024787512010800232
3.387340425531915    0.00303351470142676
3.389148936170213    0.0034269604886635343
3.390957446808511    0.004312028503069429
3.3927659574468088    0.005772214156916254
3.3945744680851067    0.0072751332362939024
3.3963829787234046    0.008277334130883867
3.398191489361702    0.008728106780277613
3.4    0.00896252082225528
3.401808510638298    0.00924906825036953
3.4036170212765957    0.009566264280586264
3.4054255319148936    0.009762056699425366
3.4072340425531915    0.009769870576377359
3.4090425531914894    0.00961540111351664
3.4108510638297873    0.009325270446010565
3.412659574468085    0.008943429901317627
3.414468085106383    0.008593526742814897
3.416276595744681    0.008386430317395895
3.418085106382979    0.008226984901801893
3.419893617021277    0.007828108778529394
3.4217021276595747    0.007027391313208795
3.4235106382978726    0.00604134471982533
3.4253191489361705    0.005264308122927979
3.427127659574468    0.0047826975221572764
3.428936170212766    0.0042256072251176426
3.4307446808510638    0.0032285327674388582
3.4325531914893617    0.001986455471175875
3.4343617021276596    0.0011554678593693147
3.4361702127659575    0.0011182415511937112
3.4379787234042554    0.0014734274618210452
3.4397872340425533    0.001429316725521212
3.441595744680851    0.0007021814855069316
3.443404255319149    -0.00014451319471446913
3.445212765957447    -0.0003503336220034945
3.447021276595745    0.00017511939328298254
3.4488297872340428    0.000818747777839144
3.4506382978723407    0.0010860893696819033
3.4524468085106386    0.0012320178992367174
3.4542553191489365    0.0018938673066524751
3.456063829787234    0.0031887103211260654
3.457872340425532    0.004437040511052006
3.4596808510638297    0.004905896803447435
3.4614893617021276    0.004675021742310416
3.4632978723404255    0.00454402789125212
3.4651063829787234    0.005067674420390689
3.4669148936170213    0.005880986188356047
3.468723404255319    0.006122537291285977
3.470531914893617    0.0054309340346069095
3.472340425531915    0.004326567010500704
3.474148936170213    0.003580219479760111
3.475957446808511    0.0033868600299967553
3.4777659574468087    0.003311222441268577
3.4795744680851066    0.002952844343578085
3.4813829787234045    0.002430733668149965
3.4831914893617024    0.002132727985873442
3.4850000000000003    0.002163125055254877
3.4868085106382978    0.0022442932653870115
3.4886170212765957    0.0021384611145876193
3.4904255319148936    0.0019501601312539455
3.4922340425531915    0.0018922375468474542
3.4940425531914894    0.001889403726300223
3.4958510638297873    0.0016293404018390407
3.497659574468085    0.0010217213212465512
3.499468085106383    0.0004041134068136828
3.501276595744681    0.00013818714934338706
3.503085106382979    9.362648969396095e-05
3.5048936170212768    -0.0002554970876259888
3.5067021276595747    -0.0011715304251336673
3.5085106382978726    -0.002263941431060219
3.5103191489361705    -0.002918097893167165
3.5121276595744684    -0.0030445688105195804
3.5139361702127663    -0.003198221868280323
3.5157446808510637    -0.003892141420186162
3.5175531914893616    -0.004969695855007988
3.5193617021276595    -0.005843700541311277
3.5211702127659574    -0.006298138615381877
3.5229787234042553    -0.0068020407604849915
3.5247872340425532    -0.007894822864203796
3.526595744680851    -0.009408672203644186
3.528404255319149    -0.010539116142131351
3.530212765957447    -0.010718168204072792
3.532021276595745    -0.010226115137628796
3.5338297872340427    -0.009804470518216693
3.5356382978723406    -0.009784945659531063
3.5374468085106385    -0.009820609067744243
3.5392553191489364    -0.009482103125588994
3.5410638297872343    -0.008862150721959903
3.5428723404255322    -0.008379239049774228
3.5446808510638297    -0.008093893074817863
3.5464893617021276    -0.007529549496552887
3.5482978723404255    -0.006300687923823838
3.5501063829787234    -0.004711963732564358
3.5519148936170213    -0.003462110124410665
3.553723404255319    -0.00276789374230047
3.555531914893617    -0.00206230889543869
3.557340425531915    -0.0007377575359617194
3.559148936170213    0.0009833424091829726
3.560957446808511    0.0022300158700362797
3.5627659574468087    0.002586674754935061
3.5645744680851066    0.002737539583575884
3.5663829787234045    0.0037431078019592224
3.5681914893617024    0.005747446785936645
3.5700000000000003    0.0077162730476830355
3.571808510638298    0.008607201882113903
3.5736170212765956    0.008596273559188307
3.5754255319148935    0.008856767407435311
3.5772340425531914    0.010132630822105445
3.5790425531914893    0.011839165932343134
3.5808510638297872    0.012795015508724904
3.582659574468085    0.01269081093488649
3.584468085106383    0.012493336040369568
3.586276595744681    0.01329213965175246
3.588085106382979    0.015002058574254648
3.5898936170212767    0.01649341699767269
3.5917021276595746    0.01696019786430434
3.5935106382978725    0.016843938765194987
3.5953191489361704    0.01722227715819477
3.5971276595744683    0.018465086996149224
3.5989361702127662    0.01980845126903729
3.600744680851064    0.020307618765015405
3.6025531914893616    0.01993926133787193
3.6043617021276595    0.019512303424171033
3.6061702127659574    0.019572257715305026
3.6079787234042553    0.01970137713179601
3.609787234042553    0.019056988843064983
3.611595744680851    0.017433137949503665
3.613404255319149    0.015529271404511429
3.615212765957447    0.01413734077585313
