0.0    0.0
0.0018085106382978724    0.0
0.003617021276595745    0.0
0.005425531914893617    0.0
0.00723404255319149    0.0
0.009042553191489363    0.0
0.010851063829787235    0.0
0.012659574468085107    0.0
0.01446808510638298    0.0
0.016276595744680853    0.0
0.018085106382978725    0.0
0.019893617021276597    0.0
0.02170212765957447    0.0
0.023510638297872342    0.0
0.025319148936170214    0.0
0.027127659574468086    0.0
0.02893617021276596    0.0
0.03074468085106383    0.0
0.032553191489361706    0.0
0.03436170212765958    0.0
0.03617021276595745    0.0
0.03797872340425532    0.0
0.039787234042553195    0.0
0.04159574468085107    0.0
0.04340425531914894    0.0
0.04521276595744681    0.0
0.047021276595744683    0.0
0.048829787234042556    0.0
0.05063829787234043    0.0
0.0524468085106383    0.0
0.05425531914893617    0.0
0.056063829787234044    0.0
0.05787234042553192    0.0
0.05968085106382979    0.0
0.06148936170212766    0.0
0.06329787234042554    0.0
0.06510638297872341    0.0
0.06691489361702128    0.0
0.06872340425531916    0.0
0.07053191489361703    0.0
0.0723404255319149    0.0
0.07414893617021277    0.0
0.07595744680851065    0.0
0.07776595744680852    0.0
0.07957446808510639    0.0
0.08138297872340426    0.0
0.08319148936170213    0.0
0.085    0.0
0.08680851063829788    0.0
0.08861702127659575    0.0
0.09042553191489362    0.0
0.0922340425531915    0.0
0.09404255319148937    0.0
0.09585106382978724    0.0
0.09765957446808511    0.0
0.09946808510638298    0.0
0.10127659574468086    0.0
0.10308510638297873    0.0
0.1048936170212766    0.0
0.10670212765957447    0.0
0.10851063829787234    0.0
0.11031914893617022    0.0
0.11212765957446809    0.0
0.11393617021276596    0.0
0.11574468085106383    0.0
0.1175531914893617    0.0
0.11936170212765958    0.0
0.12117021276595745    0.0
0.12297872340425532    0.0
0.1247872340425532    0.0
0.12659574468085108    0.0
0.12840425531914895    0.0
0.13021276595744682    0.0
0.1320212765957447    0.0
0.13382978723404257    0.0
0.13563829787234044    0.0
0.1374468085106383    0.0
0.13925531914893619    0.0
0.14106382978723406    0.0
0.14287234042553193    0.0
0.1446808510638298    0.0
0.14648936170212767    0.0
0.14829787234042555    0.0
0.15010638297872342    0.0
0.1519148936170213    0.0
0.15372340425531916    0.0
0.15553191489361703    0.0
0.1573404255319149    0.0
0.15914893617021278    0.0
0.16095744680851065    0.0
0.16276595744680852    0.0
0.1645744680851064    0.0
0.16638297872340427    0.0
0.16819148936170214    0.0
0.17    0.0
0.17180851063829788    0.0
0.17361702127659576    0.0
0.17542553191489363    0.0
0.1772340425531915    0.0
0.17904255319148937    0.0
0.18085106382978725    0.0
0.18265957446808512    0.0
0.184468085106383    0.0
0.18627659574468086    0.0
0.18808510638297873    0.0
0.1898936170212766    0.0
0.19170212765957448    0.0
0.19351063829787235    0.0
0.19531914893617022    0.0
0.1971276595744681    0.0
0.19893617021276597    0.0
0.20074468085106384    0.0
0.2025531914893617    0.0
0.20436170212765958    0.0
0.20617021276595746    0.0
0.20797872340425533    0.0
0.2097872340425532    0.0
0.21159574468085107    0.0
0.21340425531914894    0.0
0.21521276595744682    0.0
0.2170212765957447    0.0
0.21882978723404256    0.0
0.22063829787234043    0.0
0.2224468085106383    0.0
0.22425531914893618    0.0
0.22606382978723405    0.0
0.22787234042553192    0.0
0.2296808510638298    0.0
0.23148936170212767    0.0
0.23329787234042554    0.0
0.2351063829787234    0.0
0.23691489361702128    0.0
0.23872340425531915    0.0
0.24053191489361703    0.0
0.2423404255319149    0.0
0.24414893617021277    0.0
0.24595744680851064    0.0
0.24776595744680852    0.0
0.2495744680851064    0.0
0.25138297872340426    0.0
0.25319148936170216    0.0
0.255    0.0
0.2568085106382979    0.0
0.25861702127659575    0.0
0.26042553191489365    0.0
0.2622340425531915    0.0
0.2640425531914894    0.0
0.26585106382978724    0.0
0.26765957446808514    0.0
0.269468085106383    0.0
0.2712765957446809    0.0
0.2730851063829787    0.0
0.2748936170212766    0.0
0.27670212765957447    0.0
0.27851063829787237    0.0
0.2803191489361702    0.0
0.2821276595744681    0.0
0.28393617021276596    0.0
0.28574468085106386    0.0
0.2875531914893617    0.0
0.2893617021276596    0.0
0.29117021276595745    0.0
0.29297872340425535    0.0
0.2947872340425532    0.0
0.2965957446808511    0.0
0.29840425531914894    0.0
0.30021276595744684    0.0
0.3020212765957447    0.0
0.3038297872340426    0.0
0.3056382978723404    0.0
0.3074468085106383    0.0
0.30925531914893617    0.0
0.31106382978723407    0.0
0.3128723404255319    0.0
0.3146808510638298    0.0
0.31648936170212766    0.0
0.31829787234042556    0.0
0.3201063829787234    0.0
0.3219148936170213    0.0
0.32372340425531915    0.0
0.32553191489361705    0.0
0.3273404255319149    0.0
0.3291489361702128    0.0
0.33095744680851064    0.0
0.33276595744680854    0.0
0.3345744680851064    0.0
0.3363829787234043    0.0
0.3381914893617021    0.0
0.34    0.0
0.34180851063829787    0.0
0.34361702127659577    0.0
0.3454255319148936    0.0
0.3472340425531915    0.0
0.34904255319148936    0.0
0.35085106382978726    0.0
0.3526595744680851    0.0
0.354468085106383    0.0
0.35627659574468085    0.0
0.35808510638297875    0.0
0.3598936170212766    0.0
0.3617021276595745    0.0
0.36351063829787233    0.0
0.36531914893617023    0.0
0.3671276595744681    0.0
0.368936170212766    0.0
0.3707446808510638    0.0
0.3725531914893617    0.0
0.37436170212765957    0.0
0.37617021276595747    0.0
0.3779787234042553    0.0
0.3797872340425532    0.0
0.38159574468085106    0.0
0.38340425531914896    0.0
0.3852127659574468    0.0
0.3870212765957447    0.0
0.38882978723404255    0.0
0.39063829787234045    0.0
0.3924468085106383    0.0
0.3942553191489362    0.0
0.39606382978723403    0.0
0.39787234042553193    0.0
0.3996808510638298    0.0
0.4014893617021277    0.0
0.4032978723404255    0.0
0.4051063829787234    0.0
0.40691489361702127    0.0
0.40872340425531917    0.0
0.410531914893617    0.0
0.4123404255319149    0.0
0.41414893617021276    0.0
0.41595744680851066    0.0
0.4177659574468085    0.0
0.4195744680851064    0.0
0.42138297872340424    0.0
0.42319148936170214    0.0
0.425    0.0
0.4268085106382979    0.0
0.42861702127659573    0.0
0.43042553191489363    0.0
0.4322340425531915    0.0
0.4340425531914894    0.0
0.4358510638297872    0.0
0.4376595744680851    0.0
0.43946808510638297    0.0
0.44127659574468087    0.0
0.4430851063829787    0.0
0.4448936170212766    0.0
0.44670212765957445    0.0
0.44851063829787235    0.0
0.4503191489361702    0.0
0.4521276595744681    0.0
0.45393617021276594    0.0
0.45574468085106384    0.0
0.4575531914893617    0.0
0.4593617021276596    0.0
0.46117021276595743    0.0
0.46297872340425533    0.0
0.46478723404255323    0.0
0.4665957446808511    0.0
0.468404255319149    0.0
0.4702127659574468    0.0
0.4720212765957447    5e-324
0.47382978723404257    7e-322
0.47563829787234047    7.143e-320
0.4774468085106383    6.898426e-318
0.4792553191489362    6.3832865e-316
0.48106382978723405    5.665715583e-314
0.48287234042553195    4.828385282575e-312
0.4846808510638298    3.95446625739413e-310
0.4864893617021277    3.115284492972396e-308
0.48829787234042554    2.362656317032501e-306
0.49010638297872344    1.7264361154277346e-304
0.4919148936170213    1.216431371296244e-302
0.4937234042553192    8.270629732847876e-301
0.49553191489361703    5.430222295780197e-299
0.49734042553191493    3.445300187259628e-297
0.4991489361702128    2.1137719898741653e-295
0.5009574468085106    1.25484886999523e-293
0.5027659574468085    7.2126939739067605e-292
0.5045744680851064    4.0164047145164085e-290
0.5063829787234043    2.1680204801964323e-288
0.5081914893617021    1.135059825095978e-286
0.51    5.7668539961166124e-285
0.5118085106382979    2.8447992399008615e-283
0.5136170212765958    1.3632547323823649e-281
0.5154255319148936    6.3493368088470255e-280
0.5172340425531915    2.8754923538845686e-278
0.5190425531914894    1.2668602720922746e-276
0.5208510638297873    5.4321519512468894e-275
0.5226595744680851    2.2679318807789724e-273
0.524468085106383    9.223285216603512e-272
0.5262765957446809    3.6552417280225294e-270
0.5280851063829788    1.4121914647982693e-268
0.5298936170212766    5.320903264788017e-267
0.5317021276595745    1.9559332879523928e-265
0.5335106382978724    7.017100460644406e-264
0.5353191489361703    2.4578201342849204e-262
0.5371276595744681    8.407770778290092e-261
0.538936170212766    2.809930746862968e-259
0.5407446808510639    9.177748449863242e-258
0.5425531914893618    2.9304921867822754e-256
0.5443617021276596    9.150470491242691e-255
0.5461702127659575    2.794961690051049e-253
0.5479787234042554    8.353446951288045e-252
0.5497872340425533    2.443642551077563e-250
0.551595744680851    6.998635206303384e-249
0.5534042553191489    1.9629598753964194e-247
0.5552127659574468    5.393214546895262e-246
0.5570212765957447    1.4518951598415379e-244
0.5588297872340425    3.830756307941723e-243
0.5606382978723404    9.908396114979339e-242
0.5624468085106383    2.5130269400807746e-240
0.5642553191489362    6.251278737586668e-239
0.566063829787234    1.5255245095122074e-237
0.5678723404255319    3.6529737316093634e-236
0.5696808510638298    8.585136445052349e-235
0.5714893617021277    1.9806845108737597e-233
0.5732978723404255    4.486864794125267e-232
0.5751063829787234    9.982064821093582e-231
0.5769148936170213    2.1814022397803254e-229
0.5787234042553192    4.6835534150934365e-228
0.580531914893617    9.881528910054524e-227
0.5823404255319149    2.049106855914063e-225
0.5841489361702128    4.1771302379381693e-224
0.5859574468085107    8.372282794153957e-223
0.5877659574468085    1.6502135352762497e-221
0.5895744680851064    3.199212986716969e-220
0.5913829787234043    6.101375907492756e-219
0.5931914893617022    1.1448996826894329e-217
0.595    2.1141417027146497e-216
0.5968085106382979    3.842362694858191e-215
0.5986170212765958    6.874315862746413e-214
0.6004255319148937    1.2108641462277753e-212
0.6022340425531915    2.100210582956219e-211
0.6040425531914894    3.587543605286575e-210
0.6058510638297873    6.036187045264324e-209
0.6076595744680852    1.0005122285133953e-207
0.609468085106383    1.63394802685377e-206
0.6112765957446809    2.6294868279143236e-205
0.6130851063829788    4.170425799055369e-204
0.6148936170212767    6.51966213602074e-203
0.6167021276595744    1.0047608342563316e-201
0.6185106382978723    1.526686407621395e-200
0.6203191489361702    2.287400174357135e-199
0.6221276595744681    3.379825743788003e-198
0.6239361702127659    4.925610467193297e-197
0.6257446808510638    7.080961701505162e-196
0.6275531914893617    1.0042522186464317e-194
0.6293617021276596    1.405279797089634e-193
0.6311702127659574    1.9404501125367573e-192
0.6329787234042553    2.644303117487761e-191
0.6347872340425532    3.556621576746677e-190
0.6365957446808511    4.722038760777952e-189
0.6384042553191489    6.18919165387053e-188
0.6402127659574468    8.009346499684211e-187
0.6420212765957447    1.023445065513152e-185
0.6438297872340426    1.2914604372333677e-184
0.6456382978723404    1.609499702005648e-183
0.6474468085106383    1.9812411367116046e-182
0.6492553191489362    2.4091462084187266e-181
0.6510638297872341    2.8940794266770094e-180
0.6528723404255319    3.4349517258018694e-179
0.6546808510638298    4.028418089543845e-178
0.6564893617021277    4.668660885176233e-177
0.6582978723404256    5.347288213345069e-176
0.6601063829787234    6.053371292440062e-175
0.6619148936170213    6.773636610913858e-174
0.6637234042553192    7.492817795501248e-173
0.6655319148936171    8.194159703273526e-172
0.6673404255319149    8.860054273731246e-171
0.6691489361702128    9.472775458280781e-170
0.6709574468085107    1.0015270377913948e-168
0.6727659574468086    1.0471956900866838e-167
0.6745744680851063    1.0829474942126399e-166
0.6763829787234042    1.1077340416676851e-165
0.6781914893617021    1.1208456900580301e-164
0.68    1.121945015485031e-163
0.6818085106382978    1.1110803802481845e-162
0.6836170212765957    1.0886789354386343e-161
0.6854255319148936    1.0555199020066022e-160
0.6872340425531915    1.0126903875913748e-159
0.6890425531914893    9.615271721514616e-159
0.6908510638297872    9.035487354311257e-158
0.6926595744680851    8.40382245029462e-157
0.694468085106383    7.736902601654349e-156
0.6962765957446809    7.0510156002525645e-155
0.6980851063829787    6.361498394345002e-154
0.6998936170212766    5.682231168971132e-153
0.7017021276595745    5.025256729440408e-152
0.7035106382978724    4.400532838253522e-151
0.7053191489361702    3.815815307831313e-150
0.7071276595744681    3.276661240777519e-149
0.708936170212766    2.786535354999523e-148
0.7107446808510639    2.3469980945172188e-147
0.7125531914893617    1.9579522242870174e-146
0.7143617021276596    1.617924646409992e-145
0.7161702127659575    1.324361908593828e-144
0.7179787234042554    1.0739208634558583e-143
0.7197872340425532    8.62739706310357e-143
0.7215957446808511    6.866787166495411e-142
0.723404255319149    5.415240621129954e-141
0.7252127659574469    4.231516869462399e-140
0.7270212765957447    3.2765139079099242e-139
0.7288297872340426    2.5141359527099367e-138
0.7306382978723405    1.9118296756756413e-137
0.7324468085106384    1.440840623677681e-136
0.7342553191489362    1.0762454456252973e-135
0.7360638297872341    7.968148123044991e-135
0.737872340425532    5.847576935049419e-134
0.7396808510638299    4.253911793277195e-133
0.7414893617021276    3.067723836556267e-132
0.7432978723404255    2.1932103245581946e-131
0.7451063829787234    1.5545377902226576e-130
0.7469148936170213    1.0924454461570954e-129
0.7487234042553191    7.611950393701052e-129
0.750531914893617    5.259080964533066e-128
0.7523404255319149    3.6029749491463266e-127
0.7541489361702128    2.4477644988475662e-126
0.7559574468085106    1.6491278170548574e-125
0.7577659574468085    1.1018801598567846e-124
0.7595744680851064    7.301777721089514e-124
0.7613829787234043    4.7990543407026224e-123
0.7631914893617021    3.1284840014102146e-122
0.765    2.022933476276868e-121
0.7668085106382979    1.2975276581469227e-120
0.7686170212765958    8.255754393795569e-120
0.7704255319148936    5.21098199907317e-119
0.7722340425531915    3.2630399910453865e-118
0.7740425531914894    2.02713363715095e-117
0.7758510638297873    1.2494430650765318e-116
0.7776595744680851    7.640845524068252e-116
0.779468085106383    4.636324063709516e-115
0.7812765957446809    2.7914505042709106e-114
0.7830851063829788    1.6677311540597036e-113
0.7848936170212766    9.887309018560069e-113
0.7867021276595745    5.817038537181223e-112
0.7885106382978724    3.396355728308717e-111
0.7903191489361703    1.968009771406003e-110
0.7921276595744681    1.131773327185485e-109
0.793936170212766    6.45988647582663e-109
0.7957446808510639    3.659640921271008e-108
0.7975531914893618    2.0578560111024557e-107
0.7993617021276596    1.14860051340981e-106
0.8011702127659575    6.3637772733550965e-106
0.8029787234042554    3.499992757767818e-105
0.8047872340425533    1.9109073657277337e-104
0.806595744680851    1.0357295896265874e-103
0.808404255319149    5.573155780635197e-103
0.8102127659574468    2.9772661857524934e-102
0.8120212765957447    1.5790988283118262e-101
0.8138297872340425    8.315520730860548e-101
0.8156382978723404    4.3478170584694975e-100
0.8174468085106383    2.2571882309921745e-99
0.8192553191489362    1.1635682995015829e-98
0.821063829787234    5.95602227330701e-98
0.8228723404255319    3.027426945607743e-97
0.8246808510638298    1.5281163184556621e-96
0.8264893617021277    7.659789837109572e-96
0.8282978723404255    3.813003218240397e-95
0.8301063829787234    1.8850349582468885e-94
0.8319148936170213    9.255192817921911e-94
0.8337234042553192    4.51312260456083e-93
0.835531914893617    2.1857779053346103e-92
0.8373404255319149    1.0514380278475797e-91
0.8391489361702128    5.023674105499438e-91
0.8409574468085107    2.384133760890829e-90
0.8427659574468085    1.1238860593960566e-89
0.8445744680851064    5.262685996834284e-89
0.8463829787234043    2.447918843217347e-88
0.8481914893617022    1.1311018401680917e-87
0.85    5.1919699507507235e-87
0.8518085106382979    2.367548641075766e-86
0.8536170212765958    1.0725370925665492e-85
0.8554255319148937    4.8270597550408553e-85
0.8572340425531915    2.1583413435057878e-84
0.8590425531914894    9.588147924498517e-84
0.8608510638297873    4.231909662762957e-83
0.8626595744680852    1.8558160659909952e-82
0.864468085106383    8.086117546947669e-82
0.8662765957446809    3.500751928457055e-81
0.8680851063829788    1.5059420716902237e-80
0.8698936170212767    6.437099271435955e-80
0.8717021276595744    2.7341127271271626e-79
0.8735106382978723    1.1539740600637457e-78
0.8753191489361702    4.839919528142539e-78
0.8771276595744681    2.017212438768721e-77
0.8789361702127659    8.354979131908009e-77
0.8807446808510638    3.438967452990696e-76
0.8825531914893617    1.4067222320145776e-75
0.8843617021276596    5.718666220677186e-75
0.8861702127659574    2.310445241973151e-74
0.8879787234042553    9.277254371839503e-74
0.8897872340425532    3.702323148183522e-73
0.8915957446808511    1.4684811423040317e-72
0.8934042553191489    5.789081192722073e-72
0.8952127659574468    2.2683290070503793e-71
0.8970212765957447    8.834163194767812e-71
0.8988297872340426    3.4197588662668594e-70
0.9006382978723404    1.315842409411858e-69
0.9024468085106383    5.03266638741674e-69
0.9042553191489362    1.913311650386397e-68
0.9060638297872341    7.230593567723881e-68
0.9078723404255319    2.71625226759168e-67
0.9096808510638298    1.0143348182654212e-66
0.9114893617021277    3.765431192889978e-66
0.9132978723404256    1.3895597590312879e-65
0.9151063829787234    5.097717438366443e-65
0.9169148936170213    1.8591614465972797e-64
0.9187234042553192    6.740746147509049e-64
0.9205319148936171    2.4297130050585597e-63
0.9223404255319149    8.706921937338592e-63
0.9241489361702128    3.102011678620326e-62
0.9259574468085107    1.0987468978800666e-61
0.9277659574468086    3.8693107800474795e-61
0.9295744680851065    1.354744690051964e-60
0.9313829787234043    4.7160161307207004e-60
0.9331914893617022    1.6322740915366834e-59
0.935    5.617159913125578e-59
0.936808510638298    1.9219948143472886e-58
0.9386170212765957    6.538906097913216e-58
0.9404255319148936    2.2119795722527132e-57
0.9422340425531915    7.440220672613929e-57
0.9440425531914894    2.4884258342927344e-56
0.9458510638297872    8.275670069758969e-56
0.9476595744680851    2.736695852637795e-55
0.949468085106383    8.999119780418591e-55
0.9512765957446809    2.9425836154370446e-54
0.9530851063829787    9.567928903692656e-54
0.9548936170212766    3.0936586710337175e-53
0.9567021276595745    9.947113620919876e-53
0.9585106382978724    3.1805102841248736e-52
0.9603191489361702    1.0112913765064627e-51
0.9621276595744681    3.197718480263589e-51
0.963936170212766    1.0055256159274844e-50
0.9657446808510639    3.144412564853275e-50
0.9675531914893617    9.77875983022854e-50
0.9693617021276596    3.0243373077573534e-49
0.9711702127659575    9.302144875720367e-49
0.9729787234042554    2.845421107688957e-48
0.9747872340425532    8.656147449934213e-48
0.9765957446808511    2.6189148396354677e-47
0.978404255319149    7.880261794351704e-47
0.9802127659574469    2.358230622453188e-46
0.9820212765957447    7.018786010127706e-46
0.9838297872340426    2.077645669309439e-45
0.9856382978723405    6.116715640643966e-45
0.9874468085106384    1.7910425986005075e-44
0.9892553191489362    5.21600215309725e-44
0.9910638297872341    1.5108354057789742e-43
0.992872340425532    4.352585688545505e-43
0.9946808510638299    1.2471866259115609e-42
0.9964893617021277    3.554451321425518e-42
0.9982978723404256    1.0075664407581003e-41
1.0001063829787233    2.84078074943448e-41
1.0019148936170212    7.966498070304745e-41
1.0037234042553191    2.2221104556735565e-40
1.005531914893617    6.165026184608796e-40
1.007340425531915    1.701288098107013e-39
1.0091489361702128    4.669785495530121e-39
1.0109574468085107    1.274954004756995e-38
1.0127659574468086    3.462365572671499e-38
1.0145744680851063    9.352642947491699e-38
1.0163829787234042    2.5129331996329535e-37
1.0181914893617021    6.71606243466954e-37
1.02    1.785408689191238e-36
1.021808510638298    4.72119087498341e-36
1.0236170212765958    1.241818818445631e-35
1.0254255319148937    3.2490721345032325e-35
1.0272340425531916    8.455834874816726e-35
1.0290425531914893    2.1890271556404564e-34
1.0308510638297872    5.636956972177282e-34
1.032659574468085    1.4439046363560219e-33
1.034468085106383    3.679033425538441e-33
1.036276595744681    9.324627756006353e-33
1.0380851063829788    2.3508928784562027e-32
1.0398936170212767    5.895744662478214e-32
1.0417021276595746    1.4707870806962246e-31
1.0435106382978723    3.649782509202787e-31
1.0453191489361702    9.009295454687356e-31
1.047127659574468    2.2121871377892308e-30
1.048936170212766    5.403317753449539e-30
1.0507446808510639    1.312825741582144e-29
1.0525531914893618    3.1729395997520335e-29
1.0543617021276597    7.628247592622919e-29
1.0561702127659576    1.8242989698007225e-28
1.0579787234042553    4.339856758427898e-28
1.0597872340425532    1.0269817175370864e-27
1.061595744680851    2.417450758271924e-27
1.063404255319149    5.6605643079530726e-27
1.0652127659574468    1.3184644816705377e-26
1.0670212765957447    3.054802134670952e-26
1.0688297872340426    7.040490124919102e-26
1.0706382978723405    1.6140870511850499e-25
1.0724468085106382    3.680901853088805e-25
1.0742553191489361    8.349944643908305e-25
1.076063829787234    1.8841425382899173e-24
1.077872340425532    4.229054785953299e-24
1.0796808510638298    9.442146523225976e-24
1.0814893617021277    2.096980373452766e-23
1.0832978723404256    4.6324677749151193e-23
1.0851063829787235    1.0179417529824593e-22
1.0869148936170212    2.224968468484555e-22
1.088723404255319    4.837411074575836e-22
1.090531914893617    1.0461355883723445e-21
1.092340425531915    2.2503305050398776e-21
1.0941489361702128    4.8148785693419325e-21
1.0959574468085107    1.0247130570452938e-20
1.0977659574468086    2.1691727795279574e-20
1.0995744680851065    4.5672822640721385e-20
1.1013829787234042    9.565113195975815e-20
1.103191489361702    1.992450266424789e-19
1.105    4.128063510309623e-19
1.1068085106382979    8.5067363579946265e-19
1.1086170212765958    1.7435457194864496e-18
1.1104255319148937    3.554293856698586e-18
1.1122340425531916    7.206404267182656e-18
1.1140425531914895    1.4531976884705107e-17
1.1158510638297872    2.914518746866671e-17
1.117659574468085    5.813533496032464e-17
1.119468085106383    1.1532927591449137e-16
1.1212765957446809    2.2754101537254396e-16
1.1230851063829788    4.464728177723107e-16
1.1248936170212767    8.71244008048508e-16
1.1267021276595746    1.6907837008449785e-15
1.1285106382978725    3.2631238161506145e-15
1.1303191489361701    6.262818860894549e-15
1.132127659574468    1.1953366757526869e-14
1.133936170212766    2.268755945161045e-14
1.1357446808510638    4.282084581514008e-14
1.1375531914893617    8.036836674907712e-14
1.1393617021276596    1.4999256139387955e-13
1.1411702127659575    2.783562193737611e-13
1.1429787234042554    5.136537011127242e-13
1.1447872340425531    9.424743727110442e-13
1.146595744680851    1.7194492014209768e-12
1.148404255319149    3.119037035766104e-12
1.1502127659574468    5.625400781764872e-12
1.1520212765957447    1.0087375498956025e-11
1.1538297872340426    1.7983919550846168e-11
1.1556382978723405    3.187581152733742e-11
1.1574468085106384    5.6169141753438734e-11
1.1592553191489363    9.839713768683493e-11
1.161063829787234    1.7135759786992475e-10
1.162872340425532    2.966525862180223e-10
1.1646808510638298    5.105096842382143e-10
1.1664893617021277    8.732882859855968e-10
1.1682978723404256    1.4848935860926702e-09
1.1701063829787235    2.5095902017452087e-09
1.1719148936170214    4.21565708309137e-09
1.1737234042553193    7.038293677201207e-09
1.175531914893617    1.1678665225394247e-08
1.1773404255319149    1.9258667119102504e-08
1.1791489361702128    3.1560892792072426e-08
1.1809574468085107    5.1397802909986055e-08
1.1827659574468086    8.317514090267684e-08
1.1845744680851065    1.3374483594642665e-07
1.1863829787234044    2.1368547237854505e-07
1.1881914893617023    3.392084662842875e-07
1.19    5.349712648839119e-07
1.1918085106382978    8.381925671157803e-07
1.1936170212765957    1.3046177885114503e-06
1.1954255319148936    2.0170864346499168e-06
1.1972340425531915    3.0977187914229575e-06
1.1990425531914894    4.725080294151991e-06
1.2008510638297873    7.158110706752132e-06
1.2026595744680852    1.0769132271091611e-05
1.204468085106383    1.608888173111815e-05
1.2062765957446808    2.38672420310087e-05
1.2080851063829787    3.515416250615553e-05
1.2098936170212766    5.140611208718178e-05
1.2117021276595745    7.462423914784462e-05
1.2135106382978724    0.00010753110552644228
1.2153191489361703    0.00015379326310139416
1.2171276595744682    0.00021829683315788108
1.218936170212766    0.0003074823516628957
1.2207446808510638    0.0004297431132950142
1.2225531914893617    0.0005958876844589028
1.2243617021276596    0.0008196617290844106
1.2261702127659575    0.0011183163778640415
1.2279787234042554    0.0015131997205329799
1.2297872340425533    0.0020303344207497635
1.2315957446808512    0.002700928027046597
1.2334042553191489    0.0035617437738540325
1.2352127659574468    0.004655239583715727
1.2370212765957447    0.0060293633447526356
1.2388297872340426    0.007736875905014689
1.2406382978723405    0.009834063009201376
1.2424468085106384    0.012378697801558355
1.2442553191489363    0.015427131294513285
1.2460638297872342    0.01903042426307757
1.2478723404255319    0.023229494772898006
1.2496808510638298    0.028049344001247763
1.2514893617021277    0.033492539714965026
1.2532978723404256    0.03953227862139339
1.2551063829787235    0.04610550789894315
1.2569148936170214    0.05310674894419893
1.2587234042553193    0.0603834131003363
1.2605319148936172    0.06773350465539688
1.2623404255319148    0.07490664156817378
1.2641489361702127    0.08160925904123087
1.2659574468085106    0.0875146683952645
1.2677659574468085    0.09227830575746276
1.2695744680851064    0.09555801902180128
1.2713829787234043    0.0970386257474754
1.2731914893617022    0.09645927350794625
1.2750000000000001    0.0936414201273216
1.2768085106382978    0.0885146226488992
1.2786170212765957    0.08113689767702395
1.2804255319148936    0.07170631387225201
1.2822340425531915    0.06056080778170497
1.2840425531914894    0.048164047631699056
1.2858510638297873    0.035076515741698705
1.2876595744680852    0.021912766409177956
1.289468085106383    0.009287875925109147
1.2912765957446808    -0.0022418240733845275
1.2930851063829787    -0.012236880722219137
1.2948936170212766    -0.020423794650885625
1.2967021276595745    -0.02672704897311115
1.2985106382978724    -0.031277306735074464
1.3003191489361703    -0.03439152562284213
1.3021276595744682    -0.03652445586955251
1.303936170212766    -0.03819548135042243
1.3057446808510638    -0.03989939112041377
1.3075531914893617    -0.04201361681456281
1.3093617021276596    -0.04471688212770458
1.3111702127659575    -0.04793434330442417
1.3129787234042554    -0.05132170998716239
1.3147872340425533    -0.0542955345179338
1.3165957446808512    -0.056109406942646406
1.318404255319149    -0.05596730330696463
1.3202127659574467    -0.05315733991495471
1.3220212765957446    -0.04718339294083354
1.3238297872340425    -0.03786998808901394
1.3256382978723404    -0.025418538893110354
1.3274468085106383    -0.010400530303344133
1.3292553191489362    0.006315339595421447
1.3310638297872341    0.023691710367614565
1.332872340425532    0.04068392011450332
1.3346808510638297    0.05640251107863213
1.3364893617021276    0.07024267448783815
1.3382978723404255    0.08195148487485875
1.3401063829787234    0.09161611913320437
1.3419148936170213    0.09957374038324023
1.3437234042553192    0.10626262370212665
1.3455319148936171    0.11204983022838015
1.347340425531915    0.11707894065333015
1.3491489361702127    0.12117909358205743
1.3509574468085106    0.1238633017058491
1.3527659574468085    0.1244220982021196
1.3545744680851064    0.12209300692260873
1.3563829787234043    0.11626376114630675
1.3581914893617022    0.10665421414421074
1.36    0.09342317024863879
1.361808510638298    0.07716307641679808
1.3636170212765957    0.05877449161215435
1.3654255319148936    0.0392463889016951
1.3672340425531915    0.01939819968898507
1.3690425531914894    -0.00034416341250470203
1.3708510638297873    -0.020069497728641354
1.3726595744680852    -0.040355047942238605
1.374468085106383    -0.062087739301493354
1.376276595744681    -0.08617244199581495
1.3780851063829787    -0.1132032601961242
1.3798936170212766    -0.143190322712467
1.3817021276595745    -0.1754243484732178
1.3835106382978724    -0.20852545642417208
1.3853191489361703    -0.24067058695512467
1.3871276595744682    -0.26994076787886156
1.388936170212766    -0.2946920613791639
1.390744680851064    -0.31384522047464114
1.3925531914893619    -0.3270131739181842
1.3943617021276595    -0.3344360724786496
1.3961702127659574    -0.3367550594785851
1.3979787234042553    -0.3347078634869596
1.3997872340425532    -0.32885360486604365
1.4015957446808511    -0.31942145158578816
1.403404255319149    -0.3063312529685257
1.405212765957447    -0.28936969286262126
1.4070212765957448    -0.268445948050418
1.4088297872340425    -0.2438187667649887
1.4106382978723404    -0.21619559202113814
1.4124468085106383    -0.18665230005205202
1.4142553191489362    -0.15639250228560247
1.416063829787234    -0.12643159897524842
1.417872340425532    -0.09732630725562336
1.41968085106383    -0.06905921386313199
1.4214893617021278    -0.041131771617923044
1.4232978723404255    -0.012838168991706402
1.4251063829787234    0.01638172490917571
1.4269148936170213    0.046648592522232996
1.4287234042553192    0.07752851507844444
1.430531914893617    0.10814615947759523
1.432340425531915    0.13748154106646857
1.4341489361702129    0.16472488882629685
1.4359574468085108    0.18953277139591015
1.4377659574468085    0.2120637029678268
1.4395744680851064    0.2327626523920904
1.4413829787234043    0.2519757240107622
1.4431914893617022    0.269561339173198
1.445    0.2846828411333663
1.446808510638298    0.29590564670567987
1.4486170212765959    0.30159999665782533
1.4504255319148938    0.300516225662919
1.4522340425531914    0.29231075464555345
1.4540425531914893    0.2777999609228343
1.4558510638297872    0.2588130178079061
1.4576595744680851    0.23767027023813758
1.459468085106383    0.21646831229446578
1.461276595744681    0.19644072411506264
1.4630851063829788    0.17764365381225844
1.4648936170212767    0.15909178710110122
1.4667021276595744    0.13929144745924876
1.4685106382978723    0.11695785818986815
1.4703191489361702    0.09163094308112979
1.4721276595744681    0.06394988145023267
1.473936170212766    0.03549108613368902
1.475744680851064    0.008254245659190591
1.4775531914893618    -0.01598170479782611
1.4793617021276597    -0.03617430222067642
1.4811702127659574    -0.05222199862385852
1.4829787234042553    -0.06482161421936883
1.4847872340425532    -0.07509059863109868
1.486595744680851    -0.08414560991688042
1.488404255319149    -0.09280938617359866
1.490212765957447    -0.10151886332053664
1.4920212765957448    -0.11038837474339713
1.4938297872340427    -0.11930938399270724
1.4956382978723404    -0.1279805396356073
1.4974468085106383    -0.13584697129643325
1.4992553191489362    -0.14202990658866632
1.501063829787234    -0.14537833981811749
1.502872340425532    -0.14473230022280748
1.5046808510638299    -0.13936510314307682
1.5064893617021278    -0.12943454125688686
1.5082978723404257    -0.11620420067131176
1.5101063829787233    -0.1018519357169266
1.5119148936170212    -0.08885482174288215
1.5137234042553191    -0.07915261279331581
1.515531914893617    -0.07343523276699543
1.517340425531915    -0.07088767539822471
1.5191489361702128    -0.06954464252895315
1.5209574468085107    -0.06713225129327502
1.5227659574468086    -0.06203672787194228
1.5245744680851063    -0.0539633572784001
1.5263829787234042    -0.0439821385542255
1.5281914893617021    -0.03394358255397936
1.53    -0.0255508016034924
1.531808510638298    -0.019540396342086347
1.5336170212765958    -0.015367603021388017
1.5354255319148937    -0.011536678156170009
1.5372340425531916    -0.006394084832034044
1.5390425531914893    0.001024725931560169
1.5408510638297872    0.010518628039959552
1.542659574468085    0.020836131757429426
1.544468085106383    0.03029645614320603
1.546276595744681    0.03757983756813313
1.5480851063829788    0.04228730211785588
1.5498936170212767    0.04501837739243705
1.5517021276595746    0.046983692287716566
1.5535106382978723    0.04940507605032611
1.5553191489361702    0.05303184048977644
1.557127659574468    0.0579891584358697
1.558936170212766    0.06395425066589228
1.5607446808510639    0.07046818708550068
1.5625531914893618    0.07714730016193475
1.5643617021276597    0.08367457094105907
1.5661702127659576    0.08964045103199877
1.5679787234042553    0.0944309718039816
1.5697872340425532    0.0973365211338349
1.571595744680851    0.09788864545726725
1.573404255319149    0.09623559017926911
1.5752127659574469    0.09328070839703687
1.5770212765957448    0.09040832222202166
1.5788297872340427    0.08886516962261981
1.5806382978723406    0.08910609971109623
1.5824468085106382    0.09048948355643932
1.5842553191489361    0.09154980882655422
1.586063829787234    0.09075515907605922
1.587872340425532    0.0873588536298229
1.5896808510638298    0.08186359550671593
1.5914893617021277    0.07580546965149682
1.5932978723404256    0.07093971759283463
1.5951063829787235    0.06825735935727525
1.5969148936170212    0.06737429386316371
1.5987234042553191    0.06663808812803285
1.600531914893617    0.0639005957290329
1.602340425531915    0.05753688671772779
1.6041489361702128    0.04716702742265519
1.6059574468085107    0.033725356414044144
1.6077659574468086    0.018902937991118487
1.6095744680851065    0.004330650117767048
1.6113829787234042    -0.009027865998113666
1.613191489361702    -0.020988107257761297
1.615    -0.03181230643264841
1.616808510638298    -0.04174948166995445
1.6186170212765958    -0.050794895956486445
1.6204255319148937    -0.05880780323205081
1.6222340425531916    -0.06583705835367473
1.6240425531914895    -0.0723406847881104
1.6258510638297874    -0.07906263718064602
1.627659574468085    -0.08659181289358814
1.629468085106383    -0.09488700015215679
1.6312765957446809    -0.10311760096928169
1.6330851063829788    -0.10998598697832598
1.6348936170212767    -0.11438080784036744
1.6367021276595746    -0.1159764521304946
1.6385106382978725    -0.11540709303251484
1.6403191489361704    -0.11390338854521861
1.642127659574468    -0.11261625208894688
1.643936170212766    -0.11204103198275009
1.6457446808510638    -0.11187220785786237
1.6475531914893617    -0.1113244839284401
1.6493617021276596    -0.10965555545978123
1.6511702127659575    -0.10652386748508474
1.6529787234042554    -0.1019730402878716
1.6547872340425533    -0.0961292721112357
1.656595744680851    -0.08890959848602986
1.658404255319149    -0.08001229748625566
1.6602127659574468    -0.06921912846300377
1.6620212765957447    -0.05676821532718995
1.6638297872340426    -0.0434680618621716
1.6656382978723405    -0.030395916586622315
1.6674468085106384    -0.01833823347345065
1.6692553191489363    -0.007352346423771097
1.671063829787234    0.003221043852534994
1.672872340425532    0.014267870236923084
1.6746808510638298    0.02625217724779413
1.6764893617021277    0.03886057729973287
1.6782978723404256    0.05119897887339815
1.6801063829787235    0.06240864423107585
1.6819148936170214    0.07225705002798351
1.6837234042553193    0.08126344170623721
1.685531914893617    0.09025121448735886
1.6873404255319149    0.09964705280975726
1.6891489361702128    0.10905452442777856
1.6909574468085107    0.1174501145116389
1.6927659574468086    0.12389617685941991
1.6945744680851065    0.12826283549294015
1.6963829787234044    0.13140441335975334
1.6981914893617023    0.13460220923266086
1.7    0.13861752590112947
1.7018085106382979    0.14301347410421028
1.7036170212765958    0.1462577176130142
1.7054255319148937    0.14659302070535768
1.7072340425531916    0.14312004338568424
1.7090425531914895    0.13636608307139458
1.7108510638297874    0.12794847298651463
1.7126595744680853    0.11955680595529447
1.714468085106383    0.11194343742998933
1.7162765957446808    0.10459754535952437
1.7180851063829787    0.09629467749981219
1.7198936170212766    0.08610577452451332
1.7217021276595745    0.0741481266810177
1.7235106382978724    0.061571991682720734
1.7253191489361703    0.049835680281238
1.7271276595744682    0.039817539281566006
1.728936170212766    0.03139182398510448
1.7307446808510638    0.02371831898585796
1.7325531914893617    0.015959689564057675
1.7343617021276596    0.007849749518384758
1.7361702127659575    -0.00030324517584928105
1.7379787234042554    -0.008122325712350185
1.7397872340425533    -0.015711392499815794
1.7415957446808512    -0.023753843026760573
1.7434042553191489    -0.0330338844257102
1.7452127659574468    -0.043730170662489215
1.7470212765957447    -0.05504178225830712
1.7488297872340426    -0.06548322484275881
1.7506382978723405    -0.07369327989604929
1.7524468085106384    -0.07921302902921512
1.7542553191489363    -0.08269458206733674
1.7560638297872342    -0.08539940715853689
1.7578723404255319    -0.08833954997987031
1.7596808510638298    -0.09164830427599482
1.7614893617021277    -0.09458311166454325
1.7632978723404256    -0.09611397025761231
1.7651063829787235    -0.09566651079299562
1.7669148936170214    -0.0935289578314675
1.7687234042553193    -0.09070297131929012
1.7705319148936172    -0.08835534923157065
1.7723404255319148    -0.08724384701524346
1.7741489361702127    -0.08743353430678782
1.7759574468085106    -0.08838703226255248
1.7777659574468085    -0.08929776849797236
1.7795744680851064    -0.08946736395221538
1.7813829787234043    -0.08858696449423029
1.7831914893617022    -0.08686140712418594
1.7850000000000001    -0.08494528168774318
1.7868085106382978    -0.08367184089029078
1.7886170212765957    -0.08362403508664301
1.7904255319148936    -0.08472863951513901
1.7922340425531915    -0.08614325222512345
1.7940425531914894    -0.08661636691249583
1.7958510638297873    -0.08521594162478574
1.7976595744680852    -0.08201231896696512
1.7994680851063831    -0.07822349797412381
1.8012765957446808    -0.07561493517157086
1.8030851063829787    -0.07544872291035268
1.8048936170212766    -0.07764495053508139
1.8067021276595745    -0.08074529977114644
1.8085106382978724    -0.0827543799478099
1.8103191489361703    -0.08232193016741327
1.8121276595744682    -0.07947086482046126
1.813936170212766    -0.07538532116976593
1.8157446808510638    -0.07144015462766085
1.8175531914893617    -0.06818807902524324
1.8193617021276596    -0.06502196651662207
1.8211702127659575    -0.060700909782187784
1.8229787234042554    -0.05428013760799051
1.8247872340425533    -0.04571555585805687
1.8265957446808512    -0.03571827011973995
1.828404255319149    -0.025052658349923256
1.8302127659574468    -0.013901843404600295
1.8320212765957447    -0.0018299933557120764
1.8338297872340426    0.011652018657055115
1.8356382978723405    0.026420695048075236
1.8374468085106384    0.04155436387711656
1.8392553191489363    0.05580136999158511
1.8410638297872342    0.06833185231641067
1.842872340425532    0.07917528616140909
1.8446808510638297    0.08901275167696021
1.8464893617021276    0.09851863117395881
1.8482978723404255    0.10779030830304806
1.8501063829787234    0.11629469825886896
1.8519148936170213    0.12331442746684976
1.8537234042553192    0.12848425085157708
1.8555319148936171    0.13198945162412232
1.857340425531915    0.13433361676042246
1.859148936170213    0.13595218463417105
1.8609574468085106    0.1370257376644213
1.8627659574468085    0.1375936335521404
1.8645744680851064    0.137751215843214
1.8663829787234043    0.1376462362479359
1.8681914893617022    0.13723408200604223
1.87    0.13605724526531146
1.871808510638298    0.13335924834939097
1.873617021276596    0.1285481974079559
1.8754255319148936    0.12165197487921317
1.8772340425531915    0.11332854764144812
1.8790425531914894    0.10433817805141873
1.8808510638297873    0.09487903142591939
1.8826595744680852    0.08438017067106915
1.884468085106383    0.07201030586409221
1.886276595744681    0.057538032293636465
1.8880851063829789    0.041806530332544695
1.8898936170212766    0.026333734578030135
1.8917021276595745    0.01226711056737767
1.8935106382978724    -0.00047875024509024845
1.8953191489361703    -0.013136406923163167
1.8971276595744682    -0.02702235127910707
1.898936170212766    -0.04229978684407934
1.900744680851064    -0.05759266733918157
1.9025531914893619    -0.07084964980747187
1.9043617021276595    -0.0808503753725955
1.9061702127659574    -0.08817902714220306
1.9079787234042553    -0.09485636622531958
1.9097872340425532    -0.10286236886177404
1.9115957446808511    -0.11267090298905978
1.913404255319149    -0.1229292662781626
1.915212765957447    -0.131523545257118
1.9170212765957448    -0.1371834418752506
1.9188297872340425    -0.1403671833550501
1.9206382978723404    -0.14275379278487632
1.9224468085106383    -0.14577749997113276
1.9242553191489362    -0.14938058257887082
1.9260638297872341    -0.15196117490369943
1.927872340425532    -0.15153843311918985
1.92968085106383    -0.147222241234783
1.9314893617021278    -0.13988107711366793
1.9332978723404255    -0.13155616730362196
1.9351063829787234    -0.1241178871948298
1.9369148936170213    -0.11816464352416292
1.9387234042553192    -0.11289074171771857
1.940531914893617    -0.10688422008747239
1.942340425531915    -0.0991791547011675
1.944148936170213    -0.08982250322719026
1.9459574468085108    -0.0796784066780176
1.9477659574468085    -0.06975943003532004
1.9495744680851064    -0.06062395356226252
1.9513829787234043    -0.052206650004855276
1.9531914893617022    -0.04407563542038846
1.955    -0.03584241747271308
1.956808510638298    -0.027434727063801775
1.9586170212765959    -0.019104996689016725
1.9604255319148938    -0.011225739670905774
1.9622340425531914    -0.00401659595527643
1.9640425531914893    0.002643414226823581
1.9658510638297872    0.00920649722770542
1.9676595744680851    0.016222382297572842
1.969468085106383    0.023980545744916405
1.971276595744681    0.032244935664250046
1.9730851063829788    0.040298053858769584
1.9748936170212767    0.047335418777377805
1.9767021276595744    0.05298417252900345
1.9785106382978723    0.05756791341923652
1.9803191489361702    0.061869362853692794
1.9821276595744681    0.06650602665352759
1.983936170212766    0.07136534860524263
1.985744680851064    0.07555889250885359
1.9875531914893618    0.07799486296096433
1.9893617021276597    0.0781892506866029
1.9911702127659574    0.07671698905206753
1.9929787234042553    0.0749403546683581
1.9947872340425532    0.07417989824117466
1.996595744680851    0.0749114215724068
1.998404255319149    0.07655748835781576
2.0002127659574467    0.07800590330862497
2.0020212765957446    0.0784645611279437
2.0038297872340425    0.07804067384866092
2.0056382978723404    0.07765809246116073
2.0074468085106383    0.07840832179618762
2.009255319148936    0.08080901373282212
2.011063829787234    0.08446572106520503
2.012872340425532    0.08832052865868342
2.01468085106383    0.09127188781299206
2.016489361702128    0.09273723893506974
2.0182978723404257    0.09281897839997144
2.0201063829787236    0.09203081992566461
2.0219148936170215    0.09083175621917958
2.0237234042553194    0.08931280464692742
2.0255319148936173    0.08723986363014624
2.0273404255319147    0.08438361315097748
2.0291489361702126    0.08085690702592324
2.0309574468085105    0.07718172084914249
2.0327659574468084    0.07402292125345233
2.0345744680851063    0.07179446246865226
2.0363829787234042    0.07045113018314544
2.038191489361702    0.06962694341609085
2.04    0.06898439880336563
2.041808510638298    0.06845045152052384
2.043617021276596    0.06811587441249073
2.0454255319148937    0.06789513708305717
2.0472340425531916    0.06729847472412614
2.0490425531914895    0.06560001238824525
2.0508510638297874    0.06232170971413872
2.0526595744680853    0.05761415474045306
2.0544680851063832    0.05214333561315619
2.0562765957446807    0.046513995650571446
2.0580851063829786    0.04071602940192451
2.0598936170212765    0.034126823421328126
2.0617021276595744    0.02613652088502926
2.0635106382978723    0.016869477310692486
2.06531914893617    0.007312871142523325
2.067127659574468    -0.001356579616042822
2.068936170212766    -0.008718424690644766
2.070744680851064    -0.015476745286965955
2.072553191489362    -0.02284799856887206
2.0743617021276597    -0.03143583644365715
2.0761702127659576    -0.040574907480016145
2.0779787234042555    -0.04877187781046875
2.0797872340425534    -0.05491078067429837
2.0815957446808513    -0.05917112623532149
2.083404255319149    -0.06281358122676538
2.085212765957447    -0.06698349413647507
2.0870212765957445    -0.07158915409141918
2.0888297872340424    -0.07528734509363562
2.0906382978723403    -0.07663410113163711
2.0924468085106382    -0.07539352694080513
2.094255319148936    -0.07281945646019435
2.096063829787234    -0.0706257477726631
2.097872340425532    -0.06954375729770142
2.09968085106383    -0.06875227262973223
2.1014893617021277    -0.06668744951873938
2.1032978723404256    -0.062494151178749444
2.1051063829787235    -0.05680155120090864
2.1069148936170214    -0.05112843146449471
2.1087234042553193    -0.04648014549559343
2.1105319148936172    -0.042437627936318806
2.112340425531915    -0.03758208390371387
2.114148936170213    -0.030869526060780833
2.1159574468085105    -0.02269802121102451
2.1177659574468084    -0.014692926052023436
2.1195744680851063    -0.00840332371259618
2.121382978723404    -0.004081969712733686
2.123191489361702    -0.0006261659852656223
2.125    0.0033028183679118524
2.126808510638298    0.008008197052548382
2.128617021276596    0.012452944584713037
2.1304255319148937    0.015138737238843314
2.1322340425531916    0.015341683892240837
2.1340425531914895    0.013629085625495268
2.1358510638297874    0.011295785462373682
2.1376595744680853    0.009328409971495573
2.139468085106383    0.00784377249914892
2.141276595744681    0.006405792775141743
2.143085106382979    0.004775129710056683
2.1448936170212765    0.0032942975262357597
2.1467021276595744    0.0025399517055835685
2.1485106382978723    0.0026186969972131985
2.15031914893617    0.0028197789244903976
2.152127659574468    0.001978119848614876
2.153936170212766    -0.0007728278387024862
2.155744680851064    -0.0055186216233828606
2.1575531914893618    -0.01172705672702453
2.1593617021276597    -0.018832314763718282
2.1611702127659576    -0.026673323217403563
2.1629787234042555    -0.03542059634668228
2.1647872340425534    -0.04513130034844126
2.1665957446808513    -0.05539274301453506
2.168404255319149    -0.06538505864020613
2.170212765957447    -0.07428907068188181
2.172021276595745    -0.08168224756147335
2.1738297872340424    -0.08763049923069041
2.1756382978723403    -0.09247348901853936
2.177446808510638    -0.09651946541860598
2.179255319148936    -0.09985016290735704
2.181063829787234    -0.10228127651568261
2.182872340425532    -0.10342483284847034
2.18468085106383    -0.10282426682842088
2.1864893617021277    -0.1001736661662816
2.1882978723404256    -0.09557234415081156
2.1901063829787235    -0.08964783582573113
2.1919148936170214    -0.08337497208914763
2.1937234042553193    -0.0776157979024209
2.195531914893617    -0.07266822513635143
2.197340425531915    -0.06817784159482312
2.199148936170213    -0.06351667168986225
2.200957446808511    -0.058346340121210566
2.2027659574468084    -0.05290753589594127
2.2045744680851063    -0.04779859511593226
2.206382978723404    -0.043448668562923703
2.208191489361702    -0.039759274754923093
2.21    -0.036229632851647056
2.211808510638298    -0.03243400601575473
2.2136170212765958    -0.028395169008309712
2.2154255319148937    -0.024500819810326653
2.2172340425531916    -0.021045747829370867
2.2190425531914895    -0.017842948338913117
2.2208510638297874    -0.01428991227844914
2.2226595744680853    -0.00985167465587462
2.224468085106383    -0.004527889701426587
2.226276595744681    0.0011201979815378452
2.228085106382979    0.006401688468045272
2.229893617021277    0.010985714590173473
2.2317021276595743    0.015010900435256262
2.233510638297872    0.018757072017845475
2.23531914893617    0.022252900341778598
2.237127659574468    0.02525388172193828
2.238936170212766    0.027645482835697587
2.240744680851064    0.029866468652230513
2.2425531914893617    0.032863760048557594
2.2443617021276596    0.037496003518856416
2.2461702127659575    0.04384084442872463
2.2479787234042554    0.051020467546378845
2.2497872340425533    0.0577578380521863
2.251595744680851    0.0632473376684304
2.253404255319149    0.06763264192750278
2.255212765957447    0.07170932928011946
2.257021276595745    0.07613373873532199
2.258829787234043    0.08083312112031858
2.2606382978723403    0.08510736503910084
2.262446808510638    0.088282341127312
2.264255319148936    0.0902956932865973
2.266063829787234    0.09169555204575223
2.267872340425532    0.09309803612965416
2.2696808510638298    0.09464149067217033
2.2714893617021277    0.09594142003928645
2.2732978723404256    0.09654645937245578
2.2751063829787235    0.09642103278732818
2.2769148936170214    0.09598733736748603
2.2787234042553193    0.0957200720443128
2.280531914893617    0.09573185887046544
2.282340425531915    0.09577358645641325
2.284148936170213    0.09562562661392325
2.285957446808511    0.09543533269044761
2.2877659574468088    0.09559904993803318
2.2895744680851062    0.0962606173928348
2.291382978723404    0.09692731822340007
2.293191489361702    0.09664193890793739
2.295    0.09463189804684911
2.296808510638298    0.09088024146236852
2.2986170212765957    0.08610265536322155
2.3004255319148936    0.08114829875493913
2.3022340425531915    0.07636414343938007
2.3040425531914894    0.07147240515246057
2.3058510638297873    0.06600511693032783
2.3076595744680852    0.059817229527631424
2.309468085106383    0.05316934856281001
2.311276595744681    0.0463502445389961
2.313085106382979    0.03930471259484447
2.314893617021277    0.031732767999973294
2.3167021276595747    0.02361789898469048
2.3185106382978726    0.015635833434132794
2.32031914893617    0.008925989619530804
2.322127659574468    0.004293438047861711
2.323936170212766    0.0015050674739568587
2.325744680851064    -0.0006463950439278163
2.3275531914893617    -0.0034755750648562773
2.3293617021276596    -0.007426514013421633
2.3311702127659575    -0.011813321439848163
2.3329787234042554    -0.015503442934527233
2.3347872340425533    -0.01794735870223166
2.336595744680851    -0.01966234302882365
2.338404255319149    -0.02177478501740241
2.340212765957447    -0.02506344256958968
2.342021276595745    -0.029365139529876967
2.343829787234043    -0.03383558599009696
2.3456382978723407    -0.037758771001597295
2.3474468085106386    -0.04111545438741516
2.349255319148936    -0.04439334572858219
2.351063829787234    -0.047873136882109944
2.352872340425532    -0.05113162909232926
2.3546808510638297    -0.053282061589085154
2.3564893617021276    -0.05374083794014308
2.3582978723404255    -0.05278202676407017
2.3601063829787234    -0.05133659320986043
2.3619148936170213    -0.050228825498831335
2.3637234042553192    -0.04959661853599164
2.365531914893617    -0.04905626050632308
2.367340425531915    -0.04841206689303613
2.369148936170213    -0.048129410096802515
2.370957446808511    -0.04899401182459697
2.3727659574468087    -0.051210402414737545
2.3745744680851066    -0.05383728688146417
2.3763829787234045    -0.055237209582645976
2.378191489361702    -0.05428058811508701
2.38    -0.0512719038774607
2.381808510638298    -0.047736548121141566
2.3836170212765957    -0.045212602140950874
2.3854255319148936    -0.044100195429918644
2.3872340425531915    -0.04355942933445021
2.3890425531914894    -0.0424629417130555
2.3908510638297873    -0.04044276226664382
2.392659574468085    -0.03804857500805973
2.394468085106383    -0.03595502771919643
2.396276595744681    -0.0340940763398711
2.398085106382979    -0.0316187883336354
2.399893617021277    -0.027725287567520546
2.4017021276595747    -0.022481030423009446
2.4035106382978726    -0.01682035396577023
2.4053191489361705    -0.011735224809427281
2.407127659574468    -0.007499108995226985
2.408936170212766    -0.003682789088760588
2.4107446808510637    0.00013824380760053866
2.4125531914893616    0.0038022263530929404
2.4143617021276595    0.006742641176355287
2.4161702127659574    0.008703362842177566
2.4179787234042553    0.010151087135283145
2.4197872340425532    0.011867280177720263
2.421595744680851    0.014110181770789699
2.423404255319149    0.016249673095968
2.425212765957447    0.017317005449383704
2.427021276595745    0.016944501781846973
2.4288297872340427    0.015727833232147683
2.4306382978723406    0.01461976606831231
2.4324468085106385    0.013972044131867135
2.4342553191489364    0.01321809639434314
2.436063829787234    0.011522577562834056
2.437872340425532    0.008705838683662724
2.4396808510638297    0.005456437548888275
2.4414893617021276    0.0025928660914507386
2.4432978723404255    0.0001459066158134496
2.4451063829787234    -0.002758333366023426
2.4469148936170213    -0.00705295368936269
2.448723404255319    -0.012754906417649044
2.450531914893617    -0.018831021893657686
2.452340425531915    -0.02402646957577915
2.454148936170213    -0.0278278028777343
2.455957446808511    -0.03065292358461115
2.4577659574468087    -0.033190041288881755
2.4595744680851066    -0.03565124597724097
2.4613829787234045    -0.03770008476977878
2.4631914893617024    -0.03902316638442278
2.465    -0.03982568414211973
2.4668085106382978    -0.04066870833231295
2.4686170212765957    -0.04184054914104242
2.4704255319148936    -0.04299515451508565
2.4722340425531915    -0.043506083889180716
2.4740425531914894    -0.04319181400015211
2.4758510638297873    -0.04263189262009298
2.477659574468085    -0.04269072008403266
2.479468085106383    -0.043683528323347584
2.481276595744681    -0.045003896284352154
2.483085106382979    -0.04558824377614963
2.4848936170212768    -0.044778183941924773
2.4867021276595747    -0.042773814501782095
2.4885106382978726    -0.04029171146088355
2.4903191489361705    -0.03780484333796867
2.4921276595744684    -0.03510199013056936
2.493936170212766    -0.031555963656483166
2.4957446808510637    -0.02681530842057577
2.4975531914893616    -0.02127356213338244
2.4993617021276595    -0.015906669980734818
2.5011702127659574    -0.011627476669412343
2.5029787234042553    -0.008680926968841682
2.504787234042553    -0.0065241610571608565
2.506595744680851    -0.004236087727055825
2.508404255319149    -0.0011260013411106091
2.510212765957447    0.0028835049075159646
2.512021276595745    0.007319114986824536
2.5138297872340427    0.011554977601322909
2.5156382978723406    0.01521444858034239
2.5174468085106385    0.018279772909570113
2.5192553191489364    0.020879668278497285
2.5210638297872343    0.023006890851056803
2.5228723404255318    0.02446761980431101
2.5246808510638297    0.025121705546584064
2.5264893617021276    0.0251597671864279
2.5282978723404255    0.02509987097150642
2.5301063829787234    0.025462352847863967
2.5319148936170213    0.02642563913075295
2.533723404255319    0.02780481363144366
2.535531914893617    0.02936047868320999
2.537340425531915    0.03108613350484192
2.539148936170213    0.03314435050205848
2.5409574468085108    0.03552719406152738
2.5427659574468087    0.03786173005388918
2.5445744680851066    0.0396545497277349
2.5463829787234045    0.04077264834965086
2.5481914893617024    0.04163776338984264
2.5500000000000003    0.042861026326930174
2.551808510638298    0.044635596494678756
2.5536170212765956    0.04649775339679052
2.5554255319148935    0.04771323571626568
2.5572340425531914    0.04790165430773667
2.5590425531914893    0.04727236076434645
2.560851063829787    0.046275370002421504
2.562659574468085    0.04509696424512731
2.564468085106383    0.043559276696743296
2.566276595744681    0.041486145786564455
2.568085106382979    0.039055465501701914
2.5698936170212767    0.03669722107055953
2.5717021276595746    0.03465957404249405
2.5735106382978725    0.03277506919538184
2.5753191489361704    0.030714904174522648
2.5771276595744683    0.02840634929186911
2.578936170212766    0.026060189251709887
2.580744680851064    0.023730288268297935
2.5825531914893616    0.020964105536039848
2.5843617021276595    0.01709896243711008
2.5861702127659574    0.012023958478501389
2.5879787234042553    0.0065750003430988
2.589787234042553    0.001985355623512748
2.591595744680851    -0.001187532269255589
2.593404255319149    -0.003570679915253592
2.595212765957447    -0.006313187057699763
2.5970212765957448    -0.009860524842719546
2.5988297872340427    -0.013429535293530886
2.6006382978723406    -0.01577592109415389
2.6024468085106385    -0.016496378648787377
2.6042553191489364    -0.016513413491469744
2.6060638297872343    -0.017221268479320047
2.607872340425532    -0.01916889461760403
2.60968085106383    -0.0216330933050845
2.6114893617021275    -0.02348241605235027
2.6132978723404254    -0.024378008379584842
2.6151063829787233    -0.02505029166568288
2.6169148936170212    -0.02642771492351846
2.618723404255319    -0.028619415649716706
2.620531914893617    -0.03084507119734621
2.622340425531915    -0.0323159503825456
2.624148936170213    -0.03303967788614978
2.6259574468085107    -0.03367051076412078
2.6277659574468086    -0.034635665322303
2.6295744680851065    -0.035566422336812065
2.6313829787234044    -0.035677225482849226
2.6331914893617023    -0.03464407773867283
2.6350000000000002    -0.0329809230473959
2.636808510638298    -0.03149750582498932
2.638617021276596    -0.030453614424102382
2.6404255319148935    -0.029341927821566013
2.6422340425531914    -0.02751245913421644
2.6440425531914893    -0.024930903287778715
2.645851063829787    -0.022254637011291115
2.647659574468085    -0.02018212661868144
2.649468085106383    -0.018793434916554982
2.651276595744681    -0.017543044306595847
2.653085106382979    -0.01583541303382266
2.6548936170212767    -0.01355462446454515
2.6567021276595746    -0.011084829098941394
2.6585106382978725    -0.008945735591871874
2.6603191489361704    -0.007475677260143282
2.6621276595744683    -0.006766474816829165
2.663936170212766    -0.006694697156977453
2.665744680851064    -0.006880018476024586
2.667553191489362    -0.006677374437070404
2.6693617021276594    -0.005415311708252159
2.6711702127659573    -0.0028144827158831844
2.6729787234042552    0.0007981401579941557
2.674787234042553    0.004757291347694705
2.676595744680851    0.008600048163686943
2.678404255319149    0.012354812127864033
2.680212765957447    0.01631292197057809
2.6820212765957447    0.020578420132118025
2.6838297872340426    0.024908071220157174
2.6856382978723405    0.028976643531449228
2.6874468085106384    0.03269244201351274
2.6892553191489363    0.03616227098660003
2.6910638297872342    0.03938044460151773
2.692872340425532    0.042084607927430386
2.69468085106383    0.044004479465574446
2.696489361702128    0.045194116878516495
2.6982978723404254    0.04598166176041855
2.7001063829787233    0.046539519691978885
2.701914893617021    0.04661034445858773
2.703723404255319    0.04581043870759182
2.705531914893617    0.044227997541891446
2.707340425531915    0.04257665191070439
2.709148936170213    0.04158953602351958
2.7109574468085107    0.041241134921596485
2.7127659574468086    0.04070120267475976
2.7145744680851065    0.03918225160925997
2.7163829787234044    0.03680535434925606
2.7181914893617023    0.03448754685740237
2.72    0.03288943572929625
2.721808510638298    0.031550092534716044
2.723617021276596    0.0292190530675297
2.725425531914894    0.025118406349241743
2.7272340425531914    0.019813574590643437
2.7290425531914893    0.014740289517529828
2.730851063829787    0.01086666916339224
2.732659574468085    0.007896486464833846
2.734468085106383    0.004812107295626955
2.736276595744681    0.0010889530790522206
2.7380851063829788    -0.0027790063971583558
2.7398936170212767    -0.005969404623444188
2.7417021276595746    -0.008375285179092348
2.7435106382978725    -0.01077519963036799
2.7453191489361704    -0.013947019768060374
2.7471276595744683    -0.0177704984073677
2.748936170212766    -0.021359492857969443
2.750744680851064    -0.02405340497914416
2.752553191489362    -0.026097503869961392
2.75436170212766    -0.028215067697022023
2.7561702127659573    -0.03058281773204455
2.757978723404255    -0.03244053571138858
2.759787234042553    -0.03285132657514156
2.761595744680851    -0.03179203611182434
2.763404255319149    -0.030328436640321955
2.765212765957447    -0.029616006757651678
2.7670212765957447    -0.029762463456907924
2.7688297872340426    -0.029748066744155616
2.7706382978723405    -0.028462913619710338
2.7724468085106384    -0.025758701359786598
2.7742553191489363    -0.02247581297273992
2.776063829787234    -0.019549330113457254
2.777872340425532    -0.01721617574409292
2.77968085106383    -0.015083880832881834
2.781489361702128    -0.012793193415840478
2.783297872340426    -0.010423340694268462
2.7851063829787237    -0.008240844589324083
2.786914893617021    -0.006242189643311802
2.788723404255319    -0.004153911111576307
2.790531914893617    -0.0019254929199524337
2.792340425531915    -8.634617306365819e-05
2.7941489361702128    0.0005489212858248384
2.7959574468085107    -0.0004099133999080216
2.7977659574468086    -0.002542498862391061
2.7995744680851065    -0.004963123942808887
2.8013829787234044    -0.007031486018784331
2.8031914893617023    -0.008717411669953407
2.805    -0.010337291923438328
2.806808510638298    -0.01205467114415986
2.808617021276596    -0.01370863732729976
2.810425531914894    -0.01508126240146175
2.8122340425531918    -0.0162148205075998
2.8140425531914897    -0.01739571946147552
2.815851063829787    -0.018854799284871153
2.817659574468085    -0.020547525759195037
2.819468085106383    -0.02223637645330412
2.821276595744681    -0.023727655274202557
2.8230851063829787    -0.024971801816384635
2.8248936170212766    -0.025951142488636524
2.8267021276595745    -0.026550036316833392
2.8285106382978724    -0.02660213494017031
2.8303191489361703    -0.02607030595847614
2.832127659574468    -0.025145056771222342
2.833936170212766    -0.024137805510722254
2.835744680851064    -0.0232662163401526
2.837553191489362    -0.022525210029561087
2.83936170212766    -0.02173357298027044
2.8411702127659577    -0.020688758804761356
2.8429787234042556    -0.01930600503476431
2.844787234042553    -0.017663056915282374
2.846595744680851    -0.015933282606178947
2.848404255319149    -0.01423874092507816
2.8502127659574468    -0.012515098032971905
2.8520212765957447    -0.010518527222001615
2.8538297872340426    -0.008027556933449503
2.8556382978723405    -0.005102605523462011
2.8574468085106384    -0.0021441566019165604
2.8592553191489363    0.00037615945381711045
2.861063829787234    0.002319626056274467
2.862872340425532    0.004047411383535097
2.86468085106383    0.0061659853003376685
2.866489361702128    0.009063470211431907
2.8682978723404258    0.012643785646919991
2.8701063829787237    0.016450420449168907
2.8719148936170216    0.01999095905691332
2.873723404255319    0.022941892705131747
2.875531914893617    0.025133186683682748
2.877340425531915    0.02647319771862507
2.8791489361702127    0.026959849588432613
2.8809574468085106    0.026708680991470255
2.8827659574468085    0.02585801189538676
2.8845744680851064    0.024413886067163316
2.8863829787234043    0.02227879027529407
2.8881914893617022    0.0195396568961085
2.89    0.016706069069027208
2.891808510638298    0.014500916628214063
2.893617021276596    0.013254395604275784
2.895425531914894    0.012495214965472852
2.8972340425531917    0.011277717648747129
2.8990425531914896    0.009049159096927474
2.9008510638297875    0.0062082006261743525
2.902659574468085    0.0037324991533429757
2.904468085106383    0.002218868816544751
2.906276595744681    0.0013466864126861267
2.9080851063829787    0.0003492428511571578
2.9098936170212766    -0.001028329826222698
2.9117021276595745    -0.002160724636762507
2.9135106382978724    -0.002183868934170196
2.9153191489361703    -0.0009162045354164068
2.917127659574468    0.0009955856225054207
2.918936170212766    0.0028645712813561842
2.920744680851064    0.00474669178902571
2.922553191489362    0.0072715446630476945
2.92436170212766    0.010693047914064103
2.9261702127659577    0.014287069160177149
2.9279787234042556    0.016874247435231117
2.9297872340425535    0.017959454786930833
2.931595744680851    0.018236075461003066
2.933404255319149    0.01888537475751298
2.9352127659574467    0.02044356719271479
2.9370212765957446    0.022468919198681457
2.9388297872340425    0.024292804247314642
2.9406382978723404    0.025894131147791273
2.9424468085106383    0.027847299746100215
2.9442553191489362    0.03044603131081891
2.946063829787234    0.03311836180824329
2.947872340425532    0.03490719453807378
2.94968085106383    0.03549448470541776
2.951489361702128    0.03554772957199892
2.9532978723404257    0.03593029592757174
2.9551063829787236    0.03666968030217958
2.9569148936170215    0.036912345027417234
2.9587234042553194    0.035968169466018315
2.960531914893617    0.0342451595613977
2.962340425531915    0.032934111067558905
2.9641489361702127    0.03271000865959106
2.9659574468085106    0.032880596309599414
2.9677659574468085    0.0319779605380819
2.9695744680851064    0.02920862384461658
2.9713829787234043    0.02521815276977899
2.973191489361702    0.021366876644824777
2.975    0.018325932525793835
2.976808510638298    0.015498564542521423
2.978617021276596    0.011815535541727235
2.980425531914894    0.006954592363899944
2.9822340425531917    0.0016513834217903416
2.9840425531914896    -0.003147369492730122
2.9858510638297875    -0.007269088873437828
2.9876595744680854    -0.011365809074741148
2.989468085106383    -0.01607625921059378
2.9912765957446807    -0.02130107933616472
2.9930851063829786    -0.026341148915076357
2.9948936170212765    -0.030596187720584006
2.9967021276595744    -0.033947717397089835
2.9985106382978723    -0.0364728144044448
3.0003191489361702    -0.038027560388997114
3.002127659574468    -0.03837222554265003
3.003936170212766    -0.03773272628381928
3.005744680851064    -0.03700349770793859
3.007553191489362    -0.03711615034560771
3.0093617021276597    -0.038118227599109725
3.0111702127659576    -0.039006737844597475
3.0129787234042555    -0.03864968224834561
3.0147872340425534    -0.03692069189228267
3.0165957446808513    -0.03483922894368932
3.0184042553191492    -0.033512696521249
3.0202127659574467    -0.03297488176495374
3.0220212765957446    -0.03217058226409909
3.0238297872340425    -0.03012553137559385
3.0256382978723404    -0.027052540225113095
3.0274468085106383    -0.02419237791877729
3.029255319148936    -0.022545037356948572
3.031063829787234    -0.02184787633071166
3.032872340425532    -0.020889909865550615
3.03468085106383    -0.01880365075108631
3.036489361702128    -0.015929155660022676
3.0382978723404257    -0.013340327388863558
3.0401063829787236    -0.011603740974598431
3.0419148936170215    -0.010165864998508373
3.0437234042553194    -0.008031009341703529
3.0455319148936173    -0.004933669610466131
3.047340425531915    -0.0016642226404024636
3.0491489361702127    0.000817331920854087
3.0509574468085106    0.0024588819371666754
3.0527659574468085    0.00414465006478036
3.0545744680851064    0.006635433050123854
3.0563829787234043    0.009634665271788611
3.058191489361702    0.012058457244468508
3.06    0.013205579395595265
3.061808510638298    0.0134809358480095
3.063617021276596    0.01384082390968583
3.0654255319148938    0.014625139631821894
3.0672340425531917    0.015181234199965659
3.0690425531914896    0.01476864060271267
3.0708510638297875    0.013690576481343487
3.0726595744680854    0.013240254975762778
3.0744680851063833    0.01437051566003496
3.076276595744681    0.016525954592468077
3.0780851063829786    0.018022599528382297
3.0798936170212765    0.017687127106655945
3.0817021276595744    0.016023024727220926
3.0835106382978723    0.014621986620353463
3.08531914893617    0.014443818373129611
3.087127659574468    0.014837548066116112
3.088936170212766    0.014357784363332734
3.090744680851064    0.012444169943052356
3.092553191489362    0.010094922102636423
3.0943617021276597    0.008811996692405559
3.0961702127659576    0.009016552691920622
3.0979787234042555    0.009675817815268113
3.0997872340425534    0.009484352270871556
3.1015957446808513    0.008228099302401468
3.103404255319149    0.006847556928242867
3.105212765957447    0.00625010062845914
3.1070212765957446    0.006295185174264221
3.1088297872340425    0.0060602558394122555
3.1106382978723404    0.004958381308478229
3.1124468085106383    0.003349965254040162
3.114255319148936    0.001991390580829546
3.116063829787234    0.0010734483183840655
3.117872340425532    3.214135321601402e-05
3.11968085106383    -0.001684004933601092
3.1214893617021278    -0.0038728988268260755
3.1232978723404257    -0.005779194639420499
3.1251063829787236    -0.006974854314288202
3.1269148936170215    -0.00782673214076256
3.1287234042553194    -0.008972250570840112
3.1305319148936173    -0.010445240573219241
3.132340425531915    -0.011537562932550885
3.134148936170213    -0.01161051011501522
3.1359574468085105    -0.010924050388221234
3.1377659574468084    -0.010496446385673694
3.1395744680851063    -0.01111151544943743
3.141382978723404    -0.01256493477799905
3.143191489361702    -0.01396257688195452
3.145    -0.014696646841679466
3.146808510638298    -0.015001559854814123
3.148617021276596    -0.015525174442049847
3.1504255319148937    -0.01647870923185878
3.1522340425531916    -0.01735338564688697
3.1540425531914895    -0.017484418986406864
3.1558510638297874    -0.01677371890922873
3.1576595744680853    -0.015756260528049255
3.159468085106383    -0.014991224003323627
3.161276595744681    -0.01451546928604745
3.163085106382979    -0.013966515242531032
3.1648936170212765    -0.013175281875271366
3.1667021276595744    -0.012500089281055626
3.1685106382978723    -0.01250058210955303
3.17031914893617    -0.013317854268152105
3.172127659574468    -0.014456559101540638
3.173936170212766    -0.015213409783767555
3.175744680851064    -0.0152940971716806
3.1775531914893618    -0.014977021148276131
3.1793617021276597    -0.014687092215356905
3.1811702127659576    -0.014467441720593062
3.1829787234042555    -0.013919518981421408
3.1847872340425534    -0.012661295095635489
3.1865957446808513    -0.01079617258914909
3.188404255319149    -0.008874694730392905
3.190212765957447    -0.007370325872486885
3.192021276595745    -0.006214163687581178
3.1938297872340424    -0.004890866419738954
3.1956382978723403    -0.0030186438243851553
3.1974468085106382    -0.0008125748209752834
3.199255319148936    0.0010772822097900115
3.201063829787234    0.002218170160883802
3.202872340425532    0.002867038621621889
3.20468085106383    0.003749645547417465
3.2064893617021277    0.005350928289003312
3.2082978723404256    0.007447407253010739
3.2101063829787235    0.009363974447501129
3.2119148936170214    0.010662689378238078
3.2137234042553193    0.011515473892472863
3.2155319148936172    0.012387404788675978
3.217340425531915    0.013441605814215893
3.219148936170213    0.014371998450426146
3.220957446808511    0.01483573528194934
3.2227659574468084    0.014927352481795815
3.2245744680851063    0.015088953066553711
3.226382978723404    0.015553043397047083
3.228191489361702    0.016017120089955567
3.23    0.015995820769223214
3.231808510638298    0.0154641432303982
3.233617021276596    0.015005292097091304
3.2354255319148937    0.01523194306833163
3.2372340425531916    0.016122312450846846
3.2390425531914895    0.017043606255225115
3.2408510638297874    0.017438216126810624
3.2426595744680853    0.0173684358222672
3.244468085106383    0.017299442145784966
3.246276595744681    0.01742833503318556
3.248085106382979    0.01740467602442907
3.249893617021277    0.016776956417482322
3.251702127659575    0.01558067634412827
3.2535106382978722    0.014310062050210997
3.25531914893617    0.013308845643987769
3.257127659574468    0.01237256914353253
3.258936170212766    0.011099199170042751
3.260744680851064    0.009555685118167592
3.2625531914893617    0.008375649520539631
3.2643617021276596    0.008081898405205092
3.2661702127659575    0.008421629447750541
3.2679787234042554    0.008552182152142151
3.2697872340425533    0.007907698735238673
3.2715957446808512    0.006736786361737376
3.273404255319149    0.005687794357491666
3.275212765957447    0.004980114296990766
3.277021276595745    0.004198500601426248
3.278829787234043    0.002946732949629087
3.2806382978723407    0.0014891082638212368
3.282446808510638    0.0005005189397660351
3.284255319148936    0.00018502187220174686
3.286063829787234    -0.00011016182044866749
3.287872340425532    -0.0011974180334719097
3.28968085106383    -0.0030231158333828122
3.2914893617021277    -0.004563291309331322
3.2932978723404256    -0.0048670365805880385
3.2951063829787235    -0.004113254625262329
3.2969148936170214    -0.0034809475279548984
3.2987234042553193    -0.003966589624391324
3.300531914893617    -0.0054526352495139025
3.302340425531915    -0.006989766582779431
3.304148936170213    -0.007861624815156457
3.305957446808511    -0.00821160322132991
3.307765957446809    -0.008666067839734781
3.3095744680851067    -0.00957611674894212
3.311382978723404    -0.010783689106753942
3.313191489361702    -0.012002938429399406
3.315    -0.013152990112439845
3.316808510638298    -0.014219966361694168
3.3186170212765957    -0.015006370316454198
3.3204255319148936    -0.015300229261905555
3.3222340425531915    -0.015317473385138562
3.3240425531914894    -0.01572383742240118
3.3258510638297873    -0.016986926490163028
3.3276595744680852    -0.01874710597752067
3.329468085106383    -0.020053150502338468
3.331276595744681    -0.020332421373744844
3.333085106382979    -0.02000678576537064
3.334893617021277    -0.01998522216234317
3.3367021276595747    -0.020579346216428575
3.3385106382978726    -0.021117442602876138
3.34031914893617    -0.020733621176647905
3.342127659574468    -0.01940348269118289
3.343936170212766    -0.017991353537298617
3.345744680851064    -0.01725560018625774
3.3475531914893617    -0.016997409028600065
3.3493617021276596    -0.01633624002242136
3.3511702127659575    -0.014727240614406032
3.3529787234042554    -0.012491416247741732
3.3547872340425533    -0.010307064095613248
3.356595744680851    -0.00840644908891526
3.358404255319149    -0.006505094146904727
3.360212765957447    -0.004462405695945292
3.362021276595745    -0.0026989448213600485
3.363829787234043    -0.001736374941868648
3.3656382978723407    -0.0014241146579873744
3.3674468085106386    -0.0009018004616670929
3.369255319148936    0.0005397723178212708
3.371063829787234    0.002687157513277536
3.372872340425532    0.00465582318824286
3.3746808510638298    0.0058783889569738465
3.3764893617021277    0.006663563629051358
3.3782978723404256    0.00770103633793262
3.3801063829787235    0.009161896215364063
3.3819148936170214    0.010482029740057595
3.3837234042553193    0.011028448002922207
3.385531914893617    0.010787199268347428
3.387340425531915    0.010272596614812116
3.389148936170213    0.009875661588843909
3.390957446808511    0.009514294142940222
3.3927659574468088    0.008957562262494227
3.3945744680851067    0.008294157728355785
3.3963829787234046    0.007886052719234243
3.398191489361702    0.007892843665233181
3.4    0.008027923135661506
3.401808510638298    0.007863386209611769
3.4036170212765957    0.007254339071564224
3.4054255319148936    0.006337966870003483
3.4072340425531915    0.005204054485469829
3.4090425531914894    0.0037982718608234114
3.4108510638297873    0.0022305720342703133
3.412659574468085    0.0009701089630322129
3.414468085106383    0.00045598173915797273
3.416276595744681    0.00048596278142790366
3.418085106382979    0.0002382572845000524
3.419893617021277    -0.0008778910083302538
3.4217021276595747    -0.00244955593741569
3.4235106382978726    -0.003368283115012318
3.4253191489361705    -0.003014113714403163
3.427127659574468    -0.0019970234662250105
3.428936170212766    -0.0015490852253309964
3.4307446808510638    -0.0022098769667885107
3.4325531914893617    -0.003292438361865058
3.4343617021276596    -0.003706828889659705
3.4361702127659575    -0.003135182214558283
3.4379787234042554    -0.002208702082695836
3.4397872340425533    -0.0016110711892985915
3.441595744680851    -0.0013089726406195741
3.443404255319149    -0.0008223886961712984
3.445212765957447    -3.9851865054026494e-05
3.447021276595745    0.0005952168886577921
3.4488297872340428    0.0007926947377324494
3.4506382978723407    0.0010181153919235377
3.4524468085106386    0.002069260793989088
3.4542553191489365    0.004068974765465793
3.456063829787234    0.006175127905757402
3.457872340425532    0.00747665821191946
3.4596808510638297    0.008025923290479561
3.4614893617021276    0.00871291318623621
3.4632978723404255    0.010101284062791399
3.4651063829787234    0.011666163605702794
3.4669148936170213    0.012403235416615949
3.468723404255319    0.012066258647927312
3.470531914893617    0.011483894124901153
3.472340425531915    0.011543582806689396
3.474148936170213    0.01209776651989157
3.475957446808511    0.012149482383619951
3.4777659574468087    0.011081421298073133
3.4795744680851066    0.00940968977704821
3.4813829787234045    0.008169353132509858
3.4831914893617024    0.007750358590334117
3.4850000000000003    0.007626587953893744
3.4868085106382978    0.007210460100809068
3.4886170212765957    0.006624067604021681
3.4904255319148936    0.006364202140084645
3.4922340425531915    0.006367654546042373
3.4940425531914894    0.005818578049182652
3.4958510638297873    0.004062408188099179
3.497659574468085    0.0014752361945504283
3.499468085106383    -0.0008975913629048261
3.501276595744681    -0.002562913945698047
3.503085106382979    -0.004135451924096674
3.5048936170212768    -0.00648810118818177
3.5067021276595747    -0.00953774146563168
3.5085106382978726    -0.012208819189093846
3.5103191489361705    -0.013653445068202761
3.5121276595744684    -0.014208945106837656
3.5139361702127663    -0.014886529492828522
3.5157446808510637    -0.016041590630248938
3.5175531914893616    -0.016925725937157014
3.5193617021276595    -0.016707709404184118
3.5211702127659574    -0.01566658366314696
3.5229787234042553    -0.015003108321556137
3.5247872340425532    -0.015442916658687366
3.526595744680851    -0.01635090903168474
3.528404255319149    -0.016478466970996888
3.530212765957447    -0.015450991624803328
3.532021276595745    -0.014188070362272966
3.5338297872340427    -0.013771939934124507
3.5356382978723406    -0.014180014129807673
3.5374468085106385    -0.014412238134340002
3.5392553191489364    -0.013772665174750686
3.5410638297872343    -0.012655786434157167
3.5428723404255322    -0.011883785677569578
3.5446808510638297    -0.011506905754352093
3.5464893617021276    -0.010637668685586611
3.5482978723404255    -0.008539878889111202
3.5501063829787234    -0.005583984365697474
3.5519148936170213    -0.0028519250450443224
3.553723404255319    -0.000881742596258308
3.555531914893617    0.000889438844343843
3.557340425531915    0.003322817185460987
3.559148936170213    0.006450925989514968
3.560957446808511    0.009423207522769832
3.5627659574468087    0.011543608664949046
3.5645744680851066    0.01307671833545024
3.5663829787234045    0.0148513615298863
3.5681914893617024    0.017220166532600847
3.5700000000000003    0.019684018765269255
3.571808510638298    0.0215759349649407
3.5736170212765956    0.022860174153066605
3.5754255319148935    0.02404189525697808
3.5772340425531914    0.02539650158617552
3.5790425531914893    0.0265947037869076
3.5808510638297872    0.02721948287323709
3.582659574468085    0.027453272419032643
3.584468085106383    0.027969505214574877
3.586276595744681    0.02910565633338636
3.588085106382979    0.0303616939498667
3.5898936170212767    0.03089951906148866
3.5917021276595746    0.030473970710673946
3.5935106382978725    0.029676225236650332
3.5953191489361704    0.029201274524064437
3.5971276595744683    0.02902251065655674
3.5989361702127662    0.028437376933524848
3.600744680851064    0.026884380321907264
3.6025531914893616    0.024546329475260788
3.6043617021276595    0.02207535241058607
3.6061702127659574    0.019830972536082132
3.6079787234042553    0.017527269598483594
3.609787234042553    0.014626158179765418
3.611595744680851    0.010958517297589412
3.613404255319149    0.006896745701510703
3.615212765957447    0.002991235810076629
