0.0    0.0
0.0018085106382978724    0.0
0.003617021276595745    0.0
0.005425531914893617    0.0
0.00723404255319149    0.0
0.009042553191489363    0.0
0.010851063829787235    0.0
0.012659574468085107    0.0
0.01446808510638298    0.0
0.016276595744680853    0.0
0.018085106382978725    0.0
0.019893617021276597    0.0
0.02170212765957447    0.0
0.023510638297872342    0.0
0.025319148936170214    0.0
0.027127659574468086    0.0
0.02893617021276596    0.0
0.03074468085106383    0.0
0.032553191489361706    0.0
0.03436170212765958    0.0
0.03617021276595745    0.0
0.03797872340425532    0.0
0.039787234042553195    0.0
0.04159574468085107    0.0
0.04340425531914894    0.0
0.04521276595744681    0.0
0.047021276595744683    0.0
0.048829787234042556    0.0
0.05063829787234043    0.0
0.0524468085106383    0.0
0.05425531914893617    0.0
0.056063829787234044    0.0
0.05787234042553192    0.0
0.05968085106382979    0.0
0.06148936170212766    0.0
0.06329787234042554    0.0
0.06510638297872341    0.0
0.06691489361702128    0.0
0.06872340425531916    0.0
0.07053191489361703    0.0
0.0723404255319149    0.0
0.07414893617021277    0.0
0.07595744680851065    0.0
0.07776595744680852    0.0
0.07957446808510639    0.0
0.08138297872340426    0.0
0.08319148936170213    0.0
0.085    0.0
0.08680851063829788    0.0
0.08861702127659575    0.0
0.09042553191489362    0.0
0.0922340425531915    0.0
0.09404255319148937    0.0
0.09585106382978724    0.0
0.09765957446808511    0.0
0.09946808510638298    0.0
0.10127659574468086    0.0
0.10308510638297873    0.0
0.1048936170212766    0.0
0.10670212765957447    0.0
0.10851063829787234    0.0
0.11031914893617022    0.0
0.11212765957446809    0.0
0.11393617021276596    0.0
0.11574468085106383    0.0
0.1175531914893617    0.0
0.11936170212765958    0.0
0.12117021276595745    0.0
0.12297872340425532    0.0
0.1247872340425532    0.0
0.12659574468085108    0.0
0.12840425531914895    0.0
0.13021276595744682    0.0
0.1320212765957447    0.0
0.13382978723404257    0.0
0.13563829787234044    0.0
0.1374468085106383    0.0
0.13925531914893619    0.0
0.14106382978723406    0.0
0.14287234042553193    0.0
0.1446808510638298    0.0
0.14648936170212767    0.0
0.14829787234042555    0.0
0.15010638297872342    0.0
0.1519148936170213    0.0
0.15372340425531916    0.0
0.15553191489361703    0.0
0.1573404255319149    0.0
0.15914893617021278    0.0
0.16095744680851065    0.0
0.16276595744680852    0.0
0.1645744680851064    0.0
0.16638297872340427    0.0
0.16819148936170214    0.0
0.17    0.0
0.17180851063829788    0.0
0.17361702127659576    0.0
0.17542553191489363    0.0
0.1772340425531915    0.0
0.17904255319148937    0.0
0.18085106382978725    0.0
0.18265957446808512    0.0
0.184468085106383    0.0
0.18627659574468086    0.0
0.18808510638297873    0.0
0.1898936170212766    0.0
0.19170212765957448    0.0
0.19351063829787235    0.0
0.19531914893617022    0.0
0.1971276595744681    0.0
0.19893617021276597    0.0
0.20074468085106384    0.0
0.2025531914893617    0.0
0.20436170212765958    0.0
0.20617021276595746    0.0
0.20797872340425533    0.0
0.2097872340425532    0.0
0.21159574468085107    0.0
0.21340425531914894    0.0
0.21521276595744682    0.0
0.2170212765957447    0.0
0.21882978723404256    0.0
0.22063829787234043    0.0
0.2224468085106383    0.0
0.22425531914893618    0.0
0.22606382978723405    0.0
0.22787234042553192    0.0
0.2296808510638298    0.0
0.23148936170212767    0.0
0.23329787234042554    0.0
0.2351063829787234    0.0
0.23691489361702128    0.0
0.23872340425531915    0.0
0.24053191489361703    0.0
0.2423404255319149    0.0
0.24414893617021277    0.0
0.24595744680851064    0.0
0.24776595744680852    0.0
0.2495744680851064    0.0
0.25138297872340426    0.0
0.25319148936170216    0.0
0.255    0.0
0.2568085106382979    0.0
0.25861702127659575    0.0
0.26042553191489365    0.0
0.2622340425531915    0.0
0.2640425531914894    0.0
0.26585106382978724    0.0
0.26765957446808514    0.0
0.269468085106383    0.0
0.2712765957446809    0.0
0.2730851063829787    0.0
0.2748936170212766    0.0
0.27670212765957447    0.0
0.27851063829787237    0.0
0.2803191489361702    0.0
0.2821276595744681    0.0
0.28393617021276596    0.0
0.28574468085106386    0.0
0.2875531914893617    0.0
0.2893617021276596    0.0
0.29117021276595745    0.0
0.29297872340425535    0.0
0.2947872340425532    0.0
0.2965957446808511    0.0
0.29840425531914894    0.0
0.30021276595744684    0.0
0.3020212765957447    0.0
0.3038297872340426    0.0
0.3056382978723404    0.0
0.3074468085106383    0.0
0.30925531914893617    0.0
0.31106382978723407    0.0
0.3128723404255319    0.0
0.3146808510638298    0.0
0.31648936170212766    0.0
0.31829787234042556    0.0
0.3201063829787234    0.0
0.3219148936170213    0.0
0.32372340425531915    0.0
0.32553191489361705    0.0
0.3273404255319149    0.0
0.3291489361702128    0.0
0.33095744680851064    0.0
0.33276595744680854    0.0
0.3345744680851064    0.0
0.3363829787234043    0.0
0.3381914893617021    0.0
0.34    0.0
0.34180851063829787    0.0
0.34361702127659577    0.0
0.3454255319148936    0.0
0.3472340425531915    0.0
0.34904255319148936    0.0
0.35085106382978726    0.0
0.3526595744680851    0.0
0.354468085106383    0.0
0.35627659574468085    0.0
0.35808510638297875    0.0
0.3598936170212766    0.0
0.3617021276595745    0.0
0.36351063829787233    0.0
0.36531914893617023    0.0
0.3671276595744681    0.0
0.368936170212766    0.0
0.3707446808510638    0.0
0.3725531914893617    0.0
0.37436170212765957    0.0
0.37617021276595747    0.0
0.3779787234042553    0.0
0.3797872340425532    0.0
0.38159574468085106    0.0
0.38340425531914896    0.0
0.3852127659574468    0.0
0.3870212765957447    0.0
0.38882978723404255    0.0
0.39063829787234045    0.0
0.3924468085106383    0.0
0.3942553191489362    0.0
0.39606382978723403    0.0
0.39787234042553193    0.0
0.3996808510638298    0.0
0.4014893617021277    0.0
0.4032978723404255    0.0
0.4051063829787234    0.0
0.40691489361702127    0.0
0.40872340425531917    0.0
0.410531914893617    0.0
0.4123404255319149    0.0
0.41414893617021276    0.0
0.41595744680851066    0.0
0.4177659574468085    0.0
0.4195744680851064    0.0
0.42138297872340424    0.0
0.42319148936170214    0.0
0.425    0.0
0.4268085106382979    0.0
0.42861702127659573    0.0
0.43042553191489363    0.0
0.4322340425531915    0.0
0.4340425531914894    0.0
0.4358510638297872    0.0
0.4376595744680851    0.0
0.43946808510638297    0.0
0.44127659574468087    0.0
0.4430851063829787    0.0
0.4448936170212766    0.0
0.44670212765957445    0.0
0.44851063829787235    0.0
0.4503191489361702    0.0
0.4521276595744681    0.0
0.45393617021276594    0.0
0.45574468085106384    0.0
0.4575531914893617    0.0
0.4593617021276596    0.0
0.46117021276595743    0.0
0.46297872340425533    0.0
0.46478723404255323    0.0
0.4665957446808511    0.0
0.468404255319149    0.0
0.4702127659574468    0.0
0.4720212765957447    0.0
0.47382978723404257    0.0
0.47563829787234047    0.0
0.4774468085106383    0.0
0.4792553191489362    0.0
0.48106382978723405    1.5e-323
0.48287234042553195    1.887e-321
0.4846808510638298    1.75136e-319
0.4864893617021277    1.5554155e-317
0.48829787234042554    1.32683874e-315
0.49010638297872344    1.0882034434e-313
0.4919148936170213    8.588154129963e-312
0.4937234042553192    6.52753098165103e-310
0.49553191489361703    4.781943919172105e-308
0.49734042553191493    3.3790903042436647e-306
0.4991489361702128    2.3049173431566256e-304
0.5009574468085106    1.5187260107455614e-302
0.5027659574468085    9.673169609422284e-301
0.5045744680851064    5.959493816441762e-299
0.5063829787234043    3.5536671719633766e-297
0.5081914893617021    2.0522808148882594e-295
0.51    1.1485398752907355e-293
0.5118085106382979    6.232358741915698e-292
0.5136170212765958    3.280917835829416e-290
0.5154255319148936    1.676510755640065e-288
0.5172340425531915    8.319733090481963e-287
0.5190425531914894    4.011633878529707e-285
0.5208510638297873    1.8804074465277422e-283
0.5226595744680851    8.572446748201867e-282
0.524468085106383    3.8025674957692424e-280
0.5262765957446809    1.641948543326485e-278
0.5280851063829788    6.90459324676804e-277
0.5298936170212766    2.8287372783365675e-275
0.5317021276595745    1.129530276766669e-273
0.5335106382978724    4.3976805046901196e-272
0.5353191489361703    1.670071247315503e-270
0.5371276595744681    6.188597603907541e-269
0.538936170212766    2.238470593218359e-267
0.5407446808510639    7.906134364706687e-266
0.5425531914893618    2.727585131682634e-264
0.5443617021276596    9.194699293543587e-263
0.5461702127659575    3.0295759560842637e-261
0.5479787234042554    9.759951230240319e-260
0.5497872340425533    3.0751608933373498e-258
0.551595744680851    9.47920651480373e-257
0.5534042553191489    2.8594755993011605e-255
0.5552127659574468    8.443728895173068e-254
0.5570212765957447    2.4413826135664956e-252
0.5588297872340425    6.913666114444784e-251
0.5606382978723404    1.9180788489377327e-249
0.5624468085106383    5.2146098615867975e-248
0.5642553191489362    1.3895804704528137e-246
0.566063829787234    3.6304359622944847e-245
0.5678723404255319    9.301463920223324e-244
0.5696808510638298    2.3375621660866015e-242
0.5714893617021277    5.763602018843502e-241
0.5732978723404255    1.3945727005148181e-239
0.5751063829787234    3.312073500425536e-238
0.5769148936170213    7.7226012210058e-237
0.5787234042553192    1.7681670435679598e-235
0.580531914893617    3.9762004808805207e-234
0.5823404255319149    8.783870698778713e-233
0.5841489361702128    1.9066098318915e-231
0.5859574468085107    4.0670521404475996e-230
0.5877659574468085    8.527500181704597e-229
0.5895744680851064    1.7577949811945483e-227
0.5913829787234043    3.562853547486273e-226
0.5931914893617022    7.102123174733558e-225
0.595    1.3925621667795524e-223
0.5968085106382979    2.6862804238420068e-222
0.5986170212765958    5.098838123990313e-221
0.6004255319148937    9.524574445528185e-220
0.6022340425531915    1.7512349257937608e-218
0.6040425531914894    3.1698329853888816e-217
0.6058510638297873    5.6492249646703857e-216
0.6076595744680852    9.914435692703647e-215
0.609468085106383    1.713715292265173e-213
0.6112765957446809    2.917860976253452e-212
0.6130851063829788    4.894499880301384e-211
0.6148936170212767    8.089678716807895e-210
0.6167021276595744    1.317630906038512e-208
0.6185106382978723    2.115217689974901e-207
0.6203191489361702    3.347136085568604e-206
0.6221276595744681    5.221627172203803e-205
0.6239361702127659    8.031723184306492e-204
0.6257446808510638    1.2182522179230017e-202
0.6275531914893617    1.8224078366967906e-201
0.6293617021276596    2.6889775630195564e-200
0.6311702127659574    3.9139428377771795e-199
0.6329787234042553    5.620553047159658e-198
0.6347872340425532    7.964006650541142e-197
0.6365957446808511    1.113581602945042e-195
0.6384042553191489    1.5367365225942865e-194
0.6402127659574468    2.0932060059263328e-193
0.6420212765957447    2.8145385755932856e-192
0.6438297872340426    3.73621473928499e-191
0.6456382978723404    4.897019285998845e-190
0.6474468085106383    6.338002425222669e-189
0.6492553191489362    8.100990378231654e-188
0.6510638297872341    1.0226635798062377e-186
0.6528723404255319    1.2752037106949582e-185
0.6546808510638298    1.5708001349994608e-184
0.6564893617021277    1.9116073950807867e-183
0.6582978723404256    2.2985506091857647e-182
0.6601063829787234    2.731037077847454e-181
0.6619148936170213    3.206706618689372e-180
0.6637234042553192    3.721245433137708e-179
0.6655319148936171    4.268287036584324e-178
0.6673404255319149    4.839420090680773e-177
0.6691489361702128    5.424316911949651e-176
0.6709574468085107    6.010988326128281e-175
0.6727659574468086    6.586160997685865e-174
0.6745744680851063    7.135763220790535e-173
0.6763829787234042    7.645495388490012e-172
0.6781914893617021    8.101452974182729e-171
0.68    8.490763791918826e-170
0.6818085106382978    8.80219827585247e-169
0.6836170212765957    9.026711961700574e-168
0.6854255319148936    9.157883331579052e-167
0.6872340425531915    9.19221738834064e-166
0.6890425531914893    9.129295100815958e-165
0.6908510638297872    8.971760280358419e-164
0.6926595744680851    8.72514742231807e-163
0.694468085106383    8.397565448196267e-162
0.6962765957446809    7.999262082053183e-161
0.6980851063829787    7.542100959216211e-160
0.6998936170212766    7.038987953777943e-159
0.7017021276595745    6.50328441064679e-158
0.7035106382978724    5.948243095611682e-157
0.7053191489361702    5.386498143339712e-156
0.7071276595744681    4.8296337224533565e-155
0.708936170212766    4.2878483178876877e-154
0.7107446808510639    3.7697232625469115e-153
0.7125531914893617    3.28209619249423e-152
0.7143617021276596    2.8300330898778424e-151
0.7161702127659575    2.4168869807192614e-150
0.7179787234042554    2.0444274397285703e-149
0.7197872340425532    1.7130228958634755e-148
0.7215957446808511    1.4218572325366477e-147
0.723404255319149    1.1691631027094886e-146
0.7252127659574469    9.52456410385296e-146
0.7270212765957447    7.687591836583524e-145
0.7288297872340426    6.148012196121078e-144
0.7306382978723405    4.871940934672228e-143
0.7324468085106384    3.825741292510858e-142
0.7342553191489362    2.9771353574590126e-141
0.7360638297872341    2.296010039545279e-140
0.737872340425532    1.7549459488389806e-139
0.7396808510638299    1.3295073125139639e-138
0.7414893617021276    9.983359923951271e-138
0.7432978723404255    7.430934985169201e-137
0.7451063829787234    5.482926017882614e-136
0.7469148936170213    4.010557049141391e-135
0.7487234042553191    2.9083143064700363e-134
0.750531914893617    2.0909468697635254e-133
0.7523404255319149    1.490493588202379e-132
0.7541489361702128    1.0534717108498849e-131
0.7559574468085106    7.383142467225701e-131
0.7577659574468085    5.131034575999351e-130
0.7595744680851064    3.5361724610624584e-129
0.7613829787234043    2.4168293706460415e-128
0.7631914893617021    1.6381800150991863e-127
0.765    1.1012835165349566e-126
0.7668085106382979    7.343060682604037e-126
0.7686170212765958    4.856394085014062e-125
0.7704255319148936    3.1858674360045804e-124
0.7722340425531915    2.0731770528266046e-123
0.7740425531914894    1.3383130970850542e-122
0.7758510638297873    8.570560600269007e-122
0.7776595744680851    5.445129600948241e-121
0.779468085106383    3.432193964166091e-120
0.7812765957446809    2.1464311496765642e-119
0.7830851063829788    1.3318655008979862e-118
0.7848936170212766    8.200089355665473e-118
0.7867021276595745    5.009656623042401e-117
0.7885106382978724    3.0369990534276726e-116
0.7903191489361703    1.827025706667782e-115
0.7921276595744681    1.0907463352967117e-114
0.793936170212766    6.462455863985096e-114
0.7957446808510639    3.799982389118283e-113
0.7975531914893618    2.2176398284752307e-112
0.7993617021276596    1.2845203044447233e-111
0.8011702127659575    7.384930161700173e-111
0.8029787234042554    4.214266819293704e-110
0.8047872340425533    2.3871652024280924e-109
0.806595744680851    1.342277038906093e-108
0.808404255319149    7.492303381538998e-108
0.8102127659574468    4.151606315808544e-107
0.8120212765957447    2.2838024768195925e-106
0.8138297872340425    1.2472579378132838e-105
0.8156382978723404    6.7627450609875654e-105
0.8174468085106383    3.640593980904356e-104
0.8192553191489362    1.9458856170878416e-103
0.821063829787234    1.0326933736451686e-102
0.8228723404255319    5.4418621670760605e-102
0.8246808510638298    2.8474666677729055e-101
0.8264893617021277    1.4795085525978459e-100
0.8282978723404255    7.633727360831986e-100
0.8301063829787234    3.911367457684339e-99
0.8319148936170213    1.9902413045148853e-98
0.8337234042553192    1.0057271979740866e-97
0.835531914893617    5.047357437967197e-97
0.8373404255319149    2.5157603241614154e-96
0.8391489361702128    1.2453963817909277e-95
0.8409574468085107    6.12337329362848e-95
0.8427659574468085    2.9904063680539183e-94
0.8445744680851064    1.450565779781874e-93
0.8463829787234043    6.989138949579779e-93
0.8481914893617022    3.345030684600502e-92
0.85    1.5902952222973291e-91
0.8518085106382979    7.510477145461144e-91
0.8536170212765958    3.5235482100704706e-90
0.8554255319148937    1.642201668720078e-89
0.8572340425531915    7.603558481234761e-89
0.8590425531914894    3.497533257511608e-88
0.8608510638297873    1.5983492786440785e-87
0.8626595744680852    7.256991227442019e-87
0.864468085106383    3.273607915929139e-86
0.8662765957446809    1.4672085578937426e-85
0.8680851063829788    6.533742629929147e-85
0.8698936170212767    2.890992222970937e-84
0.8717021276595744    1.271031130413442e-83
0.8735106382978723    5.552637757222625e-83
0.8753191489361702    2.4103816052454183e-82
0.8771276595744681    1.0397403190958536e-81
0.8789361702127659    4.456827128291968e-81
0.8807446808510638    1.8984432248806453e-80
0.8825531914893617    8.03617439904502e-80
0.8843617021276596    3.3805697242802653e-79
0.8861702127659574    1.4132794189681958e-78
0.8879787234042553    5.871816147571101e-78
0.8897872340425532    2.424553238901524e-77
0.8915957446808511    9.949799885715102e-77
0.8934042553191489    4.058155616577185e-76
0.8952127659574468    1.6450649981837702e-75
0.8970212765957447    6.628047761709079e-75
0.8988297872340426    2.6542662717978507e-74
0.9006382978723404    1.0564954546624328e-73
0.9024468085106383    4.1798717851849206e-73
0.9042553191489362    1.64375948878306e-72
0.9060638297872341    6.425416416203791e-72
0.9078723404255319    2.4966610808673047e-71
0.9096808510638298    9.643190185491255e-71
0.9114893617021277    3.702474952327151e-70
0.9132978723404256    1.413126754046245e-69
0.9151063829787234    5.361606609840997e-69
0.9169148936170213    2.0222775690752297e-68
0.9187234042553192    7.582730820198756e-68
0.9205319148936171    2.8265491627245018e-67
0.9223404255319149    1.0474670326134659e-66
0.9241489361702128    3.859080999166172e-66
0.9259574468085107    1.413493596009924e-65
0.9277659574468086    5.14726866318454e-65
0.9295744680851065    1.8635429346980025e-64
0.9313829787234043    6.707921788937085e-64
0.9331914893617022    2.400650620010481e-63
0.935    8.542177372577942e-63
0.936808510638298    3.022129405410698e-62
0.9386170212765957    1.0630861945801205e-61
0.9404255319148936    3.7182695497378556e-61
0.9422340425531915    1.2931120744214253e-60
0.9440425531914894    4.471571923050295e-60
0.9458510638297872    1.5375130077674122e-59
0.9476595744680851    5.256753178526647e-59
0.949468085106383    1.7871548496120515e-58
0.9512765957446809    6.041685462497784e-58
0.9530851063829787    2.0310041252087338e-57
0.9548936170212766    6.789309703277344e-57
0.9567021276595745    2.2568766732932947e-56
0.9585106382978724    7.460408695222586e-56
0.9603191489361702    2.452421444316013e-55
0.9621276595744681    8.016970993431913e-55
0.963936170212766    2.606232694510483e-54
0.9657446808510639    8.425750607920381e-54
0.9675531914893617    2.708952146548985e-53
0.9693617021276596    8.661559488721511e-53
0.9711702127659575    2.754212865918002e-52
0.9729787234042554    8.709838619888212e-52
0.9747872340425532    2.739292278950944e-51
0.9765957446808511    8.568142526291157e-51
0.978404255319149    2.665381251231341e-50
0.9802127659574469    8.2463272679894405e-50
0.9820212765957447    2.537432569420318e-49
0.9838297872340426    7.76542506457711e-49
0.9856382978723405    2.3636149054072502e-48
0.9874468085106384    7.155382834344477e-48
0.9892553191489362    2.154455466114512e-47
0.9910638297872341    6.452000672196327e-47
0.992872340425532    1.9217955632090524e-46
0.9946808510638299    5.6935016707302615e-46
0.9964893617021277    1.677701548689327e-45
0.9982978723404256    4.917182964904719e-45
1.0001063829787233    1.4334672780350428e-44
1.0019148936170212    4.1565423812264025e-44
1.0037234042553191    1.1988168463185734e-43
1.005531914893617    3.439162969141888e-43
1.007340425531915    9.813749935132449e-43
1.0091489361702128    2.785495548958127e-42
1.0109574468085107    7.864263470834045e-42
1.0127659574468086    2.2085361828953043e-41
1.0145744680851063    6.169423039717743e-41
1.0163829787234042    1.7142760571430076e-40
1.0181914893617021    4.738224883534864e-40
1.02    1.3027219222092778e-39
1.021808510638298    3.562798610580856e-39
1.0236170212765958    9.692517660792176e-39
1.0254255319148937    2.622949267579566e-38
1.0272340425531916    7.060789220755075e-38
1.0290425531914893    1.890726401729471e-37
1.0308510638297872    5.036376021723529e-37
1.032659574468085    1.3345150305301764e-36
1.034468085106383    3.5175996803811737e-36
1.036276595744681    9.223349148424663e-36
1.0380851063829788    2.4057570095090571e-35
1.0398936170212767    6.242193668333443e-35
1.0417021276595746    1.6111890059319782e-34
1.0435106382978723    4.1369552784412136e-34
1.0453191489361702    1.0566750911631479e-33
1.047127659574468    2.684908883554116e-33
1.048936170212766    6.786503998661726e-33
1.0507446808510639    1.7064441801049745e-32
1.0525531914893618    4.268431667022748e-32
1.0543617021276597    1.0621249328280423e-31
1.0561702127659576    2.6291451079841326e-31
1.0579787234042553    6.474194640097907e-31
1.0597872340425532    1.5859505903418834e-30
1.061595744680851    3.864796425099715e-30
1.063404255319149    9.369079502415307e-30
1.0652127659574468    2.2594395083231666e-29
1.0670212765957447    5.420483965192676e-29
1.0688297872340426    1.2936265345326095e-28
1.0706382978723405    3.071235511920642e-28
1.0724468085106382    7.253546896957278e-28
1.0742553191489361    1.7041995912741395e-27
1.076063829787234    3.983114087822764e-27
1.077872340425532    9.26097484389666e-27
1.0796808510638298    2.1420106864869903e-26
1.0814893617021277    4.9285222189767743e-26
1.0832978723404256    1.1280829416545306e-25
1.0851063829787235    2.568582539873171e-25
1.0869148936170212    5.8179908561452645e-25
1.088723404255319    1.3109262776222713e-24
1.090531914893617    2.9383790493660263e-24
1.092340425531915    6.551792689597188e-24
1.0941489361702128    1.4532274400509186e-23
1.0959574468085107    3.206463883758706e-23
1.0977659574468086    7.03779333852502e-23
1.0995744680851065    1.5366041475947924e-22
1.1013829787234042    3.337341347666837e-22
1.103191489361702    7.210245585075726e-22
1.105    1.5495578938905751e-21
1.1068085106382979    3.3126172116640597e-21
1.1086170212765958    7.044296502512571e-21
1.1104255319148937    1.4900608545085014e-20
1.1122340425531916    3.135214879641297e-20
1.1140425531914895    6.56182000138163e-20
1.1158510638297872    1.3660657916044797e-19
1.117659574468085    2.8288222765654624e-19
1.119468085106383    5.8267009610789215e-19
1.1212765957446809    1.1937652116230839e-18
1.1230851063829788    2.4327089795044646e-18
1.1248936170212767    4.93096814491172e-18
1.1267021276595746    9.94124093753707e-18
1.1285106382978725    1.9934747660051077e-17
1.1303191489361701    3.9759215768180686e-17
1.132127659574468    7.887089808746932e-17
1.133936170212766    1.5561177441641846e-16
1.1357446808510638    3.053580620027852e-16
1.1375531914893617    5.9595292264212455e-16
1.1393617021276596    1.1567627261555576e-15
1.1411702127659575    2.2330595392173436e-15
1.1429787234042554    4.287199439838347e-15
1.1447872340425531    8.185738848505525e-15
1.146595744680851    1.5543402590783803e-14
1.148404255319149    2.935156526834124e-14
1.1502127659574468    5.5119603316559624e-14
1.1520212765957447    1.0293497545694806e-13
1.1538297872340426    1.9115869365889797e-13
1.1556382978723405    3.530134121051204e-13
1.1574468085106384    6.482551613083618e-13
1.1592553191489363    1.1837217945172356e-12
1.161063829787234    2.149280663657631e-12
1.162872340425532    3.880315736993763e-12
1.1646808510638298    6.96565126083658e-12
1.1664893617021277    1.2432745787824266e-11
1.1682978723404256    2.206340915047045e-11
1.1701063829787235    3.892849592031682e-11
1.1719148936170214    6.8287448311806e-11
1.1737234042553193    1.1909151323871206e-10
1.175531914893617    2.064787712883763e-10
1.1773404255319149    3.558870854978145e-10
1.1791489361702128    6.097873221855612e-10
1.1809574468085107    1.0386292260948673e-09
1.1827659574468086    1.7585099516446468e-09
1.1845744680851065    2.959490254993972e-09
1.1863829787234044    4.950646431691335e-09
1.1881914893617023    8.23122337323602e-09
1.19    1.3602174288886507e-08
1.1918085106382978    2.2339690017065415e-08
1.1936170212765957    3.6463098227094614e-08
1.1954255319148936    5.9145227689429835e-08
1.1972340425531915    9.533600998989014e-08
1.1990425531914894    1.5270246285646492e-07
1.2008510638297873    2.4303389078991207e-07
1.2026595744680852    3.8432487053555773e-07
1.204468085106383    6.038363799348147e-07
1.2062765957446808    9.425547687879446e-07
1.2080851063829787    1.4616282154695312e-06
1.2098936170212766    2.2515714303902714e-06
1.2117021276595745    3.445303430679413e-06
1.2135106382978724    5.236432510848478e-06
1.2153191489361703    7.904638638227446e-06
1.2171276595744682    1.1850535255668947e-05
1.218936170212766    1.7643023032945797e-05
1.2207446808510638    2.608287077721063e-05
1.2225531914893617    3.8287051423445344e-05
1.2243617021276596    5.5799179385046475e-05
1.2261702127659575    8.073216457664123e-05
1.2279787234042554    0.00011594980341903589
1.2297872340425533    0.00016529430446289648
1.2315957446808512    0.00023386647549732972
1.2334042553191489    0.0003283641984700621
1.2352127659574468    0.0004574825470678524
1.2370212765957447    0.0006323750701970206
1.2388297872340426    0.0008671699609214545
1.2406382978723405    0.0011795266632676814
1.2424468085106384    0.0015912076329318153
1.2442553191489363    0.0021286263313282797
1.2460638297872342    0.0028233162521194444
1.2478723404255319    0.003712247430966633
1.2496808510638298    0.004837897607190674
1.2514893617021277    0.006247966813387772
1.2532978723404256    0.007994609270861572
1.2551063829787235    0.010133048474342304
1.2569148936170214    0.012719444382766398
1.2587234042553193    0.01580790028738002
1.2605319148936172    0.01944653582841815
1.2623404255319148    0.023672615775316683
1.2641489361702127    0.028506814071969516
1.2659574468085106    0.0339468092305618
1.2677659574468085    0.03996054671285784
1.2695744680851064    0.046479658014533964
1.2713829787234043    0.053393680817313965
1.2731914893617022    0.060545860134379084
1.2750000000000001    0.06773140209699464
1.2768085106382978    0.07469907180007089
1.2786170212765957    0.0811569459651255
1.2804255319148936    0.08678292555156479
1.2822340425531915    0.09124026762571712
1.2840425531914894    0.09419790980693542
1.2858510638297873    0.09535475538192907
1.2876595744680852    0.09446640877711772
1.289468085106383    0.09137217216918365
1.2912765957446808    0.08601953122181576
1.2930851063829787    0.07848298403032893
1.2948936170212766    0.06897401777759503
1.2967021276595745    0.05783941181838963
1.2985106382978724    0.045545905247801124
1.3003191489361703    0.032650612037077725
1.3021276595744682    0.01975831842800791
1.303936170212766    0.007468786482133203
1.3057446808510638    -0.0036808409321033232
1.3075531914893617    -0.01327180581938944
1.3093617021276596    -0.021049996369398558
1.3111702127659575    -0.026955082975236227
1.3129787234042554    -0.03112618106588041
1.3147872340425533    -0.03388023728686489
1.3165957446808512    -0.03566298564908345
1.318404255319149    -0.03697666841900735
1.3202127659574467    -0.03829313248426554
1.3220212765957446    -0.03996461278462132
1.3238297872340425    -0.04214668438557986
1.3256382978723404    -0.044747812222003164
1.3274468085106383    -0.04741725426811942
1.3292553191489362    -0.049577822555328666
1.3310638297872341    -0.05050274711250312
1.332872340425532    -0.04942770885169341
1.3346808510638297    -0.045681489012141044
1.3364893617021276    -0.03881325524452113
1.3382978723404255    -0.02869271926912126
1.3401063829787234    -0.015562173850076987
1.3419148936170213    -2.6820537552062207e-05
1.3437234042553192    0.01701910623240529
1.3455319148936171    0.03452004601392545
1.347340425531915    0.051418253371713525
1.3491489361702127    0.06681360744472015
1.3509574468085106    0.0800909766607775
1.3527659574468085    0.09098696783171595
1.3545744680851064    0.09957980693309043
1.3563829787234043    0.10620292447868282
1.3581914893617022    0.111300986865535
1.36    0.11526225648242447
1.361808510638298    0.11826912209985813
1.3636170212765957    0.1202066035949203
1.3654255319148936    0.12065607399764702
1.3672340425531915    0.11898058045854232
1.3690425531914894    0.11448373038000911
1.3708510638297873    0.10660243777007822
1.3726595744680852    0.09508118960198725
1.374468085106383    0.08007639053596746
1.376276595744681    0.062154952674983166
1.3780851063829787    0.042178694002534586
1.3798936170212766    0.02109860406321705
1.3817021276595745    -0.0002883330431508596
1.3835106382978724    -0.02155114247092795
1.3853191489361703    -0.04273989975785975
1.3871276595744682    -0.06436067413713883
1.388936170212766    -0.08720490487453403
1.390744680851064    -0.11207050896011231
1.3925531914893619    -0.13944738282186944
1.3943617021276595    -0.16925644960360478
1.3961702127659574    -0.20072230681208922
1.3979787234042553    -0.23242552910267225
1.3997872340425532    -0.2625303812160217
1.4015957446808511    -0.28913161676888155
1.403404255319149    -0.3106264461696543
1.405212765957447    -0.3260074816108518
1.4070212765957448    -0.33499435494037233
1.4088297872340425    -0.33797033269669974
1.4106382978723404    -0.335750943015648
1.4124468085106383    -0.3292647474138677
1.4142553191489362    -0.31925375624587726
1.416063829787234    -0.30609232021416066
1.417872340425532    -0.28978042505825097
1.41968085106383    -0.27010420611262176
1.4214893617021278    -0.24689518439837155
1.4232978723404255    -0.22028263448531765
1.4251063829787234    -0.19083520138578597
1.4269148936170213    -0.15952915051397698
1.4287234042553192    -0.12754724863532046
1.430531914893617    -0.09597955465309208
1.432340425531915    -0.06553911076871305
1.4341489361702129    -0.03640406842038206
1.4359574468085108    -0.008251739303713555
1.4377659574468085    0.01952417530178152
1.4395744680851064    0.047495584090625945
1.4413829787234043    0.0759064934203418
1.4431914893617022    0.10452196302452378
1.445    0.13268050602818693
1.446808510638298    0.15952558482616025
1.4486170212765959    0.18431310782711008
1.4504255319148938    0.20665418776868943
1.4522340425531914    0.22657513898474763
1.4540425531914893    0.2443541690967191
1.4558510638297872    0.2601963527807479
1.4576595744680851    0.2738917184818925
1.459468085106383    0.28462661484280466
1.461276595744681    0.2910690702497373
1.4630851063829788    0.291739339272112
1.4648936170212767    0.2855499458639023
1.4667021276595744    0.27230963080373777
1.4685106382978723    0.2529757187924347
1.4703191489361702    0.22952127972140435
1.4721276595744681    0.20442970387701653
1.473936170212766    0.1799823403805943
1.475744680851064    0.15759980249023509
1.4775531914893618    0.13749023845841168
1.4793617021276597    0.11874553943403893
1.4811702127659574    0.09985149064941418
1.4829787234042553    0.07941167709301947
1.4847872340425532    0.056798006801351275
1.486595744680851    0.03247151439064322
1.488404255319149    0.007854082149100397
1.490212765957447    -0.015183046758009248
1.4920212765957448    -0.03499403698266827
1.4938297872340427    -0.050719442478827634
1.4956382978723404    -0.06251837765949338
1.4974468085106383    -0.0714068072594619
1.4992553191489362    -0.07880462159086436
1.501063829787234    -0.08600380908194068
1.502872340425532    -0.09377579584952832
1.5046808510638299    -0.10224337896457601
1.5064893617021278    -0.1110043280903492
1.5082978723404257    -0.11938196662830526
1.5101063829787233    -0.12664737889650435
1.5119148936170212    -0.13211701351197014
1.5137234042553191    -0.13513740601922924
1.515531914893617    -0.1350578638473624
1.517340425531915    -0.1313059424344012
1.5191489361702128    -0.12360729448484231
1.5209574468085107    -0.11227223678879891
1.5227659574468086    -0.09837974300337687
1.5245744680851063    -0.0836903081880683
1.5263829787234042    -0.07022877599953309
1.5281914893617021    -0.059649997893714585
1.53    -0.05264398474894111
1.531808510638298    -0.048666383580750885
1.5336170212765958    -0.046161228165091106
1.5354255319148937    -0.04322056266054408
1.5372340425531916    -0.038406042569755564
1.5390425531914893    -0.03135690828076722
1.5408510638297872    -0.02289013845808894
1.542659574468085    -0.01453408894825716
1.544468085106383    -0.007715000570981959
1.546276595744681    -0.0029952309323657347
1.5480851063829788    0.0002544268905942215
1.5498936170212767    0.0035776237543041294
1.5517021276595746    0.0086833054130272
1.5535106382978723    0.01659760138666417
1.5553191489361702    0.02714105987600835
1.557127659574468    0.03898914826666491
1.558936170212766    0.050276071886080846
1.5607446808510639    0.059428998094694895
1.5625531914893618    0.06581459948454807
1.5643617021276597    0.06989434162063438
1.5661702127659576    0.07285199326331238
1.5679787234042553    0.07592813613772287
1.5697872340425532    0.07982576339739367
1.571595744680851    0.08447585499659119
1.573404255319149    0.08922661661399678
1.5752127659574469    0.09328204656013409
1.5770212765957448    0.09610242504736108
1.5788297872340427    0.09754822506446922
1.5806382978723406    0.09774409803331494
1.5824468085106382    0.09682938894687765
1.5842553191489361    0.0948222151971232
1.586063829787234    0.0917183495646994
1.587872340425532    0.08774821337596525
1.5896808510638298    0.08356415608697063
1.5914893617021277    0.08013910159629092
1.5932978723404256    0.07833651135611633
1.5951063829787235    0.07835336217640307
1.5969148936170212    0.07938106576605969
1.5987234042553191    0.07976139075479122
1.600531914893617    0.07765093682397126
1.602340425531915    0.07189420974717031
1.6041489361702128    0.0626357609126976
1.6059574468085107    0.051298665403438984
1.6077659574468086    0.03988716456343504
1.6095744680851065    0.02995574614109041
1.6113829787234042    0.021798959972563245
1.613191489361702    0.014319155697937104
1.615    0.005664444802783532
1.616808510638298    -0.005700615148748799
1.6186170212765958    -0.020075636098606284
1.6204255319148937    -0.03625782985561049
1.6222340425531916    -0.052064355873335105
1.6240425531914895    -0.06534384186079244
1.6258510638297874    -0.07492305581569174
1.627659574468085    -0.08100240489268996
1.629468085106383    -0.08485010373920311
1.6312765957446809    -0.08803939086519351
1.6330851063829788    -0.09169207810652945
1.6348936170212767    -0.09612089346707674
1.6367021276595746    -0.10097253388220452
1.6385106382978725    -0.10566308945579796
1.6403191489361704    -0.10976306485826463
1.642127659574468    -0.11309628304959303
1.643936170212766    -0.1155667781169573
1.6457446808510638    -0.11693343098601776
1.6475531914893617    -0.11677082942975243
1.6493617021276596    -0.11468508818120472
1.6511702127659575    -0.11063043948865937
1.6529787234042554    -0.10506765818348486
1.6547872340425533    -0.09880122088886335
1.656595744680851    -0.09256177328003938
1.658404255319149    -0.08659596820739142
1.6602127659574468    -0.08053989170649466
1.6620212765957447    -0.07366763155498514
1.6638297872340426    -0.06535120980011656
1.6656382978723405    -0.05542532342940652
1.6674468085106384    -0.044225075129387934
1.6692553191489363    -0.0323045160090296
1.671063829787234    -0.02007307630496906
1.672872340425532    -0.007634943737197773
1.6746808510638298    0.005055157047879981
1.6764893617021277    0.0178696678029521
1.6782978723404256    0.030320616948549733
1.6801063829787235    0.04172010424232887
1.6819148936170214    0.05162692549746392
1.6837234042553193    0.06025800577831594
1.685531914893617    0.06850901819079527
1.6873404255319149    0.07747372622858403
1.6891489361702128    0.08771995943533425
1.6909574468085107    0.09880451817079972
1.6927659574468086    0.10940342687487833
1.6945744680851065    0.11803979977502152
1.6963829787234044    0.12396861532850123
1.6981914893617023    0.12762983526464644
1.7    0.1303376124167308
1.7018085106382979    0.13338075654788106
1.7036170212765958    0.13712428180289782
1.7054255319148937    0.14072505469137886
1.7072340425531916    0.14267039523092578
1.7090425531914895    0.14178363565270097
1.7108510638297874    0.138007871019468
1.7126595744680853    0.13242152164995474
1.714468085106383    0.12647024172617422
1.7162765957446808    0.12095290768459144
1.7180851063829787    0.11548219532939008
1.7198936170212766    0.10881408467779183
1.7217021276595745    0.09982736261009387
1.7235106382978724    0.08846563737469296
1.7253191489361703    0.07596699940058635
1.7271276595744682    0.06419817918679877
1.728936170212766    0.05453650761537347
1.7307446808510638    0.047060480840342686
1.7325531914893617    0.040592767337101696
1.7343617021276596    0.033543667624457485
1.7361702127659575    0.024953670154858124
1.7379787234042554    0.015019333278283094
1.7397872340425533    0.004779471628785725
1.7415957446808512    -0.004754335432350708
1.7434042553191489    -0.01335862832607224
1.7452127659574468    -0.021699286325273025
1.7470212765957447    -0.03073026773998919
1.7488297872340426    -0.04086645497469259
1.7506382978723405    -0.05155678523157807
1.7524468085106384    -0.06156620789567967
1.7542553191489363    -0.06974100940244864
1.7560638297872342    -0.0756853289115725
1.7578723404255319    -0.07986861565689364
1.7596808510638298    -0.08312959266358448
1.7614893617021277    -0.08599421510998022
1.7632978723404256    -0.08834187581735946
1.7651063829787235    -0.08965885004013084
1.7669148936170214    -0.08964924647456017
1.7687234042553193    -0.08869562460051507
1.7705319148936172    -0.08778293100498848
1.7723404255319148    -0.08791910454496542
1.7741489361702127    -0.08947713363208411
1.7759574468085106    -0.09194925616193468
1.7777659574468085    -0.09430077201980687
1.7795744680851064    -0.09567336555636095
1.7813829787234043    -0.09594255358844024
1.7831914893617022    -0.09575186149037977
1.7850000000000001    -0.09602448400629197
1.7868085106382978    -0.09730721056446946
1.7886170212765957    -0.09938651942410621
1.7904255319148936    -0.10140103865509957
1.7922340425531915    -0.10233898468446674
1.7940425531914894    -0.10159169598066413
1.7958510638297873    -0.09925338041618771
1.7976595744680852    -0.09605026253614292
1.7994680851063831    -0.09298932336728709
1.8012765957446808    -0.09091789499637705
1.8030851063829787    -0.09017308904537787
1.8048936170212766    -0.0904399818318977
1.8067021276595745    -0.09087721893739602
1.8085106382978724    -0.09049521079741767
1.8103191489361703    -0.08865799982452953
1.8121276595744682    -0.08546046962821689
1.813936170212766    -0.08171571691675027
1.8157446808510638    -0.07846155076806675
1.8175531914893617    -0.07621062524460366
1.8193617021276596    -0.07441872020645178
1.8211702127659575    -0.07160104637886504
1.8229787234042554    -0.06613835200630648
1.8247872340425533    -0.05730962336422152
1.8265957446808512    -0.04584188863483123
1.828404255319149    -0.03352112397260819
1.8302127659574468    -0.022044009251110268
1.8320212765957447    -0.01186957966026226
1.8338297872340426    -0.0019004192079849474
1.8356382978723405    0.009721638617928538
1.8374468085106384    0.024219587378451382
1.8392553191489363    0.04116569011435817
1.8410638297872342    0.058587915138673674
1.842872340425532    0.07414311873856708
1.8446808510638297    0.08652760460595316
1.8464893617021276    0.09612668341546216
1.8482978723404255    0.10447424077219936
1.8501063829787234    0.11297222685473385
1.8519148936170213    0.12184226210535107
1.8537234042553192    0.13005921957420816
1.8555319148936171    0.13624006965377009
1.857340425531915    0.13974405359990513
1.859148936170213    0.1411313792975116
1.8609574468085106    0.14168160972597696
1.8627659574468085    0.14242146339335413
1.8645744680851064    0.1434541670196751
1.8663829787234043    0.14407178700232334
1.8681914893617022    0.14345986973724215
1.87    0.14134073576164044
1.871808510638298    0.1380169442882843
1.873617021276596    0.1338398281535926
1.8754255319148936    0.12863859215819748
1.8772340425531915    0.12166662052427954
1.8790425531914894    0.11214973340904624
1.8808510638297873    0.09997693726608714
1.8826595744680852    0.08593236269327295
1.884468085106383    0.07124724804322885
1.886276595744681    0.0568214375033973
1.8880851063829789    0.042735317283047816
1.8898936170212766    0.02842111993806297
1.8917021276595745    0.013314256050348118
1.8935106382978724    -0.002567584974162729
1.8953191489361703    -0.018563758109513925
1.8971276595744682    -0.03380889790761621
1.898936170212766    -0.04774661422374678
1.900744680851064    -0.06029543150660241
1.9025531914893619    -0.07161340799607266
1.9043617021276595    -0.08178297166732623
1.9061702127659574    -0.09076839511439594
1.9079787234042553    -0.09867234453426027
1.9097872340425532    -0.10596596221737511
1.9115957446808511    -0.11334806533370864
1.913404255319149    -0.12124440758558036
1.915212765957447    -0.129357955668782
1.9170212765957448    -0.13672479272561533
1.9188297872340425    -0.14232869325089487
1.9206382978723404    -0.14581425051769892
1.9224468085106383    -0.14768813582744228
1.9242553191489362    -0.14879154391977645
1.9260638297872341    -0.14945815913237126
1.927872340425532    -0.14908970807624267
1.92968085106383    -0.14657170751705006
1.9314893617021278    -0.14124028590734256
1.9332978723404255    -0.13359677716784468
1.9351063829787234    -0.12511689236397688
1.9369148936170213    -0.11723023874839866
1.9387234042553192    -0.11026026455767701
1.940531914893617    -0.10320190345619357
1.942340425531915    -0.0945687183282444
1.944148936170213    -0.08367364702005448
1.9459574468085108    -0.07133092838440167
1.9477659574468085    -0.05940362608594826
1.9495744680851064    -0.049528039452915354
1.9513829787234043    -0.041993523796281795
1.9531914893617022    -0.035627149404334285
1.955    -0.02874196687115925
1.956808510638298    -0.020395778035040737
1.9586170212765959    -0.011009611056439557
1.9604255319148938    -0.001934713151679127
1.9622340425531914    0.005627068104037628
1.9640425531914893    0.011497470108917232
1.9658510638297872    0.016570152164824235
1.9676595744680851    0.022083686550658593
1.969468085106383    0.02872894168484158
1.971276595744681    0.03624415776481511
1.9730851063829788    0.04371405552694743
1.9748936170212767    0.05026081315157288
1.9767021276595744    0.05559137913495382
1.9785106382978723    0.06005395545627906
1.9803191489361702    0.0642475921141648
1.9821276595744681    0.06851475452177001
1.983936170212766    0.0726627962241302
1.985744680851064    0.07606175354504006
1.9875531914893618    0.07802512280951122
1.9893617021276597    0.07823750179854076
1.9911702127659574    0.07698961045432
1.9929787234042553    0.07508907330172827
1.9947872340425532    0.07348427323985417
1.996595744680851    0.07280396405553209
1.998404255319149    0.07308976215728478
2.0002127659574467    0.07390701760780015
2.0020212765957446    0.07477763485719123
2.0038297872340425    0.07563226028449412
2.0056382978723404    0.07692670862013191
2.0074468085106383    0.0792927677870008
2.009255319148936    0.08295820676072148
2.011063829787234    0.08738864319930804
2.012872340425532    0.09147031032858853
2.01468085106383    0.09414033415263255
2.016489361702128    0.0950020441532246
2.0182978723404257    0.09445252027500346
2.0201063829787236    0.09322985547841219
2.0219148936170215    0.0917577905127872
2.0237234042553194    0.08983302374336948
2.0255319148936173    0.08691588341291771
2.0273404255319147    0.08277823320613968
2.0291489361702126    0.07795558148599412
2.0309574468085105    0.07360103169226166
2.0327659574468084    0.07082183050776673
2.0345744680851063    0.06999497789282937
2.0363829787234042    0.07057044552538695
2.038191489361702    0.07148255631192134
2.04    0.07182835859636667
2.041808510638298    0.07130320340833167
2.043617021276596    0.07011767968493503
2.0454255319148937    0.06854152380337296
2.0472340425531916    0.06648803047553205
2.0490425531914895    0.0634778572100753
2.0508510638297874    0.05899483108369276
2.0526595744680853    0.052936763261502345
2.0544680851063832    0.045796923070938675
2.0562765957446807    0.038414902721424934
2.0580851063829786    0.03144881997970336
2.0598936170212765    0.024926713958172746
2.0617021276595744    0.018200826412272518
2.0635106382978723    0.010375114290220849
2.06531914893617    0.0009582780483397297
2.067127659574468    -0.009684984846625406
2.068936170212766    -0.020416553436998084
2.070744680851064    -0.029932745957301176
2.072553191489362    -0.03751329497155732
2.0743617021276597    -0.043392128002314054
2.0761702127659576    -0.04847404243794644
2.0779787234042555    -0.053600461139300615
2.0797872340425534    -0.05892306134100862
2.0815957446808513    -0.06387079191927898
2.083404255319149    -0.06771722868039788
2.085212765957447    -0.07024943298113216
2.0870212765957445    -0.0719452990408921
2.0888297872340424    -0.07349368370560437
2.0906382978723403    -0.07508767531109468
2.0924468085106382    -0.0761521619537394
2.094255319148936    -0.07579644074386878
2.096063829787234    -0.0736176535701127
2.097872340425532    -0.07012512970394992
2.09968085106383    -0.06636329080710558
2.1014893617021277    -0.06303352570417249
2.1032978723404256    -0.05989748285245011
2.1051063829787235    -0.056018238733839446
2.1069148936170214    -0.050638719121086334
2.1087234042553193    -0.04389837835961599
2.1105319148936172    -0.036722421275558345
2.112340425531915    -0.029985694842561694
2.114148936170213    -0.02374837946877125
2.1159574468085105    -0.017313959022166647
2.1177659574468084    -0.010085691590381595
2.1195744680851063    -0.002411247351169767
2.121382978723404    0.004433394647783593
2.123191489361702    0.009185592259033724
2.125    0.01163593775752228
2.126808510638298    0.012791647692264006
2.128617021276596    0.01396368474656062
2.1304255319148937    0.015579175747970062
2.1322340425531916    0.01680819730350982
2.1340425531914895    0.016370141212252824
2.1358510638297874    0.01379885767363443
2.1376595744680853    0.01000645191682175
2.139468085106383    0.006616904665065117
2.141276595744681    0.004668967340249781
2.143085106382979    0.003864872960994593
2.1448936170212765    0.003025023882481651
2.1467021276595744    0.0012788758584642316
2.1485106382978723    -0.001161926866189061
2.15031914893617    -0.003395114332279697
2.152127659574468    -0.005011468431005381
2.153936170212766    -0.006917356338288021
2.155744680851064    -0.010940226054503868
2.1575531914893618    -0.018470621396028838
2.1593617021276597    -0.02929339781130669
2.1611702127659576    -0.041623151774993275
2.1629787234042555    -0.053314852240047325
2.1647872340425534    -0.06322235335680286
2.1665957446808513    -0.07161006446383673
2.168404255319149    -0.07940327818500882
2.170212765957447    -0.08706000609820878
2.172021276595745    -0.09407683198083693
2.1738297872340424    -0.09946560440737322
2.1756382978723403    -0.10263980959570691
2.177446808510638    -0.10385303649410534
2.179255319148936    -0.1038417839129074
2.181063829787234    -0.10309308224422555
2.182872340425532    -0.10145409677720262
2.18468085106383    -0.09840436052265376
2.1864893617021277    -0.09366455594109814
2.1882978723404256    -0.08754724987060626
2.1901063829787235    -0.08076989850171958
2.1919148936170214    -0.07398108952769798
2.1937234042553193    -0.06746792236667955
2.195531914893617    -0.06125097333021738
2.197340425531915    -0.05535491463290984
2.199148936170213    -0.04990771506196311
2.200957446808511    -0.04497547673587114
2.2027659574468084    -0.04037541089207121
2.2045744680851063    -0.035751936701443235
2.206382978723404    -0.030905777207860363
2.208191489361702    -0.026055088482841868
2.21    -0.021723829700897757
2.211808510638298    -0.018298907838659687
2.2136170212765958    -0.01563273100983547
2.2154255319148937    -0.013053970782399123
2.2172340425531916    -0.009793158495984118
2.2190425531914895    -0.005471744436610627
2.2208510638297874    -0.00027591770653034083
2.2226595744680853    0.005258161346970229
2.224468085106383    0.010595059246701484
2.226276595744681    0.015389631945707189
2.228085106382979    0.01945403108305164
2.229893617021277    0.02267916461309776
2.2317021276595743    0.025080315287854954
2.233510638297872    0.02692023925250854
2.23531914893617    0.028704945884384943
2.237127659574468    0.030946531740903192
2.238936170212766    0.03385147311279061
2.240744680851064    0.03722887512763894
2.2425531914893617    0.04074196692877292
2.2443617021276596    0.044289752790504615
2.2461702127659575    0.04814348793936934
2.2479787234042554    0.05266772124677064
2.2497872340425533    0.05785914548150801
2.251595744680851    0.06315003923851797
2.253404255319149    0.06771536740433673
2.255212765957447    0.07106235529513338
2.257021276595745    0.07339636644441111
2.258829787234043    0.07543027075961381
2.2606382978723403    0.07779337427137195
2.262446808510638    0.08055232619683567
2.264255319148936    0.08324587458504504
2.266063829787234    0.08535866609826961
2.267872340425532    0.08676420675572996
2.2696808510638298    0.08772613447235944
2.2714893617021277    0.08849985133936203
2.2732978723404256    0.0889823611209328
2.2751063829787235    0.08881520505123666
2.2769148936170214    0.087882806575132
2.2787234042553193    0.08671075791340468
2.280531914893617    0.08629674023385248
2.282340425531915    0.0874086633370931
2.284148936170213    0.08990715785347941
2.285957446808511    0.09269351840041287
2.2877659574468088    0.09437855456060851
2.2895744680851062    0.09415311364990203
2.291382978723404    0.09217168089708352
2.293191489361702    0.08919091404589091
2.295    0.08584287975010382
2.296808510638298    0.0821921276499431
2.2986170212765957    0.07790183492972985
2.3004255319148936    0.07274599740307189
2.3022340425531915    0.06691356464995982
2.3040425531914894    0.060814030730474866
2.3058510638297873    0.05462795852855254
2.3076595744680852    0.04811152275704038
2.309468085106383    0.04089927665103443
2.311276595744681    0.03302418840953153
2.313085106382979    0.025121220033854162
2.314893617021277    0.018064978899116554
2.3167021276595747    0.012342410253289499
2.3185106382978726    0.007734817692177553
2.32031914893617    0.003601551232650475
2.322127659574468    -0.0005117718445197686
2.323936170212766    -0.004519382583501965
2.325744680851064    -0.00801275997342872
2.3275531914893617    -0.010799141332598572
2.3293617021276596    -0.013199010034062212
2.3311702127659575    -0.01579196864976326
2.3329787234042554    -0.018864481844151564
2.3347872340425533    -0.02212584448753105
2.336595744680851    -0.02500290460517398
2.338404255319149    -0.027246341146963005
2.340212765957447    -0.02925269812596315
2.342021276595745    -0.031759246143976315
2.343829787234043    -0.03516650963294301
2.3456382978723407    -0.03910916820884706
2.3474468085106386    -0.042675332162298484
2.349255319148936    -0.04507805514301804
2.351063829787234    -0.04617961756131176
2.352872340425532    -0.04643253844502563
2.3546808510638297    -0.04635766226481886
2.3564893617021276    -0.0460896022309543
2.3582978723404255    -0.04540591776611578
2.3601063829787234    -0.044156959130279345
2.3619148936170213    -0.04262702594697954
2.3637234042553192    -0.041448302879082626
2.365531914893617    -0.041142822254142834
2.367340425531915    -0.041726222195660155
2.369148936170213    -0.04272881740341226
2.370957446808511    -0.04357573309197622
2.3727659574468087    -0.04394197487324234
2.3745744680851066    -0.043774683932090795
2.3763829787234045    -0.04305192571734689
2.378191489361702    -0.04162387114947478
2.38    -0.039370087908995245
2.381808510638298    -0.036524325068638154
2.3836170212765957    -0.033771803893585174
2.3854255319148936    -0.03189471430024122
2.3872340425531915    -0.031189356294716426
2.3890425531914894    -0.031162708705665405
2.3908510638297873    -0.030826440946537872
2.392659574468085    -0.029384333927954205
2.394468085106383    -0.02673856159526647
2.396276595744681    -0.023390545107702186
2.398085106382979    -0.01986690671303426
2.399893617021277    -0.016243413404948268
2.4017021276595747    -0.012235600117099617
2.4035106382978726    -0.007754084553361112
2.4053191489361705    -0.0033308166358114594
2.407127659574468    9.153667135224563e-05
2.408936170212766    0.0018982970150009841
2.4107446808510637    0.0023969602673942813
2.4125531914893616    0.0026572198031877643
2.4143617021276595    0.003665860854190345
2.4161702127659574    0.00553171040948983
2.4179787234042553    0.007468666764546092
2.4197872340425532    0.008570139166280327
2.421595744680851    0.008633633071444127
2.423404255319149    0.00824336857740278
2.425212765957447    0.008049151263459786
2.427021276595745    0.007988335405953575
2.4288297872340427    0.007271426877051413
2.4306382978723406    0.005186968280286973
2.4324468085106385    0.0019247180265555648
2.4342553191489364    -0.0014560451527925705
2.436063829787234    -0.003960020275099786
2.437872340425532    -0.005615815949063124
2.4396808510638297    -0.00750708830421355
2.4414893617021276    -0.01080039876891185
2.4432978723404255    -0.015680088931215752
2.4451063829787234    -0.021199615244265106
2.4469148936170213    -0.026157541990621973
2.448723404255319    -0.030103993834807566
2.450531914893617    -0.03349176160074961
2.452340425531915    -0.03689267791668985
2.454148936170213    -0.040166442626029655
2.455957446808511    -0.042494370075279814
2.4577659574468087    -0.043251361967346455
2.4595744680851066    -0.04277430194532321
2.4613829787234045    -0.04216650826056639
2.4631914893617024    -0.04228619784125652
2.465    -0.04294780836655572
2.4668085106382978    -0.04317871785286133
2.4686170212765957    -0.04229166441880565
2.4704255319148936    -0.0406756534263884
2.4722340425531915    -0.03947862476870488
2.4740425531914894    -0.03948657866285027
2.4758510638297873    -0.04032780932467313
2.477659574468085    -0.04079553084339238
2.479468085106383    -0.03994176068782976
2.481276595744681    -0.03783491895485412
2.483085106382979    -0.03526586259313626
2.4848936170212768    -0.032793030834163794
2.4867021276595747    -0.03016800670939085
2.4885106382978726    -0.026718926105821016
2.4903191489361705    -0.022220824596020226
2.4921276595744684    -0.017278458870959246
2.493936170212766    -0.01280535890455425
2.4957446808510637    -0.009173225490364059
2.4975531914893616    -0.005951515919326935
2.4993617021276595    -0.0024981549622899273
2.5011702127659574    0.0012702289785249598
2.5029787234042553    0.004788799979868456
2.504787234042553    0.0075390604386853495
2.506595744680851    0.009753729698300243
2.508404255319149    0.012317156101389701
2.510212765957447    0.015897194272796174
2.512021276595745    0.020183664358915856
2.5138297872340427    0.024039561679981173
2.5156382978723406    0.026455813457272947
2.5174468085106385    0.027387845569381387
2.5192553191489364    0.027677643907976602
2.5210638297872343    0.02818544701239842
2.5228723404255318    0.029020253502336047
2.5246808510638297    0.029606624523552293
2.5264893617021276    0.02945063359357186
2.5282978723404255    0.028780095427654893
2.5301063829787234    0.02840760408658979
2.5319148936170213    0.028977061169356815
2.533723404255319    0.03036355603651038
2.535531914893617    0.03181567843141067
2.537340425531915    0.03268415248740161
2.539148936170213    0.0330267819766108
2.5409574468085108    0.033531210831773225
2.5427659574468087    0.03485901546512722
2.5445744680851066    0.03703425323539383
2.5463829787234045    0.03941634085286408
2.5481914893617024    0.04124024697521532
2.5500000000000003    0.04221208638666084
2.551808510638298    0.042640296807895814
2.5536170212765956    0.043024864549545794
2.5554255319148935    0.043505623931114984
2.5572340425531914    0.043676475884359175
2.5590425531914893    0.04293398709166614
2.560851063829787    0.041048000805944215
2.562659574468085    0.038435247624005006
2.564468085106383    0.03587111949917156
2.566276595744681    0.03387890506822033
2.568085106382979    0.03234055503545881
2.5698936170212767    0.03068021962830593
2.5717021276595746    0.028433506525822563
2.5735106382978725    0.025637805921952868
2.5753191489361704    0.022655363620026958
2.5771276595744683    0.019631647092339437
2.578936170212766    0.01620572202012672
2.580744680851064    0.011860842703154347
2.5825531914893616    0.006612967430920054
2.5843617021276595    0.0012931172575400413
2.5861702127659574    -0.0029898520996617865
2.5879787234042553    -0.005781574523554588
2.589787234042553    -0.00769644987920398
2.591595744680851    -0.00983454790153591
2.593404255319149    -0.012709636320837969
2.595212765957447    -0.0157373222007596
2.5970212765957448    -0.017819715568721313
2.5988297872340427    -0.018469057683822426
2.6006382978723406    -0.01835067237653746
2.6024468085106385    -0.018697604507479808
2.6042553191489364    -0.020186949327814833
2.6060638297872343    -0.022400298906107383
2.607872340425532    -0.02437085894786583
2.60968085106383    -0.025605406513706207
2.6114893617021275    -0.02652454074342058
2.6132978723404254    -0.027924633820464742
2.6151063829787233    -0.030092332941257183
2.6169148936170212    -0.03250636030184417
2.618723404255319    -0.034371196682390276
2.620531914893617    -0.03534343037066602
2.622340425531915    -0.03568761693358492
2.624148936170213    -0.03579922667759937
2.6259574468085107    -0.03571881242148528
2.6277659574468086    -0.03517744285169036
2.6295744680851065    -0.034026808805363545
2.6313829787234044    -0.03246390219289967
2.6331914893617023    -0.030769556859591693
2.6350000000000002    -0.028930365242241914
2.636808510638298    -0.026686005929170663
2.638617021276596    -0.024008029509267108
2.6404255319148935    -0.021418971315448794
2.6422340425531914    -0.019660946647413163
2.6440425531914893    -0.0189652666933582
2.645851063829787    -0.018710454014426108
2.647659574468085    -0.01791812758040346
2.649468085106383    -0.016144463741350402
2.651276595744681    -0.0138649190096767
2.653085106382979    -0.011960909355190789
2.6548936170212767    -0.010858579192471626
2.6567021276595746    -0.01021018386389693
2.6585106382978725    -0.0093832894237686
2.6603191489361704    -0.008143409578360784
2.6621276595744683    -0.006760507710142272
2.663936170212766    -0.005480430252113573
2.665744680851064    -0.0040417029152308645
2.667553191489362    -0.0018425584916630586
2.6693617021276594    0.0014168435854677386
2.6711702127659573    0.005360019358116965
2.6729787234042552    0.009273022284553411
2.674787234042553    0.012793053343423282
2.676595744680851    0.016196664698635285
2.678404255319149    0.020001598671240555
2.680212765957447    0.02435758878245158
2.6820212765957447    0.028889464976897174
2.6838297872340426    0.03309305700774737
2.6856382978723405    0.036760907123678604
2.6874468085106384    0.039951633208002685
2.6892553191489363    0.04262389681879328
2.6910638297872342    0.044472810577275756
2.692872340425532    0.045231426430044006
2.69468085106383    0.0450853992600118
2.696489361702128    0.0446605641438903
2.6982978723404254    0.044525228945674566
2.7001063829787233    0.04472695244757649
2.701914893617021    0.04485898730441812
2.703723404255319    0.044547842903609955
2.705531914893617    0.0437900790438461
2.707340425531915    0.04279072511816555
2.709148936170213    0.04158070364411705
2.7109574468085107    0.03994478848302056
2.7127659574468086    0.03776272301925855
2.7145744680851065    0.035292994390715274
2.7163829787234044    0.03294970741751316
2.7181914893617023    0.030756438224338156
2.72    0.028143426997862396
2.721808510638298    0.02444693641584149
2.723617021276596    0.01966178015118652
2.725425531914894    0.01462214458674762
2.7272340425531914    0.01033362504019817
2.7290425531914893    0.007088556841076597
2.730851063829787    0.004257131842408966
2.732659574468085    0.000951301486514693
2.734468085106383    -0.0031351600071858866
2.736276595744681    -0.007532159845589173
2.7380851063829788    -0.011533088287145275
2.7398936170212767    -0.014818941188207797
2.7417021276595746    -0.017560919708974936
2.7435106382978725    -0.02006636096698626
2.7453191489361704    -0.02248831134647042
2.7471276595744683    -0.024872998729694
2.748936170212766    -0.02728937973621886
2.750744680851064    -0.02970601183869743
2.752553191489362    -0.031744628359690184
2.75436170212766    -0.03277581181742966
2.7561702127659573    -0.03248040966210757
2.757978723404255    -0.03132818344308778
2.759787234042553    -0.030309527696240943
2.761595744680851    -0.030003487896599165
2.763404255319149    -0.02989962344480416
2.765212765957447    -0.028782522111495394
2.7670212765957447    -0.025909293573161622
2.7688297872340426    -0.021801880438451784
2.7706382978723405    -0.01780367610605467
2.7724468085106384    -0.014839226508829281
2.7742553191489363    -0.01267103346241202
2.776063829787234    -0.010398578801951736
2.777872340425532    -0.007580223023616751
2.77968085106383    -0.00470291140075876
2.781489361702128    -0.002515211337679608
2.783297872340426    -0.001068076433508383
2.7851063829787237    0.0003566164351937099
2.786914893617021    0.0023023810088391257
2.788723404255319    0.004279436456824014
2.790531914893617    0.005056389736781009
2.792340425531915    0.00387522320445363
2.7941489361702128    0.0012787526748239712
2.7959574468085107    -0.0013790672387470663
2.7977659574468086    -0.0032284012976121755
2.7995744680851065    -0.004592222075508764
2.8013829787234044    -0.006388593113308444
2.8031914893617023    -0.008964218324649087
2.805    -0.011691123419537314
2.806808510638298    -0.013739027844758079
2.808617021276596    -0.015077972410831269
2.810425531914894    -0.01652257515891662
2.8122340425531918    -0.018757190358728894
2.8140425531914897    -0.021467533634154393
2.815851063829787    -0.023589013974219843
2.817659574468085    -0.02440979830335783
2.819468085106383    -0.024298785024385504
2.821276595744681    -0.024259143674133114
2.8230851063829787    -0.0248283623192177
2.8248936170212766    -0.02555288077810028
2.8267021276595745    -0.02558254014017073
2.8285106382978724    -0.024663790552373693
2.8303191489361703    -0.02339824669259534
2.832127659574468    -0.022507628027136094
2.833936170212766    -0.021981540685587254
2.835744680851064    -0.021095846261555237
2.837553191489362    -0.019281211207681448
2.83936170212766    -0.01685443254936965
2.8411702127659577    -0.014778285896645156
2.8429787234042556    -0.013691914935020956
2.844787234042553    -0.013247040727067574
2.846595744680851    -0.012444476598420105
2.848404255319149    -0.01060176411958496
2.8502127659574468    -0.007956479155633352
2.8520212765957447    -0.005344419265505275
2.8538297872340426    -0.003355657360489192
2.8556382978723405    -0.0018340165258233926
2.8574468085106384    -0.00013799011585512557
2.8592553191489363    0.002210913106477173
2.861063829787234    0.005164745167060893
2.862872340425532    0.008332436416525518
2.86468085106383    0.011388291113478222
2.866489361702128    0.01424666617080364
2.8682978723404258    0.016902710205335257
2.8701063829787237    0.019220896252879524
2.8719148936170216    0.020947105389735148
2.873723404255319    0.021903471133583638
2.875531914893617    0.022103316737047907
2.877340425531915    0.02164172074280888
2.8791489361702127    0.020510545293059262
2.8809574468085106    0.01860074767013352
2.8827659574468085    0.015948873740564508
2.8845744680851064    0.012977906396115083
2.8863829787234043    0.010415358949514956
2.8881914893617022    0.008848995920843102
2.89    0.008255856614844792
2.891808510638298    0.007941982335528563
2.893617021276596    0.007019979419624241
2.895425531914894    0.005078885954026013
2.8972340425531917    0.002498560573306106
2.8990425531914896    0.0001441038976448955
2.9008510638297875    -0.0012880846721410476
2.902659574468085    -0.0017049103337758553
2.904468085106383    -0.0014935694178347025
2.906276595744681    -0.0010364942685312658
2.9080851063829787    -0.0003703592914372697
2.9098936170212766    0.0007171605553968066
2.9117021276595745    0.00234656038242316
2.9135106382978724    0.0043838883324226795
2.9153191489361703    0.006614987329526536
2.917127659574468    0.008988872652140163
2.918936170212766    0.011587142004562574
2.920744680851064    0.014343797228152409
2.922553191489362    0.01689723520370428
2.92436170212766    0.01883980822038346
2.9261702127659577    0.020143982664033687
2.9279787234042556    0.02127136872340498
2.9297872340425535    0.022782637002734765
2.931595744680851    0.02483747810118281
2.933404255319149    0.027127321789239538
2.9352127659574467    0.02930035656951927
2.9370212765957446    0.03136347871425958
2.9388297872340425    0.03357241735298748
2.9406382978723404    0.035947093169940506
2.9424468085106383    0.038033460679016695
2.9442553191489362    0.03926470395056529
2.946063829787234    0.0395394030666163
2.947872340425532    0.03932075449669421
2.94968085106383    0.03909607985315039
2.951489361702128    0.03881781789849263
2.9532978723404257    0.038016978367622745
2.9551063829787236    0.036489278593786645
2.9569148936170215    0.03471607066717264
2.9587234042553194    0.033424597652149904
2.960531914893617    0.032708854081739666
2.962340425531915    0.03174138614233736
2.9641489361702127    0.029519410824880618
2.9659574468085106    0.025904565917350568
2.9677659574468085    0.021801935775353255
2.9695744680851064    0.01822800736619088
2.9713829787234043    0.015261632348119343
2.973191489361702    0.012029482514194771
2.975    0.007730295074645278
2.976808510638298    0.002540849604343311
2.978617021276596    -0.0025976440525676383
2.980425531914894    -0.007021602418770748
2.9822340425531917    -0.010994012383500947
2.9840425531914896    -0.015242293383502765
2.9858510638297875    -0.019991042753522068
2.9876595744680854    -0.02466549506864289
2.989468085106383    -0.02859132602216424
2.9912765957446807    -0.03178550128340038
2.9930851063829786    -0.03482361995641681
2.9948936170212765    -0.03793040432824568
2.9967021276595744    -0.040458932254967245
2.9985106382978723    -0.04151563682943579
3.0003191489361702    -0.04108034019328506
3.002127659574468    -0.04025639276439044
3.003936170212766    -0.040208975865255236
3.005744680851064    -0.040907426098681005
3.007553191489362    -0.04113565314815554
3.0093617021276597    -0.03986313453221435
3.0111702127659576    -0.037487574815685876
3.0129787234042555    -0.035513662427292564
3.0147872340425534    -0.03494503625235319
3.0165957446808513    -0.035139588096784205
3.0184042553191492    -0.03442182136583222
3.0202127659574467    -0.03182728097806342
3.0220212765957446    -0.028104449769767857
3.0238297872340425    -0.024914338663827196
3.0256382978723404    -0.02313089595104608
3.0274468085106383    -0.022072764480419393
3.029255319148936    -0.020401459455903985
3.031063829787234    -0.017586769869205696
3.032872340425532    -0.014319651593358067
3.03468085106383    -0.011545239407798755
3.036489361702128    -0.009345652588463083
3.0382978723404257    -0.00696210966267281
3.0401063829787236    -0.0038340220087964977
3.0419148936170215    -0.00034987015048189296
3.0437234042553194    0.0025927409095311948
3.0455319148936173    0.0046665826587763415
3.047340425531915    0.006516840723164536
3.0491489361702127    0.008979573868879398
3.0509574468085106    0.012022576185998729
3.0527659574468085    0.014661979804641909
3.0545744680851064    0.0159852880123193
3.0563829787234043    0.01612933325290989
3.058191489361702    0.016107056582903338
3.06    0.016692127109267728
3.061808510638298    0.01763548951803568
3.063617021276596    0.018085378467145058
3.0654255319148938    0.017690333252684758
3.0672340425531917    0.017088464121712874
3.0690425531914896    0.017207339730483717
3.0708510638297875    0.01817676361529505
3.0726595744680854    0.01910855128215081
3.0744680851063833    0.019011964790692185
3.076276595744681    0.017822554219808565
3.0780851063829786    0.016396647423953886
3.0798936170212765    0.015498687729804742
3.0817021276595744    0.01494244871449911
3.0835106382978723    0.013856478313170408
3.08531914893617    0.011757228263483747
3.087127659574468    0.009197532577741543
3.088936170212766    0.0072468885357896175
3.090744680851064    0.006386559929652098
3.092553191489362    0.006056307780639909
3.0943617021276597    0.005337602947784285
3.0961702127659576    0.003971026611778393
3.0979787234042555    0.00255392672505461
3.0997872340425534    0.00173650815095571
3.1015957446808513    0.0013970173677823991
3.103404255319149    0.0007824108272593772
3.105212765957447    -0.0005536716955334657
3.1070212765957446    -0.002146804643647905
3.1088297872340425    -0.003110793425545113
3.1106382978723404    -0.00318282743012652
3.1124468085106383    -0.0030851269083488034
3.114255319148936    -0.0037193844923747665
3.116063829787234    -0.005089614147252218
3.117872340425532    -0.006235862551433723
3.11968085106383    -0.006337583838337164
3.1214893617021278    -0.0057572475689377685
3.1232978723404257    -0.005770371747923591
3.1251063829787236    -0.007181287829267422
3.1269148936170215    -0.009341872157181576
3.1287234042553194    -0.010731549354535632
3.1305319148936173    -0.010546644786719737
3.132340425531915    -0.00958316933054742
3.134148936170213    -0.009424197975211926
3.1359574468085105    -0.01079343438601643
3.1377659574468084    -0.012851628520281171
3.1395744680851063    -0.01416100910574475
3.141382978723404    -0.014204211096192505
3.143191489361702    -0.013781652672972078
3.145    -0.013930533702126801
3.146808510638298    -0.014679403213855852
3.148617021276596    -0.015074284393416995
3.1504255319148937    -0.014390742935872254
3.1522340425531916    -0.013071115790302892
3.1540425531914895    -0.012280512625738633
3.1558510638297874    -0.012610697052413732
3.1576595744680853    -0.013451371923680391
3.159468085106383    -0.013751158681821899
3.161276595744681    -0.013263348795104017
3.163085106382979    -0.012822693373876653
3.1648936170212765    -0.013348386482665267
3.1667021276595744    -0.014746922144658533
3.1685106382978723    -0.0159746675915568
3.17031914893617    -0.016151396825091605
3.172127659574468    -0.015421346559952101
3.173936170212766    -0.014613390762607311
3.175744680851064    -0.01418326640366556
3.1775531914893618    -0.013718736256740777
3.1793617021276597    -0.012549780431681173
3.1811702127659576    -0.01066467476750554
3.1829787234042555    -0.008797476002337858
3.1847872340425534    -0.007584642824607125
3.1865957446808513    -0.00681638107345452
3.188404255319149    -0.005684489022700457
3.190212765957447    -0.003730531955088167
3.192021276595745    -0.001374019154625975
3.1938297872340424    0.000583997909638525
3.1956382978723403    0.001875474094254775
3.1974468085106382    0.003029302622993505
3.199255319148936    0.004716315579413059
3.201063829787234    0.006982504446289604
3.202872340425532    0.009258318001028637
3.20468085106383    0.01107137732367671
3.2064893617021277    0.01256828916389157
3.2082978723404256    0.014231609014106607
3.2101063829787235    0.016178255938878432
3.2119148936170214    0.017924588142143396
3.2137234042553193    0.018919105924876677
3.2155319148936172    0.01920221885616705
3.217340425531915    0.019387766200075564
3.219148936170213    0.019963363697659827
3.220957446808511    0.02072038492258087
3.2227659574468084    0.020991366282873566
3.2245744680851063    0.02044692421988502
3.226382978723404    0.019552250142009165
3.228191489361702    0.01914681266640633
3.23    0.01957778504804217
3.231808510638298    0.020312793427000462
3.233617021276596    0.020447637732647638
3.2354255319148937    0.019578378710565395
3.2372340425531916    0.018140144810333592
3.2390425531914895    0.016893408108231426
3.2408510638297874    0.016126624930479717
3.2426595744680853    0.015412382341012418
3.244468085106383    0.014148119276955726
3.246276595744681    0.012282890160560615
3.248085106382979    0.010440107938879072
3.249893617021277    0.009286032754670204
3.251702127659575    0.008802762890646562
3.2535106382978722    0.008257695636063198
3.25531914893617    0.006953824485860422
3.257127659574468    0.005006213904507511
3.258936170212766    0.003306736015331737
3.260744680851064    0.0026514835282700922
3.2625531914893617    0.0029019107381170984
3.2643617021276596    0.0030688160449889876
3.2661702127659575    0.002269178516361715
3.2679787234042554    0.0005734941638430688
3.2697872340425533    -0.0011439231731706653
3.2715957446808512    -0.002174948538401055
3.273404255319149    -0.0027010870837927605
3.275212765957447    -0.0034871594643260595
3.277021276595745    -0.004926163070063314
3.278829787234043    -0.006549236951778802
3.2806382978723407    -0.007564267759216692
3.282446808510638    -0.007775517813578056
3.284255319148936    -0.00778291080311829
3.286063829787234    -0.00821899890023119
3.287872340425532    -0.008950082954922889
3.28968085106383    -0.009235509260996269
3.2914893617021277    -0.008686161189616019
3.2932978723404256    -0.007858402583679761
3.2951063829787235    -0.0077074590748484
3.2969148936170214    -0.008492106106080229
3.2987234042553193    -0.009434984468851363
3.300531914893617    -0.009595208611963087
3.302340425531915    -0.008967728265286209
3.304148936170213    -0.00851523280929496
3.305957446808511    -0.009073120128474764
3.307765957446809    -0.010399693216481215
3.3095744680851067    -0.011478393929193432
3.311382978723404    -0.011701243461632394
3.313191489361702    -0.011534258752639371
3.315    -0.011908132355116808
3.316808510638298    -0.013099667132429218
3.3186170212765957    -0.014435848430567182
3.3204255319148936    -0.015114405408696357
3.3222340425531915    -0.01509535479864055
3.3240425531914894    -0.01500528729664557
3.3258510638297873    -0.015266052222939438
3.3276595744680852    -0.015594808778314357
3.329468085106383    -0.015476825054572237
3.331276595744681    -0.0149297532463101
3.333085106382979    -0.014516629397051799
3.334893617021277    -0.014576608052256001
3.3367021276595747    -0.01470171707678771
3.3385106382978726    -0.01419853698905109
3.34031914893617    -0.01298186969680686
3.342127659574468    -0.011727841599738128
3.343936170212766    -0.011020933915022393
3.345744680851064    -0.010549832297843292
3.3475531914893617    -0.009428329119438793
3.3493617021276596    -0.00732900250537429
3.3511702127659575    -0.005032475185272698
3.3529787234042554    -0.0036321863566153405
3.3547872340425533    -0.0032828186534435023
3.356595744680851    -0.003005888707259848
3.358404255319149    -0.0018325338578697708
3.360212765957447    6.563838629117984e-05
3.362021276595745    0.0016238855747142034
3.363829787234043    0.0022174770117124633
3.3656382978723407    0.002460355135121361
3.3674468085106386    0.0034848141708968966
3.369255319148936    0.005558189011851532
3.371063829787234    0.007699634583054518
3.372872340425532    0.008755185051255037
3.3746808510638298    0.008646482920563522
3.3764893617021277    0.008337051561960754
3.3782978723404256    0.008628092792668955
3.3801063829787235    0.009265389032314424
3.3819148936170214    0.00937476747745895
3.3837234042553193    0.00859173998884059
3.385531914893617    0.0074691700053563966
3.387340425531915    0.0067347195744335685
3.389148936170213    0.00641452147911328
3.390957446808511    0.005930504974826736
3.3927659574468088    0.004975019147288477
3.3945744680851067    0.003976155561349965
3.3963829787234046    0.003538116757118826
3.398191489361702    0.003597886617432441
3.4    0.003420571387903407
3.401808510638298    0.002477109777574849
3.4036170212765957    0.0011023671764172605
3.4054255319148936    9.073471657754847e-05
3.4072340425531915    -0.00027588867091384104
3.4090425531914894    -0.000553768839746332
3.4108510638297873    -0.001409720252901924
3.412659574468085    -0.0027451645673933567
3.414468085106383    -0.0037514532725447906
3.416276595744681    -0.0038178631685151466
3.418085106382979    -0.0031869682288561798
3.419893617021277    -0.002612323285551006
3.4217021276595747    -0.0025128795155977806
3.4235106382978726    -0.0026664515125533975
3.4253191489361705    -0.002711538882606687
3.427127659574468    -0.0026897034200294807
3.428936170212766    -0.0028915991213901418
3.4307446808510638    -0.003269564607609055
3.4325531914893617    -0.003296434908501347
3.4343617021276596    -0.0025617351378942168
3.4361702127659575    -0.0013741974439030425
3.4379787234042554    -0.0005384953594029772
3.4397872340425533    -0.00047267034258496854
3.441595744680851    -0.0006883958612203705
3.443404255319149    -0.00027767930565756075
3.445212765957447    0.0011251330252171933
3.447021276595745    0.002989364631563185
3.4488297872340428    0.004508855621591487
3.4506382978723407    0.0054621643324179415
3.4524468085106386    0.006374229749022474
3.4542553191489365    0.007887973914640335
3.456063829787234    0.010091225901549587
3.457872340425532    0.012462195058869249
3.4596808510638297    0.01435146507054684
3.4614893617021276    0.015442438019739067
3.4632978723404255    0.015840684480871885
3.4651063829787234    0.015886699310036022
3.4669148936170213    0.01591730447959202
3.468723404255319    0.016063988981267707
3.470531914893617    0.016142042599769327
3.472340425531915    0.015773743871730812
3.474148936170213    0.014771684470357205
3.475957446808511    0.013451277789042423
3.4777659574468087    0.012439190064391259
3.4795744680851066    0.012037675932894402
3.4813829787234045    0.01181679686512295
3.4831914893617024    0.010995048154512493
3.4850000000000003    0.009281228317557962
3.4868085106382978    0.007207208455991879
3.4886170212765957    0.005485304944288659
3.4904255319148936    0.004100901214043379
3.4922340425531915    0.0022632655496608286
3.4940425531914894    -0.0006408238172285461
3.4958510638297873    -0.004204548899138991
3.497659574468085    -0.007336260540122463
3.499468085106383    -0.009437671883129732
3.501276595744681    -0.011018005241637567
3.503085106382979    -0.012974664667019931
3.5048936170212768    -0.015405589682640478
3.5067021276595747    -0.017429852045051042
3.5085106382978726    -0.01826409485948039
3.5103191489361705    -0.0182197685492142
3.5121276595744684    -0.01834579115440982
3.5139361702127663    -0.019124573878295352
3.5157446808510637    -0.019850861351292763
3.5175531914893616    -0.019513943371767505
3.5193617021276595    -0.018126001829776063
3.5211702127659574    -0.016838835239779
3.5229787234042553    -0.01665978738606789
3.5247872340425532    -0.017313278735027686
3.526595744680851    -0.017627210546286368
3.528404255319149    -0.01694777630355869
3.530212765957447    -0.015839386578492765
3.532021276595745    -0.015257546449431753
3.5338297872340427    -0.0152993871982165
3.5356382978723406    -0.015117056663111368
3.5374468085106385    -0.014044134339273786
3.5392553191489364    -0.012425456977069798
3.5410638297872343    -0.01106183327603271
3.5428723404255322    -0.010025244966649444
3.5446808510638297    -0.008458034001786224
3.5464893617021276    -0.005693558771563257
3.5482978723404255    -0.00225730967903744
3.5501063829787234    0.0006327812842762777
3.5519148936170213    0.0025427025637935717
3.553723404255319    0.004415214143629159
3.555531914893617    0.007432718270345271
3.557340425531915    0.011477771850612585
3.559148936170213    0.015114694684124751
3.560957446808511    0.017202082348362093
3.5627659574468087    0.018221492442229748
3.5645744680851066    0.019701538823141667
3.5663829787234045    0.022413119944821907
3.5681914893617024    0.025498924136153813
3.5700000000000003    0.027549670101351353
3.571808510638298    0.028275292042750682
3.5736170212765956    0.02874536962931785
3.5754255319148935    0.029976179544201963
3.5772340425531914    0.031656299247836236
3.5790425531914893    0.03256256717666467
3.5808510638297872    0.032094262329381756
3.582659574468085    0.031012367097812812
3.584468085106383    0.030518751994336603
3.586276595744681    0.03085869851239128
3.588085106382979    0.031131024581319153
3.5898936170212767    0.030423889367059392
3.5917021276595746    0.028804995195773384
3.5935106382978725    0.02702343386364541
3.5953191489361704    0.02546903657943505
3.5971276595744683    0.023779643015944207
3.5989361702127662    0.021503005466289075
3.600744680851064    0.018808051521684493
3.6025531914893616    0.016255353183992335
3.6043617021276595    0.013975772051724834
3.6061702127659574    0.011430829560279035
3.6079787234042553    0.008137583074104608
3.609787234042553    0.004408861224455151
3.611595744680851    0.001083685803597488
3.613404255319149    -0.0014668772461279927
3.615212765957447    -0.003792012822056243
