0.0    0.0
0.0018085106382978724    0.0
0.003617021276595745    0.0
0.005425531914893617    0.0
0.00723404255319149    0.0
0.009042553191489363    0.0
0.010851063829787235    0.0
0.012659574468085107    0.0
0.01446808510638298    0.0
0.016276595744680853    0.0
0.018085106382978725    0.0
0.019893617021276597    0.0
0.02170212765957447    0.0
0.023510638297872342    0.0
0.025319148936170214    0.0
0.027127659574468086    0.0
0.02893617021276596    0.0
0.03074468085106383    0.0
0.032553191489361706    0.0
0.03436170212765958    0.0
0.03617021276595745    0.0
0.03797872340425532    0.0
0.039787234042553195    0.0
0.04159574468085107    0.0
0.04340425531914894    0.0
0.04521276595744681    0.0
0.047021276595744683    0.0
0.048829787234042556    0.0
0.05063829787234043    0.0
0.0524468085106383    0.0
0.05425531914893617    0.0
0.056063829787234044    0.0
0.05787234042553192    0.0
0.05968085106382979    0.0
0.06148936170212766    0.0
0.06329787234042554    0.0
0.06510638297872341    0.0
0.06691489361702128    0.0
0.06872340425531916    0.0
0.07053191489361703    0.0
0.0723404255319149    0.0
0.07414893617021277    0.0
0.07595744680851065    0.0
0.07776595744680852    0.0
0.07957446808510639    0.0
0.08138297872340426    0.0
0.08319148936170213    0.0
0.085    0.0
0.08680851063829788    0.0
0.08861702127659575    0.0
0.09042553191489362    0.0
0.0922340425531915    0.0
0.09404255319148937    0.0
0.09585106382978724    0.0
0.09765957446808511    0.0
0.09946808510638298    0.0
0.10127659574468086    0.0
0.10308510638297873    0.0
0.1048936170212766    0.0
0.10670212765957447    0.0
0.10851063829787234    0.0
0.11031914893617022    0.0
0.11212765957446809    0.0
0.11393617021276596    0.0
0.11574468085106383    0.0
0.1175531914893617    0.0
0.11936170212765958    0.0
0.12117021276595745    0.0
0.12297872340425532    0.0
0.1247872340425532    0.0
0.12659574468085108    0.0
0.12840425531914895    0.0
0.13021276595744682    0.0
0.1320212765957447    0.0
0.13382978723404257    0.0
0.13563829787234044    0.0
0.1374468085106383    0.0
0.13925531914893619    0.0
0.14106382978723406    0.0
0.14287234042553193    0.0
0.1446808510638298    0.0
0.14648936170212767    0.0
0.14829787234042555    0.0
0.15010638297872342    0.0
0.1519148936170213    0.0
0.15372340425531916    0.0
0.15553191489361703    0.0
0.1573404255319149    0.0
0.15914893617021278    0.0
0.16095744680851065    0.0
0.16276595744680852    0.0
0.1645744680851064    0.0
0.16638297872340427    0.0
0.16819148936170214    0.0
0.17    0.0
0.17180851063829788    0.0
0.17361702127659576    0.0
0.17542553191489363    0.0
0.1772340425531915    0.0
0.17904255319148937    0.0
0.18085106382978725    0.0
0.18265957446808512    0.0
0.184468085106383    0.0
0.18627659574468086    0.0
0.18808510638297873    0.0
0.1898936170212766    0.0
0.19170212765957448    0.0
0.19351063829787235    0.0
0.19531914893617022    0.0
0.1971276595744681    0.0
0.19893617021276597    0.0
0.20074468085106384    0.0
0.2025531914893617    0.0
0.20436170212765958    0.0
0.20617021276595746    0.0
0.20797872340425533    0.0
0.2097872340425532    0.0
0.21159574468085107    0.0
0.21340425531914894    0.0
0.21521276595744682    0.0
0.2170212765957447    0.0
0.21882978723404256    0.0
0.22063829787234043    0.0
0.2224468085106383    0.0
0.22425531914893618    0.0
0.22606382978723405    0.0
0.22787234042553192    0.0
0.2296808510638298    0.0
0.23148936170212767    0.0
0.23329787234042554    0.0
0.2351063829787234    0.0
0.23691489361702128    0.0
0.23872340425531915    0.0
0.24053191489361703    0.0
0.2423404255319149    0.0
0.24414893617021277    0.0
0.24595744680851064    0.0
0.24776595744680852    0.0
0.2495744680851064    0.0
0.25138297872340426    0.0
0.25319148936170216    0.0
0.255    0.0
0.2568085106382979    0.0
0.25861702127659575    0.0
0.26042553191489365    0.0
0.2622340425531915    0.0
0.2640425531914894    0.0
0.26585106382978724    0.0
0.26765957446808514    0.0
0.269468085106383    0.0
0.2712765957446809    0.0
0.2730851063829787    0.0
0.2748936170212766    0.0
0.27670212765957447    0.0
0.27851063829787237    0.0
0.2803191489361702    0.0
0.2821276595744681    0.0
0.28393617021276596    0.0
0.28574468085106386    0.0
0.2875531914893617    0.0
0.2893617021276596    0.0
0.29117021276595745    0.0
0.29297872340425535    0.0
0.2947872340425532    0.0
0.2965957446808511    0.0
0.29840425531914894    0.0
0.30021276595744684    0.0
0.3020212765957447    0.0
0.3038297872340426    0.0
0.3056382978723404    0.0
0.3074468085106383    0.0
0.30925531914893617    0.0
0.31106382978723407    0.0
0.3128723404255319    0.0
0.3146808510638298    0.0
0.31648936170212766    0.0
0.31829787234042556    0.0
0.3201063829787234    0.0
0.3219148936170213    0.0
0.32372340425531915    0.0
0.32553191489361705    0.0
0.3273404255319149    0.0
0.3291489361702128    0.0
0.33095744680851064    0.0
0.33276595744680854    0.0
0.3345744680851064    0.0
0.3363829787234043    0.0
0.3381914893617021    0.0
0.34    0.0
0.34180851063829787    0.0
0.34361702127659577    0.0
0.3454255319148936    0.0
0.3472340425531915    0.0
0.34904255319148936    0.0
0.35085106382978726    0.0
0.3526595744680851    0.0
0.354468085106383    0.0
0.35627659574468085    0.0
0.35808510638297875    0.0
0.3598936170212766    0.0
0.3617021276595745    0.0
0.36351063829787233    0.0
0.36531914893617023    0.0
0.3671276595744681    0.0
0.368936170212766    0.0
0.3707446808510638    0.0
0.3725531914893617    0.0
0.37436170212765957    0.0
0.37617021276595747    0.0
0.3779787234042553    0.0
0.3797872340425532    0.0
0.38159574468085106    0.0
0.38340425531914896    0.0
0.3852127659574468    0.0
0.3870212765957447    0.0
0.38882978723404255    0.0
0.39063829787234045    0.0
0.3924468085106383    0.0
0.3942553191489362    0.0
0.39606382978723403    0.0
0.39787234042553193    0.0
0.3996808510638298    0.0
0.4014893617021277    0.0
0.4032978723404255    0.0
0.4051063829787234    0.0
0.40691489361702127    0.0
0.40872340425531917    0.0
0.410531914893617    0.0
0.4123404255319149    0.0
0.41414893617021276    0.0
0.41595744680851066    0.0
0.4177659574468085    0.0
0.4195744680851064    0.0
0.42138297872340424    0.0
0.42319148936170214    0.0
0.425    0.0
0.4268085106382979    0.0
0.42861702127659573    0.0
0.43042553191489363    0.0
0.4322340425531915    0.0
0.4340425531914894    0.0
0.4358510638297872    0.0
0.4376595744680851    0.0
0.43946808510638297    0.0
0.44127659574468087    0.0
0.4430851063829787    0.0
0.4448936170212766    0.0
0.44670212765957445    0.0
0.44851063829787235    0.0
0.4503191489361702    0.0
0.4521276595744681    0.0
0.45393617021276594    0.0
0.45574468085106384    0.0
0.4575531914893617    0.0
0.4593617021276596    0.0
0.46117021276595743    0.0
0.46297872340425533    0.0
0.46478723404255323    0.0
0.4665957446808511    0.0
0.468404255319149    0.0
0.4702127659574468    0.0
0.4720212765957447    0.0
0.47382978723404257    0.0
0.47563829787234047    0.0
0.4774468085106383    0.0
0.4792553191489362    0.0
0.48106382978723405    0.0
0.48287234042553195    0.0
0.4846808510638298    0.0
0.4864893617021277    0.0
0.48829787234042554    0.0
0.49010638297872344    0.0
0.4919148936170213    0.0
0.4937234042553192    0.0
0.49553191489361703    0.0
0.49734042553191493    0.0
0.4991489361702128    0.0
0.5009574468085106    0.0
0.5027659574468085    0.0
0.5045744680851064    0.0
0.5063829787234043    0.0
0.5081914893617021    0.0
0.51    0.0
0.5118085106382979    0.0
0.5136170212765958    0.0
0.5154255319148936    0.0
0.5172340425531915    0.0
0.5190425531914894    0.0
0.5208510638297873    0.0
0.5226595744680851    0.0
0.524468085106383    0.0
0.5262765957446809    0.0
0.5280851063829788    0.0
0.5298936170212766    0.0
0.5317021276595745    0.0
0.5335106382978724    0.0
0.5353191489361703    0.0
0.5371276595744681    0.0
0.538936170212766    0.0
0.5407446808510639    0.0
0.5425531914893618    0.0
0.5443617021276596    0.0
0.5461702127659575    0.0
0.5479787234042554    0.0
0.5497872340425533    0.0
0.551595744680851    0.0
0.5534042553191489    0.0
0.5552127659574468    0.0
0.5570212765957447    0.0
0.5588297872340425    0.0
0.5606382978723404    0.0
0.5624468085106383    0.0
0.5642553191489362    0.0
0.566063829787234    0.0
0.5678723404255319    0.0
0.5696808510638298    0.0
0.5714893617021277    0.0
0.5732978723404255    0.0
0.5751063829787234    0.0
0.5769148936170213    0.0
0.5787234042553192    0.0
0.580531914893617    0.0
0.5823404255319149    0.0
0.5841489361702128    0.0
0.5859574468085107    0.0
0.5877659574468085    0.0
0.5895744680851064    0.0
0.5913829787234043    0.0
0.5931914893617022    0.0
0.595    0.0
0.5968085106382979    0.0
0.5986170212765958    1.04e-322
0.6004255319148937    5.08e-321
0.6022340425531915    2.21994e-319
0.6040425531914894    9.448447e-318
0.6058510638297873    3.9300072e-316
0.6076595744680852    1.5980741613e-314
0.609468085106383    6.35482039005e-313
0.6112765957446809    2.471958150507e-311
0.6130851063829788    9.4088377264793e-310
0.6148936170212767    3.5051802900156723e-308
0.6167021276595744    1.2784501474851514e-306
0.6185106382978723    4.566389741960967e-305
0.6203191489361702    1.5976874858242776e-303
0.6221276595744681    5.477112394903656e-302
0.6239361702127659    1.840183581416076e-300
0.6257446808510638    6.060752732970417e-299
0.6275531914893617    1.9572744927420552e-297
0.6293617021276596    6.199236195172454e-296
0.6311702127659574    1.926128177524654e-294
0.6329787234042553    5.872051350061718e-293
0.6347872340425532    1.756900499308005e-291
0.6365957446808511    5.160004905820631e-290
0.6384042553191489    1.4879546032659895e-288
0.6402127659574468    4.2136159124731135e-287
0.6420212765957447    1.1720148948901525e-285
0.6438297872340426    3.2026513567680257e-284
0.6456382978723404    8.599401439178881e-283
0.6474468085106383    2.2692941670264346e-281
0.6492553191489362    5.886507844164209e-280
0.6510638297872341    1.5012318178001345e-278
0.6528723404255319    3.764766912644645e-277
0.6546808510638298    9.28548118044601e-276
0.6564893617021277    2.25279124411041e-274
0.6582978723404256    5.377253384516119e-273
0.6601063829787234    1.2629742296910925e-271
0.6619148936170213    2.919395840514058e-270
0.6637234042553192    6.642395835314566e-269
0.6655319148936171    1.4878436019138262e-267
0.6673404255319149    3.2813822291946105e-266
0.6691489361702128    7.126698973379436e-265
0.6709574468085107    1.5244596285670386e-263
0.6727659574468086    3.21219632997838e-262
0.6745744680851063    6.668197931860881e-261
0.6763829787234042    1.363941203524229e-259
0.6781914893617021    2.7493057546829473e-258
0.68    5.461967157193357e-257
0.6818085106382978    1.0696241459746373e-255
0.6836170212765957    2.0650274044913127e-254
0.6854255319148936    3.9308676949288547e-253
0.6872340425531915    7.378593131949823e-252
0.6890425531914893    1.3659501831632958e-250
0.6908510638297872    2.494164304752802e-249
0.6926595744680851    4.4925821878945305e-248
0.694468085106383    7.983600506085131e-247
0.6962765957446809    1.3998566056268673e-245
0.6980851063829787    2.422142421129616e-244
0.6998936170212766    4.136145079865679e-243
0.7017021276595745    6.971394075401877e-242
0.7035106382978724    1.1598941198567012e-240
0.7053191489361702    1.9051897188734346e-239
0.7071276595744681    3.089760967172789e-238
0.708936170212766    4.947926073533828e-237
0.7107446808510639    7.8248747341485595e-236
0.7125531914893617    1.2221682201117443e-234
0.7143617021276596    1.8855013571555124e-233
0.7161702127659575    2.8734735496896324e-232
0.7179787234042554    4.3262701889938536e-231
0.7197872340425532    6.435571568280408e-230
0.7215957446808511    9.459496544904534e-229
0.723404255319149    1.3740296486517372e-227
0.7252127659574469    1.9724706758884874e-226
0.7270212765957447    2.7986590654452177e-225
0.7288297872340426    3.925115902982677e-224
0.7306382978723405    5.441962425587497e-223
0.7324468085106384    7.459266695039092e-222
0.7342553191489362    1.0109058926487903e-220
0.7360638297872341    1.3546754433197085e-219
0.737872340425532    1.7951682628645133e-218
0.7396808510638299    2.352639478149248e-217
0.7414893617021276    3.0494419613028655e-216
0.7432978723404255    3.9096161438675596e-215
0.7451063829787234    4.95826962052844e-214
0.7469148936170213    6.220731995491835e-213
0.7487234042553191    7.721484206704423e-212
0.750531914893617    9.482878796553046e-211
0.7523404255319149    1.1523687393729945e-209
0.7541489361702128    1.3857532663772576e-208
0.7559574468085106    1.6491282392635637e-207
0.7577659574468085    1.9423501114619886e-206
0.7595744680851064    2.2643067604724325e-205
0.7613829787234043    2.6128072576329296e-204
0.7631914893617021    2.9845108392777797e-203
0.765    3.3749050482556817e-202
0.7668085106382979    3.778340824619378e-201
0.7686170212765958    4.188129232976537e-200
0.7704255319148936    4.596700698232114e-199
0.7722340425531915    4.995823348859719e-198
0.7740425531914894    5.37687267549958e-197
0.7758510638297873    5.7311405806681675e-196
0.7776595744680851    6.0501684032261736e-195
0.779468085106383    6.326085991704554e-194
0.7812765957446809    6.55193764030007e-193
0.7830851063829788    6.721975849633834e-192
0.7848936170212766    6.831905462891612e-191
0.7867021276595745    6.87906365429612e-190
0.7885106382978724    6.862525282834368e-189
0.7903191489361703    6.783127938257331e-188
0.7921276595744681    6.643416197409198e-187
0.793936170212766    6.447509747039852e-186
0.7957446808510639    6.200904699053006e-185
0.7975531914893618    5.910221265285062e-184
0.7993617021276596    5.582913699121975e-183
0.8011702127659575    5.2269598886052206e-182
0.8029787234042554    4.850548157998388e-181
0.8047872340425533    4.4617777760688565e-180
0.806595744680851    4.0683875542963286e-179
0.808404255319149    3.6775239977307637e-178
0.8102127659574468    3.2955570421305567e-177
0.8120212765957447    2.9279477841264446e-176
0.8138297872340425    2.5791690811262783e-175
0.8156382978723404    2.2526767177999e-174
0.8174468085106383    1.9509262000941983e-173
0.8192553191489362    1.675428270205292e-172
0.821063829787234    1.4268349898423339e-171
0.8228723404255319    1.2050477015399923e-170
0.8246808510638298    1.0093382807421223e-169
0.8264893617021277    8.384757263829185e-169
0.8282978723404255    6.908511717466065e-168
0.8301063829787234    5.6459568869676236e-167
0.8319148936170213    4.576866700944543e-166
0.8337234042553192    3.680399863009463e-165
0.835531914893617    2.935864240990604e-164
0.8373404255319149    2.3233205902989623e-163
0.8391489361702128    1.8240314129027312e-162
0.8409574468085107    1.4207677257493928e-161
0.8427659574468085    1.0979911961193977e-160
0.8445744680851064    8.419316911886925e-160
0.8463829787234043    6.405810912051554e-159
0.8481914893617022    4.836235968314014e-158
0.85    3.62321104495173e-157
0.8518085106382979    2.693698937955226e-156
0.8536170212765958    1.9874219005117784e-155
0.8554255319148937    1.4552339743475641e-154
0.8572340425531915    1.0575314504741625e-153
0.8590425531914894    7.62758888641306e-153
0.8608510638297873    5.460474981015233e-152
0.8626595744680852    3.880057852741977e-151
0.864468085106383    2.7366920489865974e-150
0.8662765957446809    1.9160584998664448e-149
0.8680851063829788    1.3316855918710694e-148
0.8698936170212767    9.187970277027413e-148
0.8717021276595744    6.293280583478811e-147
0.8735106382978723    4.279458097233203e-146
0.8753191489361702    2.8891428721264623e-145
0.8771276595744681    1.9365649018470612e-144
0.8789361702127659    1.2888191640093895e-143
0.8807446808510638    8.516531458619078e-143
0.8825531914893617    5.588022854851113e-142
0.8843617021276596    3.6407588073927e-141
0.8861702127659574    2.355469521089404e-140
0.8879787234042553    1.5133114083715602e-139
0.8897872340425532    9.655118681777527e-139
0.8915957446808511    6.11756430504847e-138
0.8934042553191489    3.8494978081175793e-137
0.8952127659574468    2.4057310715143554e-136
0.8970212765957447    1.4932078924223992e-135
0.8988297872340426    9.205264644766929e-135
0.9006382978723404    5.636474691958651e-134
0.9024468085106383    3.428044717361102e-133
0.9042553191489362    2.0709292437769975e-132
0.9060638297872341    1.2427278117425726e-131
0.9078723404255319    7.407825412823088e-131
0.9096808510638298    4.3865319104042965e-130
0.9114893617021277    2.580354853710596e-129
0.9132978723404256    1.507914789050541e-128
0.9151063829787234    8.754370297397103e-128
0.9169148936170213    5.049346564914996e-127
0.9187234042553192    2.8934694303775324e-126
0.9205319148936171    1.6473552112510586e-125
0.9223404255319149    9.3186140035124e-125
0.9241489361702128    5.2374763096042605e-124
0.9259574468085107    2.9248955417470915e-123
0.9277659574468086    1.6230314796922814e-122
0.9295744680851065    8.949164034415723e-122
0.9313829787234043    4.9032888837921865e-121
0.9331914893617022    2.6696382889708044e-120
0.935    1.444400509968641e-119
0.936808510638298    7.766106683234755e-119
0.9386170212765957    4.149633293759485e-118
0.9404255319148936    2.2035188808966783e-117
0.9422340425531915    1.1628788333974389e-116
0.9440425531914894    6.099196632016207e-116
0.9458510638297872    3.1793697288660486e-115
0.9476595744680851    1.647211336752315e-114
0.949468085106383    8.482171723149249e-114
0.9512765957446809    4.3413391920069484e-113
0.9530851063829787    2.20855732233044e-112
0.9548936170212766    1.1167892325834461e-111
0.9567021276595745    5.613329593461567e-111
0.9585106382978724    2.8045666054411934e-110
0.9603191489361702    1.3928869955065635e-109
0.9621276595744681    6.8766963908837155e-109
0.963936170212766    3.3749434791525748e-108
0.9657446808510639    1.6465867012458482e-107
0.9675531914893617    7.986248562721268e-107
0.9693617021276596    3.850789263316278e-106
0.9711702127659575    1.845924344819771e-105
0.9729787234042554    8.79718413044289e-105
0.9747872340425532    4.168189425048764e-104
0.9765957446808511    1.9635115191529632e-103
0.978404255319149    9.19623116542228e-103
0.9802127659574469    4.282376284943224e-102
0.9820212765957447    1.982742478228489e-101
0.9838297872340426    9.127719350281146e-101
0.9856382978723405    4.178116942272032e-100
0.9874468085106384    1.901643208691095e-99
0.9892553191489362    8.606277092210264e-99
0.9910638297872341    3.872996367063823e-98
0.992872340425532    1.7331329952166763e-97
0.9946808510638299    7.712180961558518e-97
0.9964893617021277    3.41263989185701e-96
0.9982978723404256    1.501685482426884e-95
1.0001063829787233    6.571280908188598e-95
1.0019148936170212    2.8596363328680763e-94
1.0037234042553191    1.2375661524841893e-93
1.005531914893617    5.32635282242948e-93
1.007340425531915    2.2798291859772668e-92
1.0091489361702128    9.704931286947667e-92
1.0109574468085107    4.1087265328642337e-91
1.0127659574468086    1.7300290420665007e-90
1.0145744680851063    7.244987438511431e-90
1.0163829787234042    3.0176342377326803e-89
1.0181914893617021    1.2501060122192651e-88
1.02    5.150920780878932e-88
1.021808510638298    2.1109945404476415e-87
1.0236170212765958    8.60517936740719e-87
1.0254255319148937    3.489069507068259e-86
1.0272340425531916    1.4071565809998843e-85
1.0290425531914893    5.645007338484904e-85
1.0308510638297872    2.2525891086958423e-84
1.032659574468085    8.941304268957047e-84
1.034468085106383    3.530426463080841e-83
1.036276595744681    1.3866497604639547e-82
1.0380851063829788    5.417832302327674e-82
1.0398936170212767    2.1057620269193055e-81
1.0417021276595746    8.141861339879413e-81
1.0435106382978723    3.1316589435099344e-80
1.0453191489361702    1.1983044256235702e-79
1.047127659574468    4.561496621322627e-79
1.048936170212766    1.7274302583395424e-78
1.0507446808510639    6.508067958824492e-78
1.0525531914893618    2.4393122025682844e-77
1.0543617021276597    9.096027206450507e-77
1.0561702127659576    3.374507578498147e-76
1.0579787234042553    1.2455137953464458e-75
1.0597872340425532    4.57373793823083e-75
1.061595744680851    1.671027810580303e-74
1.063404255319149    6.074223263020616e-74
1.0652127659574468    2.1968350269362498e-73
1.0670212765957447    7.905123329698511e-73
1.0688297872340426    2.8302786818693313e-72
1.0706382978723405    1.0082398799216817e-71
1.0724468085106382    3.5736941629379184e-71
1.0742553191489361    1.2603593750466375e-70
1.076063829787234    4.422822570955639e-70
1.077872340425532    1.5443199975763997e-69
1.0796808510638298    5.365525003964929e-69
1.0814893617021277    1.8549351797113585e-68
1.0832978723404256    6.381036384327591e-68
1.0851063829787235    2.18425831638713e-67
1.0869148936170212    7.439972650587451e-67
1.088723404255319    2.521723463720502e-66
1.090531914893617    8.505238939523536e-66
1.092340425531915    2.854582653467199e-65
1.0941489361702128    9.533883048854392e-65
1.0959574468085107    3.168634217822847e-64
1.0977659574468086    1.0479810419093059e-63
1.0995744680851065    3.44919431986956e-63
1.1013829787234042    1.1297143569155744e-62
1.103191489361702    3.6822236390752394e-62
1.105    1.1943893646484728e-61
1.1068085106382979    3.85549030716369e-61
1.1086170212765958    1.2385537029830479e-60
1.1104255319148937    3.959635136398065e-60
1.1122340425531916    1.2598072581309536e-59
1.1140425531914895    3.989009837077916e-59
1.1158510638297872    1.2570182245223594e-58
1.117659574468085    3.942183670281921e-58
1.119468085106383    1.2304224389912411e-57
1.1212765957446809    3.82205541088501e-57
1.1230851063829788    1.1815939286610745e-56
1.1248936170212767    3.6355589548287434e-56
1.1267021276595746    1.1132914703834451e-55
1.1285106382978725    3.39300381223577e-55
1.1303191489361701    1.02920186027335e-54
1.132127659574468    3.1071373108389947e-54
1.133936170212766    9.336129438071023e-54
1.1357446808510638    2.7920463877503034e-53
1.1375531914893617    8.310564042840127e-53
1.1393617021276596    2.4620291049407758e-52
1.1411702127659575    7.259610613506166e-52
1.1429787234042554    2.13055883078459e-51
1.1447872340425531    6.223523558107332e-51
1.146595744680851    1.8094402113132255e-50
1.148404255319149    5.236241458427168e-50
1.1502127659574468    1.5082210620423017e-49
1.1520212765957447    4.323969016356597e-49
1.1538297872340426    1.2338849101480233e-48
1.1556382978723405    3.504640358956958e-48
1.1574468085106384    9.90811755522152e-48
1.1592553191489363    2.788173780471822e-47
1.161063829787234    7.809650075388255e-47
1.162872340425532    2.177350554359704e-46
1.1646808510638298    6.042436904454321e-46
1.1664893617021277    1.6691092521742876e-45
1.1682978723404256    4.58931752998104e-45
1.1701063829787235    1.256041316736584e-44
1.1719148936170214    3.4217946013642226e-44
1.1737234042553193    9.278970655536587e-44
1.175531914893617    2.504627371191773e-43
1.1773404255319149    6.729541039988734e-43
1.1791489361702128    1.799816631572661e-42
1.1809574468085107    4.7915165980102434e-42
1.1827659574468086    1.2697582022908056e-41
1.1845744680851065    3.3494512754565977e-41
1.1863829787234044    8.794925486196283e-41
1.1881914893617023    2.298781650780967e-40
1.19    5.980967919132336e-40
1.1918085106382978    1.5490109691660304e-39
1.1936170212765957    3.9934458304466646e-39
1.1954255319148936    1.0248312054559592e-38
1.1972340425531915    2.6179962219733885e-38
1.1990425531914894    6.657308036663045e-38
1.2008510638297873    1.6851634086514106e-37
1.2026595744680852    4.246193929418869e-37
1.204468085106383    1.0650566516907907e-36
1.2062765957446808    2.6592627534980674e-36
1.2080851063829787    6.609459780906626e-36
1.2098936170212766    1.6352618256068255e-35
1.2117021276595745    4.027408078583861e-35
1.2135106382978724    9.873731123180336e-35
1.2153191489361703    2.4096531151704784e-34
1.2171276595744682    5.853902877828035e-34
1.218936170212766    1.4156450226017634e-33
1.2207446808510638    3.4078552026705145e-33
1.2225531914893617    8.166308651685894e-33
1.2243617021276596    1.9479968118577352e-32
1.2261702127659575    4.625602634906334e-32
1.2279787234042554    1.0933665725370684e-31
1.2297872340425533    2.572647842723792e-31
1.2315957446808512    6.02575661295182e-31
1.2334042553191489    1.4049441660204316e-30
1.2352127659574468    3.260785598799281e-30
1.2370212765957447    7.533564507898304e-30
1.2388297872340426    1.7325795228727006e-29
1.2406382978723405    3.9664270748078724e-29
1.2424468085106384    9.038961860129785e-29
1.2442553191489363    2.0504514412107034e-28
1.2460638297872342    4.630109567701159e-28
1.2478723404255319    1.04074132440304e-27
1.2496808510638298    2.3286429532596906e-27
1.2514893617021277    5.186451480379383e-27
1.2532978723404256    1.149856634671024e-26
1.2551063829787235    2.5375908169666136e-26
1.2569148936170214    5.574455943061262e-26
1.2587234042553193    1.2189468151031687e-25
1.2605319148936172    2.653179856960414e-25
1.2623404255319148    5.74839344825837e-25
1.2641489361702127    1.2397160932090774e-24
1.2659574468085106    2.6612884748806656e-24
1.2677659574468085    5.6866111389747466e-24
1.2695744680851064    1.2094969456215189e-23
1.2713829787234043    2.5606097021026386e-23
1.2731914893617022    5.39593810050375e-23
1.2750000000000001    1.1318085803144325e-22
1.2768085106382978    2.3629734196690827e-22
1.2786170212765957    4.910455644243756e-22
1.2804255319148936    1.0156849276092058e-21
1.2822340425531915    2.091064961914343e-21
1.2840425531914894    4.284935310803241e-21
1.2858510638297873    8.739489161002763e-21
1.2876595744680852    1.7741467646735196e-20
1.289468085106383    3.5846876157314585e-20
1.2912765957446808    7.208879985074096e-20
1.2930851063829787    1.4428968482135332e-19
1.2948936170212766    2.874418186936366e-19
1.2967021276595745    5.699120367393091e-19
1.2985106382978724    1.1246174299845305e-18
1.3003191489361703    2.2086995596167122e-18
1.3021276595744682    4.317167882070618e-18
1.303936170212766    8.398218004425867e-18
1.3057446808510638    1.6259102417937163e-17
1.3075531914893617    3.132725563617978e-17
1.3093617021276596    6.00702558426751e-17
1.3111702127659575    1.1463118408601179e-16
1.3129787234042554    2.176942170370506e-16
1.3147872340425533    4.1142085304706087e-16
1.3165957446808512    7.737760823236649e-16
1.318404255319149    1.4481982269740764e-15
1.3202127659574467    2.697232339493021e-15
1.3220212765957446    4.9989647688222695e-15
1.3238297872340425    9.219485813665296e-15
1.3256382978723404    1.6919657297587866e-14
1.3274468085106383    3.089781596040255e-14
1.3292553191489362    5.614463503202899e-14
1.3310638297872341    1.015139403197194e-13
1.332872340425532    1.8263015982816077e-13
1.3346808510638297    3.269195682115292e-13
1.3364893617021276    5.822679764336374e-13
1.3382978723404255    1.03183482259846e-12
1.3401063829787234    1.8192575903424877e-12
1.3419148936170213    3.1912889987275374e-12
1.3437234042553192    5.56950893026748e-12
1.3455319148936171    9.67023708314639e-12
1.347340425531915    1.6703870164361414e-11
1.3491489361702127    2.870429383796895e-11
1.3509574468085106    4.907000442808186e-11
1.3527659574468085    8.344765856697354e-11
1.3545744680851064    1.4116598347155468e-10
1.3563829787234043    2.3754859434007357e-10
1.3581914893617022    3.9762132247778624e-10
1.36    6.620176450084115e-10
1.361808510638298    1.096325887842355e-09
1.3636170212765957    1.8057892718463255e-09
1.3654255319148936    2.9582741614323136e-09
1.3672340425531915    4.819921127594989e-09
1.3690425531914894    7.810113407322084e-09
1.3708510638297873    1.2585657065892304e-08
1.3726595744680852    2.0168812560267302e-08
1.374468085106383    3.214066447502337e-08
1.376276595744681    5.093110548332851e-08
1.3780851063829787    8.025057383502322e-08
1.3798936170212766    1.257281231481635e-07
1.3817021276595745    1.9584738213486604e-07
1.3835106382978724    3.0330900170814984e-07
1.3853191489361703    4.6699846437711826e-07
1.3871276595744682    7.148055599470155e-07
1.388936170212766    1.0876311101309716e-06
1.390744680851064    1.6450331140856363e-06
1.3925531914893619    2.473114481536912e-06
1.3943617021276595    3.6954443499069847e-06
1.3961702127659574    5.488040874875937e-06
1.3979787234042553    8.099730504154663e-06
1.3997872340425532    1.1879539907740087e-05
1.4015957446808511    1.7313170608375648e-05
1.403404255319149    2.5071045035466375e-05
1.405212765957447    3.607087868652467e-05
1.4070212765957448    5.1558195448872923e-05
1.4088297872340425    7.320861344211371e-05
1.4106382978723404    0.00010325601640650021
1.4124468085106383    0.00014465079366979592
1.4142553191489362    0.00020125205323888722
1.416063829787234    0.0002780569294874533
1.417872340425532    0.0003814686317631359
1.41968085106383    0.0005196025029642914
1.4214893617021278    0.0007026258587497726
1.4232978723404255    0.0009431225529640413
1.4251063829787234    0.0012564669036071658
1.4269148936170213    0.001661183746921692
1.4287234042553192    0.0021792620408858645
1.430531914893617    0.0028363788991347142
1.432340425531915    0.0036619797659227004
1.4341489361702129    0.004689149549856663
1.4359574468085108    0.005954200221198052
1.4377659574468085    0.007495894363201981
1.4395744680851064    0.00935422356101566
1.4413829787234043    0.011568667717842533
1.4431914893617022    0.014175878931020926
1.445    0.017206763802663064
1.446808510638298    0.02068298281702723
1.4486170212765959    0.024612945480236518
1.4504255319148938    0.028987454505145966
1.4522340425531914    0.03377523852206235
1.4540425531914893    0.038918705071986553
1.4558510638297872    0.044330335528693005
1.4576595744680851    0.04989021969350198
1.459468085106383    0.05544527618859128
1.461276595744681    0.060810709972296303
1.4630851063829788    0.06577420489137241
1.4648936170212767    0.07010322400525527
1.4667021276595744    0.07355558527151736
1.4685106382978723    0.07589319482239947
1.4703191489361702    0.07689846503696839
1.4721276595744681    0.07639254346306955
1.473936170212766    0.07425406883768974
1.475744680851064    0.0704368024382243
1.4775531914893618    0.06498421681788309
1.4793617021276597    0.05803902320583412
1.4811702127659574    0.04984574188285534
1.4829787234042553    0.04074480919317677
1.4847872340425532    0.03115738563870754
1.486595744680851    0.021560958866978258
1.488404255319149    0.01245695506519099
1.490212765957447    0.004332766780488485
1.4920212765957448    -0.0023782825840874635
1.4938297872340427    -0.007334671334404963
1.4956382978723404    -0.010317350109045043
1.4974468085106383    -0.011248811222378342
1.4992553191489362    -0.010196945915756955
1.501063829787234    -0.007361717060042811
1.502872340425532    -0.0030449043638389843
1.5046808510638299    0.002394246726073204
1.5064893617021278    0.008592083207099525
1.5082978723404257    0.015234814590823677
1.5101063829787233    0.022105293816829647
1.5119148936170212    0.029113681229834012
1.5137234042553191    0.0363049388648464
1.515531914893617    0.04383916830992268
1.517340425531915    0.051945069920479606
1.5191489361702128    0.06085168742840538
1.5209574468085107    0.07070830419926821
1.5227659574468086    0.08150595513496461
1.5245744680851063    0.09301563969952606
1.5263829787234042    0.10475733114435481
1.5281914893617021    0.11601005162762712
1.53    0.12586693565979457
1.531808510638298    0.13333121655817964
1.5336170212765958    0.13744080604551717
1.5354255319148937    0.13740223282053393
1.5372340425531916    0.1327107634784725
1.5390425531914893    0.12323375790129737
1.5408510638297872    0.10923919742750693
1.542659574468085    0.09136040919163152
1.544468085106383    0.07049985095400563
1.546276595744681    0.04768717482637526
1.5480851063829788    0.023917017157057893
1.5498936170212767    -2.4069639407743593e-06
1.5517021276595746    -0.023559492663285688
1.5535106382978723    -0.04658519137867222
1.5553191489361702    -0.06922467295568166
1.557127659574468    -0.09184067517108085
1.558936170212766    -0.11486999561103439
1.5607446808510639    -0.13866577806942143
1.5625531914893618    -0.16336213493810292
1.5643617021276597    -0.188792802182648
1.5661702127659576    -0.21448265256547772
1.5679787234042553    -0.2397128639823622
1.5697872340425532    -0.26364181714595897
1.571595744680851    -0.28544936674201665
1.573404255319149    -0.3044661582457781
1.5752127659574469    -0.3202542346744927
1.5770212765957448    -0.33261950423501646
1.5788297872340427    -0.3415570195334468
1.5806382978723406    -0.347150667134098
1.5824468085106382    -0.3494634676272594
1.5842553191489361    -0.3484582849324604
1.586063829787234    -0.34397942365874173
1.587872340425532    -0.33580539690973227
1.5896808510638298    -0.3237578373168563
1.5914893617021277    -0.30782912418109104
1.5932978723404256    -0.2882797197972428
1.5951063829787235    -0.26566062151313624
1.5969148936170212    -0.24073713332145247
1.5987234042553191    -0.21432223813990114
1.600531914893617    -0.18706164731460384
1.602340425531915    -0.1592367616881915
1.6041489361702128    -0.1306567585660685
1.6059574468085107    -0.10069254935269956
1.6077659574468086    -0.06846653295491567
1.6095744680851065    -0.03316323235288331
1.6113829787234042    0.00561800471524539
1.613191489361702    0.047570970827749345
1.615    0.09154776357640183
1.616808510638298    0.13564017582296423
1.6186170212765958    0.1774765602145214
1.6204255319148937    0.21466863441068362
1.6222340425531916    0.24529334183821067
1.6240425531914895    0.26827794502469066
1.6258510638297874    0.28357950442400376
1.627659574468085    0.29210754127971833
1.629468085106383    0.29541392357317536
1.6312765957446809    0.2952430594698591
1.6330851063829788    0.29307565591071677
1.6348936170212767    0.28979696515608994
1.6367021276595746    0.285576164428705
1.6385106382978725    0.27997237941398095
1.6403191489361704    0.2722095332434386
1.642127659574468    0.26151223424067466
1.643936170212766    0.24738539267332432
1.6457446808510638    0.22975327029768483
1.6475531914893617    0.2089352896816356
1.6493617021276596    0.18550136315515087
1.6511702127659575    0.16009265937630696
1.6529787234042554    0.1332976612632671
1.6547872340425533    0.10563735418871478
1.656595744680851    0.07765358780303538
1.658404255319149    0.05003780841732891
1.6602127659574468    0.023709670239178
1.6620212765957447    -0.00022921318137503893
1.6638297872340426    -0.020686436980964472
1.6656382978723405    -0.03686376520098761
1.6674468085106384    -0.04852859279638223
1.6692553191489363    -0.05615074653116063
1.671063829787234    -0.06082245498394184
1.672872340425532    -0.06395911915319959
1.6746808510638298    -0.06686806443179046
1.6764893617021277    -0.07033397016922809
1.6782978723404256    -0.07437475687152369
1.6801063829787235    -0.07826440128672842
1.6819148936170214    -0.08081991279667426
1.6837234042553193    -0.08084800596567009
1.685531914893617    -0.0775850653940184
1.6873404255319149    -0.07096849779747279
1.6891489361702128    -0.061647384905500105
1.6909574468085107    -0.050746212301237825
1.6927659574468086    -0.039492172292838454
1.6945744680851065    -0.028862876676497423
1.6963829787234044    -0.01938856821239849
1.6981914893617023    -0.01116364195743541
1.7    -0.004024652618423951
1.7018085106382979    0.002218026884965177
1.7036170212765958    0.0076182128220421055
1.7054255319148937    0.012073530975396143
1.7072340425531916    0.015433924814475397
1.7090425531914895    0.017653677033218698
1.7108510638297874    0.018879997410053126
1.7126595744680853    0.019412860462784835
1.714468085106383    0.019553318713042653
1.7162765957446808    0.01943462567816156
1.7180851063829787    0.018955715312654095
1.7198936170212766    0.01788912604214167
1.7217021276595745    0.016134258709247763
1.7235106382978724    0.013984207735345887
1.7253191489361703    0.012230681758165992
1.7271276595744682    0.011982672910551388
1.728936170212766    0.014208959957716212
1.7307446808510638    0.01917291995331972
1.7325531914893617    0.026028786738202955
1.7343617021276596    0.032827801495806996
1.7361702127659575    0.03703097886817647
1.7379787234042554    0.03639882234082946
1.7397872340425533    0.029929012288812895
1.7415957446808512    0.018441816743884155
1.7434042553191489    0.004519277624344453
1.7452127659574468    -0.008243501076241192
1.7470212765957447    -0.01642303680457649
1.7488297872340426    -0.017933946839176873
1.7506382978723405    -0.012710664204637068
1.7524468085106384    -0.0026301763484067736
1.7542553191489363    0.009281595121501722
1.7560638297872342    0.02001673352398613
1.7578723404255319    0.027634770745749482
1.7596808510638298    0.031775173767094766
1.7614893617021277    0.033468031531402306
1.7632978723404256    0.03439466160765284
1.7651063829787235    0.035980339547021914
1.7669148936170214    0.038742786482530586
1.7687234042553193    0.04216336246527694
1.7705319148936172    0.04507944702828656
1.7723404255319148    0.04635194581214162
1.7741489361702127    0.04545695257483441
1.7759574468085106    0.0427244558124846
1.7777659574468085    0.03914714956353142
1.7795744680851064    0.0358976669151268
1.7813829787234043    0.03381433571865168
1.7831914893617022    0.03309398721500606
1.7850000000000001    0.03329510342852145
1.7868085106382978    0.0335912370083612
1.7886170212765957    0.033112311146738085
1.7904255319148936    0.03121306856747562
1.7922340425531915    0.02759154722150447
1.7940425531914894    0.022279996681619896
1.7958510638297873    0.015581799074185013
1.7976595744680852    0.008008879737063358
1.7994680851063831    0.0002157151147148418
1.8012765957446808    -0.007113699023648051
1.8030851063829787    -0.01344969191038204
1.8048936170212766    -0.018623979193687343
1.8067021276595745    -0.022944172370978795
1.8085106382978724    -0.027099047999676086
1.8103191489361703    -0.03182937745410261
1.8121276595744682    -0.03748309902231707
1.813936170212766    -0.04368196395785019
1.8157446808510638    -0.049316639540117765
1.8175531914893617    -0.0529390472502245
1.8193617021276596    -0.053402118717118724
1.8211702127659575    -0.05043242661577417
1.8229787234042554    -0.04481926845978307
1.8247872340425533    -0.038087116247899816
1.8265957446808512    -0.03179793923161087
1.828404255319149    -0.026848328343334976
1.8302127659574468    -0.023147991273865166
1.8320212765957447    -0.019862788976234724
1.8338297872340426    -0.016082809846268413
1.8356382978723405    -0.01151981780193512
1.8374468085106384    -0.006806907899789293
1.8392553191489363    -0.0031982127660448566
1.8410638297872342    -0.00182580301851784
1.842872340425532    -0.002953364175130248
1.8446808510638297    -0.005695574794873619
1.8464893617021276    -0.00841668537941542
1.8482978723404255    -0.00962151550002014
1.8501063829787234    -0.008841752239526015
1.8519148936170213    -0.006991391879096309
1.8537234042553192    -0.005947477134052977
1.8555319148936171    -0.007550524360917448
1.857340425531915    -0.012559960346392486
1.859148936170213    -0.020141783997409374
1.8609574468085106    -0.02817980833844714
1.8627659574468085    -0.03425140558699339
1.8645744680851064    -0.03675228870237288
1.8663829787234043    -0.03559274220248732
1.8681914893617022    -0.03214433343070989
1.87    -0.02853064449901003
1.871808510638298    -0.026684217264332732
1.873617021276596    -0.027656987277703333
1.8754255319148936    -0.03146343278768113
1.8772340425531915    -0.037406641987417194
1.8790425531914894    -0.04459522568359875
1.8808510638297873    -0.05233306085176545
1.8826595744680852    -0.06023179725466547
1.884468085106383    -0.06811408634999865
1.886276595744681    -0.0758873037090796
1.8880851063829789    -0.08351340314491314
1.8898936170212766    -0.09105113117044177
1.8917021276595745    -0.0986410445519429
1.8935106382978724    -0.10633826266484557
1.8953191489361703    -0.11385025005230957
1.8971276595744682    -0.1203801989206844
1.898936170212766    -0.12477615933474089
1.900744680851064    -0.1260086150668679
1.9025531914893619    -0.12375120749612778
1.9043617021276595    -0.11870105231526251
1.9061702127659574    -0.11237173864912942
1.9079787234042553    -0.10639297911278847
1.9097872340425532    -0.10167379730416878
1.9115957446808511    -0.09791226908878956
1.913404255319149    -0.09375994304780966
1.915212765957447    -0.08756557603186968
1.9170212765957448    -0.0782698149748286
1.9188297872340425    -0.06593075761314773
1.9206382978723404    -0.05159538627385667
1.9224468085106383    -0.036643814994279614
1.9242553191489362    -0.02205302089915924
1.9260638297872341    -0.00804619964111666
1.927872340425532    0.005692283516484576
1.92968085106383    0.01944712092251419
1.9314893617021278    0.03298500419460715
1.9332978723404255    0.04550076730159537
1.9351063829787234    0.05601841924738776
1.9369148936170213    0.06393882361917903
1.9387234042553192    0.06933107439633689
1.940531914893617    0.07276782024770502
1.942340425531915    0.0748508111186078
1.944148936170213    0.07580289434566177
1.9459574468085108    0.07544435260706601
1.9477659574468085    0.07356759027697325
1.9495744680851064    0.0704032152334481
1.9513829787234043    0.06677888535037814
1.9531914893617022    0.0637893146994964
1.955    0.06216933314154931
1.956808510638298    0.06181468106385968
1.9586170212765959    0.061828601106276374
1.9604255319148938    0.06111758866391266
1.9622340425531914    0.059163654485202666
1.9640425531914893    0.05645062284926784
1.9658510638297872    0.054236594505997396
1.9676595744680851    0.05380178003515394
1.969468085106383    0.055655924353311764
1.971276595744681    0.05921334422740805
1.9730851063829788    0.06312226755686477
1.9748936170212767    0.06599938671214302
1.9767021276595744    0.06707688841451316
1.9785106382978723    0.06637753542892567
1.9803191489361702    0.06439485747887087
1.9821276595744681    0.06159360986516295
1.983936170212766    0.05811713922419308
1.985744680851064    0.05386399860323998
1.9875531914893618    0.04877459369381171
1.9893617021276597    0.04301386950932584
1.9911702127659574    0.03686688744765025
1.9929787234042553    0.03046026868704607
1.9947872340425532    0.02362254593399006
1.996595744680851    0.016112744594958206
1.998404255319149    0.008125967826720301
2.0002127659574467    0.0006841307271164849
2.0020212765957446    -0.004493359506849857
2.0038297872340425    -0.005713636578459949
2.0056382978723404    -0.0022496896386170638
2.0074468085106383    0.005116731013815547
2.009255319148936    0.0143635247339868
2.011063829787234    0.023201770660808328
2.012872340425532    0.030162221453044674
2.01468085106383    0.03510906849391546
2.016489361702128    0.03887999867075581
2.0182978723404257    0.042352553017167546
2.0201063829787236    0.04562643791354082
2.0219148936170215    0.047907951209329266
2.0237234042553194    0.04816013988069355
2.0255319148936173    0.046019835791554026
2.0273404255319147    0.04228754360399159
2.0291489361702126    0.038605390061298664
2.0309574468085105    0.036521350109543535
2.0327659574468084    0.03657053602726004
2.0345744680851063    0.0379820388411915
2.0363829787234042    0.03917559443474773
2.038191489361702    0.03867966989004423
2.04    0.035859699424203584
2.041808510638298    0.031038931087906674
2.043617021276596    0.025049109251626837
2.0454255319148937    0.018618125107847966
2.0472340425531916    0.012037086742760255
2.0490425531914895    0.005269788136920653
2.0508510638297874    -0.0016805971541785656
2.0526595744680853    -0.008486140576849283
2.0544680851063832    -0.014506354042919258
2.0562765957446807    -0.019055226500732984
2.0580851063829786    -0.021705301667508864
2.0598936170212765    -0.022436549530133625
2.0617021276595744    -0.021598921902779962
2.0635106382978723    -0.01979000043829613
2.06531914893617    -0.017746427059660785
2.067127659574468    -0.016248719858488893
2.068936170212766    -0.01597403581720685
2.070744680851064    -0.017284707483532988
2.072553191489362    -0.020061509521866312
2.0743617021276597    -0.023740563781616777
2.0761702127659576    -0.02760374968011596
2.0779787234042555    -0.031169307289109285
2.0797872340425534    -0.03440962056416527
2.0815957446808513    -0.03762040587180336
2.083404255319149    -0.04103272942513901
2.085212765957447    -0.04448484367284135
2.0870212765957445    -0.047449493664193154
2.0888297872340424    -0.04943168606390526
2.0906382978723403    -0.05042683348518409
2.0924468085106382    -0.051037422023173754
2.094255319148936    -0.052091701290913964
2.096063829787234    -0.05401326833557274
2.097872340425532    -0.056425683531126494
2.09968085106383    -0.0583288632463546
2.1014893617021277    -0.05874893071377807
2.1032978723404256    -0.057383016990342026
2.1051063829787235    -0.05475066389162102
2.1069148936170214    -0.0517454956748932
2.1087234042553193    -0.04895147448617519
2.1105319148936172    -0.04626257896191337
2.112340425531915    -0.04307852596712192
2.114148936170213    -0.03886597034499763
2.1159574468085105    -0.033584094244266546
2.1177659574468084    -0.02762341570676724
2.1195744680851063    -0.021364623990318958
2.121382978723404    -0.014823376089179947
2.123191489361702    -0.007776211545509587
2.125    -0.00030533199062469756
2.126808510638298    0.006745285805769346
2.128617021276596    0.011925135812126262
2.1304255319148937    0.013988919932045995
2.1322340425531916    0.012816501045626916
2.1340425531914895    0.009700558927769564
2.1358510638297874    0.006682757608151749
2.1376595744680853    0.00535176979238002
2.139468085106383    0.005966510179580668
2.141276595744681    0.007540746241425873
2.143085106382979    0.008775121061704246
2.1448936170212765    0.00905217803749327
2.1467021276595744    0.008680957800933902
2.1485106382978723    0.008231938719557984
2.15031914893617    0.007603974676445226
2.152127659574468    0.005729687620194783
2.153936170212766    0.0013017245492495206
2.155744680851064    -0.0059980456819107315
2.1575531914893618    -0.014803824803957208
2.1593617021276597    -0.022608060519258982
2.1611702127659576    -0.027278509633609248
2.1629787234042555    -0.028462115858242223
2.1647872340425534    -0.027792056963695883
2.1665957446808513    -0.027688396315361796
2.168404255319149    -0.02961789515355019
2.170212765957447    -0.033104875776175324
2.172021276595745    -0.03621638360964827
2.1738297872340424    -0.03712219243570963
2.1756382978723403    -0.03552973320761166
2.177446808510638    -0.032927332023255804
2.179255319148936    -0.031504389952195844
2.181063829787234    -0.03260451360149985
2.182872340425532    -0.035852337124625
2.18468085106383    -0.039508721833889426
2.1864893617021277    -0.04166682282601723
2.1882978723404256    -0.041349348863374075
2.1901063829787235    -0.038779411539369396
2.1919148936170214    -0.034816516351947005
2.1937234042553193    -0.030155304786262632
2.195531914893617    -0.024928348985633758
2.197340425531915    -0.018896296440478258
2.199148936170213    -0.01190314212763851
2.200957446808511    -0.004140837838503015
2.2027659574468084    0.003955431205348108
2.2045744680851063    0.011991351803041023
2.206382978723404    0.019772542784026268
2.208191489361702    0.027231767843814373
2.21    0.034281914839854405
2.211808510638298    0.04080435003660521
2.2136170212765958    0.04678697891089362
2.2154255319148937    0.0524132374969203
2.2172340425531916    0.05792002446862361
2.2190425531914895    0.06329344685703428
2.2208510638297874    0.06810124439785964
2.2226595744680853    0.07170675513717245
2.224468085106383    0.07377494372578941
2.226276595744681    0.07466178638503415
2.228085106382979    0.07529646700546191
2.229893617021277    0.0765561802711974
2.2317021276595743    0.07858047262694412
2.233510638297872    0.08057566317807241
2.23531914893617    0.08129798390167164
2.237127659574468    0.07986175310868654
2.238936170212766    0.0762534754509192
2.240744680851064    0.07117548215428685
2.2425531914893617    0.06539134693012819
2.2443617021276596    0.05913645196849936
2.2461702127659575    0.0520680297726968
2.2479787234042554    0.04375320814631281
2.2497872340425533    0.03424837385038604
2.251595744680851    0.02427867310708281
2.253404255319149    0.014890307125189364
2.255212765957447    0.006881496595572599
2.257021276595745    0.00045270151736701274
2.258829787234043    -0.004722449681773539
2.2606382978723403    -0.009161777033466753
2.262446808510638    -0.013282394855581529
2.264255319148936    -0.01731172551683507
2.266063829787234    -0.0213139044271313
2.267872340425532    -0.02516502783172109
2.2696808510638298    -0.028464270371100647
2.2714893617021277    -0.030556071273937894
2.2732978723404256    -0.030817194597723595
2.2751063829787235    -0.029107896937821887
2.2769148936170214    -0.026042116607603447
2.2787234042553193    -0.02277613133571654
2.280531914893617    -0.02037201870806576
2.282340425531915    -0.019171164062954455
2.284148936170213    -0.018659502377723212
2.285957446808511    -0.01793786365094008
2.2877659574468088    -0.016421059311208994
2.2895744680851062    -0.014203220736264826
2.291382978723404    -0.011819216594955353
2.293191489361702    -0.009656727449825417
2.295    -0.007571006215921976
2.296808510638298    -0.005058955515489962
2.2986170212765957    -0.0018320292561087425
2.3004255319148936    0.0017498848811805159
2.3022340425531915    0.004816397212359545
2.3040425531914894    0.006625595333627169
2.3058510638297873    0.007171974574049006
2.3076595744680852    0.007223458861354445
2.309468085106383    0.007713786727403615
2.311276595744681    0.008965724351392998
2.313085106382979    0.010386006533796443
2.314893617021277    0.010908543373900756
2.3167021276595747    0.009862546596408337
2.3185106382978726    0.007592009912020898
2.32031914893617    0.005330754284103609
2.322127659574468    0.004399424777262689
2.323936170212766    0.005300871593255992
2.325744680851064    0.0073669113528092404
2.3275531914893617    0.009208838832053118
2.3293617021276596    0.009651293153108517
2.3311702127659575    0.008496767946280643
2.3329787234042554    0.006600509780047538
2.3347872340425533    0.005226789510024149
2.336595744680851    0.005160101574519415
2.338404255319149    0.006210488683131217
2.340212765957447    0.0074639211738983715
2.342021276595745    0.00808224453065993
2.343829787234043    0.008039360195113617
2.3456382978723407    0.008208175184086496
2.3474468085106386    0.00969551739212361
2.349255319148936    0.012919632889290324
2.351063829787234    0.017170894357067125
2.352872340425532    0.02105747824108
2.3546808510638297    0.023536688517891757
2.3564893617021276    0.024721047588826477
2.3582978723404255    0.025777672389444076
2.3601063829787234    0.02795759893919096
2.3619148936170213    0.03152959528776164
2.3637234042553192    0.03551066613081395
2.365531914893617    0.03843467810050588
2.367340425531915    0.039505210746768285
2.369148936170213    0.03912234536945153
2.370957446808511    0.03830842277982577
2.3727659574468087    0.03754939334615344
2.3745744680851066    0.03613251499234896
2.3763829787234045    0.03265027230312642
2.378191489361702    0.02627702837581592
2.38    0.017663009824379856
2.381808510638298    0.008565869621761802
2.3836170212765957    0.00046446636753007427
2.3854255319148936    -0.0066279449471982
2.3872340425531915    -0.014038879546610513
2.3890425531914894    -0.023043850907385317
2.3908510638297873    -0.03343934121345793
2.392659574468085    -0.04342503505849504
2.394468085106383    -0.05099842996173118
2.396276595744681    -0.05566501773917
2.398085106382979    -0.05889857030767784
2.399893617021277    -0.06284936989838696
2.4017021276595747    -0.06838372782301202
2.4035106382978726    -0.07420719137928808
2.4053191489361705    -0.07791879579618427
2.407127659574468    -0.07812838814194087
2.408936170212766    -0.07577822964012762
2.4107446808510637    -0.07346571689616366
2.4125531914893616    -0.07331474704879704
2.4143617021276595    -0.07523410231273822
2.4161702127659574    -0.07707039816614106
2.4179787234042553    -0.07649905578358407
2.4197872340425532    -0.07298461764506775
2.421595744680851    -0.0681227726765799
2.423404255319149    -0.06414147882380647
2.425212765957447    -0.061953381142967556
2.427021276595745    -0.060479995640306705
2.4288297872340427    -0.05776365215262967
2.4306382978723406    -0.05277721500598333
2.4324468085106385    -0.04628161449767408
2.4342553191489364    -0.04001892865299392
2.436063829787234    -0.03505489719834938
2.437872340425532    -0.030806567541219507
2.4396808510638297    -0.025605780315525982
2.4414893617021276    -0.01824412892785563
2.4432978723404255    -0.009107962833322589
2.4451063829787234    5.488213699370373e-05
2.4469148936170213    0.00746070474822722
2.448723404255319    0.0125335542877198
2.450531914893617    0.016075251462685465
2.452340425531915    0.019368010454203402
2.454148936170213    0.023086452046486662
2.455957446808511    0.026918991200560932
2.4577659574468087    0.03007492369696322
2.4595744680851066    0.03210503347169963
2.4613829787234045    0.03331650696438407
2.4631914893617024    0.03452498540011023
2.465    0.03645417262626954
2.4668085106382978    0.039286785143667194
2.4686170212765957    0.04263642078139199
2.4704255319148936    0.045855275250982486
2.4722340425531915    0.048417730562824376
2.4740425531914894    0.05016631819007547
2.4758510638297873    0.051330328808919926
2.477659574468085    0.052324293065713734
2.479468085106383    0.05342325705692248
2.481276595744681    0.05451483220455469
2.483085106382979    0.055150238326070314
2.4848936170212768    0.0549382900606481
2.4867021276595747    0.05401029110754996
2.4885106382978726    0.05311568120040751
2.4903191489361705    0.05313821226878189
2.4921276595744684    0.05434330717212195
2.493936170212766    0.056014428393731525
2.4957446808510637    0.05690305769940911
2.4975531914893616    0.05621225218295384
2.4993617021276595    0.05427902234925003
2.5011702127659574    0.052296612197156145
2.5029787234042553    0.05125690003520257
2.504787234042553    0.051052057612351084
2.506595744680851    0.05059682293842713
2.508404255319149    0.0489089973940173
2.510212765957447    0.046144723076274666
2.512021276595745    0.04355064598310379
2.5138297872340427    0.0422778950760761
2.5156382978723406    0.04212195471189667
2.5174468085106385    0.04142475859418278
2.5192553191489364    0.03836192003171192
2.5210638297872343    0.032533743404763685
2.5228723404255318    0.025413278602068698
2.5246808510638297    0.01917647130764205
2.5264893617021276    0.014895928883478286
2.5282978723404255    0.011680947607861487
2.5301063829787234    0.007516887167790941
2.5319148936170213    0.0010423657246812663
2.533723404255319    -0.0073127873018466755
2.535531914893617    -0.01578766887973153
2.537340425531915    -0.022848303455742368
2.539148936170213    -0.028394760120407786
2.5409574468085108    -0.033572807155829686
2.5427659574468087    -0.03947166065760544
2.5445744680851066    -0.04597919029808372
2.5463829787234045    -0.051833863790186584
2.5481914893617024    -0.05574820760091275
2.5500000000000003    -0.05751360033942116
2.551808510638298    -0.05810281841798947
2.5536170212765956    -0.05878143025824218
2.5554255319148935    -0.06012753531146787
2.5572340425531914    -0.06182829208475699
2.5590425531914893    -0.06329096671558807
2.560851063829787    -0.06434020787613845
2.562659574468085    -0.06529568826558524
2.564468085106383    -0.06643449124209033
2.566276595744681    -0.06747929171370681
2.568085106382979    -0.06768877972359116
2.5698936170212767    -0.06647472040150126
2.5717021276595746    -0.06392350551629206
2.5735106382978725    -0.06070644769440035
2.5753191489361704    -0.05748656681639497
2.5771276595744683    -0.054422348049925115
2.578936170212766    -0.051242859871665936
2.580744680851064    -0.04777484175964196
2.5825531914893616    -0.044351761124954245
2.5843617021276595    -0.041670251860784435
2.5861702127659574    -0.040223915633298954
2.5879787234042553    -0.039863833536328594
2.589787234042553    -0.03990321649195487
2.591595744680851    -0.03965352744625497
2.593404255319149    -0.0388845475119631
2.595212765957447    -0.0378128811028562
2.5970212765957448    -0.036699729613017346
2.5988297872340427    -0.035494516346510296
2.6006382978723406    -0.0338645238183866
2.6024468085106385    -0.031536129178105
2.6042553191489364    -0.02857393654872952
2.6060638297872343    -0.025323640631498924
2.607872340425532    -0.022107209889062514
2.60968085106383    -0.018996968152570917
2.6114893617021275    -0.01587684003940329
2.6132978723404254    -0.012674837857550615
2.6151063829787233    -0.009476724486935501
2.6169148936170212    -0.006387812972824293
2.618723404255319    -0.0033182586149904537
2.620531914893617    1.8114155619836092e-05
2.622340425531915    0.003821385621022244
2.624148936170213    0.007902799358105825
2.6259574468085107    0.011709226762946834
2.6277659574468086    0.014733371040893516
2.6295744680851065    0.016969826741310225
2.6313829787234044    0.018975577326713126
2.6331914893617023    0.021428579549066382
2.6350000000000002    0.02455723966405034
2.636808510638298    0.02797194609653963
2.638617021276596    0.03108157692537313
2.6404255319148935    0.033722471021109854
2.6422340425531914    0.03639102960011299
2.6440425531914893    0.03980853959769133
2.645851063829787    0.04417421261078423
2.647659574468085    0.0487962278951946
2.649468085106383    0.05249057230262218
2.651276595744681    0.05444818802861989
2.653085106382979    0.054821065060816326
2.6548936170212767    0.05450157336793897
2.6567021276595746    0.05428483563428829
2.6585106382978725    0.054160966517528164
2.6603191489361704    0.05336284023084255
2.6621276595744683    0.051101688060395126
2.663936170212766    0.047301449672266946
2.665744680851064    0.042671897732308714
2.667553191489362    0.038101119534993386
2.6693617021276594    0.03397907097288784
2.6711702127659573    0.0300828186446285
2.6729787234042552    0.026062952982953656
2.674787234042553    0.021971676193348583
2.676595744680851    0.01826705745987544
2.678404255319149    0.015309008303920166
2.680212765957447    0.012920496203070207
2.6820212765957447    0.010529804385261039
2.6838297872340426    0.007780712105569687
2.6856382978723405    0.004954140093329272
2.6874468085106384    0.002687179049824422
2.6892553191489363    0.0012039369593486817
2.6910638297872342    -0.00015165031826299314
2.692872340425532    -0.0025053277317019194
2.69468085106383    -0.006444509173084822
2.696489361702128    -0.011350782586778334
2.6982978723404254    -0.01576755969349297
2.7001063829787233    -0.018528760318360194
2.701914893617021    -0.019615387513062122
2.703723404255319    -0.019938181717121226
2.705531914893617    -0.020282568200490843
2.707340425531915    -0.020483859097157168
2.709148936170213    -0.019676734527786646
2.7109574468085107    -0.017372797015817846
2.7127659574468086    -0.014245199799519156
2.7145744680851065    -0.011747262927512006
2.7163829787234044    -0.01085877654496615
2.7181914893617023    -0.011182989456482825
2.72    -0.011340522387361635
2.721808510638298    -0.010342411838609004
2.723617021276596    -0.008611720834248455
2.725425531914894    -0.007606102738831614
2.7272340425531914    -0.0083528988539644
2.7290425531914893    -0.01032518765730521
2.730851063829787    -0.011825410239568589
2.732659574468085    -0.011597843166564977
2.734468085106383    -0.01014707892367667
2.736276595744681    -0.009437952766931587
2.7380851063829788    -0.011157077231587237
2.7398936170212767    -0.015106515346189654
2.7417021276595746    -0.019228418165635502
2.7435106382978725    -0.021264446095771765
2.7453191489361704    -0.020543308675149773
2.7471276595744683    -0.018295017546834602
2.748936170212766    -0.01629139550258167
2.750744680851064    -0.015165510291558527
2.752553191489362    -0.013997899392274225
2.75436170212766    -0.011484613656942557
2.7561702127659573    -0.007472056228781259
2.757978723404255    -0.003324750509670139
2.759787234042553    -0.0007602669735676864
2.761595744680851    -0.0002844888416369089
2.763404255319149    -0.0007414855769677857
2.765212765957447    -0.00040981951807806424
2.7670212765957447    0.0014040200613068248
2.7688297872340426    0.003779964797202496
2.7706382978723405    0.005128668997469602
2.7724468085106384    0.004735512887780795
2.7742553191489363    0.0034424861601465772
2.776063829787234    0.002870830306095338
2.777872340425532    0.003982081449535478
2.77968085106383    0.006358254480922977
2.781489361702128    0.008830137508361462
2.783297872340426    0.010763934419415675
2.7851063829787237    0.0127134217420511
2.786914893617021    0.01581000288581461
2.788723404255319    0.020513216581887077
2.790531914893617    0.02595629872939292
2.792340425531915    0.030525856783575587
2.7941489361702128    0.03312281598359998
2.7959574468085107    0.033927740239475784
2.7977659574468086    0.03401304011415743
2.7995744680851065    0.03425969892724323
2.8013829787234044    0.03464829039292992
2.8031914893617023    0.03454181964794521
2.805    0.033562046601874604
2.806808510638298    0.03210885786451413
2.808617021276596    0.031002936681291074
2.810425531914894    0.030661889622219336
2.8122340425531918    0.030686021665598757
2.8140425531914897    0.03027710431122496
2.815851063829787    0.029039537691791226
2.817659574468085    0.027332324770292883
2.819468085106383    0.025832596909108593
2.821276595744681    0.02480247373288451
2.8230851063829787    0.023844011272969638
2.8248936170212766    0.022384449944491853
2.8267021276595745    0.020344107241231778
2.8285106382978724    0.018248228526858076
2.8303191489361703    0.01665601524962542
2.832127659574468    0.015536185732941313
2.833936170212766    0.014295971662711533
2.835744680851064    0.012466850844683689
2.837553191489362    0.010310418429582295
2.83936170212766    0.008641867328804346
2.8411702127659577    0.007978137842662745
2.8429787234042556    0.007865053407679987
2.844787234042553    0.007115376071678213
2.846595744680851    0.004786709817173227
2.848404255319149    0.0009659014727002417
2.8502127659574468    -0.003393620248685613
2.8520212765957447    -0.007382841604605569
2.8538297872340426    -0.01085570585261066
2.8556382978723405    -0.0142558809664983
2.8574468085106384    -0.017821007935431805
2.8592553191489363    -0.021100505586317504
2.861063829787234    -0.023369820136964623
2.862872340425532    -0.02451613798035102
2.86468085106383    -0.02538989622174034
2.866489361702128    -0.027119484276131627
2.8682978723404258    -0.029985647644173757
2.8701063829787237    -0.03299538640444474
2.8719148936170216    -0.034667923868218625
2.873723404255319    -0.03434118241492773
2.875531914893617    -0.032748032443189884
2.877340425531915    -0.0312950269584978
2.8791489361702127    -0.03074253749966508
2.8809574468085106    -0.03056940819860974
2.8827659574468085    -0.02961865800116397
2.8845744680851064    -0.02735037265271307
2.8863829787234043    -0.024442196474249188
2.8881914893617022    -0.022148826731166256
2.89    -0.02107211528082239
2.891808510638298    -0.02056422938001882
2.893617021276596    -0.019341850139848592
2.895425531914894    -0.016697501455927348
2.8972340425531917    -0.013137599928463008
2.8990425531914896    -0.009871337714020833
2.9008510638297875    -0.007692751944962776
2.902659574468085    -0.006337403469989943
2.904468085106383    -0.004873090944032427
2.906276595744681    -0.0026684936212011887
2.9080851063829787    2.432980694121352e-05
2.9098936170212766    0.0023946175304976093
2.9117021276595745    0.003926332055360469
2.9135106382978724    0.0049307123025542875
2.9153191489361703    0.006269063373050401
2.917127659574468    0.008558962060324027
2.918936170212766    0.011602205886387981
2.920744680851064    0.014514997082627393
2.922553191489362    0.016393376979259654
2.92436170212766    0.016927224168966845
2.9261702127659577    0.016507095002931058
2.9279787234042556    0.015841244535415668
2.9297872340425535    0.01545745678513763
2.931595744680851    0.015448610198876344
2.933404255319149    0.015549488527561436
2.9352127659574467    0.015395014729877709
2.9370212765957446    0.014766189226909008
2.9388297872340425    0.01371551804771719
2.9406382978723404    0.012542171822010874
2.9424468085106383    0.011622325620661001
2.9442553191489362    0.011153186155119055
2.946063829787234    0.010959250568224714
2.947872340425532    0.010540035418759645
2.94968085106383    0.009403270235144305
2.951489361702128    0.007477623994696016
2.9532978723404257    0.005257496209235709
2.9551063829787236    0.0034902431037827347
2.9569148936170215    0.0026007148883527937
2.9587234042553194    0.0023277749607482296
2.960531914893617    0.0019236045234935
2.962340425531915    0.0007910066469036482
2.9641489361702127    -0.0009810482555764142
2.9659574468085106    -0.0026679378014831953
2.9677659574468085    -0.0035116486366908502
2.9695744680851064    -0.0033258200728804614
2.9713829787234043    -0.002548274679814947
2.973191489361702    -0.001721752680226194
2.975    -0.0009500240781375444
2.976808510638298    0.00010277959122680569
2.978617021276596    0.0016748723318412615
2.980425531914894    0.0034316130380204145
2.9822340425531917    0.004631464579545852
2.9840425531914896    0.004846565006427285
2.9858510638297875    0.004506398345915211
2.9876595744680854    0.004616979298018832
2.989468085106383    0.005812461273097886
2.9912765957446807    0.007634349195447854
2.9930851063829786    0.008808539776764334
2.9948936170212765    0.008345735056963097
2.9967021276595744    0.0064400941372430975
2.9985106382978723    0.004275307203177259
3.0003191489361702    0.0028959276915066215
3.002127659574468    0.002240316689059033
3.003936170212766    0.0012928994547188226
3.005744680851064    -0.0008019063662695237
3.007553191489362    -0.0038004194078746626
3.0093617021276597    -0.006563133436945177
3.0111702127659576    -0.008200158511253507
3.0129787234042555    -0.008976164260628777
3.0147872340425534    -0.01002004970093845
3.0165957446808513    -0.012111281049629677
3.0184042553191492    -0.014787425615055819
3.0202127659574467    -0.016720818371735967
3.0220212765957446    -0.017027230229497675
3.0238297872340425    -0.016202033869218938
3.0256382978723404    -0.01572612057134641
3.0274468085106383    -0.016704633670261412
3.029255319148936    -0.018863521331220802
3.031063829787234    -0.020866569096006052
3.032872340425532    -0.02160725111689346
3.03468085106383    -0.021195403075639954
3.036489361702128    -0.020711907041795333
3.0382978723404257    -0.021048432834479415
3.0401063829787236    -0.02201935141674491
3.0419148936170215    -0.022593408176258822
3.0437234042553194    -0.02194645097881836
3.0455319148936173    -0.020257728456011127
3.047340425531915    -0.018497528037263677
3.0491489361702127    -0.017483564801053612
3.0509574468085106    -0.017158766109893316
3.0527659574468085    -0.016740658093696244
3.0545744680851064    -0.0155001526420019
3.0563829787234043    -0.01336942011246503
3.058191489361702    -0.010854064135639673
3.06    -0.008461778890807362
3.061808510638298    -0.006278694959274897
3.063617021276596    -0.0040599768116487776
3.0654255319148938    -0.001617918747739016
3.0672340425531917    0.0009707822805597625
3.0690425531914896    0.0035285441899360437
3.0708510638297875    0.0060408650565857164
3.0726595744680854    0.008646703247867562
3.0744680851063833    0.011334319019232104
3.076276595744681    0.013715543324836054
3.0780851063829786    0.01522353410693342
3.0798936170212765    0.01562902704318811
3.0817021276595744    0.015370520372205557
3.0835106382978723    0.01529619105251356
3.08531914893617    0.015965973155791697
3.087127659574468    0.017130193727248295
3.088936170212766    0.017899486734680132
3.090744680851064    0.017504428770623633
3.092553191489362    0.015982894609784252
3.0943617021276597    0.014173597323651015
3.0961702127659576    0.013019593987167594
3.0979787234042555    0.012815150887458843
3.0997872340425534    0.013066366709556236
3.1015957446808513    0.013045286898747448
3.103404255319149    0.012468085417007418
3.105212765957447    0.01164548282986758
3.1070212765957446    0.011007345819844756
3.1088297872340425    0.010535973100492913
3.1106382978723404    0.00972092764167904
3.1124468085106383    0.008097182071000707
3.114255319148936    0.005809701136956504
3.116063829787234    0.003596162765928503
3.117872340425532    0.002157856210579817
3.11968085106383    0.0015171617866705216
3.1214893617021278    0.0009998618700895303
3.1232978723404257    -0.00011803920012388709
3.1251063829787236    -0.0019054456235290161
3.1269148936170215    -0.0036770401267241957
3.1287234042553194    -0.004584388525974119
3.1305319148936173    -0.004339843412422598
3.132340425531915    -0.0034229701159189064
3.134148936170213    -0.002629880728100974
3.1359574468085105    -0.0024207291538305012
3.1377659574468084    -0.002646726282017126
3.1395744680851063    -0.0028329219707657277
3.141382978723404    -0.0026870808143579393
3.143191489361702    -0.002360180958041312
3.145    -0.0022698185316250155
3.146808510638298    -0.0026964781073311956
3.148617021276596    -0.0035212030671937936
3.1504255319148937    -0.004309073246756901
3.1522340425531916    -0.004645099991453427
3.1540425531914895    -0.004442046927793213
3.1558510638297874    -0.003977624904061931
3.1576595744680853    -0.0036328653890850523
3.159468085106383    -0.003543547809161363
3.161276595744681    -0.0034680456681347935
3.163085106382979    -0.0030186927422659413
3.1648936170212765    -0.002082991551969178
3.1667021276595744    -0.0010421591645490983
3.1685106382978723    -0.0005248049555487124
3.17031914893617    -0.000862792576358922
3.172127659574468    -0.0017557948191135383
3.173936170212766    -0.002515566831052956
3.175744680851064    -0.002706925763130189
3.1775531914893618    -0.0025623547968428037
3.1793617021276597    -0.0027201495566623575
3.1811702127659576    -0.0035169064531443313
3.1829787234042555    -0.0045682568272201705
3.1847872340425534    -0.005122487579197952
3.1865957446808513    -0.004867370342120831
3.188404255319149    -0.004346236102900225
3.190212765957447    -0.004496487658733141
3.192021276595745    -0.005736254800673938
3.1938297872340424    -0.007529496989701458
3.1956382978723403    -0.00888519788473219
3.1974468085106382    -0.009271218213867878
3.199255319148936    -0.008995406730754748
3.201063829787234    -0.008699118525974313
3.202872340425532    -0.008575336240860107
3.20468085106383    -0.00819510417241053
3.2064893617021277    -0.007102719758985443
3.2082978723404256    -0.005445702762564196
3.2101063829787235    -0.003867162006613932
3.2119148936170214    -0.0027607718184781155
3.2137234042553193    -0.0017681205674743503
3.2155319148936172    -0.00015896175773919843
3.217340425531915    0.002286076532571185
3.219148936170213    0.004904376730024547
3.220957446808511    0.006779428875331168
3.2227659574468084    0.007717190666423926
3.2245744680851063    0.008464332637526904
3.226382978723404    0.009862530843086827
3.228191489361702    0.01183868285235307
3.23    0.013378699176435794
3.231808510638298    0.013587769941655944
3.233617021276596    0.012723231657762915
3.2354255319148937    0.012057636639052263
3.2372340425531916    0.012662703815198333
3.2390425531914895    0.014369484482852215
3.2408510638297874    0.01597954420607067
3.2426595744680853    0.016470421766181926
3.244468085106383    0.015910217464708557
3.246276595744681    0.015173905504853737
3.248085106382979    0.014879750542361948
3.249893617021277    0.014757636708938222
3.251702127659575    0.014084078625655087
3.2535106382978722    0.01258471041594374
3.25531914893617    0.010727779951012418
3.257127659574468    0.009110114396139374
3.258936170212766    0.007719649822424148
3.260744680851064    0.005978128119472332
3.2625531914893617    0.0035092024767463623
3.2643617021276596    0.0006913886483221133
3.2661702127659575    -0.0017016735290309322
3.2679787234042554    -0.003378720246054009
3.2697872340425533    -0.00488139743491039
3.2715957446808512    -0.006946355640237411
3.273404255319149    -0.009579880075232848
3.275212765957447    -0.011929001130077268
3.277021276595745    -0.013154158804572083
3.278829787234043    -0.013350874136605692
3.2806382978723407    -0.013470883543169663
3.282446808510638    -0.014302675285817424
3.284255319148936    -0.015640975766362683
3.286063829787234    -0.016575334082509732
3.287872340425532    -0.016565406816817077
3.28968085106383    -0.016074842534760256
3.2914893617021277    -0.016036699165920452
3.2932978723404256    -0.016761337320595524
3.2951063829787235    -0.017544631226818923
3.2969148936170214    -0.017438229875141605
3.2987234042553193    -0.016305334298054128
3.300531914893617    -0.014944422060431388
3.302340425531915    -0.014130529603916763
3.304148936170213    -0.01368623644981709
3.305957446808511    -0.012686941560384048
3.307765957446809    -0.010601980376350153
3.3095744680851067    -0.008055514236932647
3.311382978723404    -0.006270960651867059
3.313191489361702    -0.0057567800898852516
3.315    -0.005709484694749472
3.316808510638298    -0.004863924897791387
3.3186170212765957    -0.0029010542053983226
3.3204255319148936    -0.0008526532899354642
3.3222340425531915    -2.046809805113887e-05
3.3240425531914894    -0.0005831494860221052
3.3258510638297873    -0.0014360592681749791
3.3276595744680852    -0.0014459689701141693
3.329468085106383    -0.0007137327890357971
3.331276595744681    -0.0004193188840739999
3.333085106382979    -0.0014211306695360811
3.334893617021277    -0.0032037019994610853
3.3367021276595747    -0.004391346345963797
3.3385106382978726    -0.00427064234230254
3.34031914893617    -0.0035975185024971715
3.342127659574468    -0.00375303177272598
3.343936170212766    -0.005188092019973427
3.345744680851064    -0.006927361226881747
3.3475531914893617    -0.007710411163060684
3.3493617021276596    -0.0074655012502308155
3.3511702127659575    -0.0073980155693223046
3.3529787234042554    -0.008548499587528943
3.3547872340425533    -0.010466299601762746
3.356595744680851    -0.011579873497184947
3.358404255319149    -0.010933839343846861
3.360212765957447    -0.009353945919121705
3.362021276595745    -0.008666813454406733
3.363829787234043    -0.009768096002991635
3.3656382978723407    -0.011666023567570887
3.3674468085106386    -0.01257726409934496
3.369255319148936    -0.011858683909567683
3.371063829787234    -0.010611414524199506
3.372872340425532    -0.01029461683370797
3.3746808510638298    -0.010954365552141847
3.3764893617021277    -0.011119915725322137
3.3782978723404256    -0.009508148300537863
3.3801063829787235    -0.006576580248739531
3.3819148936170214    -0.004100125817392547
3.3837234042553193    -0.0032022651820836695
3.385531914893617    -0.003078024629911018
3.387340425531915    -0.001902611394454013
3.389148936170213    0.0010685558766435738
3.390957446808511    0.004596588685314793
3.3927659574468088    0.006810519875623356
3.3945744680851067    0.0073004671016596995
3.3963829787234046    0.007567379179983409
3.398191489361702    0.009297835416400446
3.4    0.012416011424444963
3.401808510638298    0.015133582563198533
3.4036170212765957    0.01594582603575005
3.4054255319148936    0.015300235796022632
3.4072340425531915    0.01504132003068736
3.4090425531914894    0.016283646729533682
3.4108510638297873    0.018159615700183998
3.412659574468085    0.01886885927532095
3.414468085106383    0.017802536656087747
3.416276595744681    0.016287971452512547
3.418085106382979    0.01610446199475043
3.419893617021277    0.017492669585510143
3.4217021276595747    0.018943974594903795
3.4235106382978726    0.018976920756051882
3.4253191489361705    0.017813908707492485
3.427127659574468    0.017023673909119137
3.428936170212766    0.01759467811453847
3.4307446808510638    0.01873711515575839
3.4325531914893617    0.018838288985119474
3.4343617021276596    0.017449278353521384
3.4361702127659575    0.01594937583585477
3.4379787234042554    0.016066618067353204
3.4397872340425533    0.0179398622547157
3.441595744680851    0.019957961616703997
3.443404255319149    0.020558113481866022
3.445212765957447    0.01990376985874919
3.447021276595745    0.019528015823276387
3.4488297872340428    0.02041616937450972
3.4506382978723407    0.021811675744158397
3.4524468085106386    0.022148135968531643
3.4542553191489365    0.02098286632501211
3.456063829787234    0.019609421606430644
3.457872340425532    0.01957369041913818
3.4596808510638297    0.0208025346341294
3.4614893617021276    0.02155609642784137
3.4632978723404255    0.020322429635082226
3.4651063829787234    0.017508064509230314
3.4669148936170213    0.014980798171024726
3.468723404255319    0.01397400741803817
3.470531914893617    0.013737126271112534
3.472340425531915    0.012454137440894401
3.474148936170213    0.009353718198659627
3.475957446808511    0.00559318735142347
3.4777659574468087    0.002934307874295345
3.4795744680851066    0.0017600125812864296
3.4813829787234045    0.0006970793241161304
3.4831914893617024    -0.0017696459790667895
3.4850000000000003    -0.005576346775347458
3.4868085106382978    -0.009198153987314838
3.4886170212765957    -0.011394691764225518
3.4904255319148936    -0.012529553858779404
3.4922340425531915    -0.013982206572269073
3.4940425531914894    -0.016424731537477283
3.4958510638297873    -0.01902277722088877
3.497659574468085    -0.02047843798306275
3.499468085106383    -0.02064708950233344
3.501276595744681    -0.0207952780192028
3.503085106382979    -0.02217358525995037
3.5048936170212768    -0.024558154978142614
3.5067021276595747    -0.026461874894214157
3.5085106382978726    -0.026791380396262818
3.5103191489361705    -0.026066503578722124
3.5121276595744684    -0.025827759945581792
3.5139361702127663    -0.026924205124535035
3.5157446808510637    -0.02861891435696131
3.5175531914893616    -0.029477677050121
3.5193617021276595    -0.028975235710485325
3.5211702127659574    -0.02799062887681692
3.5229787234042553    -0.02769035559135477
3.5247872340425532    -0.028141232530513274
3.526595744680851    -0.02824618834860814
3.528404255319149    -0.027026423182501445
3.530212765957447    -0.02473231354286417
3.532021276595745    -0.022510618838966892
3.5338297872340427    -0.021051889197753727
3.5356382978723406    -0.01980631819925449
3.5374468085106385    -0.01766781564443002
3.5392553191489364    -0.01431683133875189
3.5410638297872343    -0.010662634406663513
3.5428723404255322    -0.007875780039665391
3.5446808510638297    -0.006119556915568156
3.5464893617021276    -0.004420441674980555
3.5482978723404255    -0.0018077708547107286
3.5501063829787234    0.001581910433588031
3.5519148936170213    0.00467394553820173
3.553723404255319    0.006675678310035087
3.555531914893617    0.007948834111368434
3.557340425531915    0.009560550321484805
3.559148936170213    0.012047006235641797
3.560957446808511    0.0147920146005368
3.5627659574468087    0.016697491833228807
3.5645744680851066    0.01736494296557601
3.5663829787234045    0.017470591735739463
3.5681914893617024    0.01796600935499474
3.5700000000000003    0.0190515841845788
3.571808510638298    0.020066804588216858
3.5736170212765956    0.020350408478768713
3.5754255319148935    0.020030688478273016
3.5772340425531914    0.019844382012215014
3.5790425531914893    0.020240157841763015
3.5808510638297872    0.02083933067045264
3.582659574468085    0.02088098848371557
3.584468085106383    0.02012275617193554
3.586276595744681    0.019148098902125994
3.588085106382979    0.01872591359064482
3.5898936170212767    0.018953944869023825
3.5917021276595746    0.019149197468311896
3.5935106382978725    0.018589423111254562
3.5953191489361704    0.017264859423770505
3.5971276595744683    0.015830059670150887
3.5989361702127662    0.014869065300604622
3.600744680851064    0.01432490140805635
3.6025531914893616    0.01368976844528056
3.6043617021276595    0.012661837192383129
3.6061702127659574    0.01149044740562074
3.6079787234042553    0.010658106116995459
3.609787234042553    0.010322639601697544
3.611595744680851    0.010161500755779918
3.613404255319149    0.009734900209290642
3.615212765957447    0.008894246751750361
