0.0    0.0
0.0018085106382978724    0.0
0.003617021276595745    0.0
0.005425531914893617    0.0
0.00723404255319149    0.0
0.009042553191489363    0.0
0.010851063829787235    0.0
0.012659574468085107    0.0
0.01446808510638298    0.0
0.016276595744680853    0.0
0.018085106382978725    0.0
0.019893617021276597    0.0
0.02170212765957447    0.0
0.023510638297872342    0.0
0.025319148936170214    0.0
0.027127659574468086    0.0
0.02893617021276596    0.0
0.03074468085106383    0.0
0.032553191489361706    0.0
0.03436170212765958    0.0
0.03617021276595745    0.0
0.03797872340425532    0.0
0.039787234042553195    0.0
0.04159574468085107    0.0
0.04340425531914894    0.0
0.04521276595744681    0.0
0.047021276595744683    0.0
0.048829787234042556    0.0
0.05063829787234043    0.0
0.0524468085106383    0.0
0.05425531914893617    0.0
0.056063829787234044    0.0
0.05787234042553192    0.0
0.05968085106382979    0.0
0.06148936170212766    0.0
0.06329787234042554    0.0
0.06510638297872341    0.0
0.06691489361702128    0.0
0.06872340425531916    0.0
0.07053191489361703    0.0
0.0723404255319149    0.0
0.07414893617021277    0.0
0.07595744680851065    0.0
0.07776595744680852    0.0
0.07957446808510639    0.0
0.08138297872340426    0.0
0.08319148936170213    0.0
0.085    0.0
0.08680851063829788    0.0
0.08861702127659575    0.0
0.09042553191489362    0.0
0.0922340425531915    0.0
0.09404255319148937    0.0
0.09585106382978724    0.0
0.09765957446808511    0.0
0.09946808510638298    0.0
0.10127659574468086    0.0
0.10308510638297873    0.0
0.1048936170212766    0.0
0.10670212765957447    0.0
0.10851063829787234    0.0
0.11031914893617022    0.0
0.11212765957446809    0.0
0.11393617021276596    0.0
0.11574468085106383    0.0
0.1175531914893617    0.0
0.11936170212765958    0.0
0.12117021276595745    0.0
0.12297872340425532    0.0
0.1247872340425532    0.0
0.12659574468085108    0.0
0.12840425531914895    0.0
0.13021276595744682    0.0
0.1320212765957447    0.0
0.13382978723404257    0.0
0.13563829787234044    0.0
0.1374468085106383    0.0
0.13925531914893619    0.0
0.14106382978723406    0.0
0.14287234042553193    0.0
0.1446808510638298    0.0
0.14648936170212767    0.0
0.14829787234042555    0.0
0.15010638297872342    0.0
0.1519148936170213    0.0
0.15372340425531916    0.0
0.15553191489361703    0.0
0.1573404255319149    0.0
0.15914893617021278    0.0
0.16095744680851065    0.0
0.16276595744680852    0.0
0.1645744680851064    0.0
0.16638297872340427    0.0
0.16819148936170214    0.0
0.17    0.0
0.17180851063829788    0.0
0.17361702127659576    0.0
0.17542553191489363    0.0
0.1772340425531915    0.0
0.17904255319148937    0.0
0.18085106382978725    0.0
0.18265957446808512    0.0
0.184468085106383    0.0
0.18627659574468086    0.0
0.18808510638297873    0.0
0.1898936170212766    0.0
0.19170212765957448    0.0
0.19351063829787235    0.0
0.19531914893617022    0.0
0.1971276595744681    0.0
0.19893617021276597    0.0
0.20074468085106384    0.0
0.2025531914893617    0.0
0.20436170212765958    0.0
0.20617021276595746    0.0
0.20797872340425533    0.0
0.2097872340425532    0.0
0.21159574468085107    0.0
0.21340425531914894    0.0
0.21521276595744682    0.0
0.2170212765957447    0.0
0.21882978723404256    0.0
0.22063829787234043    0.0
0.2224468085106383    0.0
0.22425531914893618    0.0
0.22606382978723405    0.0
0.22787234042553192    0.0
0.2296808510638298    0.0
0.23148936170212767    0.0
0.23329787234042554    0.0
0.2351063829787234    0.0
0.23691489361702128    0.0
0.23872340425531915    0.0
0.24053191489361703    0.0
0.2423404255319149    0.0
0.24414893617021277    0.0
0.24595744680851064    0.0
0.24776595744680852    0.0
0.2495744680851064    0.0
0.25138297872340426    0.0
0.25319148936170216    0.0
0.255    0.0
0.2568085106382979    0.0
0.25861702127659575    0.0
0.26042553191489365    0.0
0.2622340425531915    0.0
0.2640425531914894    0.0
0.26585106382978724    0.0
0.26765957446808514    0.0
0.269468085106383    0.0
0.2712765957446809    0.0
0.2730851063829787    0.0
0.2748936170212766    0.0
0.27670212765957447    0.0
0.27851063829787237    0.0
0.2803191489361702    0.0
0.2821276595744681    0.0
0.28393617021276596    0.0
0.28574468085106386    0.0
0.2875531914893617    0.0
0.2893617021276596    0.0
0.29117021276595745    0.0
0.29297872340425535    0.0
0.2947872340425532    0.0
0.2965957446808511    0.0
0.29840425531914894    0.0
0.30021276595744684    0.0
0.3020212765957447    0.0
0.3038297872340426    0.0
0.3056382978723404    0.0
0.3074468085106383    0.0
0.30925531914893617    0.0
0.31106382978723407    0.0
0.3128723404255319    0.0
0.3146808510638298    0.0
0.31648936170212766    0.0
0.31829787234042556    0.0
0.3201063829787234    0.0
0.3219148936170213    0.0
0.32372340425531915    0.0
0.32553191489361705    0.0
0.3273404255319149    0.0
0.3291489361702128    0.0
0.33095744680851064    0.0
0.33276595744680854    0.0
0.3345744680851064    0.0
0.3363829787234043    0.0
0.3381914893617021    0.0
0.34    0.0
0.34180851063829787    0.0
0.34361702127659577    0.0
0.3454255319148936    0.0
0.3472340425531915    0.0
0.34904255319148936    0.0
0.35085106382978726    0.0
0.3526595744680851    0.0
0.354468085106383    0.0
0.35627659574468085    0.0
0.35808510638297875    0.0
0.3598936170212766    0.0
0.3617021276595745    0.0
0.36351063829787233    0.0
0.36531914893617023    0.0
0.3671276595744681    0.0
0.368936170212766    0.0
0.3707446808510638    0.0
0.3725531914893617    0.0
0.37436170212765957    0.0
0.37617021276595747    0.0
0.3779787234042553    0.0
0.3797872340425532    0.0
0.38159574468085106    0.0
0.38340425531914896    0.0
0.3852127659574468    0.0
0.3870212765957447    0.0
0.38882978723404255    0.0
0.39063829787234045    0.0
0.3924468085106383    0.0
0.3942553191489362    0.0
0.39606382978723403    0.0
0.39787234042553193    0.0
0.3996808510638298    0.0
0.4014893617021277    0.0
0.4032978723404255    0.0
0.4051063829787234    0.0
0.40691489361702127    0.0
0.40872340425531917    0.0
0.410531914893617    0.0
0.4123404255319149    0.0
0.41414893617021276    0.0
0.41595744680851066    0.0
0.4177659574468085    0.0
0.4195744680851064    0.0
0.42138297872340424    0.0
0.42319148936170214    0.0
0.425    0.0
0.4268085106382979    0.0
0.42861702127659573    0.0
0.43042553191489363    0.0
0.4322340425531915    0.0
0.4340425531914894    0.0
0.4358510638297872    0.0
0.4376595744680851    0.0
0.43946808510638297    0.0
0.44127659574468087    0.0
0.4430851063829787    0.0
0.4448936170212766    0.0
0.44670212765957445    0.0
0.44851063829787235    0.0
0.4503191489361702    0.0
0.4521276595744681    0.0
0.45393617021276594    0.0
0.45574468085106384    0.0
0.4575531914893617    0.0
0.4593617021276596    0.0
0.46117021276595743    0.0
0.46297872340425533    0.0
0.46478723404255323    0.0
0.4665957446808511    0.0
0.468404255319149    0.0
0.4702127659574468    0.0
0.4720212765957447    0.0
0.47382978723404257    0.0
0.47563829787234047    0.0
0.4774468085106383    0.0
0.4792553191489362    0.0
0.48106382978723405    0.0
0.48287234042553195    0.0
0.4846808510638298    0.0
0.4864893617021277    0.0
0.48829787234042554    0.0
0.49010638297872344    0.0
0.4919148936170213    0.0
0.4937234042553192    0.0
0.49553191489361703    0.0
0.49734042553191493    0.0
0.4991489361702128    0.0
0.5009574468085106    0.0
0.5027659574468085    0.0
0.5045744680851064    0.0
0.5063829787234043    0.0
0.5081914893617021    0.0
0.51    0.0
0.5118085106382979    0.0
0.5136170212765958    0.0
0.5154255319148936    0.0
0.5172340425531915    0.0
0.5190425531914894    0.0
0.5208510638297873    0.0
0.5226595744680851    0.0
0.524468085106383    0.0
0.5262765957446809    0.0
0.5280851063829788    0.0
0.5298936170212766    0.0
0.5317021276595745    0.0
0.5335106382978724    0.0
0.5353191489361703    0.0
0.5371276595744681    0.0
0.538936170212766    0.0
0.5407446808510639    0.0
0.5425531914893618    0.0
0.5443617021276596    0.0
0.5461702127659575    0.0
0.5479787234042554    0.0
0.5497872340425533    0.0
0.551595744680851    0.0
0.5534042553191489    0.0
0.5552127659574468    0.0
0.5570212765957447    0.0
0.5588297872340425    0.0
0.5606382978723404    0.0
0.5624468085106383    0.0
0.5642553191489362    0.0
0.566063829787234    0.0
0.5678723404255319    0.0
0.5696808510638298    0.0
0.5714893617021277    0.0
0.5732978723404255    0.0
0.5751063829787234    0.0
0.5769148936170213    0.0
0.5787234042553192    0.0
0.580531914893617    0.0
0.5823404255319149    0.0
0.5841489361702128    0.0
0.5859574468085107    0.0
0.5877659574468085    0.0
0.5895744680851064    0.0
0.5913829787234043    0.0
0.5931914893617022    0.0
0.595    0.0
0.5968085106382979    0.0
0.5986170212765958    0.0
0.6004255319148937    0.0
0.6022340425531915    0.0
0.6040425531914894    0.0
0.6058510638297873    0.0
0.6076595744680852    7e-323
0.609468085106383    2.87e-321
0.6112765957446809    1.1988e-319
0.6130851063829788    4.905825e-318
0.6148936170212767    1.96354405e-316
0.6167021276595744    7.688733725e-315
0.6185106382978723    2.9463181319e-313
0.6203191489361702    1.1051881090907e-311
0.6221276595744681    4.0592207146611e-310
0.6239361702127659    1.460206832595733e-308
0.6257446808510638    5.145931278301831e-307
0.6275531914893617    1.7770576686400862e-305
0.6293617021276596    6.014984474571593e-304
0.6311702127659574    1.9960344234858872e-302
0.6329787234042553    6.4953833792113305e-301
0.6347872340425532    2.0732192746817764e-299
0.6365957446808511    6.492135898847595e-298
0.6384042553191489    1.994931449494587e-296
0.6402127659574468    6.016728100437376e-295
0.6420212765957447    1.7814631708827236e-293
0.6438297872340426    5.179256745899068e-292
0.6456382978723404    1.4788371579261793e-290
0.6474468085106383    4.1478396238724475e-289
0.6492553191489362    1.1430279224255595e-287
0.6510638297872341    3.095336579650914e-286
0.6528723404255319    8.238654369579539e-285
0.6546808510638298    2.155666816724245e-283
0.6564893617021277    5.545771245964693e-282
0.6582978723404256    1.4030518277621168e-280
0.6601063829787234    3.4913382189330485e-279
0.6619148936170213    8.546536149356616e-278
0.6637234042553192    2.058450844632107e-276
0.6655319148936171    4.878808936851683e-275
0.6673404255319149    1.1380976449500589e-273
0.6691489361702128    2.6133995470477968e-272
0.6709574468085107    5.908259787506727e-271
0.6727659574468086    1.3152446010849971e-269
0.6745744680851063    2.88344148422527e-268
0.6763829787234042    6.22639636041474e-267
0.6781914893617021    1.3244805883252902e-265
0.68    2.775867611028947e-264
0.6818085106382978    5.732660873828336e-263
0.6836170212765957    1.1667480605002337e-261
0.6854255319148936    2.3405570146924086e-260
0.6872340425531915    4.628493234008093e-259
0.6890425531914893    9.023900820067307e-258
0.6908510638297872    1.734755684608822e-256
0.6926595744680851    3.2887115312539387e-255
0.694468085106383    6.1490769453745376e-254
0.6962765957446809    1.1340784747053552e-252
0.6980851063829787    2.0633685670162313e-251
0.6998936170212766    3.7039207570615206e-250
0.7017021276595745    6.560660545436543e-249
0.7035106382978724    1.1467889070560436e-247
0.7053191489361702    1.9784163033914852e-246
0.7071276595744681    3.3689739114162724e-245
0.708936170212766    5.663307158639392e-244
0.7107446808510639    9.3989880048233e-243
0.7125531914893617    1.5401955881353183e-241
0.7143617021276596    2.492292722806627e-240
0.7161702127659575    3.982855302557529e-239
0.7179787234042554    6.286451293930095e-238
0.7197872340425532    9.80109765954818e-237
0.7215957446808511    1.5095376924391338e-235
0.723404255319149    2.2969662410825305e-234
0.7252127659574469    3.453403922395414e-233
0.7270212765957447    5.130531608166727e-232
0.7288297872340426    7.532499346994528e-231
0.7306382978723405    1.0929908581175722e-229
0.7324468085106384    1.5675919711148768e-228
0.7342553191489362    2.2224215316697854e-227
0.7360638297872341    3.1148277544208378e-226
0.737872340425532    4.316110842365131e-225
0.7396808510638299    5.913414702585409e-224
0.7414893617021276    8.01137404835043e-223
0.7432978723404255    1.0733314104932829e-221
0.7451063829787234    1.4221767311127882e-220
0.7469148936170213    1.863804953362163e-219
0.7487234042553191    2.4160633114771544e-218
0.750531914893617    3.0982071139491918e-217
0.7523404255319149    3.9304271339468825e-216
0.7541489361702128    4.933199205797914e-215
0.7559574468085106    6.126453716282314e-214
0.7577659574468085    7.52857589914645e-213
0.7595744680851064    9.155263195701709e-212
0.7613829787234043    1.101828242214164e-210
0.7631914893617021    1.3124185739718203e-209
0.765    1.54730588668015e-208
0.7668085106382979    1.80573859041996e-207
0.7686170212765958    2.086112093673121e-206
0.7704255319148936    2.3859055858601664e-205
0.7722340425531915    2.701656573947916e-204
0.7740425531914894    3.0289797218788204e-203
0.7758510638297873    3.362634234185303e-202
0.7776595744680851    3.696641116356112e-201
0.779468085106383    4.0244483300261447e-200
0.7812765957446809    4.339138395225549e-199
0.7830851063829788    4.633669665631537e-198
0.7848936170212766    4.9011396153156986e-197
0.7867021276595745    5.135056303579754e-196
0.7885106382978724    5.329602952005674e-195
0.7903191489361703    5.47988042014972e-194
0.7921276595744681    5.582113352297329e-193
0.793936170212766    5.6338078322149225e-192
0.7957446808510639    5.633851370402725e-191
0.7975531914893618    5.58254971795294e-190
0.7993617021276596    5.481599050342214e-189
0.8011702127659575    5.333996160126351e-188
0.8029787234042554    5.143893108927666e-187
0.8047872340425533    4.9164060204974235e-186
0.806595744680851    4.657390114442566e-185
0.808404255319149    4.3731945328436805e-184
0.8102127659574468    4.070410939992757e-183
0.8120212765957447    3.755629311489226e-182
0.8138297872340425    3.43521288822901e-181
0.8156382978723404    3.1151021341204107e-180
0.8174468085106383    2.8006549274333952e-179
0.8192553191489362    2.4965273766980746e-178
0.821063829787234    2.206596819525038e-177
0.8228723404255319    1.933925946581892e-176
0.8246808510638298    1.6807647607439193e-175
0.8264893617021277    1.4485853484316142e-174
0.8282978723404255    1.2381432659753304e-173
0.8301063829787234    1.0495587348676481e-172
0.8319148936170213    8.824107562486463e-172
0.8337234042553192    7.358376215825005e-171
0.835531914893617    6.086380144825689e-170
0.8373404255319149    4.993678582683063e-169
0.8391489361702128    4.06429155615704e-168
0.8409574468085107    3.2814819066165833e-167
0.8427659574468085    2.6284153642424754e-166
0.8445744680851064    2.0886926781333287e-165
0.8463829787234043    1.6467558066925215e-164
0.8481914893617022    1.2881763855574381e-163
0.85    9.998390779981838e-163
0.8518085106382979    7.700350823999557e-162
0.8536170212765958    5.884822332793533e-161
0.8554255319148937    4.462880587091325e-160
0.8572340425531915    3.358711462503866e-159
0.8590425531914894    2.508545154858671e-158
0.8608510638297873    1.8594266546897177e-157
0.8626595744680852    1.3679178640076348e-156
0.864468085106383    9.988047507465632e-156
0.8662765957446809    7.238630222290948e-155
0.8680851063829788    5.207182996023795e-154
0.8698936170212767    3.718221235509388e-153
0.8717021276595744    2.6355343109978482e-152
0.8735106382978723    1.8544629028783765e-151
0.8753191489361702    1.295383813240597e-150
0.8771276595744681    8.983059625690684e-150
0.8789361702127659    6.184578538338992e-149
0.8807446808510638    4.227370449156999e-148
0.8825531914893617    2.8689243167276025e-147
0.8843617021276596    1.933172159243603e-146
0.8861702127659574    1.2934169722783927e-145
0.8879787234042553    8.592844405449349e-145
0.8897872340425532    5.668646247905813e-144
0.8915957446808511    3.713464594800422e-143
0.8934042553191489    2.4157395883241315e-142
0.8952127659574468    1.5606484331754667e-141
0.8970212765957447    1.001284022369895e-140
0.8988297872340426    6.3799857313083135e-140
0.9006382978723404    4.0374317113303405e-139
0.9024468085106383    2.537619193130011e-138
0.9042553191489362    1.5841491915534339e-137
0.9060638297872341    9.822601936146577e-137
0.9078723404255319    6.049649117094597e-136
0.9096808510638298    3.7010011926200055e-135
0.9114893617021277    2.249084440430593e-134
0.9132978723404256    1.3576936115314984e-133
0.9151063829787234    8.141775590687045e-133
0.9169148936170213    4.850310787317651e-132
0.9187234042553192    2.8705474053164005e-131
0.9205319148936171    1.6877810762034217e-130
0.9223404255319149    9.859051629273966e-130
0.9241489361702128    5.721805613970001e-129
0.9259574468085107    3.299295173539421e-128
0.9277659574468086    1.8902116320007417e-127
0.9295744680851065    1.0759989429494302e-126
0.9313829787234043    6.086060582209084e-126
0.9331914893617022    3.4205383572373236e-125
0.935    1.910280206998082e-124
0.936808510638298    1.0601190794204275e-123
0.9386170212765957    5.8462533841069375e-123
0.9404255319148936    3.203880950013129e-122
0.9422340425531915    1.7448620705083722e-121
0.9440425531914894    9.44369549411084e-121
0.9458510638297872    5.0795944038633616e-120
0.9476595744680851    2.715390131112473e-119
0.949468085106383    1.4426514845580403e-118
0.9512765957446809    7.617743946386686e-118
0.9530851063829787    3.9979442336473404e-117
0.9548936170212766    2.085461051240061e-116
0.9567021276595745    1.0812644017043316e-115
0.9585106382978724    5.572314073126968e-115
0.9603191489361702    2.8544499151644992e-114
0.9621276595744681    1.453455154198236e-113
0.963936170212766    7.356687956557366e-113
0.9657446808510639    3.7014642362222923e-112
0.9675531914893617    1.8513317527208815e-111
0.9693617021276596    9.204988982758921e-111
0.9711702127659575    4.549874341899443e-110
0.9729787234042554    2.2357401675094297e-109
0.9747872340425532    1.0921886560252054e-108
0.9765957446808511    5.30440802183149e-108
0.978404255319149    2.5612239677858117e-107
0.9802127659574469    1.2295265892653364e-106
0.9820212765957447    5.868354041539251e-106
0.9838297872340426    2.7847800856090848e-105
0.9856382978723405    1.31392276950491e-104
0.9874468085106384    6.163979035310098e-104
0.9892553191489362    2.8752314649389536e-103
0.9910638297872341    1.3335604458134853e-102
0.992872340425532    6.150191575545682e-102
0.9946808510638299    2.8203847895316202e-101
0.9964893617021277    1.2861141775489927e-100
0.9982978723404256    5.831895265699571e-100
1.0001063829787233    2.6297014556912222e-99
1.0019148936170212    1.1791719975667424e-98
1.0037234042553191    5.258104505121895e-98
1.005531914893617    2.3316851655446952e-97
1.007340425531915    1.0282683496640663e-96
1.0091489361702128    4.509683269171356e-96
1.0109574468085107    1.9669608167220764e-95
1.0127659574468086    8.532228591091593e-95
1.0145744680851063    3.680893940282779e-94
1.0163829787234042    1.5793378607382222e-93
1.0181914893617021    6.739606099855668e-93
1.02    2.8604769001783636e-92
1.021808510638298    1.207517704108086e-91
1.0236170212765958    5.069980665244643e-91
1.0254255319148937    2.117304740316539e-90
1.0272340425531916    8.794905500141375e-90
1.0290425531914893    3.6337590860232295e-89
1.0308510638297872    1.4933601899856628e-88
1.032659574468085    6.104678118330789e-88
1.034468085106383    2.4823152897039184e-87
1.036276595744681    1.0040451318733435e-86
1.0380851063829788    4.039780157360471e-86
1.0398936170212767    1.616875031296309e-85
1.0417021276595746    6.437472135694433e-85
1.0435106382978723    2.5496487360252476e-84
1.0453191489361702    1.0045631871685645e-83
1.047127659574468    3.9374210403125404e-83
1.048936170212766    1.5352880191005035e-82
1.0507446808510639    5.955482065706832e-82
1.0525531914893618    2.298257208794762e-81
1.0543617021276597    8.823492542104665e-81
1.0561702127659576    3.370140989732929e-80
1.0579787234042553    1.280638888876005e-79
1.0597872340425532    4.8415199469398456e-79
1.061595744680851    1.8210358065916363e-78
1.063404255319149    6.814628785763799e-78
1.0652127659574468    2.537219613758324e-77
1.0670212765957447    9.398773367089021e-77
1.0688297872340426    3.464069695481793e-76
1.0706382978723405    1.270309070268588e-75
1.0724468085106382    4.634943689607392e-75
1.0742553191489361    1.6826612962069777e-74
1.076063829787234    6.078143747998724e-74
1.077872340425532    2.1846005016916322e-73
1.0796808510638298    7.812762425220848e-73
1.0814893617021277    2.780183140397854e-72
1.0832978723404256    9.844258422682266e-72
1.0851063829787235    3.468470301150277e-71
1.0869148936170212    1.2160259242663968e-70
1.088723404255319    4.242306252461646e-70
1.090531914893617    1.47271912433547e-69
1.092340425531915    5.087458783416563e-69
1.0941489361702128    1.7488366115060188e-68
1.0959574468085107    5.98231336610463e-68
1.0977659574468086    2.0364082583459193e-67
1.0995744680851065    6.898273925280335e-67
1.1013829787234042    2.3254124330984294e-66
1.103191489361702    7.800950672033115e-66
1.105    2.604276108490146e-65
1.1068085106382979    8.652117093094867e-65
1.1086170212765958    2.8606022538735237e-64
1.1104255319148937    9.412307313706124e-64
1.1122340425531916    3.082066528348031e-63
1.1140425531914895    1.0043819742825424e-62
1.1158510638297872    3.257395186623136e-62
1.117659574468085    1.0513812494017983e-61
1.119468085106383    3.377316686780584e-61
1.1212765957446809    1.0797137141708531e-60
1.1230851063829788    3.435375097014559e-60
1.1248936170212767    1.0878569986358804e-59
1.1267021276595746    3.428505845904962e-59
1.1285106382978725    1.0754165099624432e-58
1.1303191489361701    3.3573023734159376e-58
1.132127659574468    1.0431562099824568e-57
1.133936170212766    3.225941579033753e-57
1.1357446808510638    9.929216591945704e-57
1.1375531914893617    3.0417802099393764e-56
1.1393617021276596    9.274660197068544e-56
1.1411702127659575    2.8146761621742584e-55
1.1429787234042554    8.502017252561906e-55
1.1447872340425531    2.5561213237972654e-54
1.146595744680851    7.649087746291935e-54
1.148404255319149    2.278291197786289e-53
1.1502127659574468    6.754339568177712e-53
1.1520212765957447    1.9931189809894225e-52
1.1538297872340426    5.854135769708119e-52
1.1556382978723405    1.711488908634512e-51
1.1574468085106384    4.980461310752128e-51
1.1592553191489363    1.4426189506630229e-50
1.161063829787234    4.159322736004468e-50
1.162872340425532    1.1936714976760082e-49
1.1646808510638298    3.4098908964515906e-49
1.1664893617021277    9.695981634480502e-49
1.1682978723404256    2.7443585974423445e-48
1.1701063829787235    7.731963338994158e-48
1.1719148936170214    2.168405958274948e-47
1.1737234042553193    6.053342510807226e-47
1.175531914893617    1.6821149545145958e-46
1.1773404255319149    4.652900093187526e-46
1.1791489361702128    1.2811536675302926e-45
1.1809574468085107    3.5114777156576426e-45
1.1827659574468086    9.580573453679468e-45
1.1845744680851065    2.602002046970453e-44
1.1863829787234044    7.03460786200316e-44
1.1881914893617023    1.8931708836312842e-43
1.19    5.0717621975948646e-43
1.1918085106382978    1.352535000561884e-42
1.1936170212765957    3.590542505877303e-42
1.1954255319148936    9.48844120283606e-42
1.1972340425531915    2.4960550479123397e-41
1.1990425531914894    6.536407675374044e-41
1.2008510638297873    1.7039267606102887e-40
1.2026595744680852    4.4217136484834435e-40
1.204468085106383    1.1422448847934772e-39
1.2062765957446808    2.9373635894153112e-39
1.2080851063829787    7.519465495849152e-39
1.2098936170212766    1.9162309644853884e-38
1.2117021276595745    4.861173661212931e-38
1.2135106382978724    1.2276301271784734e-37
1.2153191489361703    3.0862259394776277e-37
1.2171276595744682    7.723644398590217e-37
1.218936170212766    1.9242067402568625e-36
1.2207446808510638    4.7721773144682405e-36
1.2225531914893617    1.1781950637941972e-35
1.2243617021276596    2.8957025996675127e-35
1.2261702127659575    7.084792288483092e-35
1.2279787234042554    1.725587200459254e-34
1.2297872340425533    4.183920938066435e-34
1.2315957446808512    1.009873273190805e-33
1.2334042553191489    2.4265383086334233e-33
1.2352127659574468    5.804224944077438e-33
1.2370212765957447    1.3820953465984626e-32
1.2388297872340426    3.276183867714004e-32
1.2406382978723405    7.730983744504602e-32
1.2424468085106384    1.8160890841907823e-31
1.2442553191489363    4.246929236191129e-31
1.2460638297872342    9.88662155739715e-31
1.2478723404255319    2.2911591205996682e-30
1.2496808510638298    5.285625888277611e-30
1.2514893617021277    1.2138659060751257e-29
1.2532978723404256    2.7750917676050313e-29
1.2551063829787235    6.315612404994619e-29
1.2569148936170214    1.4308171474962518e-28
1.2587234042553193    3.226876418694175e-28
1.2605319148936172    7.244509093582879e-28
1.2623404255319148    1.6190596196272907e-27
1.2641489361702127    3.601991697877855e-27
1.2659574468085106    7.977139952158874e-27
1.2677659574468085    1.7586317850891216e-26
1.2695744680851064    3.859440104858835e-26
1.2713829787234043    8.431284845631221e-26
1.2731914893617022    1.833502836599864e-25
1.2750000000000001    3.969044655041188e-25
1.2768085106382978    8.55273610802812e-25
1.2786170212765957    1.8345808936299784e-24
1.2804255319148936    3.917231960560729e-24
1.2822340425531915    8.325880347365795e-24
1.2840425531914894    1.761518539082227e-23
1.2858510638297873    3.709779272464597e-23
1.2876595744680852    7.776966711800379e-23
1.289468085106383    1.6228229467816246e-22
1.2912765957446808    3.370761892536191e-22
1.2930851063829787    6.969124798207024e-22
1.2948936170212766    1.4342297339973334e-21
1.2967021276595745    2.93796410504767e-21
1.2985106382978724    5.9904353397474345e-21
1.3003191489361703    1.2157692467847775e-20
1.3021276595744682    2.4559606490158215e-20
1.303936170212766    4.938165307015101e-20
1.3057446808510638    9.882803832669569e-20
1.3075531914893617    1.968617260353075e-19
1.3093617021276596    3.9030585301456817e-19
1.3111702127659575    7.702070063421679e-19
1.3129787234042554    1.512740089845857e-18
1.3147872340425533    2.957136023187478e-18
1.3165957446808512    5.753391914874333e-18
1.318404255319149    1.1140833310072397e-17
1.3202127659574467    2.1470773540056195e-17
1.3220212765957446    4.118215643371141e-17
1.3238297872340425    7.861343525377482e-17
1.3256382978723404    1.4935010035194668e-16
1.3274468085106383    2.8237737970167913e-16
1.3292553191489362    5.313300077540013e-16
1.3310638297872341    9.949541681976934e-16
1.332872340425532    1.854129879569708e-15
1.3346808510638297    3.4385032648698217e-15
1.3364893617021276    6.345774192116585e-15
1.3382978723404255    1.1654110906562115e-14
1.3401063829787234    2.129836716506813e-14
1.3419148936170213    3.873282407235176e-14
1.3437234042553192    7.009233883257366e-14
1.3455319148936171    1.2621561741150695e-13
1.347340425531915    2.2615135155490606e-13
1.3491489361702127    4.0320042422349973e-13
1.3509574468085106    7.152706158805813e-13
1.3527659574468085    1.262522294585267e-12
1.3545744680851064    2.2172690375944563e-12
1.3563829787234043    3.874355972174763e-12
1.3581914893617022    6.7355534943511815e-12
1.36    1.1650116277474506e-11
1.361808510638298    2.004752180531388e-11
1.3636170212765957    3.432057439218208e-11
1.3654255319148936    5.845227974134648e-11
1.3672340425531915    9.903545869134479e-11
1.3690425531914894    1.6692112290353227e-10
1.3708510638297873    2.7986706821659375e-10
1.3726595744680852    4.667673318171658e-10
1.374468085106383    7.743639216271862e-10
1.376276595744681    1.2778304130834004e-09
1.3780851063829787    2.0973543728297975e-09
1.3798936170212766    3.4239506593433054e-09
1.3817021276595745    5.559380707887231e-09
1.3835106382978724    8.977475937176945e-09
1.3853191489361703    1.4417706808133556e-08
1.3871276595744682    2.3026976277763528e-08
1.388936170212766    3.657299823639972e-08
1.390744680851064    5.7763131430819987e-08
1.3925531914893619    9.071736051574857e-08
1.3943617021276595    1.4166480985675375e-07
1.3961702127659574    2.1996177100491018e-07
1.3979787234042553    3.3956830998796274e-07
1.3997872340425532    5.211733336359759e-07
1.4015957446808511    7.952284925936824e-07
1.403404255319149    1.20624418834317e-06
1.405212765957447    1.8188216414519436e-06
1.4070212765957448    2.7260494166869936e-06
1.4088297872340425    4.061087134954023e-06
1.4106382978723404    6.012999089891314e-06
1.4124468085106383    8.848190574751047e-06
1.4142553191489362    1.2939141701416874e-05
1.416063829787234    1.8802524625911907e-05
1.417872340425532    2.714922067709147e-05
1.41968085106383    3.894920415520472e-05
1.4214893617021278    5.551469602990952e-05
1.4232978723404255    7.860536206394305e-05
1.4251063829787234    0.00011055956250347407
1.4269148936170213    0.00015445565478617348
1.4287234042553192    0.0002143069781370923
1.430531914893617    0.00029529325118694155
1.432340425531915    0.00040402950569042603
1.4341489361702129    0.0005488711568510284
1.4359574468085108    0.000740250165217868
1.4377659574468085    0.0009910322873059713
1.4395744680851064    0.0013168790053634692
1.4413829787234043    0.001736589831423494
1.4431914893617022    0.0022723914088975824
1.445    0.0029501295125364912
1.446808510638298    0.003799309280137109
1.4486170212765959    0.004852918742249756
1.4504255319148938    0.006146962278267972
1.4522340425531914    0.00771962574363151
1.4540425531914893    0.009609995768098996
1.4558510638297872    0.011856264459746314
1.4576595744680851    0.014493369871727642
1.459468085106383    0.01755005428964082
1.461276595744681    0.021045368265451954
1.4630851063829788    0.024984708874866715
1.4648936170212767    0.029355554824361363
1.4667021276595744    0.03412314557182647
1.4685106382978723    0.039226440772340526
1.4703191489361702    0.04457478151529404
1.4721276595744681    0.050045744607182696
1.473936170212766    0.055484721915474
1.475744680851064    0.060706753595679286
1.4775531914893618    0.06550108229511148
1.4793617021276597    0.06963876311694953
1.4811702127659574    0.07288345436735269
1.4829787234042553    0.07500522804340407
1.4847872340425532    0.07579688846657998
1.486595744680851    0.0750918968641276
1.488404255319149    0.0727826067793057
1.490212765957447    0.06883716976843007
1.4920212765957448    0.06331323127083371
1.4938297872340427    0.05636646357126818
1.4956382978723404    0.04825213099947388
1.4974468085106383    0.03931828998720191
1.4992553191489362    0.029989903908887977
1.501063829787234    0.020744073062141523
1.502872340425532    0.012077673160343042
1.5046808510638299    0.004469845889048297
1.5064893617021278    -0.0016571615119085822
1.5082978723404257    -0.005974531516879041
1.5101063829787233    -0.008276182988915517
1.5119148936170212    -0.008496517937389566
1.5137234042553191    -0.006713233101669325
1.515531914893617    -0.003133451802865842
1.517340425531915    0.0019363880426630639
1.5191489361702128    0.00813397016589349
1.5209574468085107    0.01509250692240708
1.5227659574468086    0.022492799539534467
1.5245744680851063    0.030107565808671355
1.5263829787234042    0.0378298293462829
1.5281914893617021    0.04567878978267502
1.53    0.05377963317674554
1.531808510638298    0.06231789527747897
1.5336170212765958    0.07147368640226126
1.5354255319148937    0.08134554252891898
1.5372340425531916    0.09187699981044939
1.5390425531914893    0.10280037446776541
1.5408510638297872    0.11361107979274826
1.542659574468085    0.1235819435687138
1.544468085106383    0.1318207371329325
1.546276595744681    0.13736636880736294
1.5480851063829788    0.13931126101735128
1.5498936170212767    0.13693090266151384
1.5517021276595746    0.12979797697488524
1.5535106382978723    0.11785894909374345
1.5553191489361702    0.10145598932660174
1.557127659574468    0.08128612642193722
1.558936170212766    0.05830114285471161
1.5607446808510639    0.03356375192896094
1.5625531914893618    0.008085474844207276
1.5643617021276597    -0.017323023091475945
1.5661702127659576    -0.04215920775316941
1.5679787234042553    -0.06627102793984871
1.5697872340425532    -0.08982467007441203
1.571595744680851    -0.1132038677584529
1.573404255319149    -0.13686224690048557
1.5752127659574469    -0.16116135395086792
1.5770212765957448    -0.18623104998183046
1.5788297872340427    -0.2118844149397656
1.5806382978723406    -0.23760680928055347
1.5824468085106382    -0.2626209979370654
1.5842553191489361    -0.28601154406507134
1.586063829787234    -0.3068768791818465
1.587872340425532    -0.3244706830910308
1.5896808510638298    -0.3382976528978222
1.5914893617021277    -0.34814186492483346
1.5932978723404256    -0.3540253824127648
1.5951063829787235    -0.3561151091633835
1.5969148936170212    -0.3546110767067746
1.5987234042553191    -0.3496544758832508
1.600531914893617    -0.3412866727001451
1.602340425531915    -0.32947275455792235
1.6041489361702128    -0.31417996619152766
1.6059574468085107    -0.2954801008809145
1.6077659574468086    -0.27363296991719455
1.6095744680851065    -0.24911054904072671
1.6113829787234042    -0.2225390039658242
1.613191489361702    -0.1945641282964578
1.615    -0.16567615024751697
1.616808510638298    -0.13605192447208914
1.6186170212765958    -0.10547729194002392
1.6204255319148937    -0.07339571494735028
1.6222340425531916    -0.039093849380753165
1.6240425531914895    -0.0019899667124506845
1.6258510638297874    0.038049025474929075
1.627659574468085    0.08045765903376323
1.629468085106383    0.12387790215618383
1.6312765957446809    0.16627347653428526
1.6330851063829788    0.20524740133768282
1.6348936170212767    0.2384955394810579
1.6367021276595746    0.2642817902799182
1.6385106382978725    0.2818049663137551
1.6403191489361704    0.29135084251800497
1.642127659574468    0.2941805814092722
1.643936170212766    0.29218225171093787
1.6457446808510638    0.2873820798341455
1.6475531914893617    0.2814536350463362
1.6493617021276596    0.27536205905176264
1.6511702127659575    0.26923627944344825
1.6529787234042554    0.2624891019548739
1.6547872340425533    0.25412757598732866
1.656595744680851    0.2431403567906797
1.658404255319149    0.228833698997379
1.6602127659574468    0.2110174292554356
1.6620212765957447    0.1900046188416944
1.6638297872340426    0.16645951733070796
1.6656382978723405    0.14118045128297285
1.6674468085106384    0.11491822551789566
1.6692553191489363    0.0883018949971767
1.671063829787234    0.06188575612339181
1.672872340425532    0.03626946752572108
1.6746808510638298    0.012204733618352039
1.6764893617021277    -0.009395250236824011
1.6782978723404256    -0.027583196180988867
1.6801063829787235    -0.04161419559738093
1.6819148936170214    -0.051202560270722564
1.6837234042553193    -0.056684423049302435
1.685531914893617    -0.05899546706738902
1.6873404255319149    -0.059440688384843746
1.6891489361702128    -0.0593180601438298
1.6909574468085107    -0.05952462552901387
1.6927659574468086    -0.06029166277109402
1.6945744680851065    -0.06115402422455686
1.6963829787234044    -0.061171597084614004
1.6981914893617023    -0.05932254264648683
1.7    -0.054919427730121914
1.7018085106382979    -0.0478902576296161
1.7036170212765958    -0.038821778933708376
1.7054255319148937    -0.02875952802899359
1.7072340425531916    -0.018856732466739794
1.7090425531914895    -0.010020487165682459
1.7108510638297874    -0.002694906773595093
1.7126595744680853    0.003147422213501191
1.714468085106383    0.00783010423275178
1.7162765957446808    0.011716789816247963
1.7180851063829787    0.015003119364728375
1.7198936170212766    0.017648596773138105
1.7217021276595745    0.019460954394774604
1.7235106382978724    0.02026535779845995
1.7253191489361703    0.02005100715234428
1.7271276595744682    0.019008547699240527
1.728936170212766    0.017441267106723155
1.7307446808510638    0.015612551344616497
1.7325531914893617    0.013635682883578318
1.7343617021276596    0.011491730163178764
1.7361702127659575    0.009183572879371615
1.7379787234042554    0.0069395879223873615
1.7397872340425533    0.005324312989299796
1.7415957446808512    0.005135787984007514
1.7434042553191489    0.007071161625020372
1.7452127659574468    0.01127928164012551
1.7470212765957447    0.017020072175736443
1.7488297872340426    0.02265233898216267
1.7506382978723405    0.02605441526371574
1.7524468085106384    0.02538608038093798
1.7542553191489363    0.01991305805600936
1.7560638297872342    0.010532945486411819
1.7578723404255319    -0.0002803019010979915
1.7596808510638298    -0.009173942536999036
1.7614893617021277    -0.013039629922002572
1.7632978723404256    -0.010138754743445173
1.7651063829787235    -0.0007721610926419067
1.7669148936170214    0.012796558866441028
1.7687234042553193    0.027151014464569745
1.7705319148936172    0.03894315106148538
1.7723404255319148    0.046029697514701845
1.7741489361702127    0.0480706679650441
1.7759574468085106    0.04637786070057935
1.7777659574468085    0.04313053180938048
1.7795744680851064    0.04034119633773367
1.7813829787234043    0.03903683363450618
1.7831914893617022    0.038988567501875
1.7850000000000001    0.03904759612526934
1.7868085106382978    0.037863634157780296
1.7886170212765957    0.03460783621643172
1.7904255319148936    0.02935965292815186
1.7922340425531915    0.023013228060738355
1.7940425531914894    0.01680478025482362
1.7958510638297873    0.011732555899477314
1.7976595744680852    0.00815857950276866
1.7994680851063831    0.005754265204970722
1.8012765957446808    0.0037614004934747054
1.8030851063829787    0.0013918240077127435
1.8048936170212766    -0.0018455379366550404
1.8067021276595745    -0.006021508986001967
1.8085106382978724    -0.010865831720424476
1.8103191489361703    -0.01594488110564458
1.8121276595744682    -0.020815786179122064
1.813936170212766    -0.02509501096189694
1.8157446808510638    -0.028463611850271357
1.8175531914893617    -0.030675854334853776
1.8193617021276596    -0.031613664566419855
1.8211702127659575    -0.031361054450966735
1.8229787234042554    -0.03021967853108142
1.8247872340425533    -0.028599813874340844
1.8265957446808512    -0.02680303386467206
1.828404255319149    -0.02481121324481972
1.8302127659574468    -0.022235929922917938
1.8320212765957447    -0.018517234437360176
1.8338297872340426    -0.01331339518865833
1.8356382978723405    -0.006879116168677386
1.8374468085106384    -0.00018841319936242426
1.8392553191489363    0.005332458772281141
1.8410638297872342    0.008381171672512747
1.842872340425532    0.008382667669579603
1.8446808510638297    0.005780294842061762
1.8464893617021276    0.001817139853124503
1.8482978723404255    -0.002111539947033533
1.8501063829787234    -0.00519388472081882
1.8519148936170213    -0.0076034326156351984
1.8537234042553192    -0.01031148924712507
1.8555319148936171    -0.014387719026697672
1.857340425531915    -0.0201814311473247
1.859148936170213    -0.02687947684761221
1.8609574468085106    -0.032749923812218744
1.8627659574468085    -0.03599428964515169
1.8645744680851064    -0.035762264766424655
1.8663829787234043    -0.03275229274283443
1.8681914893617022    -0.029020749100648703
1.87    -0.027052388660301144
1.871808510638298    -0.02856502622886309
1.873617021276596    -0.03368806841659369
1.8754255319148936    -0.04096398511120898
1.8772340425531915    -0.04817572629106813
1.8790425531914894    -0.0535522862434064
1.8808510638297873    -0.05670380929929679
1.8826595744680852    -0.058796913394487296
1.884468085106383    -0.061903113866215664
1.886276595744681    -0.06789438910485138
1.8880851063829789    -0.07747507095350553
1.8898936170212766    -0.08982423432817233
1.8917021276595745    -0.10296695368041109
1.8935106382978724    -0.11461414741004533
1.8953191489361703    -0.12301844266894446
1.8971276595744682    -0.12746624014942365
1.898936170212766    -0.12828000444125898
1.900744680851064    -0.12646407453049968
1.9025531914893619    -0.12324501677039798
1.9043617021276595    -0.11970337458633537
1.9061702127659574    -0.11655417923653921
1.9079787234042553    -0.11403288537958498
1.9097872340425532    -0.11184654376041911
1.9115957446808511    -0.10922045181726889
1.913404255319149    -0.10511023122645116
1.915212765957447    -0.09858801430670178
1.9170212765957448    -0.08927386323657896
1.9188297872340425    -0.0775794226011107
1.9206382978723404    -0.06457102802914394
1.9224468085106383    -0.05145992153493739
1.9242553191489362    -0.03897622039308393
1.9260638297872341    -0.027006436393904792
1.927872340425532    -0.014757970147685026
1.92968085106383    -0.0014002315584033219
1.9314893617021278    0.013189545559574498
1.9332978723404255    0.02805739864125519
1.9351063829787234    0.041462462809470926
1.9369148936170213    0.05170356331600305
1.9387234042553192    0.05800636178607688
1.940531914893617    0.06092885416877787
1.942340425531915    0.062024813658438344
1.944148936170213    0.06296379621132979
1.9459574468085108    0.0646466627165468
1.9477659574468085    0.06685158246104007
1.9495744680851064    0.06859678037893042
1.9513829787234043    0.06894310300044369
1.9531914893617022    0.06768982830729482
1.955    0.06551762307251337
1.956808510638298    0.06352692726649882
1.9586170212765959    0.06253197303835224
1.9604255319148938    0.06261608720992333
1.9622340425531914    0.06323961139646987
1.9640425531914893    0.06377950167388922
1.9658510638297872    0.06406961298910717
1.9676595744680851    0.06452559766479112
1.969468085106383    0.06576294529789094
1.971276595744681    0.06800860686337905
1.9730851063829788    0.07077301390441455
1.9748936170212767    0.07306209558486339
1.9767021276595744    0.07400191961562018
1.9785106382978723    0.073422896869606
1.9803191489361702    0.07195433619405463
1.9821276595744681    0.07052319121813676
1.983936170212766    0.0695906663582193
1.985744680851064    0.0686748882544813
1.9875531914893618    0.06653083506683859
1.9893617021276597    0.0619058236110243
1.9911702127659574    0.05437948115818933
1.9929787234042553    0.0447255088879803
1.9947872340425532    0.034553762728106285
1.996595744680851    0.025479128708158973
1.998404255319149    0.01837338317225779
2.0002127659574467    0.013172938942300892
2.0020212765957446    0.009308197584844139
2.0038297872340425    0.006388050179306059
2.0056382978723404    0.004623676273080307
2.0074468085106383    0.004702234142433639
2.009255319148936    0.007240299580585309
2.011063829787234    0.012243637623543224
2.012872340425532    0.018964313495098167
2.01468085106383    0.02622612717346428
2.016489361702128    0.03294379171455582
2.0182978723404257    0.038454581070103244
2.0201063829787236    0.04247942967848038
2.0219148936170215    0.04485663122290298
2.0237234042553194    0.04537199773073157
2.0255319148936173    0.04389613305654952
2.0273404255319147    0.04072898751829372
2.0291489361702126    0.03680898286699766
2.0309574468085105    0.03348744483459741
2.0327659574468084    0.03188917300752557
2.0345744680851063    0.032235691526878815
2.0363829787234042    0.033610392043145795
2.038191489361702    0.034387492874357564
2.04    0.03309867468156745
2.041808510638298    0.029198316531241907
2.043617021276596    0.023247616919182867
2.0454255319148937    0.016434615465538926
2.0472340425531916    0.009795986691681052
2.0490425531914895    0.003684423536443087
2.0508510638297874    -0.0021871148903395733
2.0526595744680853    -0.008226631320684852
2.0544680851063832    -0.014402174243217263
2.0562765957446807    -0.02006494990633584
2.0580851063829786    -0.02426868367180505
2.0598936170212765    -0.026329806697968763
2.0617021276595744    -0.02622607212555582
2.0635106382978723    -0.02459058357909117
2.06531914893617    -0.02237053225764496
2.067127659574468    -0.020431676523184727
2.068936170212766    -0.019354729782293224
2.070744680851064    -0.019455804253053113
2.072553191489362    -0.020875278688989286
2.0743617021276597    -0.023576623824248924
2.0761702127659576    -0.027257435917039094
2.0779787234042555    -0.03132717770423683
2.0797872340425534    -0.03508935775194545
2.0815957446808513    -0.03808117105093736
2.083404255319149    -0.040338177413387966
2.085212765957447    -0.042350895282316225
2.0870212765957445    -0.04469587298557694
2.0888297872340424    -0.04759087146082705
2.0906382978723403    -0.05071234046579691
2.0924468085106382    -0.053427780218644985
2.094255319148936    -0.05526946413643587
2.096063829787234    -0.05627340652410932
2.097872340425532    -0.05690496383083671
2.09968085106383    -0.05762371041557686
2.1014893617021277    -0.05843966765352175
2.1032978723404256    -0.05883074366700623
2.1051063829787235    -0.058103790978219244
2.1069148936170214    -0.05591902665981664
2.1087234042553193    -0.05255790122053139
2.1105319148936172    -0.04871654425383917
2.112340425531915    -0.044987518283839345
2.114148936170213    -0.04143962462235207
2.1159574468085105    -0.03761767741637975
2.1177659574468084    -0.03293974919553383
2.1195744680851063    -0.027159044360116215
2.121382978723404    -0.020536623057499793
2.123191489361702    -0.013642624728651326
2.125    -0.0070192458130415546
2.126808510638298    -0.0010194669666030894
2.128617021276596    0.004080435138545357
2.1304255319148937    0.00789770979243382
2.1322340425531916    0.00998437559002796
2.1340425531914895    0.01016605075190644
2.1358510638297874    0.008910145560405931
2.1376595744680853    0.007325225245436752
2.139468085106383    0.006639872425888918
2.141276595744681    0.007457975692523516
2.143085106382979    0.009349218755423678
2.1448936170212765    0.011140433600241133
2.1467021276595744    0.011736508559986845
2.1485106382978723    0.010850329119535953
2.15031914893617    0.0090596238019191
2.152127659574468    0.007145372623921335
2.153936170212766    0.005278082096211887
2.155744680851064    0.0027802871356021955
2.1575531914893618    -0.0012693449501628717
2.1593617021276597    -0.007058071905081036
2.1611702127659576    -0.013539835648542355
2.1629787234042555    -0.018938169257128722
2.1647872340425534    -0.021955769034043015
2.1665957446808513    -0.022752066859637533
2.168404255319149    -0.022850607092543444
2.170212765957447    -0.023958573258790136
2.172021276595745    -0.026583987080158102
2.1738297872340424    -0.029569009336866448
2.1756382978723403    -0.03097958467027621
2.177446808510638    -0.029706902795022503
2.179255319148936    -0.026515708100273264
2.181063829787234    -0.0236516427141848
2.182872340425532    -0.023234114718194313
2.18468085106383    -0.02564002752332457
2.1864893617021277    -0.029134351908383007
2.1882978723404256    -0.03106070092398853
2.1901063829787235    -0.029700508189310904
2.1919148936170214    -0.025394291051094708
2.1937234042553193    -0.020100634539432918
2.195531914893617    -0.01578382851827585
2.197340425531915    -0.012907600256351601
2.199148936170213    -0.01018273911109225
2.200957446808511    -0.005700521750651496
2.2027659574468084    0.0014932004132584926
2.2045744680851063    0.010621981171906433
2.206382978723404    0.01975649432342342
2.208191489361702    0.027226356248991383
2.21    0.032740723732341964
2.211808510638298    0.03739770577176099
2.2136170212765958    0.042675806619347015
2.2154255319148937    0.0492633998572924
2.2172340425531916    0.0566154356788844
2.2190425531914895    0.06347461525941436
2.2208510638297874    0.06883532822259711
2.2226595744680853    0.07256494432696803
2.224468085106383    0.07527325019517739
2.226276595744681    0.07765901003662037
2.228085106382979    0.07992603699046585
2.229893617021277    0.08170486095684187
2.2317021276595743    0.0824452314145531
2.233510638297872    0.0818843744211353
2.23531914893617    0.08021205968822251
2.237127659574468    0.07786140142018674
2.238936170212766    0.07514970549596398
2.240744680851064    0.07204719960944508
2.2425531914893617    0.06818623354866934
2.2443617021276596    0.0630384520893518
2.2461702127659575    0.05613766813066398
2.2479787234042554    0.04728866657013335
2.2497872340425533    0.03674388870421873
2.251595744680851    0.025282510989027528
2.253404255319149    0.014070706530392912
2.255212765957447    0.004250711898194634
2.257021276595745    -0.0035884701047670157
2.258829787234043    -0.009729213230195927
2.2606382978723403    -0.015155762059260504
2.262446808510638    -0.020929682607980754
2.264255319148936    -0.027491541006615466
2.266063829787234    -0.03436397081765708
2.267872340425532    -0.040461574570034
2.2696808510638298    -0.044774588766914904
2.2714893617021277    -0.04693410744615074
2.2732978723404256    -0.04729226243308018
2.2751063829787235    -0.046545291801586085
2.2769148936170214    -0.045256876515152
2.2787234042553193    -0.043644352724268816
2.280531914893617    -0.04170578548231841
2.282340425531915    -0.03946917901393154
2.284148936170213    -0.03709346098105607
2.285957446808511    -0.03475269136693381
2.2877659574468088    -0.032465576283869
2.2895744680851062    -0.030066269813618977
2.291382978723404    -0.027340171339546346
2.293191489361702    -0.024169559089577568
2.295    -0.02054146910595704
2.296808510638298    -0.016448395254856883
2.2986170212765957    -0.011854459837817449
2.3004255319148936    -0.006830425901024024
2.3022340425531915    -0.001735501176683205
2.3040425531914894    0.0028097078537962193
2.3058510638297873    0.006269109645073951
2.3076595744680852    0.008634216963749913
2.309468085106383    0.010547389331749122
2.311276595744681    0.012877729515062407
2.313085106382979    0.015996243517651342
2.314893617021277    0.019345056673606465
2.3167021276595747    0.021752665813591577
2.3185106382978726    0.022357087721918283
2.32031914893617    0.021432999566120433
2.322127659574468    0.02039394698901174
2.323936170212766    0.02084899665214809
2.325744680851064    0.023375095529237815
2.3275531914893617    0.02696733089208807
2.3293617021276596    0.029657255115717093
2.3311702127659575    0.029889290182407994
2.3329787234042554    0.027635548908295077
2.3347872340425533    0.024411025727888735
2.336595744680851    0.022187308604507874
2.338404255319149    0.022029956627402304
2.340212765957447    0.0234576884143998
2.342021276595745    0.024933553973545654
2.343829787234043    0.025042854144286846
2.3456382978723407    0.023458434922393263
2.3474468085106386    0.02104643496624806
2.349255319148936    0.019159723700593986
2.351063829787234    0.018731177887129784
2.352872340425532    0.019814776705546478
2.3546808510638297    0.021785833608416624
2.3564893617021276    0.02390572310279836
2.3582978723404255    0.025767556964295727
2.3601063829787234    0.027344905486554553
2.3619148936170213    0.02873140266336367
2.3637234042553192    0.029875716406764726
2.365531914893617    0.030548448788186616
2.367340425531915    0.030531144191585483
2.369148936170213    0.029815137336028526
2.370957446808511    0.028594465167919404
2.3727659574468087    0.02702013054552312
2.3745744680851066    0.024903291654451497
2.3763829787234045    0.021639207348095806
2.378191489361702    0.016492217980181186
2.38    0.009108293639555051
2.381808510638298    -9.953024490685566e-05
2.3836170212765957    -0.010023934514283957
2.3854255319148936    -0.019422354957054546
2.3872340425531915    -0.027601828535864157
2.3890425531914894    -0.03471068128167594
2.3908510638297873    -0.04137567085987391
2.392659574468085    -0.04795071504645293
2.394468085106383    -0.05401750046001602
2.396276595744681    -0.05863114988178343
2.398085106382979    -0.06118098999949885
2.399893617021277    -0.06213609906646467
2.4017021276595747    -0.06293343172604915
2.4035106382978726    -0.06495021418249727
2.4053191489361705    -0.06835013828460976
2.407127659574468    -0.07183437278160262
2.408936170212766    -0.07364805307959052
2.4107446808510637    -0.07309508000627585
2.4125531914893616    -0.0712613180170979
2.4143617021276595    -0.07021529737075874
2.4161702127659574    -0.07125080673758336
2.4179787234042553    -0.07364822624251507
2.4197872340425532    -0.07509327466014856
2.421595744680851    -0.0735024841254355
2.423404255319149    -0.0687410384306377
2.425212765957447    -0.06273106952996624
2.427021276595745    -0.057803749373346786
2.4288297872340427    -0.054697372920286244
2.4306382978723406    -0.05196025283096313
2.4324468085106385    -0.04731192504886529
2.4342553191489364    -0.03977952485683671
2.436063829787234    -0.030707009442277472
2.437872340425532    -0.022708182284823283
2.4396808510638297    -0.01746071183006536
2.4414893617021276    -0.014288096918496383
2.4432978723404255    -0.010794227927414714
2.4451063829787234    -0.004997168565367298
2.4469148936170213    0.0029197408460850845
2.448723404255319    0.010771257391198611
2.450531914893617    0.016274052681882107
2.452340425531915    0.018992652026872888
2.454148936170213    0.02063970671579025
2.455957446808511    0.023540300059817842
2.4577659574468087    0.028677444175890385
2.4595744680851066    0.0350224199522102
2.4613829787234045    0.04062512572596652
2.4631914893617024    0.04436766658653939
2.465    0.04679021492641987
2.4668085106382978    0.049355087463280364
2.4686170212765957    0.05296441915759989
2.4704255319148936    0.05714464706307992
2.4722340425531915    0.06057759119785476
2.4740425531914894    0.06236427701101502
2.4758510638297873    0.06278588104226557
2.477659574468085    0.06290016553886205
2.479468085106383    0.06345738941551965
2.481276595744681    0.06422290175073136
2.483085106382979    0.06432565417309102
2.4848936170212768    0.06322742312298452
2.4867021276595747    0.06133264011618987
2.4885106382978726    0.05965086753373537
2.4903191489361705    0.058855666165171586
2.4921276595744684    0.058646229612573014
2.493936170212766    0.05800675953508917
2.4957446808510637    0.05611504315541267
2.4975531914893616    0.05308300475589953
2.4993617021276595    0.049907584551979786
2.5011702127659574    0.04772509434632298
2.5029787234042553    0.04701776094943931
2.504787234042553    0.047367774221795805
2.506595744680851    0.047837181782631716
2.508404255319149    0.047583794038290814
2.510212765957447    0.0462629176166726
2.512021276595745    0.04404011914548919
2.5138297872340427    0.041327773480959104
2.5156382978723406    0.03845001387724013
2.5174468085106385    0.03539159324515065
2.5192553191489364    0.03174000989253803
2.5210638297872343    0.026897793032631623
2.5228723404255318    0.020518352803371408
2.5246808510638297    0.012902089039741417
2.5264893617021276    0.0049864893176624105
2.5282978723404255    -0.002207447274952161
2.5301063829787234    -0.00833323254394397
2.5319148936170213    -0.014036806356138774
2.533723404255319    -0.020438651586034928
2.535531914893617    -0.028087758186824578
2.537340425531915    -0.036252760804841674
2.539148936170213    -0.04324891716370388
2.5409574468085108    -0.04765040403855175
2.5427659574468087    -0.049423090701124994
2.5445744680851066    -0.05000388457951968
2.5463829787234045    -0.051224809295542156
2.5481914893617024    -0.05398123716261774
2.5500000000000003    -0.057759856434991125
2.551808510638298    -0.06135964409254453
2.5536170212765956    -0.0640725724373108
2.5554255319148935    -0.06622428198277304
2.5572340425531914    -0.0686326022537695
2.5590425531914893    -0.07158060290865732
2.560851063829787    -0.07433142559381316
2.562659574468085    -0.07564897229299757
2.564468085106383    -0.0748069357856153
2.566276595744681    -0.07212649316726068
2.568085106382979    -0.06858280008420763
2.5698936170212767    -0.0649350735635237
2.5717021276595746    -0.06125320713084474
2.5735106382978725    -0.05724887404624879
2.5753191489361704    -0.052974430752960266
2.5771276595744683    -0.049093458139192594
2.578936170212766    -0.046402043640670854
2.580744680851064    -0.045084199254392096
2.5825531914893616    -0.044485237632616775
2.5843617021276595    -0.04367372467032546
2.5861702127659574    -0.04225921955938129
2.5879787234042553    -0.04065921338839355
2.589787234042553    -0.039548072999859574
2.591595744680851    -0.03903546657620065
2.593404255319149    -0.03839664655690872
2.595212765957447    -0.03663831198353815
2.5970212765957448    -0.033367533583889025
2.5988297872340427    -0.029140796221153176
2.6006382978723406    -0.024977836985396816
2.6024468085106385    -0.02151657942702074
2.6042553191489364    -0.01858897431685927
2.6060638297872343    -0.015548088734802228
2.607872340425532    -0.011952958286775749
2.60968085106383    -0.007934589582697122
2.6114893617021275    -0.003959504687773986
2.6132978723404254    -0.0003294820181046123
2.6151063829787233    0.0030320434990370724
2.6169148936170212    0.006331154300292357
2.618723404255319    0.009539219540350191
2.620531914893617    0.012365238803388209
2.622340425531915    0.01460931394839429
2.624148936170213    0.016484331960480936
2.6259574468085107    0.018499112230834294
2.6277659574468086    0.020974787480935675
2.6295744680851065    0.023702704920640597
2.6313829787234044    0.02615293958637485
2.6331914893617023    0.02807233566965016
2.6350000000000002    0.02985406469092839
2.636808510638298    0.03222619986471635
2.638617021276596    0.03548165114904579
2.6404255319148935    0.038994693981375325
2.6422340425531914    0.04157908472120278
2.6440425531914893    0.04246268682492928
2.645851063829787    0.04201399265749285
2.647659574468085    0.0415023882967986
2.649468085106383    0.04202390637672837
2.651276595744681    0.043509273283601047
2.653085106382979    0.044707231016509225
2.6548936170212767    0.04419322093099909
2.6567021276595746    0.04154432353698273
2.6585106382978725    0.03767195657331836
2.6603191489361704    0.034049679492017565
2.6621276595744683    0.03153635945788
2.663936170212766    0.029811997507303116
2.665744680851064    0.027855549697555673
2.667553191489362    0.024963153922720034
2.6693617021276594    0.02137549828103011
2.6711702127659573    0.018004852164217093
2.6729787234042552    0.015590003446434249
2.674787234042553    0.01407992901453579
2.676595744680851    0.012760497589544992
2.678404255319149    0.010920009603852768
2.680212765957447    0.00839445908661042
2.6820212765957447    0.0055337555342175535
2.6838297872340426    0.002730713345035751
2.6856382978723405    4.494783817224346e-05
2.6874468085106384    -0.0027204213274501033
2.6892553191489363    -0.0056431518317016085
2.6910638297872342    -0.00846503345500051
2.692872340425532    -0.010788002640776864
2.69468085106383    -0.012465926797680264
2.696489361702128    -0.013747564113022515
2.6982978723404254    -0.014988127351236419
2.7001063829787233    -0.016219579778934214
2.701914893617021    -0.01704446698446735
2.703723404255319    -0.016994131276744644
2.705531914893617    -0.01599941016401451
2.707340425531915    -0.014484754978575255
2.709148936170213    -0.012979079686385848
2.7109574468085107    -0.011650165136354269
2.7127659574468086    -0.010264572165993167
2.7145744680851065    -0.008625463582685036
2.7163829787234044    -0.007005154384662184
2.7181914893617023    -0.006051777831737826
2.72    -0.006193713402620272
2.721808510638298    -0.0071440340651222935
2.723617021276596    -0.008084179636826729
2.725425531914894    -0.008439470500801882
2.7272340425531914    -0.008501887474269743
2.7290425531914893    -0.009218112618859116
2.730851063829787    -0.01125541345681908
2.732659574468085    -0.014220560566878064
2.734468085106383    -0.01683578477717016
2.736276595744681    -0.017971590275134244
2.7380851063829788    -0.01756711546227553
2.7398936170212767    -0.01653160480533475
2.7417021276595746    -0.01571094387968032
2.7435106382978725    -0.014958163142482946
2.7453191489361704    -0.013280161976185586
2.7471276595744683    -0.009955327165133327
2.748936170212766    -0.005486470237059195
2.750744680851064    -0.0013447690560329587
2.752553191489362    0.0013479411835009849
2.75436170212766    0.002921717444196221
2.7561702127659573    0.004876823750428312
2.757978723404255    0.008372163271790904
2.759787234042553    0.012907878886587572
2.761595744680851    0.016546491481752388
2.763404255319149    0.017580757865984464
2.765212765957447    0.016121654428479962
2.7670212765957447    0.014073083880791013
2.7688297872340426    0.013454312257856042
2.7706382978723405    0.014620191410663588
2.7724468085106384    0.01606579358090857
2.7742553191489363    0.016015740281686706
2.776063829787234    0.014293736204415344
2.777872340425532    0.012682527963171125
2.77968085106383    0.013403652635630762
2.781489361702128    0.017119468901037316
2.783297872340426    0.0223020720558525
2.7851063829787237    0.02652297107792335
2.786914893617021    0.028441812805475992
2.788723404255319    0.02868821464343781
2.790531914893617    0.02893888918953547
2.792340425531915    0.030182570684123704
2.7941489361702128    0.03183138820194445
2.7959574468085107    0.03241965724205016
2.7977659574468086    0.031093262018306603
2.7995744680851065    0.028422875219924162
2.8013829787234044    0.02583883843996803
2.8031914893617023    0.024348013388567707
2.805    0.02380639132621693
2.806808510638298    0.02335785620684113
2.808617021276596    0.02245571484149128
2.810425531914894    0.021369860160371908
2.8122340425531918    0.02070814626420646
2.8140425531914897    0.020545095167016483
2.815851063829787    0.02015053353950423
2.817659574468085    0.018658972105777577
2.819468085106383    0.016010229809070776
2.821276595744681    0.01316745642547348
2.8230851063829787    0.011318302889587482
2.8248936170212766    0.010789655853418453
2.8267021276595745    0.010727891083135304
2.8285106382978724    0.009882578282308103
2.8303191489361703    0.0077720709065972025
2.832127659574468    0.005135203546787127
2.833936170212766    0.003247256869106367
2.835744680851064    0.002748245466526236
2.837553191489362    0.003072228645070763
2.83936170212766    0.002972817004924585
2.8411702127659577    0.0016049699003978608
2.8429787234042556    -0.0008559834820288574
2.844787234042553    -0.0035688793938996885
2.846595744680851    -0.005904687874066711
2.848404255319149    -0.007937307143959068
2.8502127659574468    -0.010103684813884316
2.8520212765957447    -0.01247862837342835
2.8538297872340426    -0.014505290532501058
2.8556382978723405    -0.015525585748973707
2.8574468085106384    -0.015582474373403588
2.8592553191489363    -0.015624845662548674
2.861063829787234    -0.016808018259351486
2.862872340425532    -0.01949732295015978
2.86468085106383    -0.022921252253002677
2.866489361702128    -0.025821050129200045
2.8682978723404258    -0.02748783926013125
2.8701063829787237    -0.028217966193879028
2.8719148936170216    -0.02881123468783682
2.873723404255319    -0.029682364555627505
2.875531914893617    -0.03049835000279008
2.877340425531915    -0.03066101280246049
2.8791489361702127    -0.03005551293023049
2.8809574468085106    -0.029222176167905553
2.8827659574468085    -0.0287512927630965
2.8845744680851064    -0.028562224896885154
2.8863829787234043    -0.02788267413367391
2.8881914893617022    -0.026006989235905352
2.89    -0.023055633761182463
2.891808510638298    -0.019908313686222368
2.893617021276596    -0.017332167893763926
2.895425531914894    -0.015199663569174696
2.8972340425531917    -0.012647208565960539
2.8990425531914896    -0.00906231464821489
2.9008510638297875    -0.004885552709954838
2.902659574468085    -0.0013388346202372736
2.904468085106383    0.0007310807218506804
2.906276595744681    0.0017577235883272713
2.9080851063829787    0.0031520124803157794
2.9098936170212766    0.006008999301829876
2.9117021276595745    0.010048415891597497
2.9135106382978724    0.013824428253385949
2.9153191489361703    0.01601776887335131
2.917127659574468    0.016573629739463545
2.918936170212766    0.016612673911911263
2.920744680851064    0.01725013532739731
2.922553191489362    0.01850533764409408
2.92436170212766    0.01934789131141687
2.9261702127659577    0.018778535773838416
2.9279787234042556    0.016845071019091266
2.9297872340425535    0.01461605579068246
2.931595744680851    0.013200325438254962
2.933404255319149    0.01281302778322331
2.9352127659574467    0.012764342979034417
2.9370212765957446    0.012277176215582924
2.9388297872340425    0.01124072461069273
2.9406382978723404    0.010158314732264244
2.9424468085106383    0.00943181151243546
2.9442553191489362    0.008803212836966216
2.946063829787234    0.00757139802567823
2.947872340425532    0.005367274104236893
2.94968085106383    0.002676790370018783
2.951489361702128    0.0005413578931550487
2.9532978723404257    -0.000321927756441802
2.9551063829787236    -0.00016573782989913504
2.9569148936170215    -2.1858029343550464e-05
2.9587234042553194    -0.0008390620020008947
2.960531914893617    -0.0026997631089648953
2.962340425531915    -0.004756551776956632
2.9641489361702127    -0.005882666667814531
2.9659574468085106    -0.005459857815777618
2.9677659574468085    -0.0037029200348150555
2.9695744680851064    -0.001376830054980174
2.9713829787234043    0.000759024067672344
2.973191489361702    0.0023334367585856526
2.975    0.003383618048979811
2.976808510638298    0.004145846750856393
2.978617021276596    0.004857625751633654
2.980425531914894    0.0056867291319978325
2.9822340425531917    0.0067321208357758715
2.9840425531914896    0.008000828351347742
2.9858510638297875    0.00935459005066829
2.9876595744680854    0.01050752314392551
2.989468085106383    0.011133633901681183
2.9912765957446807    0.011035345999876675
2.9930851063829786    0.010248808314043898
2.9948936170212765    0.00900128814398223
2.9967021276595744    0.007555985070300758
2.9985106382978723    0.0060669654202680934
3.0003191489361702    0.004543456991129737
3.002127659574468    0.0029191881239352757
3.003936170212766    0.0011419668091175953
3.005744680851064    -0.0007892579158634125
3.007553191489362    -0.002838308460177668
3.0093617021276597    -0.004947652381093306
3.0111702127659576    -0.007033045582139239
3.0129787234042555    -0.008987323689751369
3.0147872340425534    -0.010726443637991287
3.0165957446808513    -0.012251224600586346
3.0184042553191492    -0.013652878011634468
3.0202127659574467    -0.015032720798936597
3.0220212765957446    -0.01640551392229283
3.0238297872340425    -0.017694900958455842
3.0256382978723404    -0.018840674647503504
3.0274468085106383    -0.019901921042019537
3.029255319148936    -0.021017449432352765
3.031063829787234    -0.02223044402336293
3.032872340425532    -0.02335737928071454
3.03468085106383    -0.024077541819250134
3.036489361702128    -0.02420510916565676
3.0382978723404257    -0.023889017164336675
3.0401063829787236    -0.02351447274360502
3.0419148936170215    -0.023360789689705445
3.0437234042553194    -0.023328259712320304
3.0455319148936173    -0.023001213741020994
3.047340425531915    -0.02199111640179638
3.0491489361702127    -0.020231170481744214
3.0509574468085106    -0.017960386724878805
3.0527659574468085    -0.015467524612963891
3.0545744680851064    -0.012898644917291337
3.0563829787234043    -0.010311426075802106
3.058191489361702    -0.007834265945515465
3.06    -0.005651403691144497
3.061808510638298    -0.003767701446378594
3.063617021276596    -0.0018430876342491942
3.0654255319148938    0.000601455458125617
3.0672340425531917    0.003699565176150518
3.0690425531914896    0.00695863567758475
3.0708510638297875    0.009564721085186929
3.0726595744680854    0.011084289145125558
3.0744680851063833    0.011901610297141187
3.076276595744681    0.012903550919113601
3.0780851063829786    0.014642894654441643
3.0798936170212765    0.016768225786119438
3.0817021276595744    0.018298978950137296
3.0835106382978723    0.018510713483974345
3.08531914893617    0.01758570658980413
3.087127659574468    0.016410000732955468
3.088936170212766    0.01574462543642583
3.090744680851064    0.01560501193036698
3.092553191489362    0.015431965928772533
3.0943617021276597    0.014803660185831145
3.0961702127659576    0.013897859582141923
3.0979787234042555    0.013222853528258444
3.0997872340425534    0.012946438409111898
3.1015957446808513    0.012590934979848076
3.103404255319149    0.011462560785356173
3.105212765957447    0.009379986127784137
3.1070212765957446    0.00692442847946953
3.1088297872340425    0.00492223659867751
3.1106382978723404    0.0036745127452595134
3.1124468085106383    0.0027180401973738435
3.114255319148936    0.00135593756900292
3.116063829787234    -0.0005899070816560185
3.117872340425532    -0.002563723649411098
3.11968085106383    -0.003791765084730935
3.1214893617021278    -0.003985596232015686
3.1232978723404257    -0.0035373595039590493
3.1251063829787236    -0.0030676982847927985
3.1269148936170215    -0.0028416063570556264
3.1287234042553194    -0.0026463609845483547
3.1305319148936173    -0.0021907922751913224
3.132340425531915    -0.0015365895802078775
3.134148936170213    -0.001084266748050095
3.1359574468085105    -0.0011561750827162038
3.1377659574468084    -0.0016587811541659038
3.1395744680851063    -0.002196819429023341
3.141382978723404    -0.0024980842895509486
3.143191489361702    -0.0026669997858165123
3.145    -0.0029873907267837273
3.146808510638298    -0.003506391170396911
3.148617021276596    -0.0038825488923943064
3.1504255319148937    -0.003693104430399053
3.1522340425531916    -0.00288277650596797
3.1540425531914895    -0.0018626432388718387
3.1558510638297874    -0.0011310838372462577
3.1576595744680853    -0.0008035408441802836
3.159468085106383    -0.0005473940549048718
3.161276595744681    4.520786152809237e-06
3.163085106382979    0.0007984310611993997
3.1648936170212765    0.0013516455242481057
3.1667021276595744    0.0012148940819332594
3.1685106382978723    0.0004324910940435823
3.17031914893617    -0.00047331125374965396
3.172127659574468    -0.0009753108668176379
3.173936170212766    -0.0009893951374346447
3.175744680851064    -0.0008636350617038308
3.1775531914893618    -0.0009677620156856872
3.1793617021276597    -0.001344876861977691
3.1811702127659576    -0.0017780017578955015
3.1829787234042555    -0.002146004392523619
3.1847872340425534    -0.002632328794724826
3.1865957446808513    -0.0035391254578757843
3.188404255319149    -0.004919296502517257
3.190212765957447    -0.0064466826159657355
3.192021276595745    -0.00767402146144747
3.1938297872340424    -0.008396758089930852
3.1956382978723403    -0.008738479979736171
3.1974468085106382    -0.008903332897414813
3.199255319148936    -0.008909367259579005
3.201063829787234    -0.008600946334463639
3.202872340425532    -0.00787846346436162
3.20468085106383    -0.006826990112928312
3.2064893617021277    -0.005583530662867124
3.2082978723404256    -0.004148284312243098
3.2101063829787235    -0.002440936513483526
3.2119148936170214    -0.000576841717790036
3.2137234042553193    0.001014241604272069
3.2155319148936172    0.0018986153850667634
3.217340425531915    0.0021352987104661138
3.219148936170213    0.0023876261765054963
3.220957446808511    0.003400940945052204
3.2227659574468084    0.005296756061983025
3.2245744680851063    0.007425326863312177
3.226382978723404    0.00899195412163897
3.228191489361702    0.009834993883774283
3.23    0.010519137720616571
3.231808510638298    0.011623043075943765
3.233617021276596    0.013004293394151718
3.2354255319148937    0.013894092887017817
3.2372340425531916    0.013767809632642309
3.2390425531914895    0.013029072074214557
3.2408510638297874    0.012681618808802343
3.2426595744680853    0.013262820518471437
3.244468085106383    0.014182475822225631
3.246276595744681    0.014242205149690386
3.248085106382979    0.012845112619012514
3.249893617021277    0.010618423416199126
3.251702127659575    0.008766096721312337
3.2535106382978722    0.00783271028543834
3.25531914893617    0.007201939650124721
3.257127659574468    0.005849818214063905
3.258936170212766    0.0035005263992385557
3.260744680851064    0.0009108276937746899
3.2625531914893617    -0.0009961569193579418
3.2643617021276596    -0.0021380357857218556
3.2661702127659575    -0.0032791981419878933
3.2679787234042554    -0.005057960584334887
3.2697872340425533    -0.007182143891180903
3.2715957446808512    -0.008737107573027852
3.273404255319149    -0.009252430220239482
3.275212765957447    -0.009279184396137233
3.277021276595745    -0.009783047739999901
3.278829787234043    -0.011035262811811886
3.2806382978723407    -0.012291555537365616
3.282446808510638    -0.012661141113971212
3.284255319148936    -0.012183332902733428
3.286063829787234    -0.011849638987012513
3.287872340425532    -0.01249250004073282
3.28968085106383    -0.013778338568637607
3.2914893617021277    -0.01447400298864314
3.2932978723404256    -0.01374252552838014
3.2951063829787235    -0.012051380003345408
3.2969148936170214    -0.010683916206884393
3.2987234042553193    -0.010391266321437616
3.300531914893617    -0.010668897490623164
3.302340425531915    -0.01042269966008106
3.304148936170213    -0.009225531714070739
3.305957446808511    -0.007732072143924577
3.307765957446809    -0.00682308447282763
3.3095744680851067    -0.006523464830690332
3.311382978723404    -0.005984617394515794
3.313191489361702    -0.004562466001770639
3.315    -0.002718888503564552
3.316808510638298    -0.001646070721365851
3.3186170212765957    -0.001982081160757929
3.3204255319148936    -0.003066693053540604
3.3222340425531915    -0.003617028126699137
3.3240425531914894    -0.0031047420170861135
3.3258510638297873    -0.0023042036762230614
3.3276595744680852    -0.002394019114441988
3.329468085106383    -0.0036145343969239746
3.331276595744681    -0.004982039698646821
3.333085106382979    -0.0053714788404904115
3.334893617021277    -0.0047469548157702
3.3367021276595747    -0.004170913095175091
3.3385106382978726    -0.00461303456528515
3.34031914893617    -0.0059235710109462126
3.342127659574468    -0.007116111704153297
3.343936170212766    -0.0075917628070652715
3.345744680851064    -0.007866201625295076
3.3475531914893617    -0.008949421941013346
3.3493617021276596    -0.01109107270445812
3.3511702127659575    -0.013348253162603792
3.3529787234042554    -0.014505059646146515
3.3547872340425533    -0.014332676592440932
3.356595744680851    -0.013782862802195685
3.358404255319149    -0.013907696522719847
3.360212765957447    -0.014728272224148704
3.362021276595745    -0.015311137539059362
3.363829787234043    -0.014921665947634177
3.3656382978723407    -0.013899209513603107
3.3674468085106386    -0.013235765266945247
3.369255319148936    -0.013347007897348998
3.371063829787234    -0.013472138161023727
3.372872340425532    -0.01243508037525947
3.3746808510638298    -0.009940390065500456
3.3764893617021277    -0.006943631723140713
3.3782978723404256    -0.004661935843392069
3.3801063829787235    -0.0033191460772470094
3.3819148936170214    -0.0020150429400643778
3.3837234042553193    0.00016778181780736923
3.385531914893617    0.003100847731942445
3.387340425531915    0.005796597723054997
3.389148936170213    0.007595482120125915
3.390957446808511    0.008941929240631844
3.3927659574468088    0.010815408462435299
3.3945744680851067    0.013462845884141832
3.3963829787234046    0.01593688455131826
3.398191489361702    0.017057756962562787
3.4    0.01676486818191362
3.401808510638298    0.01630543606632722
3.4036170212765957    0.0169676182294295
3.4054255319148936    0.018717333958184527
3.4072340425531915    0.02025915175252676
3.4090425531914894    0.020480820222317418
3.4108510638297873    0.01968646410484358
3.412659574468085    0.019238436989079365
3.414468085106383    0.020003181881272154
3.416276595744681    0.02134914055253987
3.418085106382979    0.021838691511879442
3.419893617021277    0.02085250742934317
3.4217021276595747    0.019322507720096915
3.4235106382978726    0.018737849963079492
3.4253191489361705    0.019526153431456937
3.427127659574468    0.020616274456677894
3.428936170212766    0.02066111461859732
3.4307446808510638    0.0195371972303469
3.4325531914893617    0.01844477672623561
3.4343617021276596    0.018530203648174884
3.4361702127659575    0.01961765204171729
3.4379787234042554    0.02047935744763473
3.4397872340425533    0.020290040934352077
3.441595744680851    0.019557180362967094
3.443404255319149    0.019447638216009866
3.445212765957447    0.020310010824087843
3.447021276595745    0.021143935537388976
3.4488297872340428    0.020680439953522735
3.4506382978723407    0.018855769373942732
3.4524468085106386    0.016963375784210533
3.4542553191489365    0.01625509570746015
3.456063829787234    0.016545660328891598
3.457872340425532    0.016404138863920822
3.4596808510638297    0.014735793589590863
3.4614893617021276    0.011985745804071194
3.4632978723404255    0.009622029785298417
3.4651063829787234    0.008496289074511828
3.4669148936170213    0.007931557437253125
3.468723404255319    0.006540324200942029
3.470531914893617    0.003815061372801359
3.472340425531915    0.0006890927011263381
3.474148936170213    -0.001531349032768583
3.475957446808511    -0.002616951804588739
3.4777659574468087    -0.003611158422007039
3.4795744680851066    -0.005602271607274372
3.4813829787234045    -0.008509018445249313
3.4831914893617024    -0.011241189229292334
3.4850000000000003    -0.01298279448538911
3.4868085106382978    -0.014081275339576406
3.4886170212765957    -0.015540077576222718
3.4904255319148936    -0.017754710351184016
3.4922340425531915    -0.019986268482201353
3.4940425531914894    -0.02117770809672701
3.4958510638297873    -0.021158167984401458
3.497659574468085    -0.020854809443316375
3.499468085106383    -0.02129125560211394
3.501276595744681    -0.022524555286679186
3.503085106382979    -0.02369387668321991
3.5048936170212768    -0.024056271332342182
3.5067021276595747    -0.023794753630822143
3.5085106382978726    -0.02372096698811772
3.5103191489361705    -0.024298605713587006
3.5121276595744684    -0.025150556305040064
3.5139361702127663    -0.02557660434421326
3.5157446808510637    -0.025405026491105192
3.5175531914893616    -0.025145415715490598
3.5193617021276595    -0.025274897928897134
3.5211702127659574    -0.02552618076456609
3.5229787234042553    -0.025046695990564204
3.5247872340425532    -0.023287358932427834
3.526595744680851    -0.020636128147308707
3.528404255319149    -0.018086748428419595
3.530212765957447    -0.01628952480842028
3.532021276595745    -0.014979697339530997
3.5338297872340427    -0.013337922892848787
3.5356382978723406    -0.010845239598617901
3.5374468085106385    -0.007739328081512353
3.5392553191489364    -0.004683655560697105
3.5410638297872343    -0.002098233051563982
3.5428723404255322    0.0001330012894598582
3.5446808510638297    0.0023631438228583932
3.5464893617021276    0.004715811013844922
3.5482978723404255    0.006972568980302546
3.5501063829787234    0.008875056969585036
3.5519148936170213    0.010450441063770164
3.553723404255319    0.011994941351095953
3.555531914893617    0.013755725401629414
3.557340425531915    0.01566262191493521
3.559148936170213    0.017374969286539216
3.560957446808511    0.0185708049351925
3.5627659574468087    0.01918658060725294
3.5645744680851066    0.019407783789538526
3.5663829787234045    0.019473735349130095
3.5681914893617024    0.019514435993890796
3.5700000000000003    0.019554428842726363
3.571808510638298    0.019616968296543778
3.5736170212765956    0.019762075300055065
3.5754255319148935    0.019993339000311295
3.5772340425531914    0.02015364064480232
3.5790425531914893    0.019983827828797613
3.5808510638297872    0.019353153504598274
3.582659574468085    0.018444165388311996
3.584468085106383    0.017653723196473337
3.586276595744681    0.01723660360528059
3.588085106382979    0.01702310001589175
3.5898936170212767    0.01653423429741305
3.5917021276595746    0.015437989776000496
3.5935106382978725    0.013905261062852552
3.5953191489361704    0.012475909259400127
3.5971276595744683    0.011537941324181358
3.5989361702127662    0.010951327552031234
3.600744680851064    0.010220960044788396
3.6025531914893616    0.009039292904871148
3.6043617021276595    0.007610405395117717
3.6061702127659574    0.006406141735790658
3.6079787234042553    0.005641224670936942
3.609787234042553    0.005066094830997302
3.611595744680851    0.0042971663033511825
3.613404255319149    0.0032708388529242172
3.615212765957447    0.0022684221259954597
