0.0    0.0
0.0018085106382978724    0.0
0.003617021276595745    0.0
0.005425531914893617    0.0
0.00723404255319149    0.0
0.009042553191489363    0.0
0.010851063829787235    0.0
0.012659574468085107    0.0
0.01446808510638298    0.0
0.016276595744680853    0.0
0.018085106382978725    0.0
0.019893617021276597    0.0
0.02170212765957447    0.0
0.023510638297872342    0.0
0.025319148936170214    0.0
0.027127659574468086    0.0
0.02893617021276596    0.0
0.03074468085106383    0.0
0.032553191489361706    0.0
0.03436170212765958    0.0
0.03617021276595745    0.0
0.03797872340425532    0.0
0.039787234042553195    0.0
0.04159574468085107    0.0
0.04340425531914894    0.0
0.04521276595744681    0.0
0.047021276595744683    0.0
0.048829787234042556    0.0
0.05063829787234043    0.0
0.0524468085106383    0.0
0.05425531914893617    0.0
0.056063829787234044    0.0
0.05787234042553192    0.0
0.05968085106382979    0.0
0.06148936170212766    0.0
0.06329787234042554    0.0
0.06510638297872341    0.0
0.06691489361702128    0.0
0.06872340425531916    0.0
0.07053191489361703    0.0
0.0723404255319149    0.0
0.07414893617021277    0.0
0.07595744680851065    0.0
0.07776595744680852    0.0
0.07957446808510639    0.0
0.08138297872340426    0.0
0.08319148936170213    0.0
0.085    0.0
0.08680851063829788    0.0
0.08861702127659575    0.0
0.09042553191489362    0.0
0.0922340425531915    0.0
0.09404255319148937    0.0
0.09585106382978724    0.0
0.09765957446808511    0.0
0.09946808510638298    0.0
0.10127659574468086    0.0
0.10308510638297873    0.0
0.1048936170212766    0.0
0.10670212765957447    0.0
0.10851063829787234    0.0
0.11031914893617022    0.0
0.11212765957446809    0.0
0.11393617021276596    0.0
0.11574468085106383    0.0
0.1175531914893617    0.0
0.11936170212765958    0.0
0.12117021276595745    0.0
0.12297872340425532    0.0
0.1247872340425532    0.0
0.12659574468085108    0.0
0.12840425531914895    0.0
0.13021276595744682    0.0
0.1320212765957447    0.0
0.13382978723404257    0.0
0.13563829787234044    0.0
0.1374468085106383    0.0
0.13925531914893619    0.0
0.14106382978723406    0.0
0.14287234042553193    0.0
0.1446808510638298    0.0
0.14648936170212767    0.0
0.14829787234042555    0.0
0.15010638297872342    0.0
0.1519148936170213    0.0
0.15372340425531916    0.0
0.15553191489361703    0.0
0.1573404255319149    0.0
0.15914893617021278    0.0
0.16095744680851065    0.0
0.16276595744680852    0.0
0.1645744680851064    0.0
0.16638297872340427    0.0
0.16819148936170214    0.0
0.17    0.0
0.17180851063829788    0.0
0.17361702127659576    0.0
0.17542553191489363    0.0
0.1772340425531915    0.0
0.17904255319148937    0.0
0.18085106382978725    0.0
0.18265957446808512    0.0
0.184468085106383    0.0
0.18627659574468086    0.0
0.18808510638297873    0.0
0.1898936170212766    0.0
0.19170212765957448    0.0
0.19351063829787235    0.0
0.19531914893617022    0.0
0.1971276595744681    0.0
0.19893617021276597    0.0
0.20074468085106384    0.0
0.2025531914893617    0.0
0.20436170212765958    0.0
0.20617021276595746    0.0
0.20797872340425533    0.0
0.2097872340425532    0.0
0.21159574468085107    0.0
0.21340425531914894    0.0
0.21521276595744682    0.0
0.2170212765957447    0.0
0.21882978723404256    0.0
0.22063829787234043    0.0
0.2224468085106383    0.0
0.22425531914893618    0.0
0.22606382978723405    0.0
0.22787234042553192    0.0
0.2296808510638298    0.0
0.23148936170212767    0.0
0.23329787234042554    0.0
0.2351063829787234    0.0
0.23691489361702128    0.0
0.23872340425531915    0.0
0.24053191489361703    0.0
0.2423404255319149    0.0
0.24414893617021277    0.0
0.24595744680851064    0.0
0.24776595744680852    0.0
0.2495744680851064    0.0
0.25138297872340426    0.0
0.25319148936170216    0.0
0.255    0.0
0.2568085106382979    0.0
0.25861702127659575    0.0
0.26042553191489365    0.0
0.2622340425531915    0.0
0.2640425531914894    0.0
0.26585106382978724    0.0
0.26765957446808514    0.0
0.269468085106383    0.0
0.2712765957446809    0.0
0.2730851063829787    0.0
0.2748936170212766    0.0
0.27670212765957447    0.0
0.27851063829787237    0.0
0.2803191489361702    0.0
0.2821276595744681    0.0
0.28393617021276596    0.0
0.28574468085106386    0.0
0.2875531914893617    0.0
0.2893617021276596    0.0
0.29117021276595745    0.0
0.29297872340425535    0.0
0.2947872340425532    0.0
0.2965957446808511    0.0
0.29840425531914894    0.0
0.30021276595744684    0.0
0.3020212765957447    0.0
0.3038297872340426    0.0
0.3056382978723404    0.0
0.3074468085106383    0.0
0.30925531914893617    0.0
0.31106382978723407    0.0
0.3128723404255319    0.0
0.3146808510638298    0.0
0.31648936170212766    0.0
0.31829787234042556    0.0
0.3201063829787234    0.0
0.3219148936170213    0.0
0.32372340425531915    0.0
0.32553191489361705    0.0
0.3273404255319149    0.0
0.3291489361702128    0.0
0.33095744680851064    0.0
0.33276595744680854    0.0
0.3345744680851064    0.0
0.3363829787234043    0.0
0.3381914893617021    0.0
0.34    0.0
0.34180851063829787    0.0
0.34361702127659577    0.0
0.3454255319148936    0.0
0.3472340425531915    0.0
0.34904255319148936    0.0
0.35085106382978726    0.0
0.3526595744680851    0.0
0.354468085106383    0.0
0.35627659574468085    0.0
0.35808510638297875    0.0
0.3598936170212766    0.0
0.3617021276595745    0.0
0.36351063829787233    0.0
0.36531914893617023    0.0
0.3671276595744681    0.0
0.368936170212766    0.0
0.3707446808510638    0.0
0.3725531914893617    0.0
0.37436170212765957    0.0
0.37617021276595747    0.0
0.3779787234042553    0.0
0.3797872340425532    0.0
0.38159574468085106    0.0
0.38340425531914896    0.0
0.3852127659574468    0.0
0.3870212765957447    0.0
0.38882978723404255    0.0
0.39063829787234045    0.0
0.3924468085106383    0.0
0.3942553191489362    0.0
0.39606382978723403    0.0
0.39787234042553193    0.0
0.3996808510638298    0.0
0.4014893617021277    0.0
0.4032978723404255    0.0
0.4051063829787234    0.0
0.40691489361702127    0.0
0.40872340425531917    0.0
0.410531914893617    0.0
0.4123404255319149    0.0
0.41414893617021276    0.0
0.41595744680851066    0.0
0.4177659574468085    0.0
0.4195744680851064    0.0
0.42138297872340424    0.0
0.42319148936170214    0.0
0.425    0.0
0.4268085106382979    0.0
0.42861702127659573    0.0
0.43042553191489363    0.0
0.4322340425531915    0.0
0.4340425531914894    0.0
0.4358510638297872    0.0
0.4376595744680851    0.0
0.43946808510638297    0.0
0.44127659574468087    0.0
0.4430851063829787    0.0
0.4448936170212766    0.0
0.44670212765957445    0.0
0.44851063829787235    0.0
0.4503191489361702    0.0
0.4521276595744681    0.0
0.45393617021276594    0.0
0.45574468085106384    0.0
0.4575531914893617    0.0
0.4593617021276596    0.0
0.46117021276595743    0.0
0.46297872340425533    0.0
0.46478723404255323    0.0
0.4665957446808511    0.0
0.468404255319149    0.0
0.4702127659574468    0.0
0.4720212765957447    0.0
0.47382978723404257    0.0
0.47563829787234047    0.0
0.4774468085106383    0.0
0.4792553191489362    0.0
0.48106382978723405    0.0
0.48287234042553195    0.0
0.4846808510638298    0.0
0.4864893617021277    0.0
0.48829787234042554    0.0
0.49010638297872344    0.0
0.4919148936170213    0.0
0.4937234042553192    0.0
0.49553191489361703    0.0
0.49734042553191493    0.0
0.4991489361702128    0.0
0.5009574468085106    0.0
0.5027659574468085    0.0
0.5045744680851064    0.0
0.5063829787234043    0.0
0.5081914893617021    0.0
0.51    0.0
0.5118085106382979    0.0
0.5136170212765958    0.0
0.5154255319148936    0.0
0.5172340425531915    0.0
0.5190425531914894    0.0
0.5208510638297873    0.0
0.5226595744680851    0.0
0.524468085106383    0.0
0.5262765957446809    0.0
0.5280851063829788    0.0
0.5298936170212766    0.0
0.5317021276595745    0.0
0.5335106382978724    0.0
0.5353191489361703    0.0
0.5371276595744681    0.0
0.538936170212766    0.0
0.5407446808510639    0.0
0.5425531914893618    0.0
0.5443617021276596    0.0
0.5461702127659575    0.0
0.5479787234042554    0.0
0.5497872340425533    0.0
0.551595744680851    0.0
0.5534042553191489    0.0
0.5552127659574468    0.0
0.5570212765957447    0.0
0.5588297872340425    0.0
0.5606382978723404    0.0
0.5624468085106383    0.0
0.5642553191489362    0.0
0.566063829787234    0.0
0.5678723404255319    0.0
0.5696808510638298    0.0
0.5714893617021277    0.0
0.5732978723404255    0.0
0.5751063829787234    0.0
0.5769148936170213    0.0
0.5787234042553192    0.0
0.580531914893617    0.0
0.5823404255319149    0.0
0.5841489361702128    0.0
0.5859574468085107    0.0
0.5877659574468085    0.0
0.5895744680851064    0.0
0.5913829787234043    0.0
0.5931914893617022    0.0
0.595    0.0
0.5968085106382979    0.0
0.5986170212765958    0.0
0.6004255319148937    0.0
0.6022340425531915    0.0
0.6040425531914894    0.0
0.6058510638297873    0.0
0.6076595744680852    0.0
0.609468085106383    0.0
0.6112765957446809    0.0
0.6130851063829788    0.0
0.6148936170212767    0.0
0.6167021276595744    3.5e-323
0.6185106382978723    1.5e-321
0.6203191489361702    6.0553e-320
0.6221276595744681    2.3868e-318
0.6239361702127659    9.2072097e-317
0.6257446808510638    3.47713583e-315
0.6275531914893617    1.28592446283e-313
0.6293617021276596    4.658257556794e-312
0.6311702127659574    1.65332088935837e-310
0.6329787234042553    5.75075995397699e-309
0.6347872340425532    1.9608035831404853e-307
0.6365957446808511    6.555225644774384e-306
0.6384042553191489    2.14925288497383e-304
0.6402127659574468    6.912467196743442e-303
0.6420212765957447    2.181330851180964e-301
0.6438297872340426    6.755352122308253e-300
0.6456382978723404    2.0535510020426243e-298
0.6474468085106383    6.128936680376684e-297
0.6492553191489362    1.796288496263759e-295
0.6510638297872341    5.1708944688676795e-294
0.6528723404255319    1.4623098725780974e-292
0.6546808510638298    4.063320469207927e-291
0.6564893617021277    1.1096160934096823e-289
0.6582978723404256    2.97848118925831e-288
0.6601063829787234    7.860067219411837e-287
0.6619148936170213    2.039596377060072e-285
0.6637234042553192    5.205045850900221e-284
0.6655319148936171    1.3065967144187577e-282
0.6673404255319149    3.2267709161374863e-281
0.6691489361702128    7.841078235736717e-280
0.6709574468085107    1.8751442688811154e-278
0.6727659574468086    4.4138105553247557e-277
0.6745744680851063    1.0227756381082533e-275
0.6763829787234042    2.333463897284663e-274
0.6781914893617021    5.242530384466026e-273
0.68    1.1600159041956741e-271
0.6818085106382978    2.528324778425288e-270
0.6836170212765957    5.42886953885751e-269
0.6854255319148936    1.1485613197505315e-267
0.6872340425531915    2.3945656840769872e-266
0.6890425531914893    4.9202325118170186e-265
0.6908510638297872    9.96525260350289e-264
0.6926595744680851    1.9897171259109205e-262
0.694468085106383    3.9169702556213135e-261
0.6962765957446809    7.60360858575318e-260
0.6980851063829787    1.4556383717527907e-258
0.6998936170212766    2.7485543746886835e-257
0.7017021276595745    5.11946084944313e-256
0.7035106382978724    9.407284672679932e-255
0.7053191489361702    1.7055906091689144e-253
0.7071276595744681    3.051442761529e-252
0.708936170212766    5.387710637794383e-251
0.7107446808510639    9.389010137503895e-250
0.7125531914893617    1.6150985071001271e-248
0.7143617021276596    2.742763105213654e-247
0.7161702127659575    4.59868167219641e-246
0.7179787234042554    7.613408765718922e-245
0.7197872340425532    1.244715195761431e-243
0.7215957446808511    2.009784521807386e-242
0.723404255319149    3.2052404998502365e-241
0.7252127659574469    5.049468587229783e-240
0.7270212765957447    7.85862080564143e-239
0.7288297872340426    1.2083803537055063e-237
0.7306382978723405    1.8359383421400122e-236
0.7324468085106384    2.756446064497857e-235
0.7342553191489362    4.0899420344270374e-234
0.7360638297872341    5.997907441664564e-233
0.737872340425532    8.694316927118813e-232
0.7396808510638299    1.245838872268113e-230
0.7414893617021276    1.7648835567573032e-229
0.7432978723404255    2.4719207716107373e-228
0.7451063829787234    3.4233663313795434e-227
0.7469148936170213    4.688220879808485e-226
0.7487234042553191    6.349413998637678e-225
0.750531914893617    8.504810887410923e-224
0.7523404255319149    1.1267697584226084e-222
0.7541489361702128    1.4766542265607443e-221
0.7559574468085106    1.914382428262284e-220
0.7577659574468085    2.455373365793148e-219
0.7595744680851064    3.1158575575732296e-218
0.7613829787234043    3.912376949721205e-217
0.7631914893617021    4.8611411606825065e-216
0.765    5.977247058765718e-215
0.7668085106382979    7.273780567821324e-214
0.7686170212765958    8.760832510885382e-213
0.7704255319148936    1.0444473221807588e-211
0.7722340425531915    1.232574236344736e-210
0.7740425531914894    1.4399719567545874e-209
0.7758510638297873    1.6654746863692264e-208
0.7776595744680851    1.907187427902764e-207
0.779468085106383    2.162459468280672e-206
0.7812765957446809    2.427892260132474e-205
0.7830851063829788    2.6993854580502226e-204
0.7848936170212766    2.9722226569660406e-203
0.7867021276595745    3.241195816275292e-202
0.7885106382978724    3.5007646267893576e-201
0.7903191489361703    3.745244411172481e-200
0.7921276595744681    3.969013776573564e-199
0.793936170212766    4.166731382787053e-198
0.7957446808510639    4.333550036479397e-197
0.7975531914893618    4.465316000817297e-196
0.7993617021276596    4.5587419768355385e-195
0.8011702127659575    4.6115436443922024e-194
0.8029787234042554    4.622531843353e-193
0.8047872340425533    4.59165525642021e-192
0.806595744680851    4.5199915974583425e-191
0.808404255319149    4.409688556604806e-190
0.8102127659574468    4.2638588444513536e-189
0.8120212765957447    4.086436371406589e-188
0.8138297872340425    3.8820026974600074e-187
0.8156382978723404    3.6555942546845854e-186
0.8174468085106383    3.412501412914812e-185
0.8192553191489362    3.1580702335489373e-184
0.821063829787234    2.8975168098829224e-183
0.8228723404255319    2.6357625526721124e-182
0.8246808510638298    2.3772968135910447e-181
0.8264893617021277    2.1260710339380056e-180
0.8282978723404255    1.8854263494913834e-179
0.8301063829787234    1.6580544470915903e-178
0.8319148936170213    1.445989596910169e-177
0.8337234042553192    1.2506282803436668e-176
0.835531914893617    1.0727717579131608e-175
0.8373404255319149    9.126862928039971e-175
0.8391489361702128    7.701755439938311e-174
0.8409574468085107    6.4465981783902394e-173
0.8427659574468085    5.352573465043058e-172
0.8445744680851064    4.408634618244795e-171
0.8463829787234043    3.602243674393797e-170
0.8481914893617022    2.92003098771184e-169
0.85    2.3483612903440567e-168
0.8518085106382979    1.8737987420292206e-167
0.8536170212765958    1.483470314573542e-166
0.8554255319148937    1.1653323128297063e-165
0.8572340425531915    9.083488514832925e-165
0.8590425531914894    7.025937297592168e-164
0.8608510638297873    5.3928851096123345e-163
0.8626595744680852    4.1078991808861965e-162
0.864468085106383    3.105391290768917e-161
0.8662765957446809    2.3298442935397775e-160
0.8680851063829788    1.7348717492585404e-159
0.8698936170212767    1.282193276733118e-158
0.8717021276595744    9.405910175442701e-158
0.8735106382978723    6.848962324463198e-157
0.8753191489361702    4.950403437690647e-156
0.8771276595744681    3.551921562600211e-155
0.8789361702127659    2.529927242112845e-154
0.8807446808510638    1.788913618429962e-153
0.8825531914893617    1.2558044378171044e-152
0.8843617021276596    8.752264676195933e-152
0.8861702127659574    6.056183027697602e-151
0.8879787234042553    4.16075217945372e-150
0.8897872340425532    2.8382657735108654e-149
0.8915957446808511    1.9224565232169104e-148
0.8934042553191489    1.29299252013804e-147
0.8952127659574468    8.63545332774682e-147
0.8970212765957447    5.727134741525773e-146
0.8988297872340426    3.771951881362243e-145
0.9006382978723404    2.467087708653696e-144
0.9024468085106383    1.602528735179357e-143
0.9042553191489362    1.033814953003309e-142
0.9060638297872341    6.623817677413559e-142
0.9078723404255319    4.215171106031302e-141
0.9096808510638298    2.664255689815978e-140
0.9114893617021277    1.672641631679186e-139
0.9132978723404256    1.0430581927514603e-138
0.9151063829787234    6.461078535285799e-138
0.9169148936170213    3.9756160465518034e-137
0.9187234042553192    2.4300698297287517e-136
0.9205319148936171    1.4755700419715516e-135
0.9223404255319149    8.901012271526913e-135
0.9241489361702128    5.334197459621612e-134
0.9259574468085107    3.1758530927205683e-133
0.9277659574468086    1.8785586037177622e-132
0.9295744680851065    1.1040110121354713e-131
0.9313829787234043    6.446404536213297e-131
0.9331914893617022    3.739971297198117e-130
0.935    2.1559392015207285e-129
0.936808510638298    1.2349038197211303e-128
0.9386170212765957    7.028601097222071e-128
0.9404255319148936    3.9751584560315306e-127
0.9422340425531915    2.2340882694972475e-126
0.9440425531914894    1.2477195834500437e-125
0.9458510638297872    6.924920320533827e-125
0.9476595744680851    3.81947737795654e-124
0.949468085106383    2.0936044091670346e-123
0.9512765957446809    1.1405041722760244e-122
0.9530851063829787    6.174768211116988e-122
0.9548936170212766    3.3225829195357533e-121
0.9567021276595745    1.7769374880670802e-120
0.9585106382978724    9.445377006993844e-120
0.9603191489361702    4.990302255027847e-119
0.9621276595744681    2.6206215025429402e-118
0.963936170212766    1.367921083880255e-117
0.9657446808510639    7.097516159085708e-117
0.9675531914893617    3.660577115057868e-116
0.9693617021276596    1.8767208852365496e-115
0.9711702127659575    9.564578064942184e-115
0.9729787234042554    4.845704283765775e-114
0.9747872340425532    2.4405169844270708e-113
0.9765957446808511    1.2219386107897292e-112
0.978404255319149    6.082306112210286e-112
0.9802127659574469    3.0098656814921166e-111
0.9820212765957447    1.480793343550941e-110
0.9838297872340426    7.243004391105845e-110
0.9856382978723405    3.5223165167654424e-109
0.9874468085106384    1.7030666520450233e-108
0.9892553191489362    8.187225757335348e-108
0.9910638297872341    3.9133787595959135e-107
0.992872340425532    1.8598805874569257e-106
0.9946808510638299    8.789097588877933e-106
0.9964893617021277    4.1298803467492885e-105
0.9982978723404256    1.9296228962535664e-104
1.0001063829787233    8.965137801961222e-104
1.0019148936170212    4.141891627094393e-103
1.0037234042553191    1.9028534434801495e-102
1.005531914893617    8.693293345686099e-102
1.007340425531915    3.949509647644345e-101
1.0091489361702128    1.7843878882497376e-100
1.0109574468085107    8.017332946980606e-100
1.0127659574468086    3.582386075667088e-99
1.0145744680851063    1.5919295826455377e-98
1.0163829787234042    7.03544262305103e-98
1.0181914893617021    3.0923037464076447e-97
1.02    1.351770577412566e-96
1.021808510638298    5.877069934307797e-96
1.0236170212765958    2.541338943101647e-95
1.0254255319148937    1.0929869037795227e-94
1.0272340425531916    4.6754634049250724e-94
1.0290425531914893    1.989291103991902e-93
1.0308510638297872    8.418652146800836e-93
1.032659574468085    3.543756252958358e-92
1.034468085106383    1.483776931030974e-91
1.036276595744681    6.179641185350153e-91
1.0380851063829788    2.5600832572291815e-90
1.0398936170212767    1.054987602987903e-89
1.0417021276595746    4.324632894828542e-89
1.0435106382978723    1.7634611145442368e-88
1.0453191489361702    7.153248953438329e-88
1.047127659574468    2.8864737064511617e-87
1.048936170212766    1.1586829729127869e-86
1.0507446808510639    4.627008280467799e-86
1.0525531914893618    1.838147591936772e-85
1.0543617021276597    7.264583035329689e-85
1.0561702127659576    2.856254575466361e-84
1.0579787234042553    1.1172353838172958e-83
1.0597872340425532    4.347700090435806e-83
1.061595744680851    1.683244190984121e-82
1.063404255319149    6.483548786329261e-82
1.0652127659574468    2.484631344304604e-81
1.0670212765957447    9.473271877018239e-81
1.0688297872340426    3.593620388058556e-80
1.0706382978723405    1.356325052824141e-79
1.0724468085106382    5.0933079273136526e-79
1.0742553191489361    1.9030305778701552e-78
1.076063829787234    7.074672611924118e-78
1.077872340425532    2.6168973208392774e-77
1.0796808510638298    9.631451108727745e-77
1.0814893617021277    3.527169814179857e-76
1.0832978723404256    1.2852732176937134e-75
1.0851063829787235    4.660191646507625e-75
1.0869148936170212    1.6813419864273276e-74
1.088723404255319    6.036107682444549e-74
1.090531914893617    2.1563098254117266e-73
1.092340425531915    7.6651944453719e-73
1.0941489361702128    2.711424634180764e-72
1.0959574468085107    9.544181887739675e-72
1.0977659574468086    3.3431132913988435e-71
1.0995744680851065    1.1653035071630335e-70
1.1013829787234042    4.042098455219814e-70
1.103191489361702    1.3952718941297872e-69
1.105    4.792908364457718e-69
1.1068085106382979    1.638445015310356e-68
1.1086170212765958    5.573925699333983e-68
1.1104255319148937    1.8870833264494012e-67
1.1122340425531916    6.35807382125133e-67
1.1140425531914895    2.131908580660014e-66
1.1158510638297872    7.114166032352203e-66
1.117659574468085    2.3626296853025496e-65
1.119468085106383    7.808854635217124e-65
1.1212765957446809    2.5686372297166086e-64
1.1230851063829788    8.409024912368792e-64
1.1248936170212767    2.7398044384491805e-63
1.1267021276595746    8.884400484497129e-63
1.1285106382978725    2.8673113363062176e-62
1.1303191489361701    9.210075997422002e-62
1.132127659574468    2.9443988371828575e-61
1.133936170212766    9.368681966189455e-61
1.1357446808510638    2.966962882817207e-60
1.1375531914893617    9.351919507528523e-60
1.1393617021276596    2.93391588638203e-59
1.1411702127659575    9.1612762663692e-59
1.1429787234042554    2.8472712575517303e-58
1.1447872340425531    8.807838060332361e-58
1.146595744680851    2.7119422091824574e-57
1.148404255319149    8.311226944184463e-57
1.1502127659574468    2.5352825740954574e-56
1.1520212765957447    7.69780648063726e-56
1.1538297872340426    2.3264290442681135e-55
1.1556382978723405    6.99838136216975e-55
1.1574468085106384    2.09552615529483e-54
1.1592553191489363    6.245668360534991e-54
1.161063829787234    1.8529244904960656e-53
1.162872340425532    5.471823179127743e-53
1.1646808510638298    1.6084383996011951e-52
1.1664893617021277    4.7062751872106264e-52
1.1682978723404256    1.370733797164528e-51
1.1701063829787235    3.9740580112038444e-51
1.1719148936170214    1.146892918114881e-50
1.1737234042553193    3.2947417898938444e-50
1.175531914893617    9.421758079997336e-50
1.1773404255319149    2.6819873099862316e-49
1.1791489361702128    7.599723590613647e-49
1.1809574468085107    2.143666565999841e-48
1.1827659574468086    6.019175836793681e-48
1.1845744680851065    1.6824382429514083e-47
1.1863829787234044    4.681288774908207e-47
1.1881914893617023    1.2966351017931327e-46
1.19    3.575180286669454e-46
1.1918085106382978    9.813133025373509e-46
1.1936170212765957    2.6813201671311017e-45
1.1954255319148936    7.293274206144399e-45
1.1972340425531915    1.97483522052265e-44
1.1990425531914894    5.323229159753058e-44
1.2008510638297873    1.4284232317272983e-43
1.2026595744680852    3.815728838030838e-43
1.204468085106383    1.0147015389123854e-42
1.2062765957446808    2.6862142722219242e-42
1.2080851063829787    7.079225584943396e-42
1.2098936170212766    1.8572689975383232e-41
1.2117021276595745    4.850750767826966e-41
1.2135106382978724    1.2612154619878407e-40
1.2153191489361703    3.264501013487483e-40
1.2171276595744682    8.41186880454522e-40
1.218936170212766    2.1578300788204685e-39
1.2207446808510638    5.5105115043399027e-39
1.2225531914893617    1.400932769867749e-38
1.2243617021276596    3.545635746076184e-38
1.2261702127659575    8.933529073949164e-38
1.2279787234042554    2.2408083855750153e-37
1.2297872340425533    5.5955098858039995e-37
1.2315957446808512    1.3910040219252837e-36
1.2334042553191489    3.4424790521480655e-36
1.2352127659574468    8.481424432846273e-36
1.2370212765957447    2.0802769815560053e-35
1.2388297872340426    5.079589869119619e-35
1.2406382978723405    1.2347852408794679e-34
1.2424468085106384    2.988199729329093e-34
1.2442553191489363    7.199184008892909e-34
1.2460638297872342    1.7266820299820057e-33
1.2478723404255319    4.122843257207786e-33
1.2496808510638298    9.800234963438781e-33
1.2514893617021277    2.3191623026850483e-32
1.2532978723404256    5.463620194927931e-32
1.2551063829787235    1.2813984875702428e-31
1.2569148936170214    2.9918638910736e-31
1.2587234042553193    6.954291308723051e-31
1.2605319148936172    1.6092250208132743e-30
1.2623404255319148    3.707087880650961e-30
1.2641489361702127    8.501596262393509e-30
1.2659574468085106    1.9409697602009163e-29
1.2677659574468085    4.411506170428164e-29
1.2695744680851064    9.981685831556721e-29
1.2713829787234043    2.2483750761128843e-28
1.2731914893617022    5.041739306162284e-28
1.2750000000000001    1.1254794867129492e-27
1.2768085106382978    2.5011462781774854e-27
1.2786170212765957    5.533291664279741e-27
1.2804255319148936    1.2186235458670499e-26
1.2822340425531915    2.671748549793817e-26
1.2840425531914894    5.831227843995412e-26
1.2858510638297873    1.2669549121874484e-25
1.2876595744680852    2.7402945534826436e-25
1.289468085106383    5.900195506727505e-25
1.2912765957446808    1.264639259942989e-24
1.2930851063829787    2.6983355898566757e-24
1.2948936170212766    5.73128694208914e-24
1.2967021276595745    1.2118056704714274e-23
1.2985106382978724    2.5505632290237365e-23
1.3003191489361703    5.343908844659126e-23
1.3021276595744682    1.1145492559832155e-22
1.303936170212766    2.3139507343576155e-22
1.3057446808510638    4.782123632359565e-22
1.3075531914893617    9.837765448872725e-22
1.3093617021276596    2.0145502872928857e-21
1.3111702127659575    4.106413173379392e-21
1.3129787234042554    8.331953577000398e-21
1.3147872340425533    1.682780101551219e-20
1.3165957446808512    3.382990411865377e-20
1.318404255319149    6.769607015747158e-20
1.3202127659574467    1.3483782389350166e-19
1.3220212765957446    2.6732634592400287e-19
1.3238297872340425    5.27532926809079e-19
1.3256382978723404    1.0361701152465127e-18
1.3274468085106383    2.025732019935619e-18
1.3292553191489362    3.94183082756936e-18
1.3310638297872341    7.634392816793528e-18
1.332872340425532    1.471657946382821e-17
1.3346808510638297    2.8235162254436234e-17
1.3364893617021276    5.391625810735985e-17
1.3382978723404255    1.0246843551448424e-16
1.3401063829787234    1.9381887441586745e-16
1.3419148936170213    3.648649574273266e-16
1.3437234042553192    6.835853098846265e-16
1.3455319148936171    1.2745942152663925e-15
1.347340425531915    2.3651779097508685e-15
1.3491489361702127    4.3677939364580295e-15
1.3509574468085106    8.02713446722802e-15
1.3527659574468085    1.468089125311004e-14
1.3545744680851064    2.671966471297411e-14
1.3563829787234043    4.839375130395015e-14
1.3581914893617022    8.722079899844954e-14
1.36    1.564285016988444e-13
1.361808510638298    2.7917022539327096e-13
1.3636170212765957    4.957603542100128e-13
1.3654255319148936    8.760236436042383e-13
1.3672340425531915    1.5402556184409814e-12
1.3690425531914894    2.694598452048933e-12
1.3708510638297873    4.6904084387652195e-12
1.3726595744680852    8.123317257785935e-12
1.374468085106383    1.3997575519075353e-11
1.376276595744681    2.3997117791079563e-11
1.3780851063829787    4.093003412146497e-11
1.3798936170212766    6.945307356287533e-11
1.3817021276595745    1.172455642889559e-10
1.3835106382978724    1.9690006823880503e-10
1.3853191489361703    3.289488368118355e-10
1.3871276595744682    5.46678589384998e-10
1.388936170212766    9.037426765813127e-10
1.390744680851064    1.4861201646735836e-09
1.3925531914893619    2.4307844599653967e-09
1.3943617021276595    3.954657792331448e-09
1.3961702127659574    6.399225190184331e-09
1.3979787234042553    1.029882144259715e-08
1.3997872340425532    1.648444945034839e-08
1.4015957446808511    2.6240540082550946e-08
1.403404255319149    4.154000847730368e-08
1.405212765957447    6.539422645522928e-08
1.4070212765957448    1.0237034989920948e-07
1.4088297872340425    1.5935043376848164e-07
1.4106382978723404    2.466370276274515e-07
1.4124468085106383    3.79551122982433e-07
1.4142553191489362    5.80723713150657e-07
1.416063829787234    8.833558181966323e-07
1.417872340425532    1.33581832174165e-06
1.41968085106383    2.0080877009769726e-06
1.4214893617021278    3.000672483740553e-06
1.4232978723404255    4.4568838717124344e-06
1.4251063829787234    6.579547678402449e-06
1.4269148936170213    9.653547234615167e-06
1.4287234042553192    1.4075928934936632e-05
1.430531914893617    2.0395689475457966e-05
1.432340425531915    2.936578503137591e-05
1.4341489361702129    4.201033565284197e-05
1.4359574468085108    5.971040694801586e-05
1.4377659574468085    8.431208152569597e-05
1.4395744680851064    0.00011826070841327266
1.4413829787234043    0.000164765137784289
1.4431914893617022    0.0002279952808596425
1.445    0.0003133153228357098
1.446808510638298    0.00042755317787146685
1.4486170212765959    0.0005793041118496811
1.4504255319148938    0.0007792626735496923
1.4522340425531914    0.0010405719955814408
1.4540425531914893    0.0013791730394989016
1.4558510638297872    0.001814128454982676
1.4576595744680851    0.0023678865482521
1.459468085106383    0.0030664407751959393
1.461276595744681    0.003939329835116601
1.4630851063829788    0.005019413821263219
1.4648936170212767    0.006342354335683066
1.4667021276595744    0.007945722724578044
1.4685106382978723    0.009867662691326455
1.4703191489361702    0.012145043767752302
1.4721276595744681    0.014811062758658457
1.473936170212766    0.017892283337276736
1.475744680851064    0.02140515082290067
1.4775531914893618    0.025352080063370766
1.4793617021276597    0.029717287899416245
1.4811702127659574    0.03446262441606661
1.4829787234042553    0.03952374308733156
1.4847872340425532    0.044807030280488186
1.486595744680851    0.050187778092215724
1.488404255319149    0.055510117768044764
1.490212765957447    0.060589219639392275
1.4920212765957448    0.06521619585976894
1.4938297872340427    0.06916600328816742
1.4956382978723404    0.07220843006436393
1.4974468085106383    0.07412196322016905
1.4992553191489362    0.07470998906547331
1.501063829787234    0.07381839830967486
1.502872340425532    0.07135329181294313
1.5046808510638299    0.06729715961230508
1.5064893617021278    0.06172169204813331
1.5082978723404257    0.05479533538374062
1.5101063829787233    0.04678387613916549
1.5119148936170212    0.03804276223482271
1.5137234042553191    0.02900055127018425
1.515531914893617    0.020133786609917666
1.517340425531915    0.011934667914338934
1.5191489361702128    0.004873989301079115
1.5209574468085107    -0.0006371851475634582
1.5227659574468086    -0.004282923338278213
1.5245744680851063    -0.005870453311491628
1.5263829787234042    -0.005346686179259868
1.5281914893617021    -0.002800081497380363
1.53    0.0015536778451726854
1.531808510638298    0.00740160454986406
1.5336170212765958    0.01437592904356385
1.5354255319148937    0.02210392080165452
1.5372340425531916    0.03025787647198315
1.5390425531914893    0.03859720276083081
1.5408510638297872    0.04699479858717048
1.542659574468085    0.0554416064658996
1.544468085106383    0.06402620861431695
1.546276595744681    0.07289038024165444
1.5480851063829788    0.08216601756524129
1.5498936170212767    0.09190307128525967
1.5517021276595746    0.10200119187823979
1.5535106382978723    0.11215895262940835
1.5553191489361702    0.12185321970072906
1.557127659574468    0.1303573406327021
1.558936170212766    0.13680067794414696
1.5607446808510639    0.14026449495618626
1.5625531914893618    0.13990160555145925
1.5643617021276597    0.13506105254289225
1.5661702127659576    0.12539584107758844
1.5679787234042553    0.11093249266312782
1.5697872340425532    0.09208628037848784
1.571595744680851    0.06961495110922056
1.573404255319149    0.04451512292596513
1.5752127659574469    0.01787722638716921
1.5770212765957448    -0.009275644676400427
1.5788297872340427    -0.036134597397590756
1.5806382978723406    -0.06220818388421101
1.5824468085106382    -0.08736013856569397
1.5842553191489361    -0.11177249397247976
1.586063829787234    -0.135840607115779
1.587872340425532    -0.16002177560621378
1.5896808510638298    -0.18467018935568652
1.5914893617021277    -0.20989503427810496
1.5932978723404256    -0.23547419302864386
1.5951063829787235    -0.2608437183417518
1.5969148936170212    -0.2851656754190014
1.5987234042553191    -0.30745820834005944
1.600531914893617    -0.32675652531254373
1.602340425531915    -0.34226602858126487
1.6041489361702128    -0.3534713295588119
1.6059574468085107    -0.360177071697916
1.6077659574468086    -0.36247528374044125
1.6095744680851065    -0.36065428303777103
1.6113829787234042    -0.3550800886109595
1.613191489361702    -0.3460879924354482
1.615    -0.3339170099748311
1.616808510638298    -0.3187044949486173
1.6186170212765958    -0.30053678795718486
1.6204255319148937    -0.2795311770348058
1.6222340425531916    -0.2559117520754186
1.6240425531914895    -0.23004196096081297
1.6258510638297874    -0.2023909069841084
1.627659574468085    -0.1734350068987377
1.629468085106383    -0.14352386358949049
1.6312765957446809    -0.11275953547313533
1.6330851063829788    -0.08094345550003484
1.6348936170212767    -0.04763098332501048
1.6367021276595746    -0.012302131393866551
1.6385106382978725    0.025383116726280214
1.6403191489361704    0.0653125627482294
1.642127659574468    0.10671924541560183
1.643936170212766    0.1481280335457268
1.6457446808510638    0.18749623309270297
1.6475531914893617    0.22253897295993436
1.6493617021276596    0.25117190732922146
1.6511702127659575    0.2719600129365122
1.6529787234042554    0.2844477486408057
1.6547872340425533    0.2892698982360118
1.656595744680851    0.28799957084442585
1.658404255319149    0.2827642782525832
1.6602127659574468    0.27573000976916473
1.6620212765957447    0.2685943300157788
1.6638297872340426    0.262228257782235
1.6656382978723405    0.256562017084239
1.6674468085106384    0.25073521008433697
1.6692553191489363    0.24345163183919866
1.671063829787234    0.23341947744271718
1.672872340425532    0.21973895247297442
1.6746808510638298    0.20212706218923193
1.6764893617021277    0.18093285944576176
1.6782978723404256    0.1569719901465607
1.6801063829787235    0.1312689993958554
1.6819148936170214    0.10481781186318703
1.6837234042553193    0.07844805948875264
1.685531914893617    0.05282816393112427
1.6873404255319149    0.028569647914257007
1.6891489361702128    0.006349444187217952
1.6909574468085107    -0.013041224683913579
1.6927659574468086    -0.028777278250317857
1.6945744680851065    -0.0402008097704719
1.6963829787234044    -0.04706842412191435
1.6981914893617023    -0.04973392614012585
1.7    -0.04916647819990472
1.7018085106382979    -0.04676204654945759
1.7036170212765958    -0.0439885507352953
1.7054255319148937    -0.04197851924909561
1.7072340425531916    -0.041214905369264074
1.7090425531914895    -0.04142965491068075
1.7108510638297874    -0.041758239537822484
1.7126595744680853    -0.04109620222817302
1.714468085106383    -0.0385254989968392
1.7162765957446808    -0.03365212918466903
1.7180851063829787    -0.02673404530157271
1.7198936170212766    -0.018564379811679764
1.7217021276595745    -0.010173301728904616
1.7235106382978724    -0.0024805073510238505
1.7253191489361703    0.003959374193834755
1.7271276595744682    0.009027134850336854
1.728936170212766    0.01292135495108883
1.7307446808510638    0.015932440631997405
1.7325531914893617    0.018229174748907125
1.7343617021276596    0.019760228027307092
1.7361702127659575    0.020306637799218576
1.7379787234042554    0.01964152175156445
1.7397872340425533    0.017700949856305076
1.7415957446808512    0.014671049265479887
1.7434042553191489    0.010948989706030029
1.7452127659574468    0.0070098695988126646
1.7470212765957447    0.0032656845844013325
1.7488297872340426    4.583880593082238e-06
1.7506382978723405    -0.00255506212325952
1.7524468085106384    -0.004141901373653472
1.7542553191489363    -0.00434643706107393
1.7560638297872342    -0.0026786606946359965
1.7578723404255319    0.0011985737549042106
1.7596808510638298    0.007140147292958772
1.7614893617021277    0.014266328854593186
1.7632978723404256    0.020975374194060734
1.7651063829787235    0.02531946745254875
1.7669148936170214    0.02567586127852842
1.7687234042553193    0.02147528218121243
1.7705319148936172    0.013664799837489621
1.7723404255319148    0.004640850658529944
1.7741489361702127    -0.002415688239492628
1.7759574468085106    -0.004611879221926539
1.7777659574468085    -0.0004267743495534101
1.7795744680851064    0.00963745212329045
1.7813829787234043    0.023135571390882417
1.7831914893617022    0.03649815021896887
1.7850000000000001    0.046284493311634124
1.7868085106382978    0.05037213735378488
1.7886170212765957    0.048604696325100304
1.7904255319148936    0.04264922264851085
1.7922340425531915    0.03515372589657826
1.7940425531914894    0.028591962788453405
1.7958510638297873    0.024301509161240333
1.7976595744680852    0.022110779073717092
1.7994680851063831    0.020667231678229814
1.8012765957446808    0.018258978885895116
1.8030851063829787    0.013715390327763678
1.8048936170212766    0.006969841397603822
1.8067021276595745    -0.0009413521116015547
1.8085106382978724    -0.008388783379453795
1.8103191489361703    -0.01388317780885074
1.8121276595744682    -0.01667321646704641
1.813936170212766    -0.016953893548762627
1.8157446808510638    -0.015645047673339112
1.8175531914893617    -0.01390524061487593
1.8193617021276596    -0.01264260487678923
1.8211702127659575    -0.012238103180472398
1.8229787234042554    -0.012552697562901345
1.8247872340425533    -0.01313890566747205
1.8265957446808512    -0.013500566802170294
1.828404255319149    -0.013269759528681133
1.8302127659574468    -0.012260828861782324
1.8320212765957447    -0.010448546837403795
1.8338297872340426    -0.007944339451133615
1.8356382978723405    -0.0050039282678216255
1.8374468085106384    -0.0020340980670301486
1.8392553191489363    0.00046506708506079543
1.8410638297872342    0.0020511921361615077
1.842872340425532    0.002531780503907047
1.8446808510638297    0.0020799930235701463
1.8464893617021276    0.0011658181520216165
1.8482978723404255    0.0002910319332018207
1.8501063829787234    -0.0003507366442506803
1.8519148936170213    -0.0010859152190185381
1.8537234042553192    -0.002679624814435513
1.8555319148936171    -0.005950663036855058
1.857340425531915    -0.011262963075363279
1.859148936170213    -0.018181669531102035
1.8609574468085106    -0.025525632787538874
1.8627659574468085    -0.03184012191220301
1.8645744680851064    -0.03606488551466193
1.8663829787234043    -0.0380333688981013
1.8681914893617022    -0.03850707712968118
1.87    -0.038703539996044534
1.871808510638298    -0.03957777214440111
1.873617021276596    -0.04128397051724944
1.8754255319148936    -0.043162019536654134
1.8772340425531915    -0.04429190519799665
1.8790425531914894    -0.044305921775413565
1.8808510638297873    -0.043956540695728144
1.8826595744680852    -0.045037781742002625
1.884468085106383    -0.049612343620344265
1.886276595744681    -0.05891106045905546
1.8880851063829789    -0.07250183934203792
1.8898936170212766    -0.08822346120043349
1.8917021276595745    -0.10298586999301058
1.8935106382978724    -0.1140667187889582
1.8953191489361703    -0.12025127471148055
1.8971276595744682    -0.12223430036550732
1.898936170212766    -0.12209242237948705
1.900744680851064    -0.12212608281563546
1.9025531914893619    -0.12368817958532109
1.9043617021276595    -0.1265915394474867
1.9061702127659574    -0.12934767525089497
1.9079787234042553    -0.13003860828636576
1.9097872340425532    -0.1273158489479515
1.9115957446808511    -0.12101113812079875
1.913404255319149    -0.11210657776455521
1.915212765957447    -0.10217133496417333
1.9170212765957448    -0.09261937810534682
1.9188297872340425    -0.08416203194101288
1.9206382978723404    -0.07665377402952128
1.9224468085106383    -0.06929900727242372
1.9242553191489362    -0.061043183327971956
1.9260638297872341    -0.050967360254924876
1.927872340425532    -0.03858952817573724
1.92968085106383    -0.02405141466043223
1.9314893617021278    -0.008177661542855826
1.9332978723404255    0.0076401992171386
1.9351063829787234    0.021782145341051905
1.9369148936170213    0.03291967248348093
1.9387234042553192    0.04053422513984287
1.940531914893617    0.04516291031758396
1.942340425531915    0.048171046040719936
1.944148936170213    0.05108642669916476
1.9459574468085108    0.054806948789498475
1.9477659574468085    0.059125628593012486
1.9495744680851064    0.06288431734264388
1.9513829787234043    0.0647143169167741
1.9531914893617022    0.06395296094788538
1.955    0.061182192387223694
1.956808510638298    0.05803467155867459
1.9586170212765959    0.05635276511610034
1.9604255319148938    0.05719520337552367
1.9622340425531914    0.06029667936276201
1.9640425531914893    0.0643121865858479
1.9658510638297872    0.06768620098151036
1.9676595744680851    0.06959307554188009
1.969468085106383    0.0703584530804268
1.971276595744681    0.07111809946975005
1.9730851063829788    0.07297060240751148
1.9748936170212767    0.07620032491202523
1.9767021276595744    0.08007544542791152
1.9785106382978723    0.08331870370653828
1.9803191489361702    0.08489049002451422
1.9821276595744681    0.08453139368256331
1.983936170212766    0.08271123202454252
1.985744680851064    0.08007331839198382
1.9875531914893618    0.07682600453430107
1.9893617021276597    0.0725574512929346
1.9911702127659574    0.06662016749483131
1.9929787234042553    0.05879274175406178
1.9947872340425532    0.04970271119270055
1.996595744680851    0.04065644716729476
1.998404255319149    0.0329567286536573
2.0002127659574467    0.027179393915490048
2.0020212765957446    0.022935088557566832
2.0038297872340425    0.019309000540456943
2.0056382978723404    0.015682828719445603
2.0074468085106383    0.012351643844841248
2.009255319148936    0.010471837515963159
2.011063829787234    0.011337154323592464
2.012872340425532    0.015455379369380313
2.01468085106383    0.022050997656168688
2.016489361702128    0.0293388915931944
2.0182978723404257    0.03539767089564755
2.0201063829787236    0.039080479315589695
2.0219148936170215    0.040403345217168526
2.0237234042553194    0.04023016436633785
2.0255319148936173    0.03954833737775537
2.0273404255319147    0.03886376839366283
2.0291489361702126    0.03809062713612689
2.0309574468085105    0.03690935141625143
2.0327659574468084    0.0352270889990097
2.0345744680851063    0.03334355005022406
2.0363829787234042    0.03170210380290739
2.038191489361702    0.0304573169955508
2.04    0.029237215249395453
2.041808510638298    0.02731393724555
2.043617021276596    0.024061776919525553
2.0454255319148937    0.019349440432925608
2.0472340425531916    0.01356899512194925
2.0490425531914895    0.007299599317602674
2.0508510638297874    0.000899016435668986
2.0526595744680853    -0.005629889946695491
2.0544680851063832    -0.01238367127277485
2.0562765957446807    -0.019134688882012058
2.0580851063829786    -0.025125079728629436
2.0598936170212765    -0.029317392432933284
2.0617021276595744    -0.030987359571539433
2.0635106382978723    -0.030255742540034228
2.06531914893617    -0.02816147992435187
2.067127659574468    -0.026183667927790387
2.068936170212766    -0.025502196661155302
2.070744680851064    -0.02646469482932634
2.072553191489362    -0.028575046463121263
2.0743617021276597    -0.030957290616008853
2.0761702127659576    -0.032946686060205926
2.0779787234042555    -0.03442512629173976
2.0797872340425534    -0.035747050918670045
2.0815957446808513    -0.03739841562757526
2.083404255319149    -0.039672827895732274
2.085212765957447    -0.04255990710807571
2.0870212765957445    -0.045833968342889886
2.0888297872340424    -0.049193736102782076
2.0906382978723403    -0.052333822789484424
2.0924468085106382    -0.0549609052337931
2.094255319148936    -0.05684900621625931
2.096063829787234    -0.057969584902187676
2.097872340425532    -0.05859507077813064
2.09968085106383    -0.05921497090023428
2.1014893617021277    -0.060218976331888635
2.1032978723404256    -0.061521242000740384
2.1051063829787235    -0.062428584922332706
2.1069148936170214    -0.06194084569214474
2.1087234042553193    -0.0593583423714988
2.1105319148936172    -0.05479322699379004
2.112340425531915    -0.049183717436154004
2.114148936170213    -0.04373635220176034
2.1159574468085105    -0.03914992790795528
2.1177659574468084    -0.03517360357456539
2.1195744680851063    -0.030841619965663203
2.121382978723404    -0.025241250032024647
2.123191489361702    -0.018269331211704577
2.125    -0.010828460349768695
2.126808510638298    -0.004320534821973091
2.128617021276596    0.00019249445070076109
2.1304255319148937    0.002562985386536119
2.1322340425531916    0.003493874763694224
2.1340425531914895    0.003954137265610757
2.1358510638297874    0.00455832879533823
2.1376595744680853    0.005361705927479704
2.139468085106383    0.006140492390997733
2.141276595744681    0.006826633201395309
2.143085106382979    0.007676347788712533
2.1448936170212765    0.0090273074333941
2.1467021276595744    0.010885528604489457
2.1485106382978723    0.012740548211276525
2.15031914893617    0.013804859849775874
2.152127659574468    0.01349705986536838
2.153936170212766    0.011773661298309403
2.155744680851064    0.00905070239091554
2.1575531914893618    0.005818013529627259
2.1593617021276597    0.0023095154137678583
2.1611702127659576    -0.0014829683933323464
2.1629787234042555    -0.005506143682263982
2.1647872340425534    -0.00939443122064457
2.1665957446808513    -0.012573253582597716
2.168404255319149    -0.01467050728699408
2.170212765957447    -0.015855549089842685
2.172021276595745    -0.016734250305439152
2.1738297872340424    -0.017812608237848977
2.1756382978723403    -0.018973252247538423
2.177446808510638    -0.019477438092511824
2.179255319148936    -0.01859167662124083
2.181063829787234    -0.016362503278831292
2.182872340425532    -0.013837877838572338
2.18468085106383    -0.012417583027304422
2.1864893617021277    -0.01274622710838209
2.1882978723404256    -0.01403419947283735
2.1901063829787235    -0.014453563662091492
2.1919148936170214    -0.012427858418448946
2.1937234042553193    -0.007863001306637956
2.195531914893617    -0.0023145005555734316
2.197340425531915    0.0021332525420908106
2.199148936170213    0.004468057992390192
2.200957446808511    0.00557884601338552
2.2027659574468084    0.007609947631385306
2.2045744680851063    0.012291397513210333
2.206382978723404    0.01953992548759339
2.208191489361702    0.02745599766869017
2.21    0.033756311493023626
2.211808510638298    0.037529620976403825
2.2136170212765958    0.03992005217439284
2.2154255319148937    0.04317845404485362
2.2172340425531916    0.04882463460027974
2.2190425531914895    0.05638484516969277
2.2208510638297874    0.06371755266837317
2.2226595744680853    0.06866889628447628
2.224468085106383    0.07072873334757437
2.226276595744681    0.07135463105187448
2.228085106382979    0.07270101800375423
2.229893617021277    0.07577370084121612
2.2317021276595743    0.07949491306286616
2.233510638297872    0.08144071623606658
2.23531914893617    0.07968409916630848
2.237127659574468    0.07430278631659834
2.238936170212766    0.06737471202426479
2.240744680851064    0.06146081098529996
2.2425531914893617    0.057730322108838134
2.2443617021276596    0.055129993861392126
2.2461702127659575    0.05118179050454354
2.2479787234042554    0.04377872218020007
2.2497872340425533    0.03266318296657647
2.251595744680851    0.01958509692185087
2.253404255319149    0.0071392257238636694
2.255212765957447    -0.0028145172601811612
2.257021276595745    -0.010069630243700185
2.258829787234043    -0.015839000964764916
2.2606382978723403    -0.021708149758434953
2.262446808510638    -0.02858078480748501
2.264255319148936    -0.03626925526214014
2.266063829787234    -0.04383546292706658
2.267872340425532    -0.05029361861663659
2.2696808510638298    -0.05515603291179236
2.2714893617021277    -0.05852998244982799
2.2732978723404256    -0.060820758017042426
2.2751063829787235    -0.062319554923180295
2.2769148936170214    -0.06296141739267068
2.2787234042553193    -0.062386324421472336
2.280531914893617    -0.060242370949951454
2.282340425531915    -0.056530123416237046
2.284148936170213    -0.05175778544404139
2.285957446808511    -0.04677655268524973
2.2877659574468088    -0.04235971998575083
2.2895744680851062    -0.03877391136135534
2.291382978723404    -0.0356326445704231
2.293191489361702    -0.032158098862949444
2.295    -0.027695044423598644
2.296808510638298    -0.022126934832125515
2.2986170212765957    -0.015904842290830737
2.3004255319148936    -0.009688773219820125
2.3022340425531915    -0.003895127884406978
2.3040425531914894    0.0014993076057791504
2.3058510638297873    0.006776976407460224
2.3076595744680852    0.01212187491792467
2.309468085106383    0.01741297365958582
2.311276595744681    0.02232936760875328
2.313085106382979    0.02662737695937003
2.314893617021277    0.030302073601328347
2.3167021276595747    0.03348715037568825
2.3185106382978726    0.036231341115368215
2.32031914893617    0.038425277670922256
2.322127659574468    0.03999040028961251
2.323936170212766    0.04113441514094106
2.325744680851064    0.04234647389275974
2.3275531914893617    0.04402141951349943
2.3293617021276596    0.045993849203977116
2.3311702127659575    0.04744706793385978
2.3329787234042554    0.04740812490731949
2.3347872340425533    0.045520890625529026
2.336595744680851    0.04246497486788413
2.338404255319149    0.03959718498377547
2.340212765957447    0.038012853466511384
2.342021276595745    0.03774110924939002
2.343829787234043    0.03773133240387569
2.3456382978723407    0.03666651009405236
2.3474468085106386    0.03396363167584092
2.349255319148936    0.030171830878816627
2.351063829787234    0.02649072760465327
2.352872340425532    0.02386261680056189
2.3546808510638297    0.022408309222553907
2.3564893617021276    0.02161455941074969
2.3582978723404255    0.02098515584857176
2.3601063829787234    0.0204763000027927
2.3619148936170213    0.0203002447230142
2.3637234042553192    0.02033985653891935
2.365531914893617    0.019839208440096852
2.367340425531915    0.017803302183143466
2.369148936170213    0.013846781161449544
2.370957446808511    0.008720368630347551
2.3727659574468087    0.0039238350995607855
2.3745744680851066    0.000580109083130621
2.3763829787234045    -0.0015571699520660763
2.378191489361702    -0.004096426201722417
2.38    -0.008892975242161715
2.381808510638298    -0.016622841029651513
2.3836170212765957    -0.026140732623457192
2.3854255319148936    -0.03514323010415696
2.3872340425531915    -0.04166143079554868
2.3890425531914894    -0.0452798521584212
2.3908510638297873    -0.0472069864909984
2.392659574468085    -0.049208353562289225
2.394468085106383    -0.052253730558710756
2.396276595744681    -0.055892604238268584
2.398085106382979    -0.05877112780035629
2.399893617021277    -0.059831450848602696
2.4017021276595747    -0.05924969018299216
2.4035106382978726    -0.05840327900419563
2.4053191489361705    -0.05890221212351754
2.407127659574468    -0.061411548307928415
2.408936170212766    -0.0651399372846333
2.4107446808510637    -0.06837930324025285
2.4125531914893616    -0.06971073943387543
2.4143617021276595    -0.06899280375069208
2.4161702127659574    -0.06738886104735523
2.4179787234042553    -0.06639143564838926
2.4197872340425532    -0.0665687932988204
2.421595744680851    -0.06701090812768848
2.423404255319149    -0.06595304838554336
2.425212765957447    -0.06213877965726025
2.427021276595745    -0.055854530237177014
2.4288297872340427    -0.04876898377859408
2.4306382978723406    -0.042650693098447684
2.4324468085106385    -0.03798795719168031
2.4342553191489364    -0.033682343631361536
2.436063829787234    -0.028132236887331102
2.437872340425532    -0.020825467796448546
2.4396808510638297    -0.013046017289268116
2.4414893617021276    -0.006982156210537636
2.4432978723404255    -0.0038931618231525054
2.4451063829787234    -0.0028817946336927285
2.4469148936170213    -0.0013999551480331947
2.448723404255319    0.0028315555614264786
2.450531914893617    0.010058265441485612
2.452340425531915    0.018382325528647797
2.454148936170213    0.025417729954698397
2.455957446808511    0.03029040229151299
2.4577659574468087    0.034248831736226046
2.4595744680851066    0.039364642451695145
2.4613829787234045    0.0464934854203531
2.4631914893617024    0.05433013167594283
2.465    0.06041957951942356
2.4668085106382978    0.06323652227660764
2.4686170212765957    0.06348767326769178
2.4704255319148936    0.06348834886004343
2.4722340425531915    0.06518424703854761
2.4740425531914894    0.06857559214515707
2.4758510638297873    0.07189304557351331
2.477659574468085    0.07327201704296168
2.479468085106383    0.0723531963289408
2.481276595744681    0.07039092000604238
2.483085106382979    0.06888826857373798
2.4848936170212768    0.06813301422696508
2.4867021276595747    0.06702941858297704
2.4885106382978726    0.06433117208296035
2.4903191489361705    0.060031157506607646
2.4921276595744684    0.05553362027984814
2.493936170212766    0.05242617771800537
2.4957446808510637    0.05102989442121114
2.4975531914893616    0.050134162870456134
2.4993617021276595    0.04820280561243656
2.5011702127659574    0.04493139280414725
2.5029787234042553    0.04167266183127434
2.504787234042553    0.04027285286749717
2.506595744680851    0.04132611015472122
2.508404255319149    0.04340884471726286
2.510212765957447    0.04400346447135825
2.512021276595745    0.04134747908507523
2.5138297872340427    0.0356681381068618
2.5156382978723406    0.02883238873645154
2.5174468085106385    0.022794651491220987
2.5192553191489364    0.01815987321835369
2.5210638297872343    0.013952280373331884
2.5228723404255318    0.008603552722703075
2.5246808510638297    0.0012345206995869294
2.5264893617021276    -0.007760368400298896
2.5282978723404255    -0.017104963965705784
2.5301063829787234    -0.025514905930891136
2.5319148936170213    -0.03233979244840546
2.533723404255319    -0.037626530248138196
2.535531914893617    -0.04176039130872711
2.537340425531915    -0.0450625762977456
2.539148936170213    -0.047609428045363444
2.5409574468085108    -0.049314284171684875
2.5427659574468087    -0.05017233065432242
2.5445744680851066    -0.050517170889073384
2.5463829787234045    -0.0511094902131983
2.5481914893617024    -0.052904454763655115
2.5500000000000003    -0.05651886148868371
2.551808510638298    -0.06170096367509589
2.5536170212765956    -0.06724814889788772
2.5554255319148935    -0.07158437654250904
2.5572340425531914    -0.07368694111912158
2.5590425531914893    -0.073676842274874
2.560851063829787    -0.07256831965466623
2.562659574468085    -0.07134789577751441
2.564468085106383    -0.07015393778341975
2.566276595744681    -0.0682752992698967
2.568085106382979    -0.06497006428625923
2.5698936170212767    -0.060351953358283916
2.5717021276595746    -0.05551166861816191
2.5735106382978725    -0.0517361382852452
2.5753191489361704    -0.04952450147131153
2.5771276595744683    -0.04828808519939956
2.578936170212766    -0.046980636989716745
2.580744680851064    -0.045044534348311766
2.5825531914893616    -0.0427965253574845
2.5843617021276595    -0.04094728006299102
2.5861702127659574    -0.039781974679896234
2.5879787234042553    -0.03881595422385227
2.589787234042553    -0.037227709929219074
2.591595744680851    -0.03459671297004799
2.593404255319149    -0.031208405118122937
2.595212765957447    -0.027668560024471156
2.5970212765957448    -0.024276299718478486
2.5988297872340427    -0.02081387159328836
2.6006382978723406    -0.016931323087112662
2.6024468085106385    -0.01265986996481511
2.6042553191489364    -0.008461370303789923
2.6060638297872343    -0.004741000215330034
2.607872340425532    -0.0013593313514213903
2.60968085106383    0.002278921232888283
2.6114893617021275    0.006575324072899126
2.6132978723404254    0.011164374012266385
2.6151063829787233    0.015044164335905432
2.6169148936170212    0.01737346560922772
2.618723404255319    0.01822659314243298
2.620531914893617    0.01859685193827737
2.622340425531915    0.01962608987473296
2.624148936170213    0.02174770945754413
2.6259574468085107    0.024480951407570672
2.6277659574468086    0.026979487190001435
2.6295744680851065    0.028756096280769264
2.6313829787234044    0.029927571636712405
2.6331914893617023    0.030870287381194995
2.6350000000000002    0.03175329238023423
2.636808510638298    0.03244740372810586
2.638617021276596    0.032821765407226235
2.6404255319148935    0.032997288585177025
2.6422340425531914    0.03320949707547179
2.6440425531914893    0.03342742897857178
2.645851063829787    0.033209044238540854
2.647659574468085    0.032049607303504486
2.649468085106383    0.02991983616034305
2.651276595744681    0.027412561003830715
2.653085106382979    0.025266468520471604
2.6548936170212767    0.023688225838922605
2.6567021276595746    0.02216337273730174
2.6585106382978725    0.020002919523148137
2.6603191489361704    0.017124434278326377
2.6621276595744683    0.014276547912625219
2.663936170212766    0.012423065919997284
2.665744680851064    0.011841071961447017
2.667553191489362    0.011819107540116155
2.6693617021276594    0.011296866323401815
2.6711702127659573    0.00986599177650314
2.6729787234042552    0.008157511662373634
2.674787234042553    0.007194649675088703
2.676595744680851    0.0072866727134025654
2.678404255319149    0.0075205710441329215
2.680212765957447    0.006387393693182442
2.6820212765957447    0.0030316897153594893
2.6838297872340426    -0.001977138578134703
2.6856382978723405    -0.0070277872299256815
2.6874468085106384    -0.010646041790188793
2.6892553191489363    -0.012436917489670999
2.6910638297872342    -0.013045785127592543
2.692872340425532    -0.013325562408074075
2.69468085106383    -0.013567370965723856
2.696489361702128    -0.01346178309845932
2.6982978723404254    -0.012667320878279988
2.7001063829787233    -0.011290958891321238
2.701914893617021    -0.009776080845921917
2.703723404255319    -0.008391156597795256
2.705531914893617    -0.0069567048535311565
2.707340425531915    -0.005169420359087892
2.709148936170213    -0.0031853583834740747
2.7109574468085107    -0.0017677749588737787
2.7127659574468086    -0.0017078865400732678
2.7145744680851065    -0.003009905217070428
2.7163829787234044    -0.004681247470618805
2.7181914893617023    -0.005465987798858737
2.72    -0.004942801871041407
2.721808510638298    -0.003977628672107505
2.723617021276596    -0.004049297184940373
2.725425531914894    -0.0059978133895070345
2.7272340425531914    -0.009301972532915745
2.7290425531914893    -0.012520513603097576
2.730851063829787    -0.014458808564085216
2.732659574468085    -0.014971894747990416
2.734468085106383    -0.014709248711619875
2.736276595744681    -0.014156800120261635
2.7380851063829788    -0.01300377076054873
2.7398936170212767    -0.010494351888146802
2.7417021276595746    -0.006388967957829235
2.7435106382978725    -0.001502949663458826
2.7453191489361704    0.002810375061931928
2.7471276595744683    0.005793010627405132
2.748936170212766    0.007927626744930773
2.750744680851064    0.010428352373185908
2.752553191489362    0.014043193370177665
2.75436170212766    0.01833113004563103
2.7561702127659573    0.022116089226062053
2.757978723404255    0.024639105583751073
2.759787234042553    0.026217191557933953
2.761595744680851    0.02771894670286099
2.763404255319149    0.029404223149040527
2.765212765957447    0.030389893846768917
2.7670212765957447    0.029422679102739737
2.7688297872340426    0.02629474226165621
2.7706382978723405    0.02247970074605549
2.7724468085106384    0.020218338867468818
2.7742553191489363    0.020770227690224647
2.776063829787234    0.023416989530375253
2.777872340425532    0.026156750357868155
2.77968085106383    0.02744933284340512
2.781489361702128    0.027385097933214687
2.783297872340426    0.02722980299352192
2.7851063829787237    0.02788317158474755
2.786914893617021    0.028824025532541934
2.788723404255319    0.02858710824068313
2.790531914893617    0.026265753322024323
2.792340425531915    0.0225132634379749
2.7941489361702128    0.019035668462018176
2.7959574468085107    0.017089142121802108
2.7977659574468086    0.01647759556319948
2.7995744680851065    0.016009120413219852
2.8013829787234044    0.014877740993237337
2.8031914893617023    0.013514924531222623
2.805    0.013035347336209788
2.806808510638298    0.013876939442721517
2.808617021276596    0.015087037594251698
2.810425531914894    0.015057305015346325
2.8122340425531918    0.013020430055959816
2.8140425531914897    0.009814437575060082
2.815851063829787    0.007126659725236437
2.817659574468085    0.005940960053918922
2.819468085106383    0.0057027623315305045
2.821276595744681    0.004992644694267618
2.8230851063829787    0.0029979779173327347
2.8248936170212766    0.00030542553445990234
2.8267021276595745    -0.0017409617879680143
2.8285106382978724    -0.0024147306670078196
2.8303191489361703    -0.002301498953683014
2.832127659574468    -0.0026320062420746838
2.833936170212766    -0.003978496930373833
2.835744680851064    -0.005678199342027427
2.837553191489362    -0.0065802668432661995
2.83936170212766    -0.00633614389647591
2.8411702127659577    -0.005877770482131584
2.8429787234042556    -0.0065421132319249484
2.844787234042553    -0.008682678453697216
2.846595744680851    -0.011163624343512089
2.848404255319149    -0.012294741810262919
2.8502127659574468    -0.01136043330365317
2.8520212765957447    -0.009307050321807014
2.8538297872340426    -0.007951602696629772
2.8556382978723405    -0.008470357290216701
2.8574468085106384    -0.010564486679923607
2.8592553191489363    -0.012994959819781755
2.861063829787234    -0.014857273952825644
2.862872340425532    -0.01632185986151962
2.86468085106383    -0.018184806496765273
2.866489361702128    -0.020793056077704083
2.8682978723404258    -0.02350704730296247
2.8701063829787237    -0.025273889213418402
2.8719148936170216    -0.025726521674868545
2.873723404255319    -0.025666875433154303
2.875531914893617    -0.026387392815092794
2.877340425531915    -0.028440056134296732
2.8791489361702127    -0.031031069028810615
2.8809574468085106    -0.032638130384989514
2.8827659574468085    -0.03228021726507051
2.8845744680851064    -0.030252327006148536
2.8863829787234043    -0.027666178636848497
2.8881914893617022    -0.025292257049844696
2.89    -0.022854249230342946
2.891808510638298    -0.01945275436615123
2.893617021276596    -0.014665850445162963
2.895425531914894    -0.009201810928620956
2.8972340425531917    -0.004423172851154348
2.8990425531914896    -0.0011818223996526806
2.9008510638297875    0.000904164244870395
2.902659574468085    0.003022968735699605
2.904468085106383    0.0060025103169601725
2.906276595744681    0.009532311848470794
2.9080851063829787    0.012508943266935696
2.9098936170212766    0.014134381402278117
2.9117021276595745    0.01467399769227526
2.9135106382978724    0.015147689857913161
2.9153191489361703    0.016299189499120265
2.917127659574468    0.017885105060739627
2.918936170212766    0.018963841022071146
2.920744680851064    0.01884036600077417
2.922553191489362    0.017690012375647712
2.92436170212766    0.016270174774164113
2.9261702127659577    0.015098713864755905
2.9279787234042556    0.014005796932951276
2.9297872340425535    0.012513019365041698
2.931595744680851    0.010567829977784996
2.933404255319149    0.008768703071064154
2.9352127659574467    0.007784364425688296
2.9370212765957446    0.007584488186054037
2.9388297872340425    0.007356759340941902
2.9406382978723404    0.006276779821594856
2.9424468085106383    0.004361607584724932
2.9442553191489362    0.002490037025620121
2.946063829787234    0.001512980015126471
2.947872340425532    0.001345707644414263
2.94968085106383    0.0009993227128680016
2.951489361702128    -0.0004329489649384998
2.9532978723404257    -0.0028089952169239474
2.9551063829787236    -0.00497012809755354
2.9569148936170215    -0.0057523876341717935
2.9587234042553194    -0.0049777875182413145
2.960531914893617    -0.0034726246528262892
2.962340425531915    -0.0021674162767279766
2.9641489361702127    -0.0012447164341264842
2.9659574468085106    -0.00018230547966816175
2.9677659574468085    0.0014481297018528732
2.9695744680851064    0.0033570101073154036
2.9713829787234043    0.0047834260313192305
2.973191489361702    0.005329812765314754
2.975    0.005448397036935334
2.976808510638298    0.006016020378572117
2.978617021276596    0.0074240075480444395
2.980425531914894    0.009146394751646605
2.9822340425531917    0.010254531086102019
2.9840425531914896    0.010347585148876754
2.9858510638297875    0.009930322945828438
2.9876595744680854    0.009853425946672125
2.989468085106383    0.010413441256669528
2.9912765957446807    0.011052630159142703
2.9930851063829786    0.010954246030989597
2.9948936170212765    0.009889817523664069
2.9967021276595744    0.008429138669993116
2.9985106382978723    0.007310526842205681
3.0003191489361702    0.006648606865713308
3.002127659574468    0.005809161575876824
3.003936170212766    0.004068785841526108
3.005744680851064    0.001364885526987672
3.007553191489362    -0.0016300773860719255
3.0093617021276597    -0.004161524022760436
3.0111702127659576    -0.006087524025929067
3.0129787234042555    -0.00792359039382812
3.0147872340425534    -0.010238906647086089
3.0165957446808513    -0.013055505044934829
3.0184042553191492    -0.015851572184297943
3.0202127659574467    -0.018113437258811618
3.0220212765957446    -0.01982396706444509
3.0238297872340425    -0.021380461166972408
3.0256382978723404    -0.02305752837176576
3.0274468085106383    -0.024606121343658593
3.029255319148936    -0.02542913710806249
3.031063829787234    -0.025174355538129547
3.032872340425532    -0.024156462644256537
3.03468085106383    -0.023181485232020006
3.036489361702128    -0.022918744532281054
3.0382978723404257    -0.023381411772717724
3.0401063829787236    -0.023956187787480893
3.0419148936170215    -0.023915431220195033
3.0437234042553194    -0.02294351932808752
3.0455319148936173    -0.02125884151000468
3.047340425531915    -0.019313298564007663
3.0491489361702127    -0.01740256806641358
3.0509574468085106    -0.015523793631528029
3.0527659574468085    -0.013529344269875072
3.0545744680851064    -0.011353917878800308
3.0563829787234043    -0.009079597103561363
3.058191489361702    -0.006814348743188269
3.06    -0.004555152696223946
3.061808510638298    -0.0021980369232478345
3.063617021276596    0.0003211911487732569
3.0654255319148938    0.0029187042192746343
3.0672340425531917    0.005412541596906914
3.0690425531914896    0.007680708988133111
3.0708510638297875    0.009754417541844498
3.0726595744680854    0.01173681436062134
3.0744680851063833    0.013624894887619022
3.076276595744681    0.015226292962247926
3.0780851063829786    0.01627627777108127
3.0798936170212765    0.016654921489465558
3.0817021276595744    0.016493013184238656
3.0835106382978723    0.016061174478641044
3.08531914893617    0.015556151730153876
3.087127659574468    0.015000681505242332
3.088936170212766    0.014344571585188755
3.090744680851064    0.013628517624559928
3.092553191489362    0.012997336728820696
3.0943617021276597    0.012520072284982142
3.0961702127659576    0.012013979093381588
3.0979787234042555    0.011106815117979868
3.0997872340425534    0.009538968392368296
3.1015957446808513    0.007433880739152826
3.103404255319149    0.005252226397008869
3.105212765957447    0.003437330334607046
3.1070212765957446    0.0020742295778731048
3.1088297872340425    0.0008920182536113885
3.1106382978723404    -0.00039020228624718413
3.1124468085106383    -0.0017177087863034777
3.114255319148936    -0.0027059918720298416
3.116063829787234    -0.003001865467775269
3.117872340425532    -0.002646412354504047
3.11968085106383    -0.0020785699214698043
3.1214893617021278    -0.0017685085602759153
3.1232978723404257    -0.0018286490984499833
3.1251063829787236    -0.00196508137475773
3.1269148936170215    -0.001799388089144044
3.1287234042553194    -0.0012454241122485097
3.1305319148936173    -0.0005960086233119655
3.132340425531915    -0.00026443377140777393
3.134148936170213    -0.00043685597371355086
3.1359574468085105    -0.0009379235683572985
3.1377659574468084    -0.0013885523141076881
3.1395744680851063    -0.0014834662251564665
3.141382978723404    -0.0011603269814712113
3.143191489361702    -0.000573574925867186
3.145    4.844686039024988e-05
3.146808510638298    0.0005381160296130662
3.148617021276596    0.0008510472140006079
3.1504255319148937    0.0010586005465144108
3.1522340425531916    0.0012886662730755062
3.1540425531914895    0.00163405944892548
3.1558510638297874    0.0020741268959427934
3.1576595744680853    0.002476156490894467
3.159468085106383    0.0026979794844003715
3.161276595744681    0.0027141415258627745
3.163085106382979    0.0026395574209315347
3.1648936170212765    0.0026081820273360624
3.1667021276595744    0.002618844783051758
3.1685106382978723    0.0025187997811175664
3.17031914893617    0.002166288321736177
3.172127659574468    0.0016101002030683865
3.173936170212766    0.0010720481029326146
3.175744680851064    0.0007087423242763697
3.1775531914893618    0.0003863770880330379
3.1793617021276597    -0.00026044782878337886
3.1811702127659576    -0.0014835268608186692
3.1829787234042555    -0.003112849422263458
3.1847872340425534    -0.004633380812006276
3.1865957446808513    -0.0056366200853534675
3.188404255319149    -0.006226663058254662
3.190212765957447    -0.006939544180675387
3.192021276595745    -0.008185693663469044
3.1938297872340424    -0.009732144211540047
3.1956382978723403    -0.010771645427089277
3.1974468085106382    -0.010588893350868035
3.199255319148936    -0.009227332411338277
3.201063829787234    -0.007505012900916635
3.202872340425532    -0.006327465713396228
3.20468085106383    -0.0059320598787810375
3.2064893617021277    -0.005778094889151713
3.2082978723404256    -0.0051651946247748114
3.2101063829787235    -0.003943400312605327
3.2119148936170214    -0.002604757243591417
3.2137234042553193    -0.0016977893283278292
3.2155319148936172    -0.0012081724384406891
3.217340425531915    -0.0005672555378819469
3.219148936170213    0.000731196746391886
3.220957446808511    0.002578163006719438
3.2227659574468084    0.004356681687190226
3.2245744680851063    0.0055857500925412355
3.226382978723404    0.006396687983471223
3.228191489361702    0.007329337351173611
3.23    0.00868630815961823
3.231808510638298    0.010164658749865134
3.233617021276596    0.011165122253476668
3.2354255319148937    0.011419219973735765
3.2372340425531916    0.011227529658555278
3.2390425531914895    0.011057531451631958
3.2408510638297874    0.010987557339305095
3.2426595744680853    0.010657444371390616
3.244468085106383    0.009787868204232353
3.246276595744681    0.008642695723941192
3.248085106382979    0.007839887888333135
3.249893617021277    0.007663461735157775
3.251702127659575    0.007649897238562029
3.2535106382978722    0.006979184474908008
3.25531914893617    0.005319701493055067
3.257127659574468    0.003231123075707755
3.258936170212766    0.0016585275580653777
3.260744680851064    0.0010168709853599312
3.2625531914893617    0.0008150434095692016
3.2643617021276596    0.00019992749796507014
3.2661702127659575    -0.001171142618606388
3.2679787234042554    -0.0028402926408723716
3.2697872340425533    -0.004091832108808473
3.2715957446808512    -0.00468954142995434
3.273404255319149    -0.00502489362036748
3.275212765957447    -0.005600181298358474
3.277021276595745    -0.00649352495218739
3.278829787234043    -0.007389012421885947
3.2806382978723407    -0.008041786834608293
3.282446808510638    -0.008555630573153604
3.284255319148936    -0.009141200014157259
3.286063829787234    -0.009704417661936268
3.287872340425532    -0.009838955088945266
3.28968085106383    -0.009289666559316965
3.2914893617021277    -0.008340355901010134
3.2932978723404256    -0.007622775810863713
3.2951063829787235    -0.007514676423598817
3.2969148936170214    -0.007793826122977942
3.2987234042553193    -0.00793251584216219
3.300531914893617    -0.007677446712195963
3.302340425531915    -0.007244434717080901
3.304148936170213    -0.006943944440675387
3.305957446808511    -0.0067495563767123005
3.307765957446809    -0.006372888292203432
3.3095744680851067    -0.005745439349876822
3.311382978723404    -0.005253040625031352
3.313191489361702    -0.0053420991658684
3.315    -0.005924466237561741
3.316808510638298    -0.006349481724444274
3.3186170212765957    -0.006094055957539375
3.3204255319148936    -0.005422596198464679
3.3222340425531915    -0.005191754668788698
3.3240425531914894    -0.005913509206232469
3.3258510638297873    -0.007103124310319215
3.3276595744680852    -0.00771402702504065
3.329468085106383    -0.007260493284869975
3.331276595744681    -0.006395492510013997
3.333085106382979    -0.006255603981897281
3.334893617021277    -0.007261161289685828
3.3367021276595747    -0.008711052439327712
3.3385106382978726    -0.009643844552256654
3.34031914893617    -0.009989938195084114
3.342127659574468    -0.010671366292389283
3.343936170212766    -0.012488413981355207
3.345744680851064    -0.015050144013681549
3.3475531914893617    -0.017017536394783116
3.3493617021276596    -0.017463391509246994
3.3511702127659575    -0.016853126929673785
3.3529787234042554    -0.016522933959536835
3.3547872340425533    -0.01720234456330938
3.356595744680851    -0.018218028427452224
3.358404255319149    -0.01826639271337762
3.360212765957447    -0.016878119612448006
3.362021276595745    -0.014917813793370233
3.363829787234043    -0.013565117365370083
3.3656382978723407    -0.012960263998957625
3.3674468085106386    -0.012078948930582586
3.369255319148936    -0.009981214901457328
3.371063829787234    -0.006982392028880669
3.372872340425532    -0.004367027190741541
3.3746808510638298    -0.002945350267204651
3.3764893617021277    -0.002111186524085179
3.3782978723404256    -0.0005156415852035001
3.3801063829787235    0.002381835819990491
3.3819148936170214    0.005661043015206195
3.3837234042553193    0.00796504297917057
3.385531914893617    0.009054416932366891
3.387340425531915    0.01009967967302362
3.389148936170213    0.01232899231998405
3.390957446808511    0.015539390866190574
3.3927659574468088    0.018190364059157627
3.3945744680851067    0.019044855619450487
3.3963829787234046    0.01855897410278527
3.398191489361702    0.01845171002316356
3.4    0.019887408393404377
3.401808510638298    0.0222510939416042
3.4036170212765957    0.023852878133868296
3.4054255319148936    0.023771328136163065
3.4072340425531915    0.022803624235083714
3.4090425531914894    0.022506822470856763
3.4108510638297873    0.023439222307237256
3.412659574468085    0.02457094637620592
3.414468085106383    0.024492662193953244
3.416276595744681    0.023038442703036368
3.418085106382979    0.021504697920283613
3.419893617021277    0.02124395459078621
3.4217021276595747    0.022220020733084263
3.4235106382978726    0.023113338589796594
3.4253191489361705    0.0228052071698174
3.427127659574468    0.021555002844059232
3.428936170212766    0.020595036080078708
3.4307446808510638    0.02068143301689274
3.4325531914893617    0.02127722279452995
3.4343617021276596    0.02125065945025568
3.4361702127659575    0.020211525819892755
3.4379787234042554    0.01891399073300656
3.4397872340425533    0.018290010593639102
3.441595744680851    0.01829008400064878
3.443404255319149    0.01791952947695725
3.445212765957447    0.016435806028733683
3.447021276595745    0.014285769954696118
3.4488297872340428    0.012640624117963805
3.4506382978723407    0.012024286516068114
3.4524468085106386    0.011627934111745616
3.4542553191489365    0.010159499261624017
3.456063829787234    0.007313224728712604
3.457872340425532    0.004186874649071583
3.4596808510638297    0.002128526612150533
3.4614893617021276    0.0012781915333440622
3.4632978723404255    0.00044731797132481423
3.4651063829787234    -0.0015098895688485147
3.4669148936170213    -0.004368712738383436
3.468723404255319    -0.006754245382958218
3.470531914893617    -0.007677848186217681
3.472340425531915    -0.007669247609189486
3.474148936170213    -0.008229922723967316
3.475957446808511    -0.010215969382442324
3.4777659574468087    -0.012951907271161375
3.4795744680851066    -0.015037575374817617
3.4813829787234045    -0.01590075839899887
3.4831914893617024    -0.01633691577331514
3.4850000000000003    -0.01746866293256403
3.4868085106382978    -0.019370052865875134
3.4886170212765957    -0.020958180932069706
3.4904255319148936    -0.021265047469306922
3.4922340425531915    -0.02059704838164402
3.4940425531914894    -0.02022211693421813
3.4958510638297873    -0.02093618866362315
3.497659574468085    -0.0221662468771796
3.499468085106383    -0.02265154345555733
3.501276595744681    -0.021917078019327185
3.503085106382979    -0.020831466273206
3.5048936170212768    -0.020599689577904687
3.5067021276595747    -0.021359755998341654
3.5085106382978726    -0.02201988012120848
3.5103191489361705    -0.021534436044051468
3.5121276595744684    -0.020131736935459284
3.5139361702127663    -0.019039247453484252
3.5157446808510637    -0.018990556683756717
3.5175531914893616    -0.019244271765846907
3.5193617021276595    -0.018305779813214927
3.5211702127659574    -0.01559972474902286
3.5229787234042553    -0.012210117629051238
3.5247872340425532    -0.009805700848032083
3.526595744680851    -0.008896701331072912
3.528404255319149    -0.008336226148374822
3.530212765957447    -0.006609486916631206
3.532021276595745    -0.0034811599176137638
3.5338297872340427    -0.00020202063899465257
3.5356382978723406    0.001899352417883882
3.5374468085106385    0.002838138147332913
3.5392553191489364    0.003853029326830586
3.5410638297872343    0.005951917003698725
3.5428723404255322    0.008795137851303706
3.5446808510638297    0.011136395274619394
3.5464893617021276    0.012251826350419534
3.5482978723404255    0.012710856191919404
3.5501063829787234    0.013653419808677653
3.5519148936170213    0.015451098578718927
3.553723404255319    0.017286543026808186
3.555531914893617    0.018092174805869683
3.557340425531915    0.017745342066199755
3.559148936170213    0.01717523014075278
3.560957446808511    0.01731301641226223
3.5627659574468087    0.01811149366173993
3.5645744680851066    0.018717988273036456
3.5663829787234045    0.018530433796592683
3.5681914893617024    0.017882901534433813
3.5700000000000003    0.017590874902522518
3.571808510638298    0.01792980832995555
3.5736170212765956    0.018261857825052078
3.5754255319148935    0.01775278061135466
3.5772340425531914    0.01635089180085898
3.5790425531914893    0.014893674663956812
3.5808510638297872    0.014202495403271124
3.582659574468085    0.014178920843432693
3.584468085106383    0.013921113116951118
3.586276595744681    0.01273655378636349
3.588085106382979    0.01092429138556886
3.5898936170212767    0.009454592670348868
3.5917021276595746    0.008897132325955574
3.5935106382978725    0.008782313016181154
3.5953191489361704    0.008106886617787468
3.5971276595744683    0.006440339736697493
3.5989361702127662    0.00442864495704734
3.600744680851064    0.003143338229303466
3.6025531914893616    0.0029717194716656382
3.6043617021276595    0.003233238779847978
3.6061702127659574    0.002915825928548373
3.6079787234042553    0.0017205545707612699
3.609787234042553    0.00028873794894954856
3.611595744680851    -0.0006081724276009203
3.613404255319149    -0.0010032338264896596
3.615212765957447    -0.0017543208146109516
