0.0    0.0
0.0018085106382978724    0.0
0.003617021276595745    0.0
0.005425531914893617    0.0
0.00723404255319149    0.0
0.009042553191489363    0.0
0.010851063829787235    0.0
0.012659574468085107    0.0
0.01446808510638298    0.0
0.016276595744680853    0.0
0.018085106382978725    0.0
0.019893617021276597    0.0
0.02170212765957447    0.0
0.023510638297872342    0.0
0.025319148936170214    0.0
0.027127659574468086    0.0
0.02893617021276596    0.0
0.03074468085106383    0.0
0.032553191489361706    0.0
0.03436170212765958    0.0
0.03617021276595745    0.0
0.03797872340425532    0.0
0.039787234042553195    0.0
0.04159574468085107    0.0
0.04340425531914894    0.0
0.04521276595744681    0.0
0.047021276595744683    0.0
0.048829787234042556    0.0
0.05063829787234043    0.0
0.0524468085106383    0.0
0.05425531914893617    0.0
0.056063829787234044    0.0
0.05787234042553192    0.0
0.05968085106382979    0.0
0.06148936170212766    0.0
0.06329787234042554    0.0
0.06510638297872341    0.0
0.06691489361702128    0.0
0.06872340425531916    0.0
0.07053191489361703    0.0
0.0723404255319149    0.0
0.07414893617021277    0.0
0.07595744680851065    0.0
0.07776595744680852    0.0
0.07957446808510639    0.0
0.08138297872340426    0.0
0.08319148936170213    0.0
0.085    0.0
0.08680851063829788    0.0
0.08861702127659575    0.0
0.09042553191489362    0.0
0.0922340425531915    0.0
0.09404255319148937    0.0
0.09585106382978724    0.0
0.09765957446808511    0.0
0.09946808510638298    0.0
0.10127659574468086    0.0
0.10308510638297873    0.0
0.1048936170212766    0.0
0.10670212765957447    0.0
0.10851063829787234    0.0
0.11031914893617022    0.0
0.11212765957446809    0.0
0.11393617021276596    0.0
0.11574468085106383    0.0
0.1175531914893617    0.0
0.11936170212765958    0.0
0.12117021276595745    0.0
0.12297872340425532    0.0
0.1247872340425532    0.0
0.12659574468085108    0.0
0.12840425531914895    0.0
0.13021276595744682    0.0
0.1320212765957447    0.0
0.13382978723404257    0.0
0.13563829787234044    0.0
0.1374468085106383    0.0
0.13925531914893619    0.0
0.14106382978723406    0.0
0.14287234042553193    0.0
0.1446808510638298    0.0
0.14648936170212767    0.0
0.14829787234042555    0.0
0.15010638297872342    0.0
0.1519148936170213    0.0
0.15372340425531916    0.0
0.15553191489361703    0.0
0.1573404255319149    0.0
0.15914893617021278    0.0
0.16095744680851065    0.0
0.16276595744680852    0.0
0.1645744680851064    0.0
0.16638297872340427    0.0
0.16819148936170214    0.0
0.17    0.0
0.17180851063829788    0.0
0.17361702127659576    0.0
0.17542553191489363    0.0
0.1772340425531915    0.0
0.17904255319148937    0.0
0.18085106382978725    0.0
0.18265957446808512    0.0
0.184468085106383    0.0
0.18627659574468086    0.0
0.18808510638297873    0.0
0.1898936170212766    0.0
0.19170212765957448    0.0
0.19351063829787235    0.0
0.19531914893617022    0.0
0.1971276595744681    0.0
0.19893617021276597    0.0
0.20074468085106384    0.0
0.2025531914893617    0.0
0.20436170212765958    0.0
0.20617021276595746    0.0
0.20797872340425533    0.0
0.2097872340425532    0.0
0.21159574468085107    0.0
0.21340425531914894    0.0
0.21521276595744682    0.0
0.2170212765957447    0.0
0.21882978723404256    0.0
0.22063829787234043    0.0
0.2224468085106383    0.0
0.22425531914893618    0.0
0.22606382978723405    0.0
0.22787234042553192    0.0
0.2296808510638298    0.0
0.23148936170212767    0.0
0.23329787234042554    0.0
0.2351063829787234    0.0
0.23691489361702128    0.0
0.23872340425531915    0.0
0.24053191489361703    0.0
0.2423404255319149    0.0
0.24414893617021277    0.0
0.24595744680851064    0.0
0.24776595744680852    0.0
0.2495744680851064    0.0
0.25138297872340426    0.0
0.25319148936170216    0.0
0.255    0.0
0.2568085106382979    0.0
0.25861702127659575    0.0
0.26042553191489365    0.0
0.2622340425531915    0.0
0.2640425531914894    0.0
0.26585106382978724    0.0
0.26765957446808514    0.0
0.269468085106383    0.0
0.2712765957446809    0.0
0.2730851063829787    0.0
0.2748936170212766    0.0
0.27670212765957447    0.0
0.27851063829787237    0.0
0.2803191489361702    0.0
0.2821276595744681    0.0
0.28393617021276596    0.0
0.28574468085106386    0.0
0.2875531914893617    0.0
0.2893617021276596    0.0
0.29117021276595745    0.0
0.29297872340425535    0.0
0.2947872340425532    0.0
0.2965957446808511    0.0
0.29840425531914894    0.0
0.30021276595744684    0.0
0.3020212765957447    0.0
0.3038297872340426    0.0
0.3056382978723404    0.0
0.3074468085106383    0.0
0.30925531914893617    0.0
0.31106382978723407    0.0
0.3128723404255319    0.0
0.3146808510638298    0.0
0.31648936170212766    0.0
0.31829787234042556    0.0
0.3201063829787234    0.0
0.3219148936170213    0.0
0.32372340425531915    0.0
0.32553191489361705    0.0
0.3273404255319149    0.0
0.3291489361702128    0.0
0.33095744680851064    0.0
0.33276595744680854    0.0
0.3345744680851064    0.0
0.3363829787234043    0.0
0.3381914893617021    0.0
0.34    0.0
0.34180851063829787    0.0
0.34361702127659577    0.0
0.3454255319148936    0.0
0.3472340425531915    0.0
0.34904255319148936    0.0
0.35085106382978726    0.0
0.3526595744680851    0.0
0.354468085106383    0.0
0.35627659574468085    0.0
0.35808510638297875    0.0
0.3598936170212766    0.0
0.3617021276595745    0.0
0.36351063829787233    0.0
0.36531914893617023    0.0
0.3671276595744681    0.0
0.368936170212766    0.0
0.3707446808510638    0.0
0.3725531914893617    0.0
0.37436170212765957    0.0
0.37617021276595747    0.0
0.3779787234042553    0.0
0.3797872340425532    0.0
0.38159574468085106    0.0
0.38340425531914896    0.0
0.3852127659574468    0.0
0.3870212765957447    0.0
0.38882978723404255    0.0
0.39063829787234045    0.0
0.3924468085106383    0.0
0.3942553191489362    0.0
0.39606382978723403    0.0
0.39787234042553193    0.0
0.3996808510638298    0.0
0.4014893617021277    0.0
0.4032978723404255    0.0
0.4051063829787234    0.0
0.40691489361702127    0.0
0.40872340425531917    0.0
0.410531914893617    0.0
0.4123404255319149    0.0
0.41414893617021276    0.0
0.41595744680851066    0.0
0.4177659574468085    0.0
0.4195744680851064    0.0
0.42138297872340424    0.0
0.42319148936170214    0.0
0.425    0.0
0.4268085106382979    0.0
0.42861702127659573    0.0
0.43042553191489363    0.0
0.4322340425531915    0.0
0.4340425531914894    0.0
0.4358510638297872    0.0
0.4376595744680851    0.0
0.43946808510638297    0.0
0.44127659574468087    0.0
0.4430851063829787    0.0
0.4448936170212766    0.0
0.44670212765957445    0.0
0.44851063829787235    0.0
0.4503191489361702    0.0
0.4521276595744681    0.0
0.45393617021276594    0.0
0.45574468085106384    0.0
0.4575531914893617    0.0
0.4593617021276596    0.0
0.46117021276595743    0.0
0.46297872340425533    0.0
0.46478723404255323    0.0
0.4665957446808511    0.0
0.468404255319149    0.0
0.4702127659574468    0.0
0.4720212765957447    0.0
0.47382978723404257    0.0
0.47563829787234047    0.0
0.4774468085106383    0.0
0.4792553191489362    0.0
0.48106382978723405    0.0
0.48287234042553195    0.0
0.4846808510638298    0.0
0.4864893617021277    0.0
0.48829787234042554    0.0
0.49010638297872344    0.0
0.4919148936170213    0.0
0.4937234042553192    0.0
0.49553191489361703    0.0
0.49734042553191493    0.0
0.4991489361702128    0.0
0.5009574468085106    0.0
0.5027659574468085    0.0
0.5045744680851064    0.0
0.5063829787234043    0.0
0.5081914893617021    0.0
0.51    0.0
0.5118085106382979    0.0
0.5136170212765958    0.0
0.5154255319148936    0.0
0.5172340425531915    0.0
0.5190425531914894    0.0
0.5208510638297873    0.0
0.5226595744680851    0.0
0.524468085106383    0.0
0.5262765957446809    0.0
0.5280851063829788    0.0
0.5298936170212766    0.0
0.5317021276595745    0.0
0.5335106382978724    0.0
0.5353191489361703    0.0
0.5371276595744681    0.0
0.538936170212766    0.0
0.5407446808510639    0.0
0.5425531914893618    0.0
0.5443617021276596    0.0
0.5461702127659575    0.0
0.5479787234042554    0.0
0.5497872340425533    0.0
0.551595744680851    0.0
0.5534042553191489    0.0
0.5552127659574468    0.0
0.5570212765957447    0.0
0.5588297872340425    0.0
0.5606382978723404    0.0
0.5624468085106383    0.0
0.5642553191489362    0.0
0.566063829787234    0.0
0.5678723404255319    0.0
0.5696808510638298    0.0
0.5714893617021277    0.0
0.5732978723404255    0.0
0.5751063829787234    0.0
0.5769148936170213    0.0
0.5787234042553192    0.0
0.580531914893617    0.0
0.5823404255319149    0.0
0.5841489361702128    0.0
0.5859574468085107    0.0
0.5877659574468085    0.0
0.5895744680851064    0.0
0.5913829787234043    0.0
0.5931914893617022    0.0
0.595    0.0
0.5968085106382979    0.0
0.5986170212765958    0.0
0.6004255319148937    0.0
0.6022340425531915    0.0
0.6040425531914894    0.0
0.6058510638297873    0.0
0.6076595744680852    0.0
0.609468085106383    0.0
0.6112765957446809    0.0
0.6130851063829788    0.0
0.6148936170212767    0.0
0.6167021276595744    0.0
0.6185106382978723    0.0
0.6203191489361702    0.0
0.6221276595744681    0.0
0.6239361702127659    0.0
0.6257446808510638    0.0
0.6275531914893617    0.0
0.6293617021276596    0.0
0.6311702127659574    0.0
0.6329787234042553    0.0
0.6347872340425532    5e-324
0.6365957446808511    3.36e-322
0.6384042553191489    1.2816e-320
0.6402127659574468    4.708e-319
0.6420212765957447    1.694379e-317
0.6438297872340426    5.9772714e-316
0.6456382978723404    2.0674020203e-314
0.6474468085106383    7.01259323386e-313
0.6492553191489362    2.333262439414e-311
0.6510638297872341    7.6168789409403e-310
0.6528723404255319    2.440137094012536e-308
0.6546808510638298    7.673054140158375e-307
0.6564893617021277    2.368810596827226e-305
0.6582978723404256    7.181079170270936e-304
0.6601063829787234    2.1381285078997752e-302
0.6619148936170213    6.253860859629584e-301
0.6637234042553192    1.7972844224403015e-299
0.6655319148936171    5.076001725416545e-298
0.6673404255319149    1.40910576841302e-296
0.6691489361702128    3.845574543388892e-295
0.6709574468085107    1.0319343365876877e-293
0.6727659574468086    2.723277836170982e-292
0.6745744680851063    7.068956436947898e-291
0.6763829787234042    1.8051575332772304e-289
0.6781914893617021    4.535685768373842e-288
0.68    1.1215253931500524e-286
0.6818085106382978    2.7294962856495633e-285
0.6836170212765957    6.539293309650457e-284
0.6854255319148936    1.542483293164158e-282
0.6872340425531915    3.582751469214324e-281
0.6890425531914893    8.195651900457306e-280
0.6908510638297872    1.846646775462927e-278
0.6926595744680851    4.0990144584994183e-277
0.694468085106383    8.964602859782696e-276
0.6962765957446809    1.9319606727499501e-274
0.6980851063829787    4.103361071260543e-273
0.6998936170212766    8.590392494599178e-272
0.7017021276595745    1.7728611130414956e-270
0.7035106382978724    3.607285440085638e-269
0.7053191489361702    7.237442238056982e-268
0.7071276595744681    1.431997717473663e-266
0.708936170212766    2.7945061490952815e-265
0.7107446808510639    5.379295326568502e-264
0.7125531914893617    1.0215378844673616e-262
0.7143617021276596    1.914003400259672e-261
0.7161702127659575    3.538666442783415e-260
0.7179787234042554    6.456453252069706e-259
0.7197872340425532    1.1626629856204045e-257
0.7215957446808511    2.0666473272386963e-256
0.723404255319149    3.626419826853447e-255
0.7252127659574469    6.282532595381048e-254
0.7270212765957447    1.0746856477419435e-252
0.7288297872340426    1.8153591279775635e-251
0.7306382978723405    3.0284594632866896e-250
0.7324468085106384    4.990018138187755e-249
0.7342553191489362    8.121682819837311e-248
0.7360638297872341    1.3058558135180684e-246
0.737872340425532    2.0743922016949377e-245
0.7396808510638299    3.2559182475915986e-244
0.7414893617021276    5.049902914500088e-243
0.7432978723404255    7.740318668558473e-242
0.7451063829787234    1.1725725339208283e-240
0.7469148936170213    1.7557548976197213e-239
0.7487234042553191    2.5987771507144326e-238
0.750531914893617    3.8027022313460174e-237
0.7523404255319149    5.5013636365638585e-236
0.7541489361702128    7.869357011042524e-235
0.7559574468085106    1.1131011040281539e-233
0.7577659574468085    1.5570105642021232e-232
0.7595744680851064    2.1539951094230513e-231
0.7613829787234043    2.9473263487607712e-230
0.7631914893617021    3.9891079286804036e-229
0.765    5.340975947037634e-228
0.7668085106382979    7.074496139921295e-227
0.7686170212765958    9.271132826696305e-226
0.7704255319148936    1.2021658851693785e-224
0.7722340425531915    1.5424879814260307e-223
0.7740425531914894    1.9585562170744558e-222
0.7758510638297873    2.461148511265228e-221
0.7776595744680851    3.060958123157322e-220
0.779468085106383    3.768119024580615e-219
0.7812765957446809    4.591652121208487e-218
0.7830851063829788    5.5388497644090335e-217
0.7848936170212766    6.614624109274226e-216
0.7867021276595745    7.820852492097858e-215
0.7885106382978724    9.155759329401527e-214
0.7903191489361703    1.0613378276032563e-212
0.7921276595744681    1.2183139793440631e-211
0.793936170212766    1.3849627310453334e-210
0.7957446808510639    1.5592539500662406e-209
0.7975531914893618    1.7386886866760403e-208
0.7993617021276596    1.920343818604831e-207
0.8011702127659575    2.1009417166655038e-206
0.8029787234042554    2.2769432944990583e-205
0.8047872340425533    2.4446611115735272e-204
0.806595744680851    2.600387624582322e-203
0.808404255319149    2.740532369133186e-202
0.8102127659574468    2.8617609262597283e-201
0.8120212765957447    2.961128082840882e-200
0.8138297872340425    3.036197687420528e-199
0.8156382978723404    3.0851423420979686e-198
0.8174468085106383    3.1068172169656537e-197
0.8192553191489362    3.100803839993123e-196
0.821063829787234    3.0674215785312934e-195
0.8228723404255319    3.00770653932133e-194
0.8246808510638298    2.923359611644285e-193
0.8264893617021277    2.8166672072246427e-192
0.8282978723404255    2.690399774119504e-191
0.8301063829787234    2.547694274896298e-190
0.8319148936170213    2.39192745655256e-189
0.8337234042553192    2.2265868792530256e-188
0.835531914893617    2.0551463345124675e-187
0.8373404255319149    1.8809515305126434e-186
0.8391489361702128    1.707120842135233e-185
0.8409574468085107    1.5364646244997428e-184
0.8427659574468085    1.371425187441546e-183
0.8445744680851064    1.2140381371058848e-182
0.8463829787234043    1.0659145092537208e-181
0.8481914893617022    9.282420262321188e-181
0.85    8.018029603422802e-180
0.8518085106382979    6.870055087288154e-179
0.8536170212765958    5.839252819512961e-178
0.8554255319148937    4.9235346130886245e-177
0.8572340425531915    4.11848353051185e-176
0.8590425531914894    3.4178741383374155e-175
0.8608510638297873    2.8141728868734934e-174
0.8626595744680852    2.2989993772254727e-173
0.864468085106383    1.8635348235216487e-172
0.8662765957446809    1.4988693500378931e-171
0.8680851063829788    1.1962845651011709e-170
0.8698936170212767    9.474719113702524e-170
0.8717021276595744    7.446904888542545e-169
0.8735106382978723    5.808703535091161e-168
0.8753191489361702    4.496687520264315e-167
0.8771276595744681    3.4548745611460614e-166
0.8789361702127659    2.634594337101113e-165
0.8807446808510638    1.99412682079564e-164
0.8825531914893617    1.4981829129890613e-163
0.8843617021276596    1.117288382125212e-162
0.8861702127659574    8.271214468387701e-162
0.8879787234042553    6.07843615258365e-161
0.8897872340425532    4.4345329268383926e-160
0.8915957446808511    3.211826479271355e-159
0.8934042553191489    2.3095054920718504e-158
0.8952127659574468    1.6487814065405905e-157
0.8970212765957447    1.168688031586352e-156
0.8988297872340426    8.225071432283935e-156
0.9006382978723404    5.747782401108461e-155
0.9024468085106383    3.9883601466458956e-154
0.9042553191489362    2.7481190380803327e-153
0.9060638297872341    1.8803444553958014e-152
0.9078723404255319    1.2776545013274487e-151
0.9096808510638298    8.621382162206458e-151
0.9114893617021277    5.777513823275928e-150
0.9132978723404256    3.8451985258164663e-149
0.9151063829787234    2.541693263164666e-148
0.9169148936170213    1.668656321439466e-147
0.9187234042553192    1.0880847295638635e-146
0.9205319148936171    7.047306067134817e-146
0.9223404255319149    4.5337813734131575e-145
0.9241489361702128    2.8972591103006816e-144
0.9259574468085107    1.8391434486156958e-143
0.9277659574468086    1.1597314611367818e-142
0.9295744680851065    7.264818803078916e-142
0.9313829787234043    4.520947660092976e-141
0.9331914893617022    2.795009144537756e-140
0.935    1.7167128301309153e-139
0.936808510638298    1.0475728430355844e-138
0.9386170212765957    6.351178972982081e-138
0.9404255319148936    3.825773774485845e-137
0.9422340425531915    2.289761248873964e-136
0.9440425531914894    1.3616897140313604e-135
0.9458510638297872    8.046260829140693e-135
0.9476595744680851    4.724424360574332e-134
0.949468085106383    2.7564700887150887e-133
0.9512765957446809    1.598151339750229e-132
0.9530851063829787    9.20774537309746e-132
0.9548936170212766    5.271933476297208e-131
0.9567021276595745    2.9997019805898937e-130
0.9585106382978724    1.6962431761521982e-129
0.9603191489361702    9.53257176187129e-129
0.9621276595744681    5.324196485635505e-128
0.963936170212766    2.9554937629712945e-127
0.9657446808510639    1.630601616025269e-126
0.9675531914893617    8.941642704523146e-126
0.9693617021276596    4.87357956278304e-125
0.9711702127659575    2.640278291283668e-124
0.9729787234042554    1.4217778591611003e-123
0.9747872340425532    7.610331919368992e-123
0.9765957446808511    4.049249941061486e-122
0.978404255319149    2.1416768460272548e-121
0.9802127659574469    1.1260322264606154e-120
0.9820212765957447    5.8853769626535164e-120
0.9838297872340426    3.0579706765375e-119
0.9856382978723405    1.5795624867373283e-118
0.9874468085106384    8.111358221364022e-118
0.9892553191489362    4.1410679684707846e-117
0.9910638297872341    2.1018503524064033e-116
0.992872340425532    1.0606459776786932e-115
0.9946808510638299    5.321411200414028e-115
0.9964893617021277    2.6544791049972188e-114
0.9982978723404256    1.3165466578148697e-113
1.0001063829787233    6.49240948272345e-113
1.0019148936170212    3.1834382633764543e-112
1.0037234042553191    1.5520865648525041e-111
1.005531914893617    7.524409956297046e-111
1.007340425531915    3.6272201006562454e-110
1.0091489361702128    1.738714169575506e-109
1.0109574468085107    8.28787325690989e-109
1.0127659574468086    3.928496393597892e-108
1.0145744680851063    1.8517639327519557e-107
1.0163829787234042    8.680174773845052e-107
1.0181914893617021    4.046340406116932e-106
1.02    1.875836143114531e-105
1.021808510638298    8.648350665481696e-105
1.0236170212765958    3.9653807129601204e-104
1.0254255319148937    1.8082435667339245e-103
1.0272340425531916    8.200806599477555e-103
1.0290425531914893    3.699056025393079e-102
1.0308510638297872    1.6594607083286496e-101
1.032659574468085    7.404431597150285e-101
1.034468085106383    3.2860340436011734e-100
1.036276595744681    1.4504902104044925e-99
1.0380851063829788    6.368347008724764e-99
1.0398936170212767    2.78108659092049e-98
1.0417021276595746    1.2080497237338578e-97
1.0435106382978723    5.219683723563138e-97
1.0453191489361702    2.2433609371170975e-96
1.047127659574468    9.590829037590962e-96
1.048936170212766    4.078698087446006e-95
1.0507446808510639    1.725447314893e-94
1.0525531914893618    7.26110705038917e-94
1.0543617021276597    3.0397031026171983e-93
1.0561702127659576    1.2658808254619212e-92
1.0579787234042553    5.244376719331724e-92
1.0597872340425532    2.1614259507827842e-91
1.061595744680851    8.862132131891549e-91
1.063404255319149    3.614875611773473e-90
1.0652127659574468    1.4669375029330972e-89
1.0670212765957447    5.9224140143303965e-89
1.0688297872340426    2.3788142887115255e-88
1.0706382978723405    9.506104866799144e-88
1.0724468085106382    3.779467020546824e-87
1.0742553191489361    1.4950302075430686e-86
1.076063829787234    5.8839140417800654e-86
1.077872340425532    2.304013684764506e-85
1.0796808510638298    8.976593429485762e-85
1.0814893617021277    3.4797748965663823e-84
1.0832978723404256    1.3421748996775842e-83
1.0851063829787235    5.1509894329323326e-83
1.0869148936170212    1.9669845667823674e-82
1.088723404255319    7.473862466641e-82
1.090531914893617    2.8257137281650105e-81
1.092340425531915    1.0630535269247578e-80
1.0941489361702128    3.979522481454562e-80
1.0959574468085107    1.4823834070778635e-79
1.0977659574468086    5.494759919058189e-79
1.0995744680851065    2.026750461891298e-78
1.1013829787234042    7.43909248597793e-78
1.103191489361702    2.717142638802066e-77
1.105    9.876028881042504e-77
1.1068085106382979    3.572187767324298e-76
1.1086170212765958    1.285798009484007e-75
1.1104255319148937    4.605769918856653e-75
1.1122340425531916    1.6418261731684644e-74
1.1140425531914895    5.8244098994892504e-74
1.1158510638297872    2.0562732860349915e-73
1.117659574468085    7.224672332582115e-73
1.119468085106383    2.5262022601213083e-72
1.1212765957446809    8.79093158596135e-72
1.1230851063829788    3.044546566729572e-71
1.1248936170212767    1.049386216163424e-70
1.1267021276595746    3.599789677524319e-70
1.1285106382978725    1.2290000801583317e-69
1.1303191489361701    4.1760302153216e-69
1.132127659574468    1.412264903405083e-68
1.133936170212766    4.753498273764302e-68
1.1357446808510638    1.592424799271805e-67
1.1375531914893617    5.309537237186746e-67
1.1393617021276596    1.7620175782022508e-66
1.1411702127659575    5.820003706604467e-66
1.1429787234042554    1.9133716190222097e-65
1.1447872340425531    6.260975021686855e-65
1.146595744680851    2.0391758437052318e-64
1.148404255319149    6.610600101152548e-64
1.1502127659574468    2.1330644887786403e-63
1.1520212765957447    6.850895118945273e-63
1.1538297872340426    2.1901516121652257e-62
1.1556382978723405    6.969278407810775e-62
1.1574468085106384    2.207452767883018e-61
1.1592553191489363    6.959661987592197e-61
1.161063829787234    2.1841431528592014e-60
1.162872340425532    6.822967931138081e-60
1.1646808510638298    2.1216211990251262e-59
1.1664893617021277    6.5670089302135455e-59
1.1682978723404256    2.0233710104302028e-58
1.1701063829787235    6.205752620319079e-58
1.1719148936170214    1.8946423053591995e-57
1.1737234042553193    5.758065551255393e-57
1.175531914893617    1.7419885752944748e-56
1.1773404255319149    5.246093129268357e-56
1.1791489361702128    1.5727196391598942e-55
1.1809574468085107    4.693467568639015e-55
1.1827659574468086    1.3943315633165386e-54
1.1845744680851065    4.123542762068534e-54
1.1863829787234044    1.2139745616729052e-53
1.1881914893617023    3.5578341090248937e-53
1.19    1.0380091054617022e-52
1.1918085106382978    3.014798433582237e-52
1.1936170212765957    8.7168442766986e-52
1.1954255319148936    2.5090330052448373e-51
1.1972340425531915    7.189549597050064e-51
1.1990425531914894    2.0509133440845632e-50
1.2008510638297873    5.824320963412569e-50
1.2026595744680852    1.6466361567416123e-49
1.204468085106383    4.634536433879924e-49
1.2062765957446808    1.2985932990728363e-48
1.2080851063829787    3.622430538114319e-48
1.2098936170212766    1.0059787946507877e-47
1.2117021276595745    2.781257413102324e-47
1.2135106382978724    7.655240594711626e-47
1.2153191489361703    2.0977003524068437e-46
1.2171276595744682    5.722642344761432e-46
1.218936170212766    1.5542463325307508e-45
1.2207446808510638    4.2025674226044467e-45
1.2225531914893617    1.1313124463782283e-44
1.2243617021276596    3.031969807801416e-44
1.2261702127659575    8.089896288602807e-44
1.2279787234042554    2.1490083423712297e-43
1.2297872340425533    5.683443581752148e-43
1.2315957446808512    1.4964578741308456e-42
1.2334042553191489    3.922817126339989e-42
1.2352127659574468    1.0237957781390146e-41
1.2370212765957447    2.660181920829384e-41
1.2388297872340426    6.881657367264162e-41
1.2406382978723405    1.7723903522711545e-40
1.2424468085106384    4.544762545397872e-40
1.2442553191489363    1.160243955082025e-39
1.2460638297872342    2.948998034978712e-39
1.2478723404255319    7.46255253813389e-39
1.2496808510638298    1.8801336051650372e-38
1.2514893617021277    4.716056499830709e-38
1.2532978723404256    1.17776540170782e-37
1.2551063829787235    2.928387612027432e-37
1.2569148936170214    7.249177238181084e-37
1.2587234042553193    1.7866505503704726e-36
1.2605319148936172    4.3841111240064286e-36
1.2623404255319148    1.071062370570083e-35
1.2641489361702127    2.6051900801552223e-35
1.2659574468085106    6.308928856801884e-35
1.2677659574468085    1.5211199296987114e-34
1.2695744680851064    3.651429207532961e-34
1.2713829787234043    8.726776294091229e-34
1.2731914893617022    2.0765203641738824e-33
1.2750000000000001    4.919372835997826e-33
1.2768085106382978    1.1603104682116751e-32
1.2786170212765957    2.724766422647583e-32
1.2804255319148936    6.37051505864092e-32
1.2822340425531915    1.4828920926857673e-31
1.2840425531914894    3.4366377362711653e-31
1.2858510638297873    7.929513831522886e-31
1.2876595744680852    1.8215760081226293e-30
1.289468085106383    4.166153072578904e-30
1.2912765957446808    9.486576720209027e-30
1.2930851063829787    2.150647896714771e-29
1.2948936170212766    4.8541549424897344e-29
1.2967021276595745    1.090790765955554e-28
1.2985106382978724    2.4403474181102065e-28
1.3003191489361703    5.435544639133875e-28
1.3021276595744682    1.2053534441181434e-27
1.303936170212766    2.6611193660692025e-27
1.3057446808510638    5.849132656890386e-27
1.3075531914893617    1.2799536880696191e-26
1.3093617021276596    2.788503048168873e-26
1.3111702127659575    6.048120050847023e-26
1.3129787234042554    1.3059914641788514e-25
1.3147872340425533    2.807560264158032e-25
1.3165957446808512    6.008758066924162e-25
1.318404255319149    1.2802807362976432e-24
1.3202127659574467    2.715741653728131e-24
1.3220212765957446    5.734984402210802e-24
1.3238297872340425    1.2056861561073692e-23
1.3256382978723404    2.523435204340922e-23
1.3274468085106383    5.257791951485453e-23
1.3292553191489362    1.0905997649762158e-22
1.3310638297872341    2.252036731248821e-22
1.332872340425532    4.629465029856177e-22
1.3346808510638297    9.473893739264294e-22
1.3364893617021276    1.9300366723028878e-21
1.3382978723404255    3.914162393324316e-21
1.3401063829787234    7.902147113236437e-21
1.3419148936170213    1.588111617170744e-20
1.3437234042553192    3.1771894267041193e-20
1.3455319148936171    6.327436292826163e-20
1.347340425531915    1.254386382923139e-19
1.3491489361702127    2.4754258559772675e-19
1.3509574468085106    4.862723710884575e-19
1.3527659574468085    9.508592872541596e-19
1.3545744680851064    1.850783716117678e-18
1.3563829787234043    3.5858612527153004e-18
1.3581914893617022    6.915525436712924e-18
1.36    1.3275354473233158e-17
1.361808510638298    2.5365972385319627e-17
1.3636170212765957    4.8243232940195e-17
1.3654255319148936    9.132626358391892e-17
1.3672340425531915    1.7207751022206817e-16
1.3690425531914894    3.2271284504666334e-16
1.3708510638297873    6.023744113308147e-16
1.3726595744680852    1.1191006293109815e-15
1.374468085106383    2.069274895286898e-15
1.376276595744681    3.808092963516272e-15
1.3780851063829787    6.9747860919152515e-15
1.3798936170212766    1.2713986443607753e-14
1.3817021276595745    2.306499688317426e-14
1.3835106382978724    4.1642707980526866e-14
1.3853191489361703    7.482234692597804e-14
1.3871276595744682    1.3378984992601413e-13
1.388936170212766    2.380712429022635e-13
1.390744680851064    4.2157502164296984e-13
1.3925531914893619    7.428804886100264e-13
1.3943617021276595    1.3026595532444049e-12
1.3961702127659574    2.2730149716211763e-12
1.3979787234042553    3.946610703107714e-12
1.3997872340425532    6.818484758812559e-12
1.4015957446808511    1.1721514758004402e-11
1.403404255319149    2.0049441710689437e-11
1.405212765957447    3.412193197685878e-11
1.4070212765957448    5.777866729754345e-11
1.4088297872340425    9.734047961943929e-11
1.4106382978723404    1.6315509535324304e-10
1.4124468085106383    2.7206821032339403e-10
1.4142553191489362    4.5134995237689205e-10
1.416063829787234    7.44895787627899e-10
1.417872340425532    1.2229588394406136e-09
1.41968085106383    1.997329218650678e-09
1.4214893617021278    3.244859032327832e-09
1.4232978723404255    5.243687660320574e-09
1.4251063829787234    8.428660924679703e-09
1.4269148936170213    1.3475554727457188e-08
1.4287234042553192    2.1428217437567958e-08
1.430531914893617    3.3889196253116384e-08
1.432340425531915    5.330356995367974e-08
1.4341489361702129    8.337858828280587e-08
1.4359574468085108    1.2969965324102758e-07
1.4377659574468085    2.0062790373892463e-07
1.4395744680851064    3.085983933174447e-07
1.4413829787234043    4.7198334605789426e-07
1.4431914893617022    7.17745620062193e-07
1.445    1.0851873289903954e-06
1.446808510638298    1.6312022150072381e-06
1.4486170212765959    2.4375729683028278e-06
1.4504255319148938    3.621021611527088e-06
1.4522340425531914    5.3469274312749025e-06
1.4540425531914893    7.847876880024002e-06
1.4558510638297872    1.1448505457993285e-05
1.4576595744680851    1.6598431300615373e-05
1.459468085106383    2.3915456942512742e-05
1.461276595744681    3.424161427980514e-05
1.4630851063829788    4.871502171069031e-05
1.4648936170212767    6.886087075048407e-05
1.4667021276595744    9.67051027115307e-05
1.4685106382978723    0.00013491439309161013
1.4703191489361702    0.00018696582631572123
1.4721276595744681    0.00025734898484287453
1.473936170212766    0.0003518019384930575
1.475744680851064    0.00047758062739298193
1.4775531914893618    0.000643758202366224
1.4793617021276597    0.0008615468468428306
1.4811702127659574    0.0011446293172059372
1.4829787234042553    0.0015094808377306328
1.4847872340425532    0.0019756541209977234
1.486595744680851    0.002565991371128968
1.488404255319149    0.003306717604855989
1.490212765957447    0.0042273602114287195
1.4920212765957448    0.0053604314056661315
1.4938297872340427    0.0067408044922902255
1.4956382978723404    0.008404713368159213
1.4974468085106383    0.010388309422274793
1.4992553191489362    0.012725723066130654
1.501063829787234    0.015446600577494009
1.502872340425532    0.01857312243518993
1.5046808510638299    0.022116557777886126
1.5064893617021278    0.026073470765819416
1.5082978723404257    0.030421766541351238
1.5101063829787233    0.035116843177938235
1.5119148936170212    0.04008819509923731
1.5137234042553191    0.04523688408254322
1.515531914893617    0.050434345018928566
1.517340425531915    0.05552301235586659
1.5191489361702128    0.06031922638079449
1.5209574468085107    0.06461879415547717
1.5227659574468086    0.0682054291723164
1.5245744680851063    0.07086207351507565
1.5263829787234042    0.07238482138795532
1.5281914893617021    0.0725988284141306
1.53    0.07137523362085516
1.531808510638298    0.0686477784344561
1.5336170212765958    0.06442752676353963
1.5354255319148937    0.058813925392204966
1.5372340425531916    0.05200044688682179
1.5390425531914893    0.04427327180598799
1.5408510638297872    0.0360019189866341
1.542659574468085    0.027621420593692922
1.544468085106383    0.01960652607025528
1.546276595744681    0.012439430593336735
1.5480851063829788    0.006573545626773522
1.5498936170212767    0.00239671810774603
1.5517021276595746    0.000197902463416064
1.5535106382978723    0.00014144538678050446
1.5553191489361702    0.002252741228890938
1.557127659574468    0.006418003317090297
1.558936170212766    0.01239930879012497
1.5607446808510639    0.019864050312283894
1.5625531914893618    0.02842570975658161
1.5643617021276597    0.037690784237705416
1.5661702127659576    0.04730511716944129
1.5679787234042553    0.05699217788365617
1.5697872340425532    0.06657627298394116
1.571595744680851    0.07598538947739071
1.573404255319149    0.08523128324855066
1.5752127659574469    0.09436821769664579
1.5770212765957448    0.10343588070913022
1.5788297872340427    0.11239575112278992
1.5806382978723406    0.12107277618515451
1.5824468085106382    0.12911496976133652
1.5842553191489361    0.13598199597636462
1.586063829787234    0.14096988999732996
1.587872340425532    0.14327317543933876
1.5896808510638298    0.1420786238124883
1.5914893617021277    0.13667799700627697
1.5932978723404256    0.12658173040916493
1.5951063829787235    0.11161297267714224
1.5969148936170212    0.09196262805417238
1.5987234042553191    0.06819131934094086
1.600531914893617    0.0411729494302496
1.602340425531915    0.011985398731634775
1.6041489361702128    -0.01823518465396811
1.6059574468085107    -0.04845139361763912
1.6077659574468086    -0.07786350615198095
1.6095744680851065    -0.1060025541386242
1.6113829787234042    -0.13275733483951133
1.613191489361702    -0.15832779947688672
1.615    -0.18311249617899858
1.616808510638298    -0.2075523880602275
1.6186170212765958    -0.23196399705173446
1.6204255319148937    -0.2563986497665002
1.6222340425531916    -0.28056021354099114
1.6240425531914895    -0.30380157741944214
1.6258510638297874    -0.3252026722871867
1.627659574468085    -0.3437139745244897
1.629468085106383    -0.3583337775781852
1.6312765957446809    -0.3682791222598579
1.6330851063829788    -0.3731115977380902
1.6348936170212767    -0.3727902905084488
1.6367021276595746    -0.36764238463548127
1.6385106382978725    -0.3582626324965694
1.6403191489361704    -0.3453705347404622
1.642127659574468    -0.3296636321364811
1.643936170212766    -0.31170398196322013
1.6457446808510638    -0.2918629360446662
1.6475531914893617    -0.27033025504626484
1.6493617021276596    -0.24717324349124825
1.6511702127659575    -0.2224165000390158
1.6529787234042554    -0.1961081837774779
1.6547872340425533    -0.16834634404952592
1.656595744680851    -0.1392566846148277
1.658404255319149    -0.10893523120681087
1.6602127659574468    -0.0773877890072073
1.6620212765957447    -0.04450538132059487
1.6638297872340426    -0.01010684030912818
1.6656382978723405    0.02594272475701352
1.6674468085106384    0.06355938606587871
1.6692553191489363    0.10226397667270457
1.671063829787234    0.14106726701527836
1.672872340425532    0.1784765057055471
1.6746808510638298    0.21265483896951085
1.6764893617021277    0.2417205457097815
1.6782978723404256    0.26412499365179465
1.6801063829787235    0.2790126385622588
1.6819148936170214    0.28645702901055714
1.6837234042553193    0.28749023364177795
1.685531914893617    0.2838956286896763
1.6873404255319149    0.27780158981787373
1.6891489361702128    0.2711758136729585
1.6909574468085107    0.265356095654944
1.6927659574468086    0.26074969191169384
1.6945744680851065    0.2567884290292821
1.6963829787234044    0.25215275986490326
1.6981914893617023    0.24519775047083536
1.7    0.23445354777766803
1.7018085106382979    0.21905263149761073
1.7036170212765958    0.19896343350490586
1.7054255319148937    0.17497579246975564
1.7072340425531916    0.14846558139503752
1.7090425531914895    0.12103510604913748
1.7108510638297874    0.09415825137670591
1.7126595744680853    0.06894402047736145
1.714468085106383    0.04607605816043481
1.7162765957446808    0.02591148748931263
1.7180851063829787    0.008659506754056821
1.7198936170212766    -0.005466165498962302
1.7217021276595745    -0.016206258187735252
1.7235106382978724    -0.023352749149970632
1.7253191489361703    -0.026937982671221765
1.7271276595744682    -0.0274169976271535
1.728936170212766    -0.025733515317303862
1.7307446808510638    -0.02320001113567479
1.7325531914893617    -0.0211984545938107
1.7343617021276596    -0.020789836788984314
1.7361702127659575    -0.022372412169923375
1.7379787234042554    -0.02552607783538035
1.7397872340425533    -0.029120552726313823
1.7415957446808512    -0.03166914256359009
1.7434042553191489    -0.03181535965074833
1.7452127659574468    -0.028785177134647295
1.7470212765957447    -0.022646753498343136
1.7488297872340426    -0.014289931896539057
1.7506382978723405    -0.00514207368904189
1.7524468085106384    0.003267131450439952
1.7542553191489363    0.00972996365369277
1.7560638297872342    0.013628471684655549
1.7578723404255319    0.014972878765093426
1.7596808510638298    0.014233890924393136
1.7614893617021277    0.012069962127433992
1.7632978723404256    0.009077815520727573
1.7651063829787235    0.005663208255145453
1.7669148936170214    0.0020580420453881077
1.7687234042553193    -0.001564246492037286
1.7705319148936172    -0.004964784760102693
1.7723404255319148    -0.007788020904426236
1.7741489361702127    -0.009613797098943801
1.7759574468085106    -0.010080634414846367
1.7777659574468085    -0.009008114712178321
1.7795744680851064    -0.006450549003578351
1.7813829787234043    -0.002658996751070279
1.7831914893617022    0.002013206698429375
1.7850000000000001    0.007190988106056756
1.7868085106382978    0.012485337410002424
1.7886170212765957    0.01742493832974622
1.7904255319148936    0.02137614761044018
1.7922340425531915    0.02355267809963742
1.7940425531914894    0.023190478597722466
1.7958510638297873    0.019876152749814063
1.7976595744680852    0.013907972024248118
1.7994680851063831    0.006497798342067276
1.8012765957446808    -0.0003587173736665089
1.8030851063829787    -0.004396245958689146
1.8048936170212766    -0.0038518674824122795
1.8067021276595745    0.0017872090275197418
1.8085106382978724    0.01139136631166079
1.8103191489361703    0.02238105378395097
1.8121276595744682    0.03150730009351948
1.813936170212766    0.0359648733411717
1.8157446808510638    0.034410439694896856
1.8175531914893617    0.027462549974194124
1.8193617021276596    0.017455594640490388
1.8211702127659575    0.007530033533051785
1.8229787234042554    0.0004299782851718177
1.8247872340425533    -0.002487990172427074
1.8265957446808512    -0.0016216203835649036
1.828404255319149    0.0012690679560604127
1.8302127659574468    0.004006509245861247
1.8320212765957447    0.005042558983727105
1.8338297872340426    0.00412435617865142
1.8356382978723405    0.0022887767067494517
1.8374468085106384    0.001220224997245166
1.8392553191489363    0.002306384375516363
1.8410638297872342    0.005858039403747621
1.842872340425532    0.01086342641787482
1.8446808510638297    0.015378324088354073
1.8464893617021276    0.01734731190758214
1.8482978723404255    0.015459299938319189
1.8501063829787234    0.009648995020525637
1.8519148936170213    0.001048821447201781
1.8537234042553192    -0.008534317391402462
1.8555319148936171    -0.01733454825278366
1.857340425531915    -0.024201426557549068
1.859148936170213    -0.028815310003991554
1.8609574468085106    -0.031529378668412614
1.8627659574468085    -0.03300065591623336
1.8645744680851064    -0.03383514137584594
1.8663829787234043    -0.03440655673699765
1.8681914893617022    -0.034872552536546836
1.87    -0.03529619013499846
1.871808510638298    -0.03574894869104671
1.873617021276596    -0.036327968860669524
1.8754255319148936    -0.03711119055525332
1.8772340425531915    -0.03812890789717592
1.8790425531914894    -0.03941031735686437
1.8808510638297873    -0.041087514546655476
1.8826595744680852    -0.043468781996233566
1.884468085106383    -0.04698813199500075
1.886276595744681    -0.052013029933192845
1.8880851063829789    -0.058601084612436155
1.8898936170212766    -0.06636136591912514
1.8917021276595745    -0.074540340177843
1.8935106382978724    -0.08232426306963142
1.8953191489361703    -0.08920429766010915
1.8971276595744682    -0.09518563596795188
1.898936170212766    -0.10069359320857674
1.900744680851064    -0.10620861993938707
1.9025531914893619    -0.11184297810984217
1.9043617021276595    -0.11713459530899842
1.9061702127659574    -0.12122228287011089
1.9079787234042553    -0.1233332938061881
1.9097872340425532    -0.12329750903565356
1.9115957446808511    -0.12174599839524028
1.913404255319149    -0.11981128624364967
1.915212765957447    -0.11844510348018464
1.9170212765957448    -0.11773192298976734
1.9188297872340425    -0.11663242342447619
1.9206382978723404    -0.11338211558050404
1.9224468085106383    -0.10639835587527202
1.9242553191489362    -0.09522607853916909
1.9260638297872341    -0.08097944684082528
1.927872340425532    -0.06597821223375355
1.92968085106383    -0.05271400869737598
1.9314893617021278    -0.04266923592728146
1.9332978723404255    -0.03562130456965655
1.9351063829787234    -0.02982192246425097
1.9369148936170213    -0.022972003750824775
1.9387234042553192    -0.013478969199194703
1.940531914893617    -0.0013296964607713915
1.942340425531915    0.011874854394838675
1.944148936170213    0.023720975567382827
1.9459574468085108    0.03217538115224446
1.9477659574468085    0.03654112170304304
1.9495744680851064    0.0377072441552734
1.9513829787234043    0.03761961845132756
1.9531914893617022    0.03830117453252769
1.955    0.04094064722015652
1.956808510638298    0.04547268627346567
1.9586170212765959    0.05077766602432441
1.9604255319148938    0.055320085879564045
1.9622340425531914    0.05788013562453365
1.9640425531914893    0.05806381644654036
1.9658510638297872    0.05643698866254727
1.9676595744680851    0.05430226846207393
1.969468085106383    0.05324280310518082
1.971276595744681    0.05458546650268887
1.9730851063829788    0.05892986438563957
1.9748936170212767    0.06588257586583413
1.9767021276595744    0.07411581959574653
1.9785106382978723    0.08179352299907819
1.9803191489361702    0.08725928176329226
1.9821276595744681    0.08971508448868384
1.983936170212766    0.08954886548807339
1.985744680851064    0.08808487496993364
1.9875531914893618    0.08681905610409776
1.9893617021276597    0.086516836861953
1.9911702127659574    0.0866898653363454
1.9929787234042553    0.08580484125972848
1.9947872340425532    0.08216790348522679
1.996595744680851    0.07500381050151961
1.998404255319149    0.06508464656433449
2.0002127659574467    0.05449266395013333
2.0020212765957446    0.045613199946034966
2.0038297872340425    0.039936664083164805
2.0056382978723404    0.03738786307447438
2.0074468085106383    0.03658694426917307
2.009255319148936    0.03586339315478625
2.011063829787234    0.03436476184880659
2.012872340425532    0.032544001996775596
2.01468085106383    0.03172166598920753
2.016489361702128    0.033036040374475786
2.0182978723404257    0.036505070154431996
2.0201063829787236    0.04084862802666718
2.0219148936170215    0.04420337592976173
2.0237234042553194    0.045252405292903725
2.0255319148936173    0.04400511521722325
2.0273404255319147    0.041699766890167814
2.0291489361702126    0.039902769255133086
2.0309574468085105    0.03943098204526484
2.0327659574468084    0.0398417338356626
2.0345744680851063    0.03983412672748787
2.0363829787234042    0.038261853555783654
2.038191489361702    0.03502278440172513
2.04    0.03117312016892411
2.041808510638298    0.028161880406689543
2.043617021276596    0.02671355209607125
2.0454255319148937    0.026157023566586772
2.0472340425531916    0.02471054846081553
2.0490425531914895    0.020578698692203995
2.0508510638297874    0.013149278462659147
2.0526595744680853    0.0034908542018414687
2.0544680851063832    -0.006192150710852336
2.0562765957446807    -0.01380202007334292
2.0580851063829786    -0.01849213137537594
2.0598936170212765    -0.021002397076874756
2.0617021276595744    -0.02302409147494442
2.0635106382978723    -0.02606146128724616
2.06531914893617    -0.03054426866029998
2.067127659574468    -0.03571979664526469
2.068936170212766    -0.04030069358657144
2.070744680851064    -0.043360182615034965
2.072553191489362    -0.0448665931322825
2.0743617021276597    -0.045563756564450525
2.0761702127659576    -0.046375700689682484
2.0779787234042555    -0.047804186496560166
2.0797872340425534    -0.04971943206489443
2.0815957446808513    -0.05161186401827421
2.083404255319149    -0.05304489671134169
2.085212765957447    -0.05395696529699863
2.0870212765957445    -0.05463556350558364
2.0888297872340424    -0.05545772695574834
2.0906382978723403    -0.056642249561992014
2.0924468085106382    -0.05819344751112872
2.094255319148936    -0.06002057656411937
2.096063829787234    -0.06206974989167735
2.097872340425532    -0.06432378601121735
2.09968085106383    -0.06667544228304634
2.1014893617021277    -0.06881623825246244
2.1032978723404256    -0.07028204160356952
2.1051063829787235    -0.07065961316658351
2.1069148936170214    -0.06980759964231031
2.1087234042553193    -0.06791508760415746
2.1105319148936172    -0.0653408221711409
2.112340425531915    -0.062347835287859754
2.114148936170213    -0.05892941547052087
2.1159574468085105    -0.05484816734340121
2.1177659574468084    -0.04984523316706667
2.1195744680851063    -0.04385766571927692
2.121382978723404    -0.03709875436202499
2.123191489361702    -0.029979935860717996
2.125    -0.02296819584949679
2.126808510638298    -0.016484210054313747
2.128617021276596    -0.010862935094572045
2.1304255319148937    -0.006318771732655028
2.1322340425531916    -0.002870678247607077
2.1340425531914895    -0.00027609128943591535
2.1358510638297874    0.0019119378203392217
2.1376595744680853    0.004111022274407462
2.139468085106383    0.006412603768437819
2.141276595744681    0.00846215509572001
2.143085106382979    0.009692714295600986
2.1448936170212765    0.009829673164935975
2.1467021276595744    0.0093154394857064
2.1485106382978723    0.009265539743897221
2.15031914893617    0.010856197996677489
2.152127659574468    0.014485511989404072
2.153936170212766    0.019306962957971602
2.155744680851064    0.023558829561444228
2.1575531914893618    0.025574861981256636
2.1593617021276597    0.024834254007190387
2.1611702127659576    0.02230756479742304
2.1629787234042555    0.019806122580421068
2.1647872340425534    0.018751526788617696
2.1665957446808513    0.01922803381326576
2.168404255319149    0.02000685410380297
2.170212765957447    0.019535516335907395
2.172021276595745    0.017171267964521585
2.1738297872340424    0.013744438766462187
2.1756382978723403    0.011025258245408828
2.177446808510638    0.010480085599318272
2.179255319148936    0.012231213709758656
2.181063829787234    0.014980022995223621
2.182872340425532    0.016936024115206165
2.18468085106383    0.01705969360763862
2.1864893617021277    0.015724372009571705
2.1882978723404256    0.014364617018814849
2.1901063829787235    0.01443109817733643
2.1919148936170214    0.016439313699350123
2.1937234042553193    0.019754382149377178
2.195531914893617    0.02315700314308569
2.197340425531915    0.02567758109117354
2.199148936170213    0.027081621114334015
2.200957446808511    0.027759436371554938
2.2027659574468084    0.028262188475496164
2.2045744680851063    0.028928919394152403
2.206382978723404    0.02984860810714983
2.208191489361702    0.03103757314963905
2.21    0.03253909079280912
2.211808510638298    0.034308867232685
2.2136170212765958    0.036048328297246815
2.2154255319148937    0.03726378596978697
2.2172340425531916    0.037623049692349766
2.2190425531914895    0.03734047428159447
2.2208510638297874    0.03719491022771873
2.2226595744680853    0.03804512785887641
2.224468085106383    0.0401609321295333
2.226276595744681    0.04292334454128033
2.228085106382979    0.045204400836487774
2.229893617021277    0.046174538799200804
2.2317021276595743    0.045879848828239214
2.233510638297872    0.04507165604305485
2.23531914893617    0.0443913037104898
2.237127659574468    0.043604860127376466
2.238936170212766    0.041609193411295514
2.240744680851064    0.037308605340255305
2.2425531914893617    0.03067875132853541
2.2443617021276596    0.023073269691223294
2.2461702127659575    0.01637676836620399
2.2479787234042554    0.011569939253222812
2.2497872340425533    0.007852758618664902
2.251595744680851    0.003130503960979558
2.253404255319149    -0.004391068805497403
2.255212765957447    -0.014697948578522226
2.257021276595745    -0.025771524873264916
2.258829787234043    -0.034950431070659656
2.2606382978723403    -0.040856719583951116
2.262446808510638    -0.04439023183551557
2.264255319148936    -0.04797603814569961
2.266063829787234    -0.053610759775734616
2.267872340425532    -0.06121949145144375
2.2696808510638298    -0.06861912731271377
2.2714893617021277    -0.07313496024833369
2.2732978723404256    -0.07361762333622773
2.2751063829787235    -0.07129037039060854
2.2769148936170214    -0.06877567001235751
2.2787234042553193    -0.06807341631476266
2.280531914893617    -0.0690636438386261
2.282340425531915    -0.06966556901275661
2.284148936170213    -0.06747608526010807
2.285957446808511    -0.06158279519723425
2.2877659574468088    -0.053172322572903205
2.2895744680851062    -0.044547157769308635
2.291382978723404    -0.03740056958920475
2.293191489361702    -0.03170675405509457
2.295    -0.026013779268017102
2.296808510638298    -0.01879351101025655
2.2986170212765957    -0.009723482494635498
2.3004255319148936    7.490545317746615e-05
2.3022340425531915    0.008932646466732216
2.3040425531914894    0.0158820501563377
2.3058510638297873    0.021285685096126633
2.3076595744680852    0.026440084580566847
2.309468085106383    0.03255805650309502
2.311276595744681    0.03994041829071849
2.313085106382979    0.04789619979371779
2.314893617021277    0.055341332013270746
2.3167021276595747    0.061529791933731516
2.3185106382978726    0.0663812481460252
2.32031914893617    0.07027309420547131
2.322127659574468    0.07358412338852766
2.323936170212766    0.07639031323267789
2.325744680851064    0.07849649909828371
2.3275531914893617    0.07967941608665469
2.3293617021276596    0.07988038998421187
2.3311702127659575    0.07919343217055355
2.3329787234042554    0.07770874022824503
2.3347872340425533    0.07539452263743512
2.336595744680851    0.07214379445727245
2.338404255319149    0.06794977310240397
2.340212765957447    0.06305112346664449
2.342021276595745    0.057902585720858324
2.343829787234043    0.05295870904809097
2.3456382978723407    0.04840542213839502
2.3474468085106386    0.044029433571084436
2.349255319148936    0.03933760252715862
2.351063829787234    0.033873181817731995
2.352872340425532    0.027529484052694203
2.3546808510638297    0.02063994995804804
2.3564893617021276    0.013761436008450353
2.3582978723404255    0.007287520284285216
2.3601063829787234    0.0011736974837955362
2.3619148936170213    -0.005002604318096242
2.3637234042553192    -0.011672211091419641
2.365531914893617    -0.01887708677223623
2.367340425531915    -0.026175205504604334
2.369148936170213    -0.03294261631730086
2.370957446808511    -0.03882502202762719
2.3727659574468087    -0.04393738501745384
2.3745744680851066    -0.04861173844657274
2.3763829787234045    -0.05290750566757396
2.378191489361702    -0.05635995421150419
2.38    -0.058277658143967695
2.381808510638298    -0.05840364748602751
2.3836170212765957    -0.05735534450728176
2.3854255319148936    -0.05635715393702115
2.3872340425531915    -0.05636375624275444
2.3890425531914894    -0.05726483039885573
2.3908510638297873    -0.05790659480476393
2.392659574468085    -0.05703837086267151
2.394468085106383    -0.054475697787627064
2.396276595744681    -0.05148405385663721
2.398085106382979    -0.04995191388138889
2.399893617021277    -0.050928119602934155
2.4017021276595747    -0.05369975556114867
2.4035106382978726    -0.05622082143108084
2.4053191489361705    -0.0566160311511434
2.407127659574468    -0.05457289425847661
2.408936170212766    -0.05149153770821509
2.4107446808510637    -0.04927390385215946
2.4125531914893616    -0.04876196500139855
2.4143617021276595    -0.04911645314978595
2.4161702127659574    -0.048616344482434654
2.4179787234042553    -0.04615121372049889
2.4197872340425532    -0.04211501354406087
2.421595744680851    -0.03796822739903152
2.423404255319149    -0.034911250387359746
2.425212765957447    -0.03286744842240044
2.427021276595745    -0.030657451873206912
2.4288297872340427    -0.027161763428405365
2.4306382978723406    -0.022394678637805428
2.4324468085106385    -0.017520104602069188
2.4342553191489364    -0.01381055591487082
2.436063829787234    -0.011498636411234133
2.437872340425532    -0.009549470861047037
2.4396808510638297    -0.006542047459828622
2.4414893617021276    -0.0018594162129771802
2.4432978723404255    0.0038632033978396427
2.4451063829787234    0.009393795310017734
2.4469148936170213    0.014034665865495555
2.448723404255319    0.018201358376310064
2.450531914893617    0.022947124095032776
2.452340425531915    0.028887127656165894
2.454148936170213    0.035505043236493686
2.455957446808511    0.04147464328781432
2.4577659574468087    0.045735305160364836
2.4595744680851066    0.0484138885847514
2.4613829787234045    0.050825039787398066
2.4631914893617024    0.05454949895375687
2.465    0.060314547019955395
2.4668085106382978    0.06750264065656575
2.4686170212765957    0.07457447579429483
2.4704255319148936    0.08000457817888715
2.4722340425531915    0.08303348212024347
2.4740425531914894    0.08379514894030038
2.4758510638297873    0.08289363569809999
2.477659574468085    0.08085508562903601
2.479468085106383    0.07785859285002347
2.481276595744681    0.07385807503806624
2.483085106382979    0.06890919696611139
2.4848936170212768    0.06340447949390984
2.4867021276595747    0.05802125263600377
2.4885106382978726    0.053402521955412605
2.4903191489361705    0.04978582058482757
2.4921276595744684    0.04685580468860788
2.493936170212766    0.043967646724970486
2.4957446808510637    0.04062283411934636
2.4975531914893616    0.03685251556269491
2.4993617021276595    0.033180382639857134
2.5011702127659574    0.030147108467660153
2.5029787234042553    0.027768203484263503
2.504787234042553    0.025416367617914125
2.506595744680851    0.022294559002166578
2.508404255319149    0.018123363761906854
2.510212765957447    0.01339818284590176
2.512021276595745    0.008895787427453367
2.5138297872340427    0.0048108369275610356
2.5156382978723406    0.00034765185861821216
2.5174468085106385    -0.005709081982023773
2.5192553191489364    -0.013799007896433652
2.5210638297872343    -0.02280552960044841
2.5228723404255318    -0.030520931747396875
2.5246808510638297    -0.03515351859181715
2.5264893617021276    -0.03668621050737906
2.5282978723404255    -0.03689383399455388
2.5301063829787234    -0.037916711311279806
2.5319148936170213    -0.04056128190823904
2.533723404255319    -0.04379463321261886
2.535531914893617    -0.045882185034192675
2.537340425531915    -0.04614830295931276
2.539148936170213    -0.04574775386829417
2.5409574468085108    -0.046702056365942594
2.5427659574468087    -0.05003276269623232
2.5445744680851066    -0.054681332684436736
2.5463829787234045    -0.05823348735627793
2.5481914893617024    -0.0588497440965754
2.5500000000000003    -0.05671183865169566
2.551808510638298    -0.053731691078128856
2.5536170212765956    -0.051838143576707636
2.5554255319148935    -0.05141582482642582
2.5572340425531914    -0.051270502866355504
2.5590425531914893    -0.05004533901135385
2.560851063829787    -0.047677513865158165
2.562659574468085    -0.04550197716086945
2.564468085106383    -0.04493306811186052
2.566276595744681    -0.046016554051886434
2.568085106382979    -0.04726023124228899
2.5698936170212767    -0.046929013340028865
2.5717021276595746    -0.044599779222761364
2.5735106382978725    -0.04152322675353735
2.5753191489361704    -0.03945352121264898
2.5771276595744683    -0.03902364857889964
2.578936170212766    -0.03914622441839954
2.580744680851064    -0.03796083386969113
2.5825531914893616    -0.03444882428412157
2.5843617021276595    -0.029283530913028773
2.5861702127659574    -0.02423464473887122
2.5879787234042553    -0.02074671955863161
2.589787234042553    -0.018959978743544804
2.591595744680851    -0.017912672850421994
2.593404255319149    -0.01654441743176379
2.595212765957447    -0.014480505390433177
2.5970212765957448    -0.011947633020613968
2.5988297872340427    -0.009096740744999346
2.6006382978723406    -0.005559990063281716
2.6024468085106385    -0.0007553130370079094
2.6042553191489364    0.005355035700868026
2.6060638297872343    0.011833302239878203
2.607872340425532    0.017159233397781457
2.60968085106383    0.020189430530073403
2.6114893617021275    0.020916277441510124
2.6132978723404254    0.0204342440710662
2.6151063829787233    0.020173928677389423
2.6169148936170212    0.021002790688442463
2.618723404255319    0.022802993508098994
2.620531914893617    0.02470619478684486
2.622340425531915    0.025706391054372953
2.624148936170213    0.025215126369805455
2.6259574468085107    0.023277828699647375
2.6277659574468086    0.020426529001011544
2.6295744680851065    0.017322391066976847
2.6313829787234044    0.014404279281525455
2.6331914893617023    0.01173723061094755
2.6350000000000002    0.009148703449874413
2.636808510638298    0.00655415582115686
2.638617021276596    0.00420381522080907
2.6404255319148935    0.002596376085049681
2.6422340425531914    0.00206464907900391
2.6440425531914893    0.0023631882773216513
2.645851063829787    0.0026661590563320436
2.647659574468085    0.0020753309068370475
2.649468085106383    0.0002721622142311006
2.651276595744681    -0.0022406188895785
2.653085106382979    -0.004548019820156296
2.6548936170212767    -0.006050414940024545
2.6567021276595746    -0.006875072817878608
2.6585106382978725    -0.007612875469052165
2.6603191489361704    -0.008643615937636078
2.6621276595744683    -0.00970049307215697
2.663936170212766    -0.010099899978522
2.665744680851064    -0.00942918769868597
2.667553191489362    -0.008042869438624966
2.6693617021276594    -0.006888148061005305
2.6711702127659573    -0.006798972651729136
2.6729787234042552    -0.007876057851744923
2.674787234042553    -0.009468547962307991
2.676595744680851    -0.010714657024894568
2.678404255319149    -0.011127614956313998
2.680212765957447    -0.010752212876087127
2.6820212765957447    -0.009873465867085669
2.6838297872340426    -0.008656128109904473
2.6856382978723405    -0.007067418525770062
2.6874468085106384    -0.005076097960548033
2.6892553191489363    -0.0028358408424691006
2.6910638297872342    -0.000628781989686637
2.692872340425532    0.0013541880347892133
2.69468085106383    0.003139017532449772
2.696489361702128    0.004868878878820646
2.6982978723404254    0.006613554113150742
2.7001063829787233    0.008313415577742955
2.701914893617021    0.009902995032032218
2.703723404255319    0.01142849603086631
2.705531914893617    0.01297351822038638
2.707340425531915    0.014448404261405371
2.709148936170213    0.015500453236173224
2.7109574468085107    0.015709930853173074
2.7127659574468086    0.014924097285991391
2.7145744680851065    0.013391289083859507
2.7163829787234044    0.011527533213820659
2.7181914893617023    0.009529752704667528
2.72    0.007239116787928539
2.721808510638298    0.004427047570128174
2.723617021276596    0.0012377272764299875
2.725425531914894    -0.001670755164120736
2.7272340425531914    -0.0034687382754648214
2.7290425531914893    -0.003683796789797932
2.730851063829787    -0.0024278463857505205
2.732659574468085    -0.00013742679108263251
2.734468085106383    0.002868523590655853
2.736276595744681    0.0065445947570597785
2.7380851063829788    0.010856398464785337
2.7398936170212767    0.01544800726468251
2.7417021276595746    0.019687992268174553
2.7435106382978725    0.023132409282549803
2.7453191489361704    0.025946040048478718
2.7471276595744683    0.02878760414732221
2.748936170212766    0.03217595692044771
2.750744680851064    0.035911480357259024
2.752553191489362    0.039138623348137516
2.75436170212766    0.04104209028966917
2.7561702127659573    0.04153950618438301
2.757978723404255    0.04130895554825163
2.759787234042553    0.04112454985913877
2.761595744680851    0.04115120794850877
2.763404255319149    0.04088943181981379
2.765212765957447    0.039808091379769844
2.7670212765957447    0.03800546277876554
2.7688297872340426    0.03620371230108352
2.7706382978723405    0.03505795189090097
2.7724468085106384    0.034471846196598974
2.7742553191489363    0.03363007649234309
2.776063829787234    0.03174684043255209
2.777872340425532    0.02879775304420526
2.77968085106383    0.025499482784887124
2.781489361702128    0.022552164821693498
2.783297872340426    0.019917910672258676
2.7851063829787237    0.01689634941565321
2.786914893617021    0.012958984414176766
2.788723404255319    0.00850687846100998
2.790531914893617    0.004738897446747187
2.792340425531915    0.002676102316247375
2.7941489361702128    0.002248231558143525
2.7959574468085107    0.002339474931787585
2.7977659574468086    0.001783535670991418
2.7995744680851065    0.00036626015513461846
2.8013829787234044    -0.001131051608498271
2.8031914893617023    -0.001878734687843748
2.805    -0.001978281793271639
2.806808510638298    -0.0024655538256986944
2.808617021276596    -0.004297680404300966
2.810425531914894    -0.00732788432093617
2.8122340425531918    -0.010335237587909833
2.8140425531914897    -0.012150126756757348
2.815851063829787    -0.012792489548369652
2.817659574468085    -0.013457403798753206
2.819468085106383    -0.015283623964792659
2.821276595744681    -0.01807734088985853
2.8230851063829787    -0.02029297739233065
2.8248936170212766    -0.020397849620406784
2.8267021276595745    -0.018369039238619003
2.8285106382978724    -0.015853372822189286
2.8303191489361703    -0.014744790241394065
2.832127659574468    -0.015462472805920682
2.833936170212766    -0.01655956459504413
2.835744680851064    -0.01607077509295366
2.837553191489362    -0.013355702398707238
2.83936170212766    -0.009705481287721224
2.8411702127659577    -0.007149544762286034
2.8429787234042556    -0.006615656192420856
2.844787234042553    -0.007200898078945934
2.846595744680851    -0.007215840029913876
2.848404255319149    -0.005938852167635041
2.8502127659574468    -0.004349504636929609
2.8520212765957447    -0.00414386413612584
2.8538297872340426    -0.006036381278600848
2.8556382978723405    -0.00903740417544174
2.8574468085106384    -0.011399896620905747
2.8592553191489363    -0.01226677125184503
2.861063829787234    -0.012385135928070903
2.862872340425532    -0.013228703937722894
2.86468085106383    -0.015472922630374857
2.866489361702128    -0.018372932720017762
2.8682978723404258    -0.02061540897505855
2.8701063829787237    -0.02168676530419234
2.8719148936170216    -0.022301420300661776
2.873723404255319    -0.023460797372482037
2.875531914893617    -0.025176941029910666
2.877340425531915    -0.026257872510812172
2.8791489361702127    -0.02543250704973187
2.8809574468085106    -0.022662985424721845
2.8827659574468085    -0.019258130004815723
2.8845744680851064    -0.016627815036570508
2.8863829787234043    -0.014937400009089594
2.8881914893617022    -0.013047190822330471
2.89    -0.009803055341875928
2.891808510638298    -0.0053402058011630255
2.893617021276596    -0.0010387323736616126
2.895425531914894    0.0018326664498666202
2.8972340425531917    0.0033737239851425595
2.8990425531914896    0.004886240533524721
2.9008510638297875    0.00743749033560377
2.902659574468085    0.01064879555109703
2.904468085106383    0.01300391201632845
2.906276595744681    0.013407607335581962
2.9080851063829787    0.012400508210082746
2.9098936170212766    0.011735539431301152
2.9117021276595745    0.012671788967793552
2.9135106382978724    0.014673163422000113
2.9153191489361703    0.015842431122488773
2.917127659574468    0.014711135509958468
2.918936170212766    0.011652347470643424
2.920744680851064    0.008544214786884746
2.922553191489362    0.007026435295668284
2.92436170212766    0.007051806309674542
2.9261702127659577    0.007106908836774872
2.9279787234042556    0.005818668258559395
2.9297872340425535    0.0033358280317901095
2.931595744680851    0.001161588578878276
2.933404255319149    0.0006734283573375274
2.9352127659574467    0.0018243139723992633
2.9370212765957446    0.0032651245015990486
2.9388297872340425    0.003684258322151575
2.9406382978723404    0.002995264191519796
2.9424468085106383    0.002236665393695426
2.9442553191489362    0.00237488478523921
2.946063829787234    0.003266207958060163
2.947872340425532    0.0038115592283769497
2.94968085106383    0.0031128988966049004
2.951489361702128    0.0014560081502750515
2.9532978723404257    0.00014469026123274296
2.9551063829787236    0.0003465338967550732
2.9569148936170215    0.002048772692686003
2.9587234042553194    0.0040847033321955994
2.960531914893617    0.005165717924214818
2.962340425531915    0.0049478580841265316
2.9641489361702127    0.0041994467666003985
2.9659574468085106    0.0040104600584354826
2.9677659574468085    0.004832523460178871
2.9695744680851064    0.006200027529765973
2.9713829787234043    0.007282388092658921
2.973191489361702    0.007665119858236116
2.975    0.0076349010565371495
2.976808510638298    0.0077888090972284395
2.978617021276596    0.008427240314139455
2.980425531914894    0.009326608406171789
2.9822340425531917    0.010051604165108174
2.9840425531914896    0.010428369412592729
2.9858510638297875    0.010682506210592394
2.9876595744680854    0.011126684128541389
2.989468085106383    0.011751374636037747
2.9912765957446807    0.01215716603415195
2.9930851063829786    0.011899662637872873
2.9948936170212765    0.010886243546272005
2.9967021276595744    0.009412943433778792
2.9985106382978723    0.007809517620222408
3.0003191489361702    0.006075170382628706
3.002127659574468    0.003899431207926851
3.003936170212766    0.0010507944108302612
3.005744680851064    -0.002290189524108836
3.007553191489362    -0.005635220892543426
3.0093617021276597    -0.008643789836604899
3.0111702127659576    -0.01143752130223059
3.0129787234042555    -0.014392794461040158
3.0147872340425534    -0.017584368554449836
3.0165957446808513    -0.020476613328267577
3.0184042553191492    -0.02226918219410199
3.0202127659574467    -0.022639658056292762
3.0220212765957446    -0.02215657826572332
3.0238297872340425    -0.021887936788340896
3.0256382978723404    -0.02250719303109308
3.0274468085106383    -0.02373244916457337
3.029255319148936    -0.024652677794940833
3.031063829787234    -0.02463664457510619
3.032872340425532    -0.02393422426235744
3.03468085106383    -0.023373638768960564
3.036489361702128    -0.023459256792321415
3.0382978723404257    -0.02378186670734335
3.0401063829787236    -0.023347257104799533
3.0419148936170215    -0.021511715906698183
3.0437234042553194    -0.018608670493081333
3.0455319148936173    -0.015663421928581577
3.047340425531915    -0.013494168005098232
3.0491489361702127    -0.012073406767481535
3.0509574468085106    -0.010716418895212285
3.0527659574468085    -0.008825168394256334
3.0545744680851064    -0.006413836998412815
3.0563829787234043    -0.0039503740098157485
3.058191489361702    -0.0017861996120509642
3.06    0.00017609279013144278
3.061808510638298    0.002262544096561678
3.063617021276596    0.004568042876381116
3.0654255319148938    0.006795070756946756
3.0672340425531917    0.008545831031979718
3.0690425531914896    0.00970201874970408
3.0708510638297875    0.010458482360404607
3.0726595744680854    0.011009158289102643
3.0744680851063833    0.011292903371062393
3.076276595744681    0.011114961587130632
3.0780851063829786    0.010483597027901328
3.0798936170212765    0.009713695627974448
3.0817021276595744    0.009110871347055922
3.0835106382978723    0.008576401637165294
3.08531914893617    0.0076411476888579785
3.087127659574468    0.0059981372941946415
3.088936170212766    0.004007150108490122
3.090744680851064    0.002571293599347617
3.092553191489362    0.002387432364083071
3.0943617021276597    0.0032560786046915823
3.0961702127659576    0.004162848643387271
3.0979787234042555    0.004125716897118364
3.0997872340425534    0.0030390096182362283
3.1015957446808513    0.0017190495781588544
3.103404255319149    0.0011172264883532214
3.105212765957447    0.0014615345552478802
3.1070212765957446    0.0021267251055892868
3.1088297872340425    0.002294439296419172
3.1106382978723404    0.0017071753819692904
3.1124468085106383    0.0007949400019859731
3.114255319148936    0.00014123082968271609
3.116063829787234    -8.50697079893868e-05
3.117872340425532    -0.0001444579771280564
3.11968085106383    -0.00025044703772770605
3.1214893617021278    -0.000201120162406199
3.1232978723404257    0.0004307193585151803
3.1251063829787236    0.0017500183241848971
3.1269148936170215    0.0032671445945069368
3.1287234042553194    0.004263862778278345
3.1305319148936173    0.004470869845036061
3.132340425531915    0.004361388441505527
3.134148936170213    0.0047271925718905695
3.1359574468085105    0.005932065266471286
3.1377659574468084    0.007574374640568421
3.1395744680851063    0.008880107256193778
3.141382978723404    0.009413722335361559
3.143191489361702    0.009394862157486352
3.145    0.009343573756934063
3.146808510638298    0.009477435566671447
3.148617021276596    0.009514996033998564
3.1504255319148937    0.00907333175531617
3.1522340425531916    0.008195870812213303
3.1540425531914895    0.007409641302096585
3.1558510638297874    0.007228495765027364
3.1576595744680853    0.007625859779192959
3.159468085106383    0.008039201021707982
3.161276595744681    0.007898166555217613
3.163085106382979    0.007110200301972524
3.1648936170212765    0.006000159520688811
3.1667021276595744    0.004814531079263764
3.1685106382978723    0.0033874659968055904
3.17031914893617    0.0013773890774961862
3.172127659574468    -0.0011847193109459078
3.173936170212766    -0.0036969676904641943
3.175744680851064    -0.005457503338574699
3.1775531914893618    -0.006373439650130695
3.1793617021276597    -0.007138731769706356
3.1811702127659576    -0.008605582647718438
3.1829787234042555    -0.010923403182888088
3.1847872340425534    -0.013322466376151892
3.1865957446808513    -0.014807751230268982
3.188404255319149    -0.015097475366930974
3.190212765957447    -0.01485909727972438
3.192021276595745    -0.014987990729207683
3.1938297872340424    -0.015652625278250596
3.1956382978723403    -0.01608676706972657
3.1974468085106382    -0.015362804521789047
3.199255319148936    -0.013381682179427805
3.201063829787234    -0.011080879593205872
3.202872340425532    -0.009631187055932185
3.20468085106383    -0.00938792055144656
3.2064893617021277    -0.00959211903630023
3.2082978723404256    -0.009079693039273463
3.2101063829787235    -0.007308453740284642
3.2119148936170214    -0.0047729379632545955
3.2137234042553193    -0.002513497575838618
3.2155319148936172    -0.0012557787528266109
3.217340425531915    -0.0009503350910080666
3.219148936170213    -0.000996884834829518
3.220957446808511    -0.0008027226382504103
3.2227659574468084    -0.00014515130947283532
3.2245744680851063    0.0008638010824585891
3.226382978723404    0.002014535321964441
3.228191489361702    0.0031654743611565506
3.23    0.004266964930229766
3.231808510638298    0.005342157598467519
3.233617021276596    0.006483464236179775
3.2354255319148937    0.007807892387375403
3.2372340425531916    0.009331716423306755
3.2390425531914895    0.010863090308080435
3.2408510638297874    0.012062473240886329
3.2426595744680853    0.01267111399620464
3.244468085106383    0.012709535644035947
3.246276595744681    0.012445785031824419
3.248085106382979    0.012157119854018385
3.249893617021277    0.011918277338664018
3.251702127659575    0.01160925958378507
3.2535106382978722    0.01109439842917332
3.25531914893617    0.010358737884611051
3.257127659574468    0.009475431432856167
3.258936170212766    0.008493710537260571
3.260744680851064    0.007413849924845364
3.2625531914893617    0.0062719691968834285
3.2643617021276596    0.005191448555643423
3.2661702127659575    0.004292729052613239
3.2679787234042554    0.0035514221575019406
3.2697872340425533    0.002796562127234255
3.2715957446808512    0.0018922642112842942
3.273404255319149    0.00090939098175986
3.275212765957447    6.817545489649565e-05
3.277021276595745    -0.0005168374580643031
3.278829787234043    -0.0010092027450389158
3.2806382978723407    -0.0017213326651810633
3.282446808510638    -0.002797083536587475
3.284255319148936    -0.00405058447080449
3.286063829787234    -0.005150740366588883
3.287872340425532    -0.005953304359654561
3.28968085106383    -0.006603808150291279
3.2914893617021277    -0.007289978846351729
3.2932978723404256    -0.007937619965061602
3.2951063829787235    -0.008235956529301406
3.2969148936170214    -0.008011100587662615
3.2987234042553193    -0.007536827824653642
3.300531914893617    -0.007384560760021841
3.302340425531915    -0.00790005128009019
3.304148936170213    -0.00883758714663537
3.305957446808511    -0.009572472694544419
3.307765957446809    -0.009722672226405318
3.3095744680851067    -0.009555583242583125
3.311382978723404    -0.009741796825136631
3.313191489361702    -0.010680578203575397
3.315    -0.012077093118930281
3.316808510638298    -0.01321182728713157
3.3186170212765957    -0.013642103053652098
3.3204255319148936    -0.013633944637758496
3.3222340425531915    -0.013895093452655204
3.3240425531914894    -0.014884189322291222
3.3258510638297873    -0.016385527934394073
3.3276595744680852    -0.017751930145601585
3.329468085106383    -0.01854163668381348
3.331276595744681    -0.01890280377174485
3.333085106382979    -0.019348506014007505
3.334893617021277    -0.020190372325049576
3.3367021276595747    -0.021215155067652813
3.3385106382978726    -0.02190083689116823
3.34031914893617    -0.02190939261474352
3.342127659574468    -0.021344778641667908
3.343936170212766    -0.02055222340898638
3.345744680851064    -0.019721035582779753
3.3475531914893617    -0.01872311695300944
3.3493617021276596    -0.017324890931197726
3.3511702127659575    -0.015499433398927821
3.3529787234042554    -0.013484247440602355
3.3547872340425533    -0.011541448902762937
3.356595744680851    -0.009713303447866327
3.358404255319149    -0.007850100600119737
3.360212765957447    -0.005852832039627167
3.362021276595745    -0.0038181090519229625
3.363829787234043    -0.0019003899616758125
3.3656382978723407    -6.907536529906274e-05
3.3674468085106386    0.00190377022179068
3.369255319148936    0.004153525089302574
3.371063829787234    0.0064595698981629365
3.372872340425532    0.008381405352231367
3.3746808510638298    0.00973845204634648
3.3764893617021277    0.010926363559275776
3.3782978723404256    0.01264181340321617
3.3801063829787235    0.01519855654235773
3.3819148936170214    0.018125673837229926
3.3837234042553193    0.020532899246486838
3.385531914893617    0.021940586477142816
3.387340425531915    0.022725190595860853
3.389148936170213    0.02367342810593759
3.390957446808511    0.025079505723755162
3.3927659574468088    0.02636039874365835
3.3945744680851067    0.02666040248138056
3.3963829787234046    0.025844354117123734
3.398191489361702    0.024795081829203112
3.4    0.024620774305476448
3.401808510638298    0.025554158807332923
3.4036170212765957    0.026710358865912075
3.4054255319148936    0.026993623933308925
3.4072340425531915    0.026214193806084904
3.4090425531914894    0.025236247270245316
3.4108510638297873    0.025017896999635254
3.412659574468085    0.025602272420258802
3.414468085106383    0.026151835309447542
3.416276595744681    0.025942404901679407
3.418085106382979    0.02516185743420738
3.419893617021277    0.024601674025014633
3.4217021276595747    0.024616901013886965
3.4235106382978726    0.02459101538587622
3.4253191489361705    0.02357154659865325
3.427127659574468    0.02137275175320367
3.428936170212766    0.01885385352703712
3.4307446808510638    0.016993517623227393
3.4325531914893617    0.015782624238464722
3.4343617021276596    0.014224926074965956
3.4361702127659575    0.011504074813363931
3.4379787234042554    0.008014692594087623
3.4397872340425533    0.005043776418406405
3.441595744680851    0.003389966201228606
3.443404255319149    0.0024483392080378308
3.445212765957447    0.0008286688425279882
3.447021276595745    -0.0021226953410588174
3.4488297872340428    -0.005568588581661597
3.4506382978723407    -0.008049559446006644
3.4524468085106386    -0.009036611343865906
3.4542553191489365    -0.009462701263120895
3.456063829787234    -0.01066025588093457
3.457872340425532    -0.012902633831755281
3.4596808510638297    -0.015169629572221009
3.4614893617021276    -0.016362680317905075
3.4632978723404255    -0.016566080669100237
3.4651063829787234    -0.0169251706663259
3.4669148936170213    -0.01830376456440702
3.468723404255319    -0.020272025751780894
3.470531914893617    -0.021587371869738442
3.472340425531915    -0.02162107170014864
3.474148936170213    -0.021106010313887515
3.475957446808511    -0.021355008648726817
3.4777659574468087    -0.022829197475676875
3.4795744680851066    -0.02465365918577484
3.4813829787234045    -0.025588789919277988
3.4831914893617024    -0.025333778814685792
3.4850000000000003    -0.024714298379859737
3.4868085106382978    -0.024617104117121542
3.4886170212765957    -0.02494650527383984
3.4904255319148936    -0.02478780515560853
3.4922340425531915    -0.023526564246509243
3.4940425531914894    -0.02158056051854383
3.4958510638297873    -0.01989950381608422
3.497659574468085    -0.018853169261783133
3.499468085106383    -0.01783238875724419
3.501276595744681    -0.01602215371111205
3.503085106382979    -0.013411718485458697
3.5048936170212768    -0.01083119579775331
3.5067021276595747    -0.00896747807184934
3.5085106382978726    -0.007536099945381375
3.5103191489361705    -0.005616210434332339
3.5121276595744684    -0.0027777810524915927
3.5139361702127663    0.00033674088363297655
3.5157446808510637    0.0027081934646236445
3.5175531914893616    0.004142206615119765
3.5193617021276595    0.005558820530892785
3.5211702127659574    0.007960741098983351
3.5229787234042553    0.0112110529301913
3.5247872340425532    0.014040820749400587
3.526595744680851    0.01535884849374833
3.528404255319149    0.015446302310186557
3.530212765957447    0.01569213739273395
3.532021276595745    0.017122429332870955
3.5338297872340427    0.01932330979803644
3.5356382978723406    0.020931646804948127
3.5374468085106385    0.021130608266871416
3.5392553191489364    0.02048151557575631
3.5410638297872343    0.020189610464041642
3.5428723404255322    0.020673414676330326
3.5446808510638297    0.021083753292292486
3.5464893617021276    0.0203229700935562
3.5482978723404255    0.01839188178555244
3.5501063829787234    0.016502728444563748
3.5519148936170213    0.015794112843544483
3.553723404255319    0.016088495137093713
3.555531914893617    0.016112263733802284
3.557340425531915    0.014953009547215818
3.559148936170213    0.013112013317787719
3.560957446808511    0.011942131003064162
3.5627659574468087    0.01208134410562883
3.5645744680851066    0.012652336244858297
3.5663829787234045    0.012167454389919643
3.5681914893617024    0.010164196142330034
3.5700000000000003    0.007749209745752848
3.571808510638298    0.006422931627780832
3.5736170212765956    0.006472639093076903
3.5754255319148935    0.006709775519332455
3.5772340425531914    0.005828619318669712
3.5790425531914893    0.0038538347179697553
3.5808510638297872    0.0020591841083563156
3.582659574468085    0.001475228123356917
3.584468085106383    0.0016989102439755443
3.586276595744681    0.001365269873324343
3.588085106382979    -0.00026063003407480415
3.5898936170212767    -0.002402215287482923
3.5917021276595746    -0.0036303979514999054
3.5935106382978725    -0.0035021863678132434
3.5953191489361704    -0.003104647646937136
3.5971276595744683    -0.0038532928055289503
3.5989361702127662    -0.005882147518758315
3.600744680851064    -0.00785396515179402
3.6025531914893616    -0.008433392644701467
3.6043617021276595    -0.007783345394881
3.6061702127659574    -0.007399572967642097
3.6079787234042553    -0.008455546354425447
3.609787234042553    -0.010500885739151053
3.611595744680851    -0.011959593982734504
3.613404255319149    -0.011861971621236951
3.615212765957447    -0.010883775026994289
