0.0    0.0
0.0018085106382978724    0.0
0.003617021276595745    0.0
0.005425531914893617    0.0
0.00723404255319149    0.0
0.009042553191489363    0.0
0.010851063829787235    0.0
0.012659574468085107    0.0
0.01446808510638298    0.0
0.016276595744680853    0.0
0.018085106382978725    0.0
0.019893617021276597    0.0
0.02170212765957447    0.0
0.023510638297872342    0.0
0.025319148936170214    0.0
0.027127659574468086    0.0
0.02893617021276596    0.0
0.03074468085106383    0.0
0.032553191489361706    0.0
0.03436170212765958    0.0
0.03617021276595745    0.0
0.03797872340425532    0.0
0.039787234042553195    0.0
0.04159574468085107    0.0
0.04340425531914894    0.0
0.04521276595744681    0.0
0.047021276595744683    0.0
0.048829787234042556    0.0
0.05063829787234043    0.0
0.0524468085106383    0.0
0.05425531914893617    0.0
0.056063829787234044    0.0
0.05787234042553192    0.0
0.05968085106382979    0.0
0.06148936170212766    0.0
0.06329787234042554    0.0
0.06510638297872341    0.0
0.06691489361702128    0.0
0.06872340425531916    0.0
0.07053191489361703    0.0
0.0723404255319149    0.0
0.07414893617021277    0.0
0.07595744680851065    0.0
0.07776595744680852    0.0
0.07957446808510639    0.0
0.08138297872340426    0.0
0.08319148936170213    0.0
0.085    0.0
0.08680851063829788    0.0
0.08861702127659575    0.0
0.09042553191489362    0.0
0.0922340425531915    0.0
0.09404255319148937    0.0
0.09585106382978724    0.0
0.09765957446808511    0.0
0.09946808510638298    0.0
0.10127659574468086    0.0
0.10308510638297873    0.0
0.1048936170212766    0.0
0.10670212765957447    0.0
0.10851063829787234    0.0
0.11031914893617022    0.0
0.11212765957446809    0.0
0.11393617021276596    0.0
0.11574468085106383    0.0
0.1175531914893617    0.0
0.11936170212765958    0.0
0.12117021276595745    0.0
0.12297872340425532    0.0
0.1247872340425532    0.0
0.12659574468085108    0.0
0.12840425531914895    0.0
0.13021276595744682    0.0
0.1320212765957447    0.0
0.13382978723404257    0.0
0.13563829787234044    0.0
0.1374468085106383    0.0
0.13925531914893619    0.0
0.14106382978723406    0.0
0.14287234042553193    0.0
0.1446808510638298    0.0
0.14648936170212767    0.0
0.14829787234042555    0.0
0.15010638297872342    0.0
0.1519148936170213    0.0
0.15372340425531916    0.0
0.15553191489361703    0.0
0.1573404255319149    0.0
0.15914893617021278    0.0
0.16095744680851065    0.0
0.16276595744680852    0.0
0.1645744680851064    0.0
0.16638297872340427    0.0
0.16819148936170214    0.0
0.17    0.0
0.17180851063829788    0.0
0.17361702127659576    0.0
0.17542553191489363    0.0
0.1772340425531915    0.0
0.17904255319148937    0.0
0.18085106382978725    0.0
0.18265957446808512    0.0
0.184468085106383    0.0
0.18627659574468086    0.0
0.18808510638297873    0.0
0.1898936170212766    0.0
0.19170212765957448    0.0
0.19351063829787235    0.0
0.19531914893617022    0.0
0.1971276595744681    0.0
0.19893617021276597    0.0
0.20074468085106384    0.0
0.2025531914893617    0.0
0.20436170212765958    0.0
0.20617021276595746    0.0
0.20797872340425533    0.0
0.2097872340425532    0.0
0.21159574468085107    0.0
0.21340425531914894    0.0
0.21521276595744682    0.0
0.2170212765957447    0.0
0.21882978723404256    0.0
0.22063829787234043    0.0
0.2224468085106383    0.0
0.22425531914893618    0.0
0.22606382978723405    0.0
0.22787234042553192    0.0
0.2296808510638298    0.0
0.23148936170212767    0.0
0.23329787234042554    0.0
0.2351063829787234    0.0
0.23691489361702128    0.0
0.23872340425531915    0.0
0.24053191489361703    0.0
0.2423404255319149    0.0
0.24414893617021277    0.0
0.24595744680851064    0.0
0.24776595744680852    0.0
0.2495744680851064    0.0
0.25138297872340426    0.0
0.25319148936170216    0.0
0.255    0.0
0.2568085106382979    0.0
0.25861702127659575    0.0
0.26042553191489365    0.0
0.2622340425531915    0.0
0.2640425531914894    0.0
0.26585106382978724    0.0
0.26765957446808514    0.0
0.269468085106383    0.0
0.2712765957446809    0.0
0.2730851063829787    0.0
0.2748936170212766    0.0
0.27670212765957447    0.0
0.27851063829787237    0.0
0.2803191489361702    0.0
0.2821276595744681    0.0
0.28393617021276596    0.0
0.28574468085106386    0.0
0.2875531914893617    0.0
0.2893617021276596    0.0
0.29117021276595745    0.0
0.29297872340425535    0.0
0.2947872340425532    0.0
0.2965957446808511    0.0
0.29840425531914894    0.0
0.30021276595744684    0.0
0.3020212765957447    0.0
0.3038297872340426    0.0
0.3056382978723404    0.0
0.3074468085106383    0.0
0.30925531914893617    0.0
0.31106382978723407    0.0
0.3128723404255319    0.0
0.3146808510638298    0.0
0.31648936170212766    0.0
0.31829787234042556    0.0
0.3201063829787234    0.0
0.3219148936170213    0.0
0.32372340425531915    0.0
0.32553191489361705    0.0
0.3273404255319149    0.0
0.3291489361702128    0.0
0.33095744680851064    0.0
0.33276595744680854    0.0
0.3345744680851064    0.0
0.3363829787234043    0.0
0.3381914893617021    0.0
0.34    0.0
0.34180851063829787    0.0
0.34361702127659577    0.0
0.3454255319148936    0.0
0.3472340425531915    0.0
0.34904255319148936    0.0
0.35085106382978726    0.0
0.3526595744680851    0.0
0.354468085106383    0.0
0.35627659574468085    0.0
0.35808510638297875    0.0
0.3598936170212766    0.0
0.3617021276595745    0.0
0.36351063829787233    0.0
0.36531914893617023    0.0
0.3671276595744681    0.0
0.368936170212766    0.0
0.3707446808510638    0.0
0.3725531914893617    0.0
0.37436170212765957    0.0
0.37617021276595747    0.0
0.3779787234042553    0.0
0.3797872340425532    0.0
0.38159574468085106    0.0
0.38340425531914896    0.0
0.3852127659574468    0.0
0.3870212765957447    0.0
0.38882978723404255    0.0
0.39063829787234045    0.0
0.3924468085106383    0.0
0.3942553191489362    0.0
0.39606382978723403    0.0
0.39787234042553193    0.0
0.3996808510638298    0.0
0.4014893617021277    0.0
0.4032978723404255    0.0
0.4051063829787234    0.0
0.40691489361702127    0.0
0.40872340425531917    0.0
0.410531914893617    0.0
0.4123404255319149    0.0
0.41414893617021276    0.0
0.41595744680851066    0.0
0.4177659574468085    0.0
0.4195744680851064    0.0
0.42138297872340424    0.0
0.42319148936170214    0.0
0.425    0.0
0.4268085106382979    0.0
0.42861702127659573    0.0
0.43042553191489363    0.0
0.4322340425531915    0.0
0.4340425531914894    0.0
0.4358510638297872    0.0
0.4376595744680851    0.0
0.43946808510638297    0.0
0.44127659574468087    0.0
0.4430851063829787    0.0
0.4448936170212766    0.0
0.44670212765957445    0.0
0.44851063829787235    0.0
0.4503191489361702    0.0
0.4521276595744681    0.0
0.45393617021276594    0.0
0.45574468085106384    0.0
0.4575531914893617    0.0
0.4593617021276596    0.0
0.46117021276595743    0.0
0.46297872340425533    0.0
0.46478723404255323    0.0
0.4665957446808511    0.0
0.468404255319149    0.0
0.4702127659574468    0.0
0.4720212765957447    0.0
0.47382978723404257    0.0
0.47563829787234047    0.0
0.4774468085106383    0.0
0.4792553191489362    0.0
0.48106382978723405    0.0
0.48287234042553195    0.0
0.4846808510638298    0.0
0.4864893617021277    0.0
0.48829787234042554    0.0
0.49010638297872344    0.0
0.4919148936170213    0.0
0.4937234042553192    0.0
0.49553191489361703    0.0
0.49734042553191493    0.0
0.4991489361702128    0.0
0.5009574468085106    0.0
0.5027659574468085    0.0
0.5045744680851064    0.0
0.5063829787234043    0.0
0.5081914893617021    0.0
0.51    0.0
0.5118085106382979    0.0
0.5136170212765958    0.0
0.5154255319148936    0.0
0.5172340425531915    0.0
0.5190425531914894    0.0
0.5208510638297873    0.0
0.5226595744680851    0.0
0.524468085106383    0.0
0.5262765957446809    0.0
0.5280851063829788    0.0
0.5298936170212766    0.0
0.5317021276595745    0.0
0.5335106382978724    0.0
0.5353191489361703    0.0
0.5371276595744681    0.0
0.538936170212766    0.0
0.5407446808510639    0.0
0.5425531914893618    0.0
0.5443617021276596    0.0
0.5461702127659575    0.0
0.5479787234042554    0.0
0.5497872340425533    0.0
0.551595744680851    0.0
0.5534042553191489    0.0
0.5552127659574468    0.0
0.5570212765957447    0.0
0.5588297872340425    0.0
0.5606382978723404    0.0
0.5624468085106383    0.0
0.5642553191489362    0.0
0.566063829787234    0.0
0.5678723404255319    0.0
0.5696808510638298    0.0
0.5714893617021277    0.0
0.5732978723404255    0.0
0.5751063829787234    0.0
0.5769148936170213    0.0
0.5787234042553192    0.0
0.580531914893617    0.0
0.5823404255319149    0.0
0.5841489361702128    0.0
0.5859574468085107    0.0
0.5877659574468085    0.0
0.5895744680851064    0.0
0.5913829787234043    0.0
0.5931914893617022    0.0
0.595    0.0
0.5968085106382979    0.0
0.5986170212765958    0.0
0.6004255319148937    0.0
0.6022340425531915    0.0
0.6040425531914894    0.0
0.6058510638297873    0.0
0.6076595744680852    0.0
0.609468085106383    0.0
0.6112765957446809    0.0
0.6130851063829788    0.0
0.6148936170212767    0.0
0.6167021276595744    0.0
0.6185106382978723    0.0
0.6203191489361702    0.0
0.6221276595744681    0.0
0.6239361702127659    0.0
0.6257446808510638    0.0
0.6275531914893617    0.0
0.6293617021276596    0.0
0.6311702127659574    0.0
0.6329787234042553    0.0
0.6347872340425532    0.0
0.6365957446808511    0.0
0.6384042553191489    0.0
0.6402127659574468    0.0
0.6420212765957447    0.0
0.6438297872340426    5e-324
0.6456382978723404    1.5e-322
0.6474468085106383    5.405e-321
0.6492553191489362    1.92004e-319
0.6510638297872341    6.687594e-318
0.6528723404255319    2.2845796e-316
0.6546808510638298    7.65623579e-315
0.6564893617021277    2.5176399632e-313
0.6582978723404256    8.12522705647e-312
0.6601063829787234    2.5741458383297e-310
0.6619148936170213    8.00712865832978e-309
0.6637234042553192    2.4459909966687406e-307
0.6655319148936171    7.339286403810824e-306
0.6673404255319149    2.1635080957367985e-304
0.6691489361702128    6.2668885988164e-303
0.6709574468085107    1.7840851172986942e-301
0.6727659574468086    4.992626481076263e-300
0.6745744680851063    1.3736328925408855e-298
0.6763829787234042    3.7163537752455724e-297
0.6781914893617021    9.888794587488259e-296
0.68    2.588351970769089e-294
0.6818085106382978    6.665447446917151e-293
0.6836170212765957    1.68901010418736e-291
0.6854255319148936    4.21213018321806e-290
0.6872340425531915    1.033966017553338e-288
0.6890425531914893    2.4986922757969835e-287
0.6908510638297872    5.945483447214243e-286
0.6926595744680851    1.3931379930514973e-284
0.694468085106383    3.215119874959833e-283
0.6962765957446809    7.30901166969484e-282
0.6980851063829787    1.6369667929959766e-280
0.6998936170212766    3.612443115454677e-279
0.7017021276595745    7.855996033305282e-278
0.7035106382978724    1.6838318582597358e-276
0.7053191489361702    3.5575462864908054e-275
0.7071276595744681    7.409910094692609e-274
0.708936170212766    1.5217422024710096e-272
0.7107446808510639    3.081692485879969e-271
0.7125531914893617    6.154757990861906e-270
0.7143617021276596    1.2124355119023263e-268
0.7161702127659575    2.356047060745285e-267
0.7179787234042554    4.5168715380726806e-266
0.7197872340425532    8.544172015200423e-265
0.7215957446808511    1.5948869057821623e-263
0.723404255319149    2.9380953374289914e-262
0.7252127659574469    5.342267250522808e-261
0.7270212765957447    9.588617084688172e-260
0.7288297872340426    1.699038245500488e-258
0.7306382978723405    2.972436651691065e-257
0.7324468085106384    5.134865768442164e-256
0.7342553191489362    8.759850510195429e-255
0.7360638297872341    1.4759064010479435e-253
0.737872340425532    2.4561688247260142e-252
0.7396808510638299    4.037727496786773e-251
0.7414893617021276    6.55747550796167e-250
0.7432978723404255    1.052199535803966e-248
0.7451063829787234    1.6682516647892355e-247
0.7469148936170213    2.6137662632498246e-246
0.7487234042553191    4.0471822484225024e-245
0.750531914893617    6.193813947094879e-244
0.7523404255319149    9.369597324480771e-243
0.7541489361702128    1.4011303155483998e-241
0.7559574468085106    2.0714186875899895e-240
0.7577659574468085    3.0277876470936017e-239
0.7595744680851064    4.376097550397566e-238
0.7613829787234043    6.254434266806989e-237
0.7631914893617021    8.840227355505213e-236
0.765    1.2357983997372838e-234
0.7668085106382979    1.7087344372910794e-233
0.7686170212765958    2.3371025081863874e-232
0.7704255319148936    3.1622065942119456e-231
0.7722340425531915    4.232964312142337e-230
0.7740425531914894    5.606257304385022e-229
0.7758510638297873    7.346952532723859e-228
0.7776595744680851    9.52749099274904e-227
0.779468085106383    1.2226942501205518e-225
0.7812765957446809    1.552943673375689e-224
0.7830851063829788    1.9521903088280317e-223
0.7848936170212766    2.42910859358175e-222
0.7867021276595745    2.9919847071920954e-221
0.7885106382978724    3.6482822111890165e-220
0.7903191489361703    4.404155923541064e-219
0.7921276595744681    5.263933280262623e-218
0.793936170212766    6.229588553825045e-217
0.7957446808510639    7.300240508193867e-216
0.7975531914893618    8.471707741065511e-215
0.7993617021276596    9.736157510179584e-214
0.8011702127659575    1.1081882795597222e-212
0.8029787234042554    1.2493238432756691e-211
0.8047872340425533    1.3950760322673939e-210
0.806595744680851    1.5431482222700102e-209
0.808404255319149    1.6909452963634971e-208
0.8102127659574468    1.835644390489652e-207
0.8120212765957447    1.9742823009034628e-206
0.8138297872340425    2.1038559188455275e-205
0.8156382978723404    2.2214309663794465e-204
0.8174468085106383    2.3242534990740328e-203
0.8192553191489362    2.409858197125248e-202
0.821063829787234    2.4761674381987207e-201
0.8228723404255319    2.5215755486361117e-200
0.8246808510638298    2.5450134424080887e-199
0.8264893617021277    2.5459900203147424e-198
0.8282978723404255    2.524608125139249e-197
0.8301063829787234    2.4815544188683256e-196
0.8319148936170213    2.4180641412201106e-195
0.8337234042553192    2.3358632005013754e-194
0.835531914893617    2.2370913262837826e-193
0.8373404255319149    2.124210988732418e-192
0.8391489361702128    1.9999074013828136e-191
0.8409574468085107    1.8669851461009298e-190
0.8427659574468085    1.7282667983053956e-189
0.8445744680851064    1.5864984258396454e-188
0.8463829787234043    1.44426605003216e-187
0.8481914893617022    1.3039261738620384e-186
0.85    1.1675523898217014e-185
0.8518085106382979    1.0368989689684045e-184
0.8536170212765958    9.133812846795511e-184
0.8554255319148937    7.98072007385253e-183
0.8572340425531915    6.917112692050026e-182
0.8590425531914894    5.947284687629352e-181
0.8608510638297873    5.0727307518231855e-180
0.8626595744680852    4.2925168701356726e-179
0.864468085106383    3.6036868268508673e-178
0.8662765957446809    3.0016802969505417e-177
0.8680851063829788    2.480741600748075e-176
0.8698936170212767    2.0343022801565756e-175
0.8717021276595744    1.6553250249525727e-174
0.8735106382978723    1.3366007881294012e-173
0.8753191489361702    1.070994905740455e-172
0.8771276595744681    8.516414806860082e-172
0.8789361702127659    6.720880822095873e-171
0.8807446808510638    5.263949058178056e-170
0.8825531914893617    4.0919394482133004e-169
0.8843617021276596    3.157145040261234e-168
0.8861702127659574    2.417816290436255e-167
0.8879787234042553    1.8379383920150457e-166
0.8897872340425532    1.3868605090855918e-165
0.8915957446808511    1.0388286932422151e-164
0.8934042553191489    7.724660503031537e-164
0.8952127659574468    5.702351851443809e-163
0.8970212765957447    4.1790969917805e-162
0.8988297872340426    3.0407397927228952e-161
0.9006382978723404    2.1966396703746546e-160
0.9024468085106383    1.5755616170019048e-159
0.9042553191489362    1.1220780604604473e-158
0.9060638297872341    7.934797028089702e-158
0.9078723404255319    5.5716967383873605e-157
0.9096808510638298    3.8850060811906846e-156
0.9114893617021277    2.6900606528538736e-155
0.9132978723404256    1.84974557055465e-154
0.9151063829787234    1.263149517501177e-153
0.9169148936170213    8.566502009220234e-153
0.9187234042553192    5.769940094500644e-152
0.9205319148936171    3.8598551661323807e-151
0.9223404255319149    2.564575023662074e-150
0.9241489361702128    1.6924550826219786e-149
0.9259574468085107    1.1094015389338374e-148
0.9277659574468086    7.223416393892376e-148
0.9295744680851065    4.6718737204317584e-147
0.9313829787234043    3.001554715390487e-146
0.9331914893617022    1.915667831501002e-145
0.935    1.2145764440867232e-144
0.936808510638298    7.650186544901911e-144
0.9386170212765957    4.787110201263879e-143
0.9404255319148936    2.9760529019492548e-142
0.9422340425531915    1.838167878411564e-141
0.9440425531914894    1.1280240921192404e-140
0.9458510638297872    6.877831307818806e-140
0.9476595744680851    4.166733875788507e-139
0.949468085106383    2.5081999715675242e-138
0.9512765957446809    1.5002431493069392e-137
0.9530851063829787    8.9167191596704e-137
0.9548936170212766    5.266271051447418e-136
0.9567021276595745    3.090769742139637e-135
0.9585106382978724    1.8026273649908154e-134
0.9603191489361702    1.0447961705086274e-133
0.9621276595744681    6.0180228479161215e-133
0.963936170212766    3.444950499194449e-132
0.9657446808510639    1.9598786542616146e-131
0.9675531914893617    1.1081600211675941e-130
0.9693617021276596    6.227487043546157e-130
0.9711702127659575    3.47832464783777e-129
0.9729787234042554    1.9310081144941003e-128
0.9747872340425532    1.0655270294190923e-127
0.9765957446808511    5.8441428841054436e-127
0.978404255319149    3.186123952507772e-126
0.9802127659574469    1.7266305228509417e-125
0.9820212765957447    9.301230225802199e-125
0.9838297872340426    4.980751232893136e-124
0.9856382978723405    2.6513797903374326e-123
0.9874468085106384    1.4030745198080358e-122
0.9892553191489362    7.381255313901403e-122
0.9910638297872341    3.8603734114950287e-121
0.992872340425532    2.0071823266763513e-120
0.9946808510638299    1.0375558750913305e-119
0.9964893617021277    5.332268184385672e-119
0.9982978723404256    2.7245631214767967e-118
1.0001063829787233    1.3841229307749258e-117
1.0019148936170212    6.991232971747863e-117
1.0037234042553191    3.511094753410651e-116
1.005531914893617    1.7532718328894807e-115
1.007340425531915    8.7052667140893e-115
1.0091489361702128    4.297829093547951e-114
1.0109574468085107    2.109883489196414e-113
1.0127659574468086    1.0299545065402299e-112
1.0145744680851063    4.999605503634688e-112
1.0163829787234042    2.413344808440843e-111
1.0181914893617021    1.1584484259023146e-110
1.02    5.529875986950934e-110
1.021808510638298    2.625083016484758e-109
1.0236170212765958    1.2392735634924849e-108
1.0254255319148937    5.818288898385459e-108
1.0272340425531916    2.716656460112598e-107
1.0290425531914893    1.261516192676545e-106
1.0308510638297872    5.826085538537507e-106
1.032659574468085    2.6760485597896628e-105
1.034468085106383    1.2225069813451648e-104
1.036276595744681    5.55464083631528e-104
1.0380851063829788    2.5102378860377587e-103
1.0398936170212767    1.1283269461857551e-102
1.0417021276595746    5.044557510316938e-102
1.0435106382978723    2.2432931144909365e-101
1.0453191489361702    9.922715130921222e-101
1.047127659574468    4.3657940091555105e-100
1.048936170212766    1.91069239108397e-99
1.0507446808510639    8.318014265802528e-99
1.0525531914893618    3.602105059327194e-98
1.0543617021276597    1.551698464321073e-97
1.0561702127659576    6.649345159751373e-97
1.0579787234042553    2.834505517593971e-96
1.0597872340425532    1.2020121258290489e-95
1.061595744680851    5.070837270120244e-95
1.063404255319149    2.1281189149687795e-94
1.0652127659574468    8.885125254112361e-94
1.0670212765957447    3.6905292706162054e-93
1.0688297872340426    1.5250255684946925e-92
1.0706382978723405    6.269527956843627e-92
1.0724468085106382    2.564292884687956e-91
1.0742553191489361    1.0434730532781277e-90
1.076063829787234    4.224559007979727e-90
1.077872340425532    1.701663573109908e-89
1.0796808510638298    6.819676824796954e-89
1.0814893617021277    2.7193004434029985e-88
1.0832978723404256    1.0788458106165447e-87
1.0851063829787235    4.258687544865049e-87
1.0869148936170212    1.672675740176861e-86
1.088723404255319    6.536911977104793e-86
1.090531914893617    2.5419305216136166e-85
1.092340425531915    9.835355957663401e-85
1.0941489361702128    3.7866660918571914e-84
1.0959574468085107    1.4506731127633838e-83
1.0977659574468086    5.530097436292534e-83
1.0995744680851065    2.0977400532127124e-82
1.1013829787234042    7.918285670850142e-82
1.103191489361702    2.9742410267542745e-81
1.105    1.1117099464532502e-80
1.1068085106382979    4.1350612480170795e-80
1.1086170212765958    1.5305667040403227e-79
1.1104255319148937    5.637766957448841e-79
1.1122340425531916    2.0665749241441186e-78
1.1140425531914895    7.538569625384708e-78
1.1158510638297872    2.736686417802292e-77
1.117659574468085    9.886985486958737e-77
1.119468085106383    3.554757356197763e-76
1.1212765957446809    1.27194289446479e-75
1.1230851063829788    4.529405307109885e-75
1.1248936170212767    1.6052214618351362e-74
1.1267021276595746    5.661782295313073e-74
1.1285106382978725    1.987467310557134e-73
1.1303191489361701    6.943518190981572e-73
1.132127659574468    2.414326509612675e-72
1.133936170212766    8.355131864419094e-72
1.1357446808510638    2.8777660438359388e-71
1.1375531914893617    9.865213087944711e-71
1.1393617021276596    3.3659693853656086e-70
1.1411702127659575    1.1430636197985613e-69
1.1429787234042554    3.863589625598925e-69
1.1447872340425531    1.299797439058617e-68
1.146595744680851    4.3523935901119334e-68
1.148404255319149    1.4506147902508377e-67
1.1502127659574468    4.8122823605140464e-67
1.1520212765957447    1.5890176586598246e-66
1.1538297872340426    5.222620627379809e-66
1.1556382978723405    1.708574168142094e-65
1.1574468085106384    5.563757736695907e-65
1.1592553191489363    1.8034120915943397e-64
1.161063829787234    5.8185860196872546e-64
1.162872340425532    1.868697201691754e-63
1.1646808510638298    5.973964495239581e-63
1.1664893617021277    1.9010421658500803e-62
1.1682978723404256    6.021842764261422e-62
1.1701063829787235    1.8987977747092354e-61
1.1719148936170214    5.959951186389402e-61
1.1737234042553193    1.8621916559234104e-60
1.175531914893617    5.791975112633899e-60
1.1773404255319149    1.7932983167999167e-59
1.1791489361702128    5.527195130177079e-59
1.1809574468085107    1.6958454424526786e-58
1.1827659574468086    5.1796417407970125e-58
1.1845744680851065    1.5748814855254648e-57
1.1863829787234044    4.7668710991658174e-57
1.1881914893617023    1.4363455786927634e-56
1.19    4.308509537614984e-56
1.1918085106382978    1.286590358815788e-55
1.1936170212765957    3.8247330729164484e-55
1.1954255319148936    1.1319103087210567e-54
1.1972340425531915    3.3348425841372007e-54
1.1990425531914894    9.781229489314725e-54
1.2008510638297873    2.856068671958731e-53
1.2026595744680852    8.302391006430125e-53
1.204468085106383    2.402698443979712e-52
1.2062765957446808    6.922437724629435e-52
1.2080851063829787    1.985567546974764e-51
1.2098936170212766    5.669936005118776e-51
1.2117021276595745    1.6119128165855332e-50
1.2135106382978724    4.562226148525224e-50
1.2153191489361703    1.285540791344694e-49
1.2171276595744682    3.606372474105909e-49
1.218936170212766    1.0072395929193368e-48
1.2207446808510638    2.800749500374527e-48
1.2225531914893617    7.753481302805624e-48
1.2243617021276596    2.136987096892942e-47
1.2261702127659575    5.863964967281724e-47
1.2279787234042554    1.6020155543774554e-46
1.2297872340425533    4.357420957960244e-46
1.2315957446808512    1.1799978606119718e-45
1.2334042553191489    3.1814365727916234e-45
1.2352127659574468    8.539983880772966e-45
1.2370212765957447    2.2823586986758706e-44
1.2388297872340426    6.07302543658781e-44
1.2406382978723405    1.6088734534546782e-43
1.2424468085106384    4.243609760838456e-43
1.2442553191489363    1.1144148566248481e-42
1.2460638297872342    2.9137838131153584e-42
1.2478723404255319    7.585212765769576e-42
1.2496808510638298    1.965980436653614e-41
1.2514893617021277    5.073323120359092e-41
1.2532978723404256    1.303492787239019e-40
1.2551063829787235    3.334481680533538e-40
1.2569148936170214    8.492829336545832e-40
1.2587234042553193    2.1536817378023867e-39
1.2605319148936172    5.4377141757295737e-39
1.2623404255319148    1.3669654823960293e-38
1.2641489361702127    3.4214136756322165e-38
1.2659574468085106    8.526307292100927e-38
1.2677659574468085    2.115554227793521e-37
1.2695744680851064    5.2263140900913115e-37
1.2713829787234043    1.285509622672154e-36
1.2731914893617022    3.148211486739441e-36
1.2750000000000001    7.67646740501902e-36
1.2768085106382978    1.863665682087604e-35
1.2786170212765957    4.504885701164054e-35
1.2804255319148936    1.0841983418292901e-34
1.2822340425531915    2.5980221995113133e-34
1.2840425531914894    6.198491852925435e-34
1.2858510638297873    1.4724417028336197e-33
1.2876595744680852    3.4825620055011776e-33
1.289468085106383    8.201022309048156e-33
1.2912765957446808    1.9228489319123074e-32
1.2930851063829787    4.488796922645771e-32
1.2948936170212766    1.0433304669175611e-31
1.2967021276595745    2.4144622107268892e-31
1.2985106382978724    5.563203050174877e-31
1.3003191489361703    1.2762469084037022e-30
1.3021276595744682    2.91507031585798e-30
1.303936170212766    6.629291030012726e-30
1.3057446808510638    1.501025120775366e-29
1.3075531914893617    3.383846827543504e-29
1.3093617021276596    7.595113256623147e-29
1.3111702127659575    1.6972957498337704e-28
1.3129787234042554    3.776411555540474e-28
1.3147872340425533    8.365624645929492e-28
1.3165957446808512    1.8450721523894046e-27
1.318404255319149    4.0515652636831474e-27
1.3202127659574467    8.85778902511956e-27
1.3220212765957446    1.9280542751766898e-26
1.3238297872340425    4.1783320353238635e-26
1.3256382978723404    9.01518553536191e-26
1.3274468085106383    1.9365672741428236e-25
1.3292553191489362    4.141663329961389e-25
1.3310638297872341    8.81859261508078e-25
1.332872340425532    1.8694074120958576e-24
1.3346808510638297    3.945360127971649e-24
1.3364893617021276    8.289819595256878e-24
1.3382978723404255    1.7341109364064706e-23
1.3401063829787234    3.6114331573737685e-23
1.3419148936170213    7.48773783614396e-23
1.3437234042553192    1.5455653211716705e-22
1.3455319148936171    3.17604774663172e-22
1.347340425531915    6.497506757512107e-22
1.3491489361702127    1.323315947105995e-21
1.3509574468085106    2.6830845860925866e-21
1.3527659574468085    5.4157175656816236e-21
1.3545744680851064    1.0882412320174242e-20
1.3563829787234043    2.17689989872558e-20
1.3581914893617022    4.3350321734832276e-20
1.36    8.593758111943778e-20
1.361808510638298    1.695926746964287e-19
1.3636170212765957    3.331657295669102e-19
1.3654255319148936    6.515365748348746e-19
1.3672340425531915    1.2683478327891062e-18
1.3690425531914894    2.4578464524484636e-18
1.3708510638297873    4.7411479486840125e-18
1.3726595744680852    9.103745068692989e-18
1.374468085106383    1.7400422021405824e-17
1.376276595744681    3.3105315901927904e-17
1.3780851063829787    6.269442863071063e-17
1.3798936170212766    1.1818116336083846e-16
1.3817021276595745    2.2174322338648293e-16
1.3835106382978724    4.141233865770021e-16
1.3853191489361703    7.69805158194187e-16
1.3871276595744682    1.4242876857044058e-15
1.388936170212766    2.6228561465088685e-15
1.390744680851064    4.8073406826961416e-15
1.3925531914893619    8.769657764647211e-15
1.3943617021276595    1.5922129636130263e-14
1.3961702127659574    2.877091559923404e-14
1.3979787234042553    5.1740816390514914e-14
1.3997872340425532    9.260464641727681e-14
1.4015957446808511    1.6494714811938808e-13
1.403404255319149    2.923895052517248e-13
1.405212765957447    5.157934949576253e-13
1.4070212765957448    9.054802682309658e-13
1.4088297872340425    1.5818411405286466e-12
1.4106382978723404    2.749912857537616e-12
1.4124468085106383    4.757057165852347e-12
1.4142553191489362    8.18864603194474e-12
1.416063829787234    1.4025900492829172e-11
1.417872340425532    2.3904776409722316e-11
1.41968085106383    4.053815217605698e-11
1.4214893617021278    6.840034404942846e-11
1.4232978723404255    1.1483046506862298e-10
1.4251063829787234    1.9180042058936894e-10
1.4269148936170213    3.1873101865143673e-10
1.4287234042553192    5.269505277476308e-10
1.430531914893617    8.667106181216096e-10
1.432340425531915    1.4181585522456756e-09
1.4341489361702129    2.3083895209318682e-09
1.4359574468085108    3.73778101982176e-09
1.4377659574468085    6.020401490416837e-09
1.4395744680851064    9.645612877035717e-09
1.4413829787234043    1.5371364979892046e-08
1.4431914893617022    2.4364541539395348e-08
1.445    3.841065465204192e-08
1.446808510638298    6.022499143510827e-08
1.4486170212765959    9.391105318081777e-08
1.4504255319148938    1.4563117940970558e-07
1.4522340425531914    2.245804058275958e-07
1.4540425531914893    3.443901324151852e-07
1.4558510638297872    5.251358900745155e-07
1.4576595744680851    7.961868061598489e-07
1.459468085106383    1.2002173106522436e-06
1.461276595744681    1.7988087903056416e-06
1.4630851063829788    2.6802052948729197e-06
1.4648936170212767    3.969958144934911e-06
1.4667021276595744    5.845404102072897e-06
1.4685106382978723    8.555174168847691e-06
1.4703191489361702    1.2445226293010332e-05
1.4721276595744681    1.7993232577779727e-05
1.473936170212766    2.585352144415797e-05
1.475744680851064    3.691516047916688e-05
1.4775531914893618    5.2376137872196286e-05
1.4793617021276597    7.383691595625259e-05
1.4811702127659574    0.0001034168276278365
1.4829787234042553    0.00014389678192990778
1.4847872340425532    0.0001988914315474102
1.486595744680851    0.00027305320056911827
1.488404255319149    0.00037230922147108044
1.490212765957447    0.0005041301156718419
1.4920212765957448    0.0006778264976952948
1.4938297872340427    0.0009048649288282127
1.4956382978723404    0.0011991896732032807
1.4974468085106383    0.0015775299751654825
1.4992553191489362    0.0020596647598774406
1.501063829787234    0.0026686079088800692
1.502872340425532    0.0034306680530496363
1.5046808510638299    0.004375327906720292
1.5064893617021278    0.005534880602346041
1.5082978723404257    0.006943755668074381
1.5101063829787233    0.008637466921974323
1.5119148936170212    0.010651120571804312
1.5137234042553191    0.013017436238425297
1.515531914893617    0.01576425837298114
1.517340425531915    0.01891157210231394
1.5191489361702128    0.022468086611974167
1.5209574468085107    0.026427510243295493
1.5227659574468086    0.030764712366816088
1.5245744680851063    0.035432043578009234
1.5263829787234042    0.04035616130845465
1.5281914893617021    0.0454357736622617
1.53    0.05054075919413582
1.531808510638298    0.055513132061393106
1.5336170212765958    0.06017028788326004
1.5354255319148937    0.06431087449894604
1.5372340425531916    0.06772347585586819
1.5390425531914893    0.07019807446885795
1.5408510638297872    0.07153997431588663
1.542659574468085    0.07158553768434664
1.544468085106383    0.07021874338815257
1.546276595744681    0.06738724773808169
1.5480851063829788    0.06311637020954122
1.5498936170212767    0.05751928413705369
1.5517021276595746    0.050801718729189066
1.5535106382978723    0.04325971261911497
1.5553191489361702    0.03526942311714304
1.557127659574468    0.027268684327750398
1.558936170212766    0.01973088228068809
1.5607446808510639    0.013132699591266235
1.5625531914893618    0.0079182634946093
1.5643617021276597    0.004463069500111667
1.5661702127659576    0.003041596419570276
1.5679787234042553    0.0038026349271949225
1.5697872340425532    0.006755914834283729
1.571595744680851    0.01177259251408499
1.573404255319149    0.01860059183247139
1.5752127659574469    0.026893821291340755
1.5770212765957448    0.03625215682471636
1.5788297872340427    0.04626710239821505
1.5806382978723406    0.056566577389573686
1.5824468085106382    0.06685167216495498
1.5842553191489361    0.0769187195358267
1.586063829787234    0.08666175837960664
1.587872340425532    0.09605332252596425
1.5896808510638298    0.10510515114834688
1.5914893617021277    0.1138143510700091
1.5932978723404256    0.12210405843943654
1.5951063829787235    0.12977001098204877
1.5969148936170212    0.13644500568050427
1.5987234042553191    0.1415915708884447
1.600531914893617    0.14452928396051185
1.602340425531915    0.1444974182510157
1.6041489361702128    0.1407468544496724
1.6059574468085107    0.1326486370792267
1.6077659574468086    0.11980155228474526
1.6095744680851065    0.10211889953226178
1.6113829787234042    0.07987608899328688
1.613191489361702    0.053706036632123144
1.615    0.024537972091830174
1.616808510638298    -0.006514154453109197
1.6186170212765958    -0.03829697064411482
1.6204255319148937    -0.06977179139721874
1.6222340425531916    -0.10014879719789134
1.6240425531914895    -0.12897437119195237
1.6258510638297874    -0.15615241393694224
1.627659574468085    -0.18189298190286918
1.629468085106383    -0.20659659555002186
1.6312765957446809    -0.2306968797694685
1.6330851063829788    -0.2544945049402791
1.6348936170212767    -0.278018974733861
1.6367021276595746    -0.30095028704255894
1.6385106382978725    -0.3226203370177873
1.6403191489361704    -0.34209650041799106
1.642127659574468    -0.35833099065823854
1.643936170212766    -0.3703438333138363
1.6457446808510638    -0.3773986985268933
1.6475531914893617    -0.37913186784823344
1.6493617021276596    -0.3756054344208882
1.6511702127659575    -0.3672740243787426
1.6529787234042554    -0.3548753689723286
1.6547872340425533    -0.33927344796888453
1.656595744680851    -0.321293656337373
1.658404255319149    -0.3015894687769714
1.6602127659574468    -0.2805693086501712
1.6620212765957447    -0.2583938553424518
1.6638297872340426    -0.23503335042583723
1.6656382978723405    -0.21035794807818348
1.6674468085106384    -0.18422705613958468
1.6692553191489363    -0.15654831710666434
1.671063829787234    -0.12729191643963372
1.672872340425532    -0.09646617009848504
1.6746808510638298    -0.06407854539235555
1.6764893617021277    -0.03011529505407015
1.6782978723404256    0.005431662492526197
1.6801063829787235    0.04247991082096852
1.6819148936170214    0.08072910613918768
1.6837234042553193    0.11953148121879564
1.685531914893617    0.15781510726089437
1.6873404255319149    0.19411069420335314
1.6891489361702128    0.2267084811456785
1.6909574468085107    0.2539325928243014
1.6927659574468086    0.2744775674381839
1.6945744680851065    0.2877200470816284
1.6963829787234044    0.2939105958672475
1.6981914893617023    0.29417255245883517
1.7    0.29028351211215225
1.7018085106382979    0.28427768187371
1.7036170212765958    0.27796491896129544
1.7054255319148937    0.2724953480813806
1.7072340425531916    0.2680939771092066
1.7090425531914895    0.26404606720174767
1.7108510638297874    0.25894259367661693
1.7126595744680853    0.25111757293261344
1.714468085106383    0.23915039708039598
1.7162765957446808    0.22228663441698282
1.7180851063829787    0.20065767042521188
1.7198936170212766    0.17524498015547396
1.7217021276595745    0.1476170023255972
1.7235106382978724    0.11953737381789747
1.7253191489361703    0.09257807993429518
1.7271276595744682    0.06785798312330532
1.728936170212766    0.045971816472003574
1.7307446808510638    0.027098533371589476
1.7325531914893617    0.011210401413463189
1.7343617021276596    -0.0017282982395326277
1.7361702127659575    -0.011669053726067033
1.7379787234042554    -0.018533359587145075
1.7397872340425533    -0.022379771968037185
1.7415957446808512    -0.023590566727935795
1.7434042553191489    -0.02296589259080275
1.7452127659574468    -0.0216454767855348
1.7470212765957447    -0.020850059195577593
1.7488297872340426    -0.021517801129132576
1.7506382978723405    -0.02396939376568869
1.7524468085106384    -0.027742179546932144
1.7542553191489363    -0.03168137086731026
1.7560638297872342    -0.03428299887924551
1.7578723404255319    -0.03418459766383739
1.7596808510638298    -0.0306360649633751
1.7614893617021277    -0.02378230038161245
1.7632978723404256    -0.014653982389505056
1.7651063829787235    -0.004869137948521549
1.7669148936170214    0.0038457787082866253
1.7687234042553193    0.01014308899623749
1.7705319148936172    0.01338134249245736
1.7723404255319148    0.013693917787293817
1.7741489361702127    0.011803597710641173
1.7759574468085106    0.008683123588076228
1.7777659574468085    0.005209446542831139
1.7795744680851064    0.001942694962395344
1.7813829787234043    -0.000908520906134714
1.7831914893617022    -0.0033617064377057643
1.7850000000000001    -0.0054671107529987665
1.7868085106382978    -0.00715466487966899
1.7886170212765957    -0.008193262271518504
1.7904255319148936    -0.008268298879734027
1.7922340425531915    -0.007122885424949965
1.7940425531914894    -0.004683274144753351
1.7958510638297873    -0.0011091560606035335
1.7976595744680852    0.0032408989532440443
1.7994680851063831    0.007890593296666908
1.8012765957446808    0.012317960055439323
1.8030851063829787    0.015985682794904435
1.8048936170212766    0.01834483303002102
1.8067021276595745    0.018866665251477316
1.8085106382978724    0.01715701009370727
1.8103191489361703    0.013158730522643814
1.8121276595744682    0.007371399734356354
1.813936170212766    0.0009584916445462
1.8157446808510638    -0.004384665701040134
1.8175531914893617    -0.006846882236081846
1.8193617021276596    -0.005110139157379804
1.8211702127659575    0.0010663035173126513
1.8229787234042554    0.010552254093479069
1.8247872340425533    0.02103447793783232
1.8265957446808512    0.029694490127653114
1.828404255319149    0.0341654761357745
1.8302127659574468    0.03340353167074524
1.8320212765957447    0.028102842171130314
1.8338297872340426    0.02044804850778629
1.8356382978723405    0.013270353494404155
1.8374468085106384    0.008938348428906416
1.8392553191489363    0.00844550517425462
1.8410638297872342    0.01108396165463104
1.842872340425532    0.01484179249465065
1.8446808510638297    0.01733915763016512
1.8464893617021276    0.01687654663416217
1.8482978723404255    0.013121874423868939
1.8501063829787234    0.00713745554698322
1.8519148936170213    0.0007616724195545991
1.8537234042553192    -0.004336643429196423
1.8555319148936171    -0.007466592510168627
1.857340425531915    -0.009201675549641696
1.859148936170213    -0.011023924321951407
1.8609574468085106    -0.014521209589594845
1.8627659574468085    -0.02054435123221616
1.8645744680851064    -0.02873566019588554
1.8663829787234043    -0.03764374986663817
1.8681914893617022    -0.045346346845910795
1.87    -0.050263533949917436
1.871808510638298    -0.05177471543243088
1.873617021276596    -0.05037751991791824
1.8754255319148936    -0.04736914076674331
1.8772340425531915    -0.04425824488131845
1.8790425531914894    -0.04221405573615572
1.8808510638297873    -0.04179135605964904
1.8826595744680852    -0.04299064790914431
1.884468085106383    -0.04553122721383106
1.886276595744681    -0.04913082354729055
1.8880851063829789    -0.05363242886400224
1.8898936170212766    -0.058951132592600805
1.8917021276595745    -0.06493944083741021
1.8935106382978724    -0.07131013042943246
1.8953191489361703    -0.07769357269992158
1.8971276595744682    -0.08379249554852183
1.898936170212766    -0.08951436504561394
1.900744680851064    -0.09496913494526443
1.9025531914893619    -0.10031381201401887
1.9043617021276595    -0.1055401756943753
1.9061702127659574    -0.11035590032653145
1.9079787234042553    -0.11425904785129723
1.9097872340425532    -0.11677889702576114
1.9115957446808511    -0.11773550654091813
1.913404255319149    -0.11734133244671999
1.915212765957447    -0.11605919291525271
1.9170212765957448    -0.1142900522229188
1.9188297872340425    -0.11208823447884844
1.9206382978723404    -0.10910221947025373
1.9224468085106383    -0.10480373022641998
1.9242553191489362    -0.09887538307883564
1.9260638297872341    -0.09150310581681917
1.927872340425532    -0.08335547683304315
1.92968085106383    -0.0752212194663073
1.9314893617021278    -0.06750784570482801
1.9332978723404255    -0.059928099373248916
1.9351063829787234    -0.051621124711088914
1.9369148936170213    -0.04170072585683865
1.9387234042553192    -0.029939756805364412
1.940531914893617    -0.017167936149895646
1.942340425531915    -0.005081986849261155
1.944148936170213    0.004507139695878769
1.9459574468085108    0.010617369239647918
1.9477659574468085    0.013698855506943271
1.9495744680851064    0.015513044947186038
1.9513829787234043    0.01828822064812542
1.9531914893617022    0.023565455934307044
1.955    0.03134940911830289
1.956808510638298    0.040039870134728386
1.9586170212765959    0.04720952087961611
1.9604255319148938    0.05083709786381384
1.9622340425531914    0.05035837423087938
1.9640425531914893    0.0469964954177568
1.9658510638297872    0.04321793704527509
1.9676595744680851    0.041612416907800556
1.969468085106383    0.04376801781180613
1.971276595744681    0.04967300234471714
1.9730851063829788    0.0578706951340021
1.9748936170212767    0.06621022060868598
1.9767021276595744    0.07278137364938525
1.9785106382978723    0.07660603909036837
1.9803191489361702    0.07784569455147008
1.9821276595744681    0.07753845937098094
1.983936170212766    0.07706041273359554
1.985744680851064    0.07755260402104233
1.9875531914893618    0.07949803055783275
1.9893617021276597    0.08254589128615977
1.9911702127659574    0.08561412096972801
1.9929787234042553    0.08725195001588876
1.9947872340425532    0.08617983085987746
1.996595744680851    0.08183726554265619
1.998404255319149    0.07470695503497934
2.0002127659574467    0.06622042047767046
2.0020212765957446    0.058218992022193924
2.0038297872340425    0.05218385251958653
2.0056382978723404    0.04861893262402869
2.0074468085106383    0.046937109890850925
2.009255319148936    0.04594090979323989
2.011063829787234    0.0446351151791146
2.012872340425532    0.04288109385302079
2.01468085106383    0.04146949791894092
2.016489361702128    0.04153856391564412
2.0182978723404257    0.04369351036397523
2.0201063829787236    0.047407296397385376
2.0219148936170215    0.0511350048505952
2.0237234042553194    0.05312412060424006
2.0255319148936173    0.05243415380991796
2.0273404255319147    0.04950850539265221
2.0291489361702126    0.04590364681844203
2.0309574468085105    0.04332193188146054
2.0327659574468084    0.042560843439141405
2.0345744680851063    0.043062205802643805
2.0363829787234042    0.04335569286899972
2.038191489361702    0.042091789267591787
2.04    0.038955287973461705
2.041808510638298    0.034826465624206424
2.043617021276596    0.031074519557004326
2.0454255319148937    0.028478536006867984
2.0472340425531916    0.026549870585909213
2.0490425531914895    0.023769630028612362
2.0508510638297874    0.018621082663047774
2.0526595744680853    0.010723275132282384
2.0544680851063832    0.0012654928428796671
2.0562765957446807    -0.0076054761015629975
2.0580851063829786    -0.014079504179281745
2.0598936170212765    -0.01780768280837929
2.0617021276595744    -0.020093999621277437
2.0635106382978723    -0.02300572569447894
2.06531914893617    -0.027983022315060276
2.067127659574468    -0.03487187436663054
2.068936170212766    -0.04202300632907606
2.070744680851064    -0.047382073434924954
2.072553191489362    -0.04983284032765953
2.0743617021276597    -0.04989716960552208
2.0761702127659576    -0.0493452133640572
2.0779787234042555    -0.050010164675280355
2.0797872340425534    -0.05262378474572049
2.0815957446808513    -0.0564426318111277
2.083404255319149    -0.059870545550576984
2.085212765957447    -0.06160454753076308
2.0870212765957445    -0.061506425817574165
2.0888297872340424    -0.060635731436575815
2.0906382978723403    -0.06048231462566042
2.0924468085106382    -0.061973433926058724
2.094255319148936    -0.06493706751317693
2.096063829787234    -0.06833526117751973
2.097872340425532    -0.07102832621029928
2.09968085106383    -0.07249122990261084
2.1014893617021277    -0.07299750740426497
2.1032978723404256    -0.07321081768191157
2.1051063829787235    -0.07355052052717084
2.1069148936170214    -0.07382137153007037
2.1087234042553193    -0.0733564329547996
2.1105319148936172    -0.07152252475750079
2.112340425531915    -0.06818294827997234
2.114148936170213    -0.06377605282491966
2.1159574468085105    -0.05897727156569027
2.1177659574468084    -0.05422052262055105
2.1195744680851063    -0.0494377647708104
2.121382978723404    -0.044191894878291796
2.123191489361702    -0.03808370986492622
2.125    -0.031128873055902492
2.126808510638298    -0.023845242230719876
2.128617021276596    -0.01700860253319457
2.1304255319148937    -0.01125586285182768
2.1322340425531916    -0.006790649353649696
2.1340425531914895    -0.003350141264470764
2.1358510638297874    -0.0004157411283142237
2.1376595744680853    0.0024821329373276883
2.139468085106383    0.005536886313178112
2.141276595744681    0.008617865874144842
2.143085106382979    0.011403385665269532
2.1448936170212765    0.013616574720392335
2.1467021276595744    0.015243872150707032
2.1485106382978723    0.01661485815653412
2.15031914893617    0.01827179021406131
2.152127659574468    0.02066208471423434
2.153936170212766    0.023812062422820555
2.155744680851064    0.02720319853162539
2.1575531914893618    0.029993629061623634
2.1593617021276597    0.03151302705110588
2.1611702127659576    0.03173406637432945
2.1629787234042555    0.03136864704197871
2.1647872340425534    0.03144475467857287
2.1665957446808513    0.032588880248953955
2.168404255319149    0.034508731237819
2.170212765957447    0.03610380353836207
2.172021276595745    0.03621592372554852
2.1738297872340424    0.03453719018509031
2.1756382978723403    0.03199833476290101
2.177446808510638    0.030265884178114197
2.179255319148936    0.03061247204440279
2.181063829787234    0.03293732284486116
2.182872340425532    0.03568968925272477
2.18468085106383    0.03684612871821387
2.1864893617021277    0.035317555536434064
2.1882978723404256    0.03179065588903837
2.1901063829787235    0.02835489354446976
2.1919148936170214    0.02711856192109352
2.1937234042553193    0.0287636600523605
2.195531914893617    0.032065881979845584
2.197340425531915    0.03473107047043808
2.199148936170213    0.034955689348342756
2.200957446808511    0.032602623876247946
2.2027659574468084    0.02917953297185326
2.2045744680851063    0.026690970345723063
2.206382978723404    0.026242364287876442
2.208191489361702    0.027405571079536117
2.21    0.0287367557329289
2.211808510638298    0.02896333300934903
2.2136170212765958    0.027899277505574686
2.2154255319148937    0.02643170988032144
2.2172340425531916    0.02568478554206112
2.2190425531914895    0.026090099777981678
2.2208510638297874    0.02710054453699086
2.2226595744680853    0.027713315462609377
2.224468085106383    0.02731051764763783
2.226276595744681    0.026112861833650303
2.228085106382979    0.024911834835060286
2.229893617021277    0.024355991249013997
2.2317021276595743    0.02440308872365666
2.233510638297872    0.02435916143641434
2.23531914893617    0.02341014228661492
2.237127659574468    0.021168078219419108
2.238936170212766    0.017810239689994622
2.240744680851064    0.013791300343181045
2.2425531914893617    0.009469635128682846
2.2443617021276596    0.0049911377018946185
2.2461702127659575    0.0004524873359257643
2.2479787234042554    -0.003941020885347415
2.2497872340425533    -0.007987770194450128
2.251595744680851    -0.01180714429940162
2.253404255319149    -0.015995733028960363
2.255212765957447    -0.021321041573031645
2.257021276595745    -0.028076774383180497
2.258829787234043    -0.03563006874607662
2.2606382978723403    -0.04265537913355456
2.262446808510638    -0.04801709211358128
2.264255319148936    -0.05165244515552346
2.266063829787234    -0.05467968770103854
2.267872340425532    -0.05851152622691526
2.2696808510638298    -0.06359283154664128
2.2714893617021277    -0.0687959006412241
2.2732978723404256    -0.07207572007154334
2.2751063829787235    -0.07198533820791905
2.2769148936170214    -0.06887925660937466
2.2787234042553193    -0.06477497322282377
2.280531914893617    -0.06186462341311502
2.282340425531915    -0.060784329627842956
2.284148936170213    -0.06003122295757869
2.285957446808511    -0.05707264532332862
2.2877659574468088    -0.05034662261697488
2.2895744680851062    -0.04058764704005549
2.291382978723404    -0.03038484012209662
2.293191489361702    -0.022260018670177073
2.295    -0.016752575051765153
2.296808510638298    -0.012036813004247134
2.2986170212765957    -0.005410730133682155
2.3004255319148936    0.004489283016845932
2.3022340425531915    0.016488995676326786
2.3040425531914894    0.02765167593518688
2.3058510638297873    0.03544092723547702
2.3076595744680852    0.03959773516926169
2.309468085106383    0.04228982100533842
2.311276595744681    0.046444638243977175
2.313085106382979    0.053572823394023604
2.314893617021277    0.06273607856053864
2.3167021276595747    0.07137496547073885
2.3185106382978726    0.07726580263035931
2.32031914893617    0.0800649729487625
2.322127659574468    0.08131684990198729
2.323936170212766    0.08305193603204247
2.325744680851064    0.08616333904172008
2.3275531914893617    0.08981483635338289
2.3293617021276596    0.09222865069311961
2.3311702127659575    0.09210701497906698
2.3329787234042554    0.08952570513354804
2.3347872340425533    0.08566469903368223
2.336595744680851    0.08171418779766079
2.338404255319149    0.07791002351940882
2.340212765957447    0.07346019675286855
2.342021276595745    0.0673475832508442
2.343829787234043    0.05929629242353762
2.3456382978723407    0.050109878629136656
2.3474468085106386    0.041137374791687
2.349255319148936    0.0333185326483911
2.351063829787234    0.026555368684308377
2.352872340425532    0.019863930831291073
2.3546808510638297    0.01215253571977775
2.3564893617021276    0.0030306197805379208
2.3582978723404255    -0.006919107667557208
2.3601063829787234    -0.016545346074324008
2.3619148936170213    -0.024872267019593594
2.3637234042553192    -0.03165589458477836
2.365531914893617    -0.03741583107136156
2.367340425531915    -0.042992845424745206
2.369148936170213    -0.0489783963127095
2.370957446808511    -0.055383426351284674
2.3727659574468087    -0.06169280470269548
2.3745744680851066    -0.06718034318572966
2.3763829787234045    -0.07123260481400945
2.378191489361702    -0.07350797646039703
2.38    -0.0739387755929804
2.381808510638298    -0.07269985576706434
2.3836170212765957    -0.07022422612382778
2.3854255319148936    -0.06720529634750819
2.3872340425531915    -0.06444772872901447
2.3890425531914894    -0.06252699288527977
2.3908510638297873    -0.06143349130411599
2.392659574468085    -0.060506428815538846
2.394468085106383    -0.05883020066122206
2.396276595744681    -0.055912133900650265
2.398085106382979    -0.05215839800257947
2.399893617021277    -0.04871459884177999
2.4017021276595747    -0.04668323818119824
2.4035106382978726    -0.0462592283062295
2.4053191489361705    -0.04648225776877657
2.407127659574468    -0.04588532927472806
2.408936170212766    -0.043598722789080016
2.4107446808510637    -0.04003577430447966
2.4125531914893616    -0.0365569983435208
2.4143617021276595    -0.034328131349669666
2.4161702127659574    -0.033297007658184316
2.4179787234042553    -0.0321809422055199
2.4197872340425532    -0.029542107518300095
2.421595744680851    -0.025083313007080776
2.423404255319149    -0.020042618812058738
2.425212765957447    -0.016277443067524322
2.427021276595745    -0.01474641811223417
2.4288297872340427    -0.014661869076734352
2.4306382978723406    -0.014068564463142506
2.4324468085106385    -0.011403683347375106
2.4342553191489364    -0.00673225829705033
2.436063829787234    -0.0016014884623462879
2.437872340425532    0.002364450737189358
2.4396808510638297    0.004909810459405132
2.4414893617021276    0.007366372408630283
2.4432978723404255    0.011447297355772879
2.4451063829787234    0.017674331893601163
2.4469148936170213    0.024831466161685977
2.448723404255319    0.030939217165488208
2.450531914893617    0.034897601874273876
2.452340425531915    0.037349561612586415
2.454148936170213    0.04000983800547077
2.455957446808511    0.044075640622857654
2.4577659574468087    0.049158295929858084
2.4595744680851066    0.0537050509466451
2.4613829787234045    0.05653022003098332
2.4631914893617024    0.05805380655836456
2.465    0.06007754949287454
2.4668085106382978    0.06422050750178705
2.4686170212765957    0.07034663203176146
2.4704255319148936    0.076370127599149
2.4722340425531915    0.07966708991805078
2.4740425531914894    0.07896282439478809
2.4758510638297873    0.0751760041427451
2.477659574468085    0.07059322256809471
2.479468085106383    0.06712258780635828
2.481276595744681    0.06505672350817344
2.483085106382979    0.06323830867393741
2.4848936170212768    0.06030409524297679
2.4867021276595747    0.05585860927752208
2.4885106382978726    0.050644949968732506
2.4903191489361705    0.04574196200009992
2.4921276595744684    0.04162548684299684
2.493936170212766    0.03791757130940544
2.4957446808510637    0.033927596271311186
2.4975531914893616    0.029377924762605548
2.4993617021276595    0.024625133530952206
2.5011702127659574    0.020229534267512075
2.5029787234042553    0.01633553353427091
2.504787234042553    0.012455297204786261
2.506595744680851    0.007839314437866701
2.508404255319149    0.002089938849693671
2.510212765957447    -0.004503732937356394
2.512021276595745    -0.011154789337498035
2.5138297872340427    -0.017098423316687164
2.5156382978723406    -0.022026576343432587
2.5174468085106385    -0.026145631554611602
2.5192553191489364    -0.029875270966688426
2.5210638297872343    -0.0334437805241024
2.5228723404255318    -0.03666509260479072
2.5246808510638297    -0.039041665896479165
2.5264893617021276    -0.040134726842467154
2.5282978723404255    -0.03997432797308733
2.5301063829787234    -0.039220541658890475
2.5319148936170213    -0.03889716285374465
2.533723404255319    -0.03979446011065236
2.535531914893617    -0.04192628196615144
2.537340425531915    -0.044480658499598334
2.539148936170213    -0.046388030202055015
2.5409574468085108    -0.047125079811821284
2.5427659574468087    -0.0470988169869544
2.5445744680851066    -0.047229086870131366
2.5463829787234045    -0.048023311563350636
2.5481914893617024    -0.048947537707438364
2.5500000000000003    -0.04872896015536
2.551808510638298    -0.046434408953740076
2.5536170212765956    -0.042422872912189526
2.5554255319148935    -0.0382817127066399
2.5572340425531914    -0.03569997353000271
2.5590425531914893    -0.03519587288413319
2.560851063829787    -0.03580452359413624
2.562659574468085    -0.03601222274299098
2.564468085106383    -0.035101000941796
2.566276595744681    -0.033679994597025954
2.568085106382979    -0.032926189874615854
2.5698936170212767    -0.033273702584981725
2.5717021276595746    -0.03383477913581399
2.5735106382978725    -0.03315970756299235
2.5753191489361704    -0.03065161512062963
2.5771276595744683    -0.027271044773663836
2.578936170212766    -0.024782279106994175
2.580744680851064    -0.024169686419299972
2.5825531914893616    -0.02469063410015953
2.5843617021276595    -0.02449811900873497
2.5861702127659574    -0.022314047281029925
2.5879787234042553    -0.018615905767567623
2.589787234042553    -0.015202586409395064
2.591595744680851    -0.013495052674679472
2.593404255319149    -0.013128537511400439
2.595212765957447    -0.012167154018660115
2.5970212765957448    -0.008799887482737651
2.5988297872340427    -0.003009338871029287
2.6006382978723406    0.0032918174433504387
2.6024468085106385    0.007786569102356318
2.6042553191489364    0.00958963809948278
2.6060638297872343    0.009802274202016587
2.607872340425532    0.0103826815493204
2.60968085106383    0.012424017142655053
2.6114893617021275    0.015372750977385774
2.6132978723404254    0.017765281214910264
2.6151063829787233    0.01865799970742614
2.6169148936170212    0.018379434984966955
2.618723404255319    0.017982562948511395
2.620531914893617    0.01803931137118847
2.622340425531915    0.017991103789502562
2.624148936170213    0.01666410792461702
2.6259574468085107    0.013418459979575022
2.6277659574468086    0.00882595751613673
2.6295744680851065    0.00426058241960162
2.6313829787234044    0.000816335310117532
2.6331914893617023    -0.0014513678218370837
2.6350000000000002    -0.003331432829363221
2.636808510638298    -0.00558364399875508
2.638617021276596    -0.008231131227823324
2.6404255319148935    -0.01062066931354398
2.6422340425531914    -0.01210153577491376
2.6440425531914893    -0.012646106117865622
2.645851063829787    -0.012872630652829101
2.647659574468085    -0.01351952965705048
2.649468085106383    -0.01487636378698399
2.651276595744681    -0.016626432379490436
2.653085106382979    -0.018138931871138658
2.6548936170212767    -0.018897422708732334
2.6567021276595746    -0.018743683548620764
2.6585106382978725    -0.017858605305851434
2.6603191489361704    -0.016607929216939786
2.6621276595744683    -0.015390578296504975
2.663936170212766    -0.014524702022687973
2.665744680851064    -0.014156511532208638
2.667553191489362    -0.014216921869196614
2.6693617021276594    -0.014476740625159717
2.6711702127659573    -0.014683611460537371
2.6729787234042552    -0.014670114708280703
2.674787234042553    -0.014335427322453312
2.676595744680851    -0.01354108974013107
2.678404255319149    -0.012077218807220253
2.680212765957447    -0.009795551120528101
2.6820212765957447    -0.006805672517477782
2.6838297872340426    -0.0035074438225691455
2.6856382978723405    -0.00035409553243111224
2.6874468085106384    0.00248190612501689
2.6892553191489363    0.00522002527374234
2.6910638297872342    0.008210600460730993
2.692872340425532    0.01151110195041357
2.69468085106383    0.014704460248514045
2.696489361702128    0.017173202774369185
2.6982978723404254    0.018618023490070093
2.7001063829787233    0.019352770486954406
2.701914893617021    0.020082688406229565
2.703723404255319    0.021333067166077774
2.705531914893617    0.023014800812952187
2.707340425531915    0.02449303013587597
2.709148936170213    0.025080411362994673
2.7109574468085107    0.024521182146083183
2.7127659574468086    0.023079582618386017
2.7145744680851065    0.021223087642633885
2.7163829787234044    0.019232051196773244
2.7181914893617023    0.017077034958894233
2.72    0.014620387029771857
2.721808510638298    0.01191368127120266
2.723617021276596    0.009323291634319022
2.725425531914894    0.007405155952890388
2.7272340425531914    0.00665330897897772
2.7290425531914893    0.00729480816446555
2.730851063829787    0.009215086646202441
2.732659574468085    0.012005651994903577
2.734468085106383    0.015105147183832499
2.736276595744681    0.01800864445273604
2.7380851063829788    0.02048049227032344
2.7398936170212767    0.022649598939817377
2.7417021276595746    0.024891470758610666
2.7435106382978725    0.027542505381096934
2.7453191489361704    0.030640620570853982
2.7471276595744683    0.033886885422058366
2.748936170212766    0.03684773340602908
2.750744680851064    0.03921949549981868
2.752553191489362    0.04094412373128828
2.75436170212766    0.042123198422852684
2.7561702127659573    0.042860717947115004
2.757978723404255    0.043192093566661774
2.759787234042553    0.043122795973921865
2.761595744680851    0.042673703532702015
2.763404255319149    0.04185523424952596
2.765212765957447    0.040621811017060624
2.7670212765957447    0.03891329666059816
2.7688297872340426    0.03678128832995173
2.7706382978723405    0.03444986805275459
2.7724468085106384    0.03217729198876014
2.7742553191489363    0.029997945921542382
2.776063829787234    0.02761291298018787
2.777872340425532    0.024614873854688808
2.77968085106383    0.0209027184739212
2.781489361702128    0.01688916594936185
2.783297872340426    0.013238180310373299
2.7851063829787237    0.010319336340355676
2.786914893617021    0.007897945241301673
2.788723404255319    0.005412055035640103
2.790531914893617    0.0026204707253359577
2.792340425531915    -1.695158161218492e-05
2.7941489361702128    -0.0016779827013475121
2.7959574468085107    -0.002003179009867827
2.7977659574468086    -0.0016392488363369527
2.7995744680851065    -0.001909122087780448
2.8013829787234044    -0.003804022547001502
2.8031914893617023    -0.007163920589667376
2.805    -0.010799956126813863
2.806808510638298    -0.01347601596146628
2.808617021276596    -0.014877656742599226
2.810425531914894    -0.015711147499572267
2.8122340425531918    -0.016893489827806793
2.8140425531914897    -0.018639388880591308
2.815851063829787    -0.020313825197376532
2.817659574468085    -0.021146561472457526
2.819468085106383    -0.02105821350433644
2.821276595744681    -0.020756373112778052
2.8230851063829787    -0.02100689535934301
2.8248936170212766    -0.02182243666295732
2.8267021276595745    -0.02240071034060072
2.8285106382978724    -0.021895008409750366
2.8303191489361703    -0.020256674074290958
2.832127659574468    -0.018301391090164557
2.833936170212766    -0.016918821106879478
2.835744680851064    -0.016210172512916614
2.837553191489362    -0.015430214782054447
2.83936170212766    -0.013816953946126514
2.8411702127659577    -0.011488763652770705
2.8429787234042556    -0.009482623504656233
2.844787234042553    -0.008833708420617693
2.846595744680851    -0.009562061974706045
2.848404255319149    -0.010576247930924355
2.8502127659574468    -0.010649164127719116
2.8520212765957447    -0.00957364881558287
2.8538297872340426    -0.00838982407539374
2.8556382978723405    -0.008433563159767413
2.8574468085106384    -0.01008372454882105
2.8592553191489363    -0.012395238283783281
2.861063829787234    -0.013975814782403773
2.862872340425532    -0.014276126434226245
2.86468085106383    -0.014060667250534637
2.866489361702128    -0.014609555489815611
2.8682978723404258    -0.016424045765203753
2.8701063829787237    -0.018687336087217364
2.8719148936170216    -0.019996987647566716
2.873723404255319    -0.019647930637226314
2.875531914893617    -0.01821527584185438
2.877340425531915    -0.016885933594333463
2.8791489361702127    -0.01622830859007935
2.8809574468085106    -0.015640056392688555
2.8827659574468085    -0.014023026946458187
2.8845744680851064    -0.01098918574880911
2.8863829787234043    -0.007354949254774368
2.8881914893617022    -0.004397503493546407
2.89    -0.002614643228444343
2.891808510638298    -0.0012612211049071423
2.893617021276596    0.0008332734124125265
2.895425531914894    0.003973394286002225
2.8972340425531917    0.0071584035130537165
2.8990425531914896    0.008986239307907097
2.9008510638297875    0.009023007801308816
2.902659574468085    0.008251431020217219
2.904468085106383    0.00811442134889505
2.906276595744681    0.009096240866368508
2.9080851063829787    0.010278590688015265
2.9098936170212766    0.010336471528657585
2.9117021276595745    0.008963522224106664
2.9135106382978724    0.007250501197654713
2.9153191489361703    0.006593119460494236
2.917127659574468    0.007227201933552668
2.918936170212766    0.00791515694073452
2.920744680851064    0.007164851694751062
2.922553191489362    0.004788656068261791
2.92436170212766    0.0022197140884825323
2.9261702127659577    0.0012254041899364154
2.9279787234042556    0.0022722701020741584
2.9297872340425535    0.004156524784758054
2.931595744680851    0.005239983347182904
2.933404255319149    0.0050173270538100105
2.9352127659574467    0.00443728854233153
2.9370212765957446    0.00471309329788208
2.9388297872340425    0.005923534767055148
2.9406382978723404    0.0068999515985736
2.9424468085106383    0.006517210432433529
2.9442553191489362    0.005001552662259252
2.946063829787234    0.003822066324989609
2.947872340425532    0.004214304113269601
2.94968085106383    0.005854116884776217
2.951489361702128    0.007102895120472777
2.9532978723404257    0.006644527110574261
2.9551063829787236    0.004870270088275874
2.9569148936170215    0.003571817927533607
2.9587234042553194    0.004200793328576393
2.960531914893617    0.006421463866364146
2.962340425531915    0.00841349542251095
2.9641489361702127    0.008632911062477468
2.9659574468085106    0.007282295710899032
2.9677659574468085    0.006047737805786286
2.9695744680851064    0.00640574336041772
2.9713829787234043    0.008212549543491364
2.973191489361702    0.009952702394499415
2.975    0.01032264435378639
2.976808510638298    0.009505190761317924
2.978617021276596    0.008868230198506332
2.980425531914894    0.009461283465397418
2.9822340425531917    0.010889532705394252
2.9840425531914896    0.01171042188127293
2.9858510638297875    0.010913517025761788
2.9876595744680854    0.008949231279007907
2.989468085106383    0.007261294828476159
2.9912765957446807    0.006813591041629661
2.9930851063829786    0.0071077598828055005
2.9948936170212765    0.006668238207832369
2.9967021276595744    0.00449006124790895
2.9985106382978723    0.0010061828008640812
3.0003191489361702    -0.0023529998836027497
3.002127659574468    -0.004526596895286598
3.003936170212766    -0.005752572967004796
3.005744680851064    -0.0071804329948525
3.007553191489362    -0.009608462577855106
3.0093617021276597    -0.012621843366886796
3.0111702127659576    -0.014971300539328047
3.0129787234042555    -0.01580183815920359
3.0147872340425534    -0.015531827557919955
3.0165957446808513    -0.015544054812119668
3.0184042553191492    -0.016985580087507803
3.0202127659574467    -0.019784112074648582
3.0220212765957446    -0.022745133225798884
3.0238297872340425    -0.024583242848805167
3.0256382978723404    -0.024928812654867575
3.0274468085106383    -0.024450839451972645
3.029255319148936    -0.024087197648789065
3.031063829787234    -0.0241562538838694
3.032872340425532    -0.02415110787324892
3.03468085106383    -0.023331704705705333
3.036489361702128    -0.021501762091037376
3.0382978723404257    -0.019238775283274886
3.0401063829787236    -0.017393539018668424
3.0419148936170215    -0.016349823198567103
3.0437234042553194    -0.01572176171773881
3.0455319148936173    -0.014732276625772547
3.047340425531915    -0.012893608281998765
3.0491489361702127    -0.01037450029970672
3.0509574468085106    -0.007773035125864448
3.0527659574468085    -0.005570260452615931
3.0545744680851064    -0.003788822030076206
3.0563829787234043    -0.0021203684340798746
3.058191489361702    -0.0003118631724649294
3.06    0.0016074091018192112
3.061808510638298    0.003441427518463887
3.063617021276596    0.0050763819202946335
3.0654255319148938    0.0065359839968744185
3.0672340425531917    0.007787741258510887
3.0690425531914896    0.008581932266213219
3.0708510638297875    0.008603228323461776
3.0726595744680854    0.007847250617845317
3.0744680851063833    0.006806477012681233
3.076276595744681    0.0061672058114066
3.0780851063829786    0.006218283380076231
3.0798936170212765    0.006540206123323214
3.0817021276595744    0.006345652854637687
3.0835106382978723    0.00521672735938882
3.08531914893617    0.003549223858288479
3.087127659574468    0.002247281464022393
3.088936170212766    0.0019263244388043515
3.090744680851064    0.002377018770689407
3.092553191489362    0.0028052935208926653
3.0943617021276597    0.0026098240785302216
3.0961702127659576    0.0019364608048967518
3.0979787234042555    0.0014825168500263823
3.0997872340425534    0.0017738993539846634
3.1015957446808513    0.0026460152353040183
3.103404255319149    0.0034238540959821923
3.105212765957447    0.003580592029714256
3.1070212765957446    0.003197889901668992
3.1088297872340425    0.002800572813709135
3.1106382978723404    0.0027984464169869888
3.1124468085106383    0.003138250404306971
3.114255319148936    0.0034882049670743277
3.116063829787234    0.0036851086964068145
3.117872340425532    0.003917768140411655
3.11968085106383    0.004455771043654435
3.1214893617021278    0.005264073048252018
3.1232978723404257    0.005975871494760853
3.1251063829787236    0.006286587895696432
3.1269148936170215    0.006339501499182651
3.1287234042553194    0.006650092479643047
3.1305319148936173    0.007600670288187887
3.132340425531915    0.009011756330279407
3.134148936170213    0.01024616063257416
3.1359574468085105    0.010767217419377414
3.1377659574468084    0.010609658693875753
3.1395744680851063    0.010310037695937746
3.141382978723404    0.010385607186594113
3.143191489361702    0.010883989302895258
3.145    0.01141941015470642
3.146808510638298    0.011602744882214786
3.148617021276596    0.011399878779778768
3.1504255319148937    0.011078531391146718
3.1522340425531916    0.010854648195488686
3.1540425531914895    0.010635608794884847
3.1558510638297874    0.010105455573382681
3.1576595744680853    0.00901683301447263
3.159468085106383    0.007371854767606222
3.161276595744681    0.0053551380753868345
3.163085106382979    0.0031746190316384246
3.1648936170212765    0.0010186370409853984
3.1667021276595744    -0.000884987194918947
3.1685106382978723    -0.0023107967421252544
3.17031914893617    -0.0032640969721297194
3.172127659574468    -0.004174088839744072
3.173936170212766    -0.00572846098395767
3.175744680851064    -0.008338958461779586
3.1775531914893618    -0.01167628429803008
3.1793617021276597    -0.014782714317176275
3.1811702127659576    -0.01678335739172663
3.1829787234042555    -0.017599772008872264
3.1847872340425534    -0.017973207691444504
3.1865957446808513    -0.01871376336001617
3.188404255319149    -0.01985982843113196
3.190212765957447    -0.020579564480241765
3.192021276595745    -0.019961705775680842
3.1938297872340424    -0.017959174622900337
3.1956382978723403    -0.015552424297969061
3.1974468085106382    -0.01393048619653231
3.199255319148936    -0.013453199059468908
3.201063829787234    -0.013393960598252236
3.202872340425532    -0.012708771038429937
3.20468085106383    -0.011069623605025045
3.2064893617021277    -0.009146914244419047
3.2082978723404256    -0.007885579500864374
3.2101063829787235    -0.007527308363026675
3.2119148936170214    -0.007368066652917848
3.2137234042553193    -0.006475310449397255
3.2155319148936172    -0.004614420981990018
3.217340425531915    -0.002445276070840002
3.219148936170213    -0.0008215299532371547
3.220957446808511    5.904163148253631e-05
3.2227659574468084    0.0007896822088309699
3.2245744680851063    0.002087591173274904
3.226382978723404    0.0040651795147003435
3.228191489361702    0.006195267292172986
3.23    0.007946479144678513
3.231808510638298    0.009350249083349913
3.233617021276596    0.010873388185869635
3.2354255319148937    0.01276260055536811
3.2372340425531916    0.014620430097901553
3.2390425531914895    0.015718888569291857
3.2408510638297874    0.015740752752943912
3.2426595744680853    0.015153913492804916
3.244468085106383    0.014799706667878026
3.246276595744681    0.0151051683232655
3.248085106382979    0.01572010859017746
3.249893617021277    0.015923687354776256
3.251702127659575    0.01534486203186268
3.2535106382978722    0.014250835801668311
3.25531914893617    0.013159350195461599
3.257127659574468    0.012253647693367158
3.258936170212766    0.011245037625373502
3.260744680851064    0.009794333943648925
3.2625531914893617    0.007985112748372564
3.2643617021276596    0.006311213232282701
3.2661702127659575    0.00519842205504115
3.2679787234042554    0.004588642468750719
3.2697872340425533    0.004024781635912501
3.2715957446808512    0.0031169690099773165
3.273404255319149    0.0018764126771971205
3.275212765957447    0.0005877613782820099
3.277021276595745    -0.0005848546885963862
3.278829787234043    -0.0017912064414542799
3.2806382978723407    -0.0032790910596386066
3.282446808510638    -0.005030586980298799
3.284255319148936    -0.006668532221683305
3.286063829787234    -0.007747297765560605
3.287872340425532    -0.008135330185295424
3.28968085106383    -0.008121119469934872
3.2914893617021277    -0.008169839088323957
3.2932978723404256    -0.008579592441058128
3.2951063829787235    -0.009320410586779206
3.2969148936170214    -0.010122394444364018
3.2987234042553193    -0.010683521094003876
3.300531914893617    -0.010853888820214676
3.302340425531915    -0.010733390953312171
3.304148936170213    -0.010649806800670618
3.305957446808511    -0.010983095857847121
3.307765957446809    -0.011888967943596694
3.3095744680851067    -0.013129138530561808
3.311382978723404    -0.014225518642648354
3.313191489361702    -0.014890437106304902
3.315    -0.01535307530124434
3.316808510638298    -0.016200194868160257
3.3186170212765957    -0.017792668952388502
3.3204255319148936    -0.019805535110852295
3.3222340425531915    -0.021411353717476874
3.3240425531914894    -0.022012836998747103
3.3258510638297873    -0.021823657796316457
3.3276595744680852    -0.021674677285214047
3.329468085106383    -0.02218491250072203
3.331276595744681    -0.023117995722746008
3.333085106382979    -0.02359678574224697
3.334893617021277    -0.022974835867568984
3.3367021276595747    -0.021469090373316877
3.3385106382978726    -0.019899997894067056
3.34031914893617    -0.018828777299819573
3.342127659574468    -0.01801883047446883
3.343936170212766    -0.016783442997369908
3.345744680851064    -0.014807983010192854
3.3475531914893617    -0.012521419280683278
3.3493617021276596    -0.01060841166667291
3.3511702127659575    -0.009225410619444045
3.3529787234042554    -0.007821502789227948
3.3547872340425533    -0.005780171828350035
3.356595744680851    -0.0031573200096799304
3.358404255319149    -0.0006639363893893146
3.360212765957447    0.001109022300434558
3.362021276595745    0.002352149778916131
3.363829787234043    0.0038200641426664452
3.3656382978723407    0.005962268324933223
3.3674468085106386    0.008393019636775221
3.369255319148936    0.010334046569421447
3.371063829787234    0.011555328137637152
3.372872340425532    0.012729113315206333
3.3746808510638298    0.014730649248095463
3.3764893617021277    0.01761444203687507
3.3782978723404256    0.02042219147850469
3.3801063829787235    0.022107381189378893
3.3819148936170214    0.022616757101872876
3.3837234042553193    0.02294161690682753
3.385531914893617    0.024043008948431446
3.387340425531915    0.02579481357459915
3.389148936170213    0.027100611926173284
3.390957446808511    0.027076617187145883
3.3927659574468088    0.02602403462970466
3.3945744680851067    0.02513312144486404
3.3963829787234046    0.025243261738221844
3.398191489361702    0.026012787434496244
3.4    0.026391495023645035
3.401808510638298    0.02584636283043699
3.4036170212765957    0.024966345670845432
3.4054255319148936    0.02477922961013623
3.4072340425531915    0.02555934262833699
3.4090425531914894    0.02647214125320597
3.4108510638297873    0.02645780656196473
3.412659574468085    0.025363397274321905
3.414468085106383    0.024057320607927157
3.416276595744681    0.0234087856510836
3.418085106382979    0.023291110002736554
3.419893617021277    0.022731541876886776
3.4217021276595747    0.02102644698962645
3.4235106382978726    0.01854872668343478
3.4253191489361705    0.01633190845972685
3.427127659574468    0.014912468983392456
3.428936170212766    0.013755084856897477
3.4307446808510638    0.011912152642510512
3.4325531914893617    0.009149363892203298
3.4343617021276596    0.006231887874216078
3.4361702127659575    0.004033914897574551
3.4379787234042554    0.002501737806401002
3.4397872340425533    0.0006893485562815553
3.441595744680851    -0.002139759492873283
3.443404255319149    -0.005594328063905257
3.445212765957447    -0.008492852485548288
3.447021276595745    -0.01010895744046749
3.4488297872340428    -0.010928999428608581
3.4506382978723407    -0.012062871042691693
3.4524468085106386    -0.013976013782532694
3.4542553191489365    -0.015986965175055524
3.456063829787234    -0.017101510697024903
3.457872340425532    -0.01722023477240612
3.4596808510638297    -0.01732001305033648
3.4614893617021276    -0.018382982514142596
3.4632978723404255    -0.020290264066184546
3.4651063829787234    -0.02195011125162774
3.4669148936170213    -0.022521039469915606
3.468723404255319    -0.022336199981871592
3.470531914893617    -0.022483212102076156
3.472340425531915    -0.023545387246447683
3.474148936170213    -0.024970146438483026
3.475957446808511    -0.02578221897507557
3.4777659574468087    -0.025772711638669968
3.4795744680851066    -0.02572943401293442
3.4813829787234045    -0.026409275274839612
3.4831914893617024    -0.027471983740643045
3.4850000000000003    -0.02769520984643148
3.4868085106382978    -0.026306525216324594
3.4886170212765957    -0.023910429661476787
3.4904255319148936    -0.02187999232348864
3.4922340425531915    -0.020836449092429814
3.4940425531914894    -0.01994347285678049
3.4958510638297873    -0.01786929547473986
3.497659574468085    -0.014362216201351162
3.499468085106383    -0.01063226389118183
3.501276595744681    -0.008053420505561595
3.503085106382979    -0.0066316323420170745
3.5048936170212768    -0.005002528961537118
3.5067021276595747    -0.0020094700160252187
3.5085106382978726    0.00191132040768792
3.5103191489361705    0.005142771668680706
3.5121276595744684    0.006679463506618635
3.5139361702127663    0.007289145901764432
3.5157446808510637    0.00870322181896678
3.5175531914893616    0.011710943010529506
3.5193617021276595    0.015286797430401091
3.5211702127659574    0.017731650548200178
3.5229787234042553    0.01853921668444609
3.5247872340425532    0.018884202603109444
3.526595744680851    0.020200785351657282
3.528404255319149    0.022494375678383912
3.530212765957447    0.024326112546694135
3.532021276595745    0.024486746307620485
3.5338297872340427    0.023430717090661194
3.5356382978723406    0.022802020919199927
3.5374468085106385    0.02356206137641335
3.5392553191489364    0.02484165647300093
3.5410638297872343    0.02484025157119241
3.5428723404255322    0.02278818138766406
3.5446808510638297    0.01979200045552847
3.5464893617021276    0.017646808630339805
3.5482978723404255    0.016973590404846427
3.5501063829787234    0.016746341021527517
3.5519148936170213    0.01564784773370301
3.553723404255319    0.01362602133016376
3.555531914893617    0.011868862839135828
3.557340425531915    0.011300356413021326
3.559148936170213    0.011413146557745526
3.560957446808511    0.010825706506798531
3.5627659574468087    0.008911408142405812
3.5645744680851066    0.006581852087423585
3.5663829787234045    0.005284500322441167
3.5681914893617024    0.005352450604229531
3.5700000000000003    0.0056078351092257155
3.571808510638298    0.004683813218722891
3.5736170212765956    0.0025546138500419906
3.5754255319148935    0.0005285409351027891
3.5772340425531914    -0.0002698497680220514
3.5790425531914893    -0.00017228304158595881
3.5808510638297872    -0.0005386136844803474
3.582659574468085    -0.0021444963263378054
3.584468085106383    -0.004263481421738876
3.586276595744681    -0.0055091679368537965
3.588085106382979    -0.005463007804872891
3.5898936170212767    -0.005202139302972366
3.5917021276595746    -0.0061047429520419885
3.5935106382978725    -0.008288362298542618
3.5953191489361704    -0.010456497186212423
3.5971276595744683    -0.01131825250561112
3.5989361702127662    -0.010961498974664075
3.600744680851064    -0.01064060289079033
3.6025531914893616    -0.011269943905967462
3.6043617021276595    -0.012379632607038744
3.6061702127659574    -0.012720532824617804
3.6079787234042553    -0.011785036477049867
3.609787234042553    -0.010462568600709841
3.611595744680851    -0.010068953940644106
3.613404255319149    -0.01087896020689675
3.615212765957447    -0.011862532791647163
