0.0    0.0
0.0018085106382978724    0.0
0.003617021276595745    0.0
0.005425531914893617    0.0
0.00723404255319149    0.0
0.009042553191489363    0.0
0.010851063829787235    0.0
0.012659574468085107    0.0
0.01446808510638298    0.0
0.016276595744680853    0.0
0.018085106382978725    0.0
0.019893617021276597    0.0
0.02170212765957447    0.0
0.023510638297872342    0.0
0.025319148936170214    0.0
0.027127659574468086    0.0
0.02893617021276596    0.0
0.03074468085106383    0.0
0.032553191489361706    0.0
0.03436170212765958    0.0
0.03617021276595745    0.0
0.03797872340425532    0.0
0.039787234042553195    0.0
0.04159574468085107    0.0
0.04340425531914894    0.0
0.04521276595744681    0.0
0.047021276595744683    0.0
0.048829787234042556    0.0
0.05063829787234043    0.0
0.0524468085106383    0.0
0.05425531914893617    0.0
0.056063829787234044    0.0
0.05787234042553192    0.0
0.05968085106382979    0.0
0.06148936170212766    0.0
0.06329787234042554    0.0
0.06510638297872341    0.0
0.06691489361702128    0.0
0.06872340425531916    0.0
0.07053191489361703    0.0
0.0723404255319149    0.0
0.07414893617021277    0.0
0.07595744680851065    0.0
0.07776595744680852    0.0
0.07957446808510639    0.0
0.08138297872340426    0.0
0.08319148936170213    0.0
0.085    0.0
0.08680851063829788    0.0
0.08861702127659575    0.0
0.09042553191489362    0.0
0.0922340425531915    0.0
0.09404255319148937    0.0
0.09585106382978724    0.0
0.09765957446808511    0.0
0.09946808510638298    0.0
0.10127659574468086    0.0
0.10308510638297873    0.0
0.1048936170212766    0.0
0.10670212765957447    0.0
0.10851063829787234    0.0
0.11031914893617022    0.0
0.11212765957446809    0.0
0.11393617021276596    0.0
0.11574468085106383    0.0
0.1175531914893617    0.0
0.11936170212765958    0.0
0.12117021276595745    0.0
0.12297872340425532    0.0
0.1247872340425532    0.0
0.12659574468085108    0.0
0.12840425531914895    0.0
0.13021276595744682    0.0
0.1320212765957447    0.0
0.13382978723404257    0.0
0.13563829787234044    0.0
0.1374468085106383    0.0
0.13925531914893619    0.0
0.14106382978723406    0.0
0.14287234042553193    0.0
0.1446808510638298    0.0
0.14648936170212767    0.0
0.14829787234042555    0.0
0.15010638297872342    0.0
0.1519148936170213    0.0
0.15372340425531916    0.0
0.15553191489361703    0.0
0.1573404255319149    0.0
0.15914893617021278    0.0
0.16095744680851065    0.0
0.16276595744680852    0.0
0.1645744680851064    0.0
0.16638297872340427    0.0
0.16819148936170214    0.0
0.17    0.0
0.17180851063829788    0.0
0.17361702127659576    0.0
0.17542553191489363    0.0
0.1772340425531915    0.0
0.17904255319148937    0.0
0.18085106382978725    0.0
0.18265957446808512    0.0
0.184468085106383    0.0
0.18627659574468086    0.0
0.18808510638297873    0.0
0.1898936170212766    0.0
0.19170212765957448    0.0
0.19351063829787235    0.0
0.19531914893617022    0.0
0.1971276595744681    0.0
0.19893617021276597    0.0
0.20074468085106384    0.0
0.2025531914893617    0.0
0.20436170212765958    0.0
0.20617021276595746    0.0
0.20797872340425533    0.0
0.2097872340425532    0.0
0.21159574468085107    0.0
0.21340425531914894    0.0
0.21521276595744682    0.0
0.2170212765957447    0.0
0.21882978723404256    0.0
0.22063829787234043    0.0
0.2224468085106383    0.0
0.22425531914893618    0.0
0.22606382978723405    0.0
0.22787234042553192    0.0
0.2296808510638298    0.0
0.23148936170212767    0.0
0.23329787234042554    0.0
0.2351063829787234    0.0
0.23691489361702128    0.0
0.23872340425531915    0.0
0.24053191489361703    0.0
0.2423404255319149    0.0
0.24414893617021277    0.0
0.24595744680851064    0.0
0.24776595744680852    0.0
0.2495744680851064    0.0
0.25138297872340426    0.0
0.25319148936170216    0.0
0.255    0.0
0.2568085106382979    0.0
0.25861702127659575    0.0
0.26042553191489365    0.0
0.2622340425531915    0.0
0.2640425531914894    0.0
0.26585106382978724    0.0
0.26765957446808514    0.0
0.269468085106383    0.0
0.2712765957446809    0.0
0.2730851063829787    0.0
0.2748936170212766    0.0
0.27670212765957447    0.0
0.27851063829787237    0.0
0.2803191489361702    0.0
0.2821276595744681    0.0
0.28393617021276596    0.0
0.28574468085106386    0.0
0.2875531914893617    0.0
0.2893617021276596    0.0
0.29117021276595745    0.0
0.29297872340425535    0.0
0.2947872340425532    0.0
0.2965957446808511    0.0
0.29840425531914894    0.0
0.30021276595744684    0.0
0.3020212765957447    0.0
0.3038297872340426    0.0
0.3056382978723404    0.0
0.3074468085106383    0.0
0.30925531914893617    0.0
0.31106382978723407    0.0
0.3128723404255319    0.0
0.3146808510638298    0.0
0.31648936170212766    0.0
0.31829787234042556    0.0
0.3201063829787234    0.0
0.3219148936170213    0.0
0.32372340425531915    0.0
0.32553191489361705    0.0
0.3273404255319149    0.0
0.3291489361702128    0.0
0.33095744680851064    0.0
0.33276595744680854    0.0
0.3345744680851064    0.0
0.3363829787234043    0.0
0.3381914893617021    0.0
0.34    0.0
0.34180851063829787    0.0
0.34361702127659577    0.0
0.3454255319148936    0.0
0.3472340425531915    0.0
0.34904255319148936    0.0
0.35085106382978726    0.0
0.3526595744680851    0.0
0.354468085106383    0.0
0.35627659574468085    0.0
0.35808510638297875    0.0
0.3598936170212766    0.0
0.3617021276595745    0.0
0.36351063829787233    0.0
0.36531914893617023    0.0
0.3671276595744681    0.0
0.368936170212766    0.0
0.3707446808510638    0.0
0.3725531914893617    0.0
0.37436170212765957    0.0
0.37617021276595747    0.0
0.3779787234042553    0.0
0.3797872340425532    0.0
0.38159574468085106    0.0
0.38340425531914896    0.0
0.3852127659574468    0.0
0.3870212765957447    0.0
0.38882978723404255    0.0
0.39063829787234045    0.0
0.3924468085106383    0.0
0.3942553191489362    0.0
0.39606382978723403    0.0
0.39787234042553193    0.0
0.3996808510638298    0.0
0.4014893617021277    0.0
0.4032978723404255    0.0
0.4051063829787234    0.0
0.40691489361702127    0.0
0.40872340425531917    0.0
0.410531914893617    0.0
0.4123404255319149    0.0
0.41414893617021276    0.0
0.41595744680851066    0.0
0.4177659574468085    0.0
0.4195744680851064    0.0
0.42138297872340424    0.0
0.42319148936170214    0.0
0.425    0.0
0.4268085106382979    0.0
0.42861702127659573    0.0
0.43042553191489363    0.0
0.4322340425531915    0.0
0.4340425531914894    0.0
0.4358510638297872    0.0
0.4376595744680851    0.0
0.43946808510638297    0.0
0.44127659574468087    0.0
0.4430851063829787    0.0
0.4448936170212766    0.0
0.44670212765957445    0.0
0.44851063829787235    0.0
0.4503191489361702    0.0
0.4521276595744681    0.0
0.45393617021276594    0.0
0.45574468085106384    0.0
0.4575531914893617    0.0
0.4593617021276596    0.0
0.46117021276595743    0.0
0.46297872340425533    0.0
0.46478723404255323    0.0
0.4665957446808511    0.0
0.468404255319149    0.0
0.4702127659574468    0.0
0.4720212765957447    0.0
0.47382978723404257    0.0
0.47563829787234047    0.0
0.4774468085106383    0.0
0.4792553191489362    0.0
0.48106382978723405    0.0
0.48287234042553195    0.0
0.4846808510638298    0.0
0.4864893617021277    0.0
0.48829787234042554    0.0
0.49010638297872344    0.0
0.4919148936170213    0.0
0.4937234042553192    0.0
0.49553191489361703    0.0
0.49734042553191493    0.0
0.4991489361702128    0.0
0.5009574468085106    0.0
0.5027659574468085    0.0
0.5045744680851064    0.0
0.5063829787234043    0.0
0.5081914893617021    0.0
0.51    0.0
0.5118085106382979    0.0
0.5136170212765958    0.0
0.5154255319148936    0.0
0.5172340425531915    0.0
0.5190425531914894    0.0
0.5208510638297873    0.0
0.5226595744680851    0.0
0.524468085106383    0.0
0.5262765957446809    0.0
0.5280851063829788    0.0
0.5298936170212766    0.0
0.5317021276595745    0.0
0.5335106382978724    0.0
0.5353191489361703    0.0
0.5371276595744681    0.0
0.538936170212766    0.0
0.5407446808510639    0.0
0.5425531914893618    0.0
0.5443617021276596    0.0
0.5461702127659575    0.0
0.5479787234042554    0.0
0.5497872340425533    0.0
0.551595744680851    0.0
0.5534042553191489    0.0
0.5552127659574468    0.0
0.5570212765957447    0.0
0.5588297872340425    0.0
0.5606382978723404    0.0
0.5624468085106383    0.0
0.5642553191489362    0.0
0.566063829787234    0.0
0.5678723404255319    0.0
0.5696808510638298    0.0
0.5714893617021277    0.0
0.5732978723404255    0.0
0.5751063829787234    0.0
0.5769148936170213    0.0
0.5787234042553192    0.0
0.580531914893617    0.0
0.5823404255319149    0.0
0.5841489361702128    0.0
0.5859574468085107    0.0
0.5877659574468085    0.0
0.5895744680851064    0.0
0.5913829787234043    0.0
0.5931914893617022    0.0
0.595    0.0
0.5968085106382979    0.0
0.5986170212765958    0.0
0.6004255319148937    0.0
0.6022340425531915    0.0
0.6040425531914894    0.0
0.6058510638297873    0.0
0.6076595744680852    0.0
0.609468085106383    0.0
0.6112765957446809    0.0
0.6130851063829788    0.0
0.6148936170212767    0.0
0.6167021276595744    0.0
0.6185106382978723    0.0
0.6203191489361702    0.0
0.6221276595744681    0.0
0.6239361702127659    0.0
0.6257446808510638    0.0
0.6275531914893617    0.0
0.6293617021276596    0.0
0.6311702127659574    0.0
0.6329787234042553    0.0
0.6347872340425532    0.0
0.6365957446808511    0.0
0.6384042553191489    0.0
0.6402127659574468    0.0
0.6420212765957447    0.0
0.6438297872340426    0.0
0.6456382978723404    0.0
0.6474468085106383    0.0
0.6492553191489362    0.0
0.6510638297872341    0.0
0.6528723404255319    0.0
0.6546808510638298    5.4e-323
0.6564893617021277    2.144e-321
0.6582978723404256    7.4223e-320
0.6601063829787234    2.50559e-318
0.6619148936170213    8.298733e-317
0.6637234042553192    2.697822994e-315
0.6655319148936171    8.6101211025e-314
0.6673404255319149    2.698290589353e-312
0.6691489361702128    8.3049940640927e-311
0.6709574468085107    2.51100037545837e-309
0.6727659574468086    7.459247568701722e-308
0.6745744680851063    2.1775408569647355e-306
0.6763829787234042    6.248003450218925e-305
0.6781914893617021    1.7623772562963393e-303
0.68    4.887836059948964e-302
0.6818085106382978    1.3331237645459473e-300
0.6836170212765957    3.5763077832298633e-299
0.6854255319148936    9.43806470797422e-298
0.6872340425531915    2.4506785014918586e-296
0.6890425531914893    6.262033623327101e-295
0.6908510638297872    1.574849799734826e-293
0.6926595744680851    3.898749443430789e-292
0.694468085106383    9.502556597548722e-291
0.6962765957446809    2.2806038883000883e-289
0.6980851063829787    5.390358367618107e-288
0.6998936170212766    1.254893250351431e-286
0.7017021276595745    2.877922919976777e-285
0.7035106382978724    6.502727290019193e-284
0.7053191489361702    1.4478235968978815e-282
0.7071276595744681    3.1768606917778903e-281
0.708936170212766    6.870696729377365e-280
0.7107446808510639    1.4648062000485245e-278
0.7125531914893617    3.078875140405556e-277
0.7143617021276596    6.381037573557709e-276
0.7161702127659575    1.304162568986413e-274
0.7179787234042554    2.62885335998603e-273
0.7197872340425532    5.2269376381722055e-272
0.7215957446808511    1.0252407978095983e-270
0.723404255319149    1.9840494522979434e-269
0.7252127659574469    3.7885828955461943e-268
0.7270212765957447    7.1391684592460795e-267
0.7288297872340426    1.3277400995221325e-265
0.7306382978723405    2.437364242905612e-264
0.7324468085106384    4.4168870987026546e-263
0.7342553191489362    7.90217265072735e-262
0.7360638297872341    1.3959061830080522e-260
0.737872340425532    2.434949201978088e-259
0.7396808510638299    4.194607397014798e-258
0.7414893617021276    7.13680103793259e-257
0.7432978723404255    1.1994142144038676e-255
0.7451063829787234    1.9912691408187445e-254
0.7469148936170213    3.266082308754253e-253
0.7487234042553191    5.2929926355177e-252
0.750531914893617    8.476029818666898e-251
0.7523404255319149    1.3413438456579693e-249
0.7541489361702128    2.097891834615405e-248
0.7559574468085106    3.2430952222927955e-247
0.7577659574468085    4.955730804045899e-246
0.7595744680851064    7.486250257270856e-245
0.7613829787234043    1.1180630726482194e-243
0.7631914893617021    1.651010305671813e-242
0.765    2.410740511249576e-241
0.7668085106382979    3.4809961212288386e-240
0.7686170212765958    4.970999385040741e-239
0.7704255319148936    7.021100770834672e-238
0.7722340425531915    9.808933590441449e-237
0.7740425531914894    1.355585080124154e-235
0.7758510638297873    1.8533311409619658e-234
0.7776595744680851    2.506876514813864e-233
0.779468085106383    3.355046343419749e-232
0.7812765957446809    4.4430513452597397e-231
0.7830851063829788    5.822540470221755e-230
0.7848936170212766    7.55131896068211e-229
0.7867021276595745    9.692650852176857e-228
0.7885106382978724    1.2314073019785084e-226
0.7903191489361703    1.5485664368008082e-225
0.7921276595744681    1.9277739326602928e-224
0.793936170212766    2.3757969322663146e-223
0.7957446808510639    2.89879782608147e-222
0.7975531914893618    3.5019506112212636e-221
0.7993617021276596    4.189028529615533e-220
0.8011702127659575    4.961982353637229e-219
0.8029787234042554    5.820532955889154e-218
0.8047872340425533    6.761804941550514e-217
0.806595744680851    7.780029668616244e-216
0.808404255319149    8.866345547818697e-215
0.8102127659574468    1.000872085017041e-213
0.8120212765957447    1.1192019287234803e-212
0.8138297872340425    1.239822151022415e-211
0.8156382978723404    1.3606806762913426e-210
0.8174468085106383    1.479528879127754e-209
0.8192553191489362    1.5939889499040046e-208
0.821063829787234    1.7016323589460898e-207
0.8228723404255319    1.8000658425701319e-206
0.8246808510638298    1.8870206394324533e-205
0.8264893617021277    1.960440284653327e-204
0.8282978723404255    2.0185621681599846e-203
0.8301063829787234    2.0599883019315734e-202
0.8319148936170213    2.083741307999898e-201
0.8337234042553192    2.089302495674558e-200
0.835531914893617    2.0766299773419053e-199
0.8373404255319149    2.0461559926466854e-198
0.8391489361702128    1.998763874872311e-197
0.8409574468085107    1.9357463027365216e-196
0.8427659574468085    1.858747544570038e-195
0.8445744680851064    1.7696932442436385e-194
0.8463829787234043    1.6707118652587048e-193
0.8481914893617022    1.5640521727290479e-192
0.85    1.4520010909180997e-191
0.8518085106382979    1.3368059500975575e-190
0.8536170212765958    1.2206045755626473e-189
0.8554255319148937    1.1053659340516783e-188
0.8572340425531915    9.92843207822895e-188
0.8590425531914894    8.845402854336972e-187
0.8608510638297873    7.816918075668974e-186
0.8626595744680852    6.852561430018477e-185
0.864468085106383    5.959200374335963e-184
0.8662765957446809    5.14113204106206e-183
0.8680851063829788    4.4003082202545065e-182
0.8698936170212767    3.736617719837288e-181
0.8717021276595744    3.1482045751668166e-180
0.8735106382978723    2.6318020272362116e-179
0.8753191489361702    2.183064613711308e-178
0.8771276595744681    1.7968837928760219e-177
0.8789361702127659    1.467675929131391e-176
0.8807446808510638    1.1896349236147474e-175
0.8825531914893617    9.569450377585452e-175
0.8843617021276596    7.639523531952482e-174
0.8861702127659574    6.052957220575801e-173
0.8879787234042553    4.7599992966995925e-172
0.8897872340425532    3.7153511007535833e-171
0.8915957446808511    2.8784725761215604e-170
0.8934042553191489    2.2136502775601863e-169
0.8952127659574468    1.6898799825557814e-168
0.8970212765957447    1.2806125519506722e-167
0.8988297872340426    9.634066490146957e-167
0.9006382978723404    7.195257102850084e-166
0.9024468085106383    5.335098453242532e-165
0.9042553191489362    3.927466665966834e-164
0.9060638297872341    2.870588127659153e-163
0.9078723404255319    2.0832039197849788e-162
0.9096808510638298    1.5010988120373847e-161
0.9114893617021277    1.0740322215569074e-160
0.9132978723404256    7.630792935351751e-160
0.9151063829787234    5.383689654140159e-159
0.9169148936170213    3.771914850304483e-158
0.9187234042553192    2.6243916791461472e-157
0.9205319148936171    1.8133999301277039e-156
0.9223404255319149    1.244428188223634e-155
0.9241489361702128    8.481455587604884e-155
0.9259574468085107    5.741272086964322e-154
0.9277659574468086    3.860075536603412e-153
0.9295744680851065    2.577781151481843e-152
0.9313829787234043    1.7099025414119404e-151
0.9331914893617022    1.1266373160640592e-150
0.935    7.373889627066268e-150
0.936808510638298    4.794253683112446e-149
0.9386170212765957    3.0964872644814426e-148
0.9404255319148936    1.986796624708094e-147
0.9422340425531915    1.2664415801064966e-146
0.9440425531914894    8.020034421356376e-146
0.9458510638297872    5.0458949886820586e-145
0.9476595744680851    3.1541515702477233e-144
0.949468085106383    1.9589378049491495e-143
0.9512765957446809    1.2088258209269262e-142
0.9530851063829787    7.41178732276135e-142
0.9548936170212766    4.5155364632275386e-141
0.9567021276595745    2.7335931740364235e-140
0.9585106382978724    1.6443996242545002e-139
0.9603191489361702    9.829706512472382e-139
0.9621276595744681    5.839075123825165e-138
0.963936170212766    3.44689805229233e-137
0.9657446808510639    2.0221069194260717e-136
0.9675531914893617    1.1789121186913692e-135
0.9693617021276596    6.830785249266847e-135
0.9711702127659575    3.933524526656509e-134
0.9729787234042554    2.251257522937899e-133
0.9747872340425532    1.2805912670990836e-132
0.9765957446808511    7.240154043565402e-132
0.978404255319149    4.06861658648361e-131
0.9802127659574469    2.272569104010724e-130
0.9820212765957447    1.2617357289326981e-129
0.9838297872340426    6.963221055623442e-129
0.9856382978723405    3.8198988405794006e-128
0.9874468085106384    2.0830647635900016e-127
0.9892553191489362    1.1292033596413338e-126
0.9910638297872341    6.085120615819535e-126
0.992872340425532    3.2598899457075177e-125
0.9946808510638299    1.7361306261434407e-124
0.9964893617021277    9.192136863879534e-124
0.9982978723404256    4.838536475999498e-123
1.0001063829787233    2.532116941591993e-122
1.0019148936170212    1.3174506895173772e-121
1.0037234042553191    6.815134614228457e-121
1.005531914893617    3.50519737078763e-120
1.007340425531915    1.7924907249832883e-119
1.0091489361702128    9.114148758874168e-119
1.0109574468085107    4.607850095681518e-118
1.0127659574468086    2.3163906696174637e-117
1.0145744680851063    1.157882884300625e-116
1.0163829787234042    5.755259047897528e-116
1.0181914893617021    2.8445954513641914e-115
1.02    1.3981038907127882e-114
1.021808510638298    6.833284582163031e-114
1.0236170212765958    3.321226257226821e-113
1.0254255319148937    1.6052918396394949e-112
1.0272340425531916    7.716204556412106e-112
1.0290425531914893    3.688546085518636e-111
1.0308510638297872    1.7535409899479102e-110
1.032659574468085    8.2907394497265e-110
1.034468085106383    3.898473531545794e-109
1.036276595744681    1.823169996903453e-108
1.0380851063829788    8.480045834075984e-108
1.0398936170212767    3.9229686105832007e-107
1.0417021276595746    1.8050288179698362e-106
1.0435106382978723    8.260629206611358e-106
1.0453191489361702    3.760180926752229e-105
1.047127659574468    1.702463696869521e-104
1.048936170212766    7.667032362193896e-104
1.0507446808510639    3.4345022337034844e-103
1.0525531914893618    1.530361630481729e-102
1.0543617021276597    6.7830453077356575e-102
1.0561702127659576    2.9906274511635e-101
1.0579787234042553    1.3116361048992503e-100
1.0597872340425532    5.722480231755622e-100
1.061595744680851    2.483599194951032e-99
1.063404255319149    1.072287666376226e-98
1.0652127659574468    4.605533674122213e-98
1.0670212765957447    1.967857585630908e-97
1.0688297872340426    8.364857788600875e-97
1.0706382978723405    3.537372011333594e-96
1.0724468085106382    1.488216825399403e-95
1.0742553191489361    6.229037625632136e-95
1.076063829787234    2.593885950691087e-94
1.077872340425532    1.07463710370679e-93
1.0796808510638298    4.429550053960402e-93
1.0814893617021277    1.816560907396272e-92
1.0832978723404256    7.412053857637777e-92
1.0851063829787235    3.0090613997766286e-91
1.0869148936170212    1.2154384951480548e-90
1.088723404255319    4.884834987605571e-90
1.090531914893617    1.9533822865611502e-89
1.092340425531915    7.77231582890806e-89
1.0941489361702128    3.0771228690705453e-88
1.0959574468085107    1.212204081381312e-87
1.0977659574468086    4.751693302021037e-87
1.0995744680851065    1.8533951097893284e-86
1.1013829787234042    7.193491258937931e-86
1.103191489361702    2.77823267811742e-85
1.105    1.067725801595717e-84
1.1068085106382979    4.083363806647858e-84
1.1086170212765958    1.5539912320473387e-83
1.1104255319148937    5.885130396608821e-83
1.1122340425531916    2.217918006705443e-82
1.1140425531914895    8.318050227329373e-82
1.1158510638297872    3.104480797567885e-81
1.117659574468085    1.1530615441115246e-80
1.119468085106383    4.262031962120277e-80
1.1212765957446809    1.567783911853354e-79
1.1230851063829788    5.739387211893322e-79
1.1248936170212767    2.0910246542580388e-78
1.1267021276595746    7.581785999464827e-78
1.1285106382978725    2.735942830508087e-77
1.1303191489361701    9.825846607127409e-77
1.132127659574468    3.5120824011179214e-76
1.133936170212766    1.249382475561525e-75
1.1357446808510638    4.42350286348175e-75
1.1375531914893617    1.5587682466282719e-74
1.1393617021276596    5.466951489372246e-74
1.1411702127659575    1.908364691254686e-73
1.1429787234042554    6.630312683049754e-73
1.1447872340425531    2.292804830235044e-72
1.146595744680851    7.891590016369893e-72
1.148404255319149    2.70352351666267e-71
1.1502127659574468    9.21866033201035e-71
1.1520212765957447    3.1288249625573164e-70
1.1538297872340426    1.0569981726799601e-69
1.1556382978723405    3.554269823365865e-69
1.1574468085106384    1.1896340056257117e-68
1.1592553191489363    3.963389423016302e-68
1.161063829787234    1.31435916860466e-67
1.162872340425532    4.338691783012712e-67
1.1646808510638298    1.4256220750848516e-66
1.1664893617021277    4.6628805980124496e-66
1.1682978723404256    1.5181399244859376e-65
1.1701063829787235    4.920171488039125e-65
1.1719148936170214    1.5873140909849998e-64
1.1737234042553193    5.097566651759701e-64
1.175531914893617    1.6296094523115616e-63
1.1773404255319149    5.185944485940561e-63
1.1791489361702128    1.6428540337706426e-62
1.1809574468085107    5.180836836485991e-62
1.1827659574468086    1.6264235825368953e-61
1.1845744680851065    5.0828016979903244e-61
1.1863829787234044    1.5812892732753633e-60
1.1881914893617023    4.8973483039577467e-60
1.19    1.509923617410013e-59
1.1918085106382978    4.634426997884714e-59
1.1936170212765957    1.4160771434821259e-58
1.1954255319148936    4.307549274506382e-58
1.1972340425531915    1.3044537837528283e-57
1.1990425531914894    3.9326457222036916e-57
1.2008510638297873    1.1803238254593857e-56
1.2026595744680852    3.526795173142102e-56
1.204468085106383    1.0491183017925535e-55
1.2062765957446808    3.1069642210947072e-55
1.2080851063829787    9.160474289469557e-55
1.2098936170212766    2.6888829550902586e-54
1.2117021276595745    7.857788428120109e-54
1.2135106382978724    2.2861539826655117e-53
1.2153191489361703    6.62200515273038e-53
1.2171276595744682    1.90965346822872e-52
1.218936170212766    5.4828039298732805e-52
1.2207446808510638    1.5672417722138583e-51
1.2225531914893617    4.4602212764026893e-51
1.2243617021276596    1.2637637050197172e-50
1.2261702127659575    3.5650556658665446e-50
1.2279787234042554    1.001289280333464e-49
1.2297872340425533    2.7999316889827136e-49
1.2315957446808512    7.79527928865741e-49
1.2334042553191489    2.1607971982185072e-48
1.2352127659574468    5.963429420396814e-48
1.2370212765957447    1.6386247922969097e-47
1.2388297872340426    4.482970584878302e-47
1.2406382978723405    1.221115395821543e-46
1.2424468085106384    3.311718743905991e-46
1.2442553191489363    8.942470798496012e-46
1.2460638297872342    2.4041985760224412e-45
1.2478723404255319    6.435661414594676e-45
1.2496808510638298    1.7152497461598522e-44
1.2514893617021277    4.55170484784751e-44
1.2532978723404256    1.202636978761507e-43
1.2551063829787235    3.163806214501602e-43
1.2569148936170214    8.287072452896962e-43
1.2587234042553193    2.1612716925782784e-42
1.2605319148936172    5.6122310359590714e-42
1.2623404255319148    1.451044028454442e-41
1.2641489361702127    3.735471165275861e-41
1.2659574468085106    9.574823109699223e-41
1.2677659574468085    2.4436414038247075e-40
1.2695744680851064    6.209637594475023e-40
1.2713829787234043    1.5711504170713687e-39
1.2731914893617022    3.958153379494731e-39
1.2750000000000001    9.928676872254937e-39
1.2768085106382978    2.47978793916398e-38
1.2786170212765957    6.166838424957623e-38
1.2804255319148936    1.5269888007085664e-37
1.2822340425531915    3.764737759788953e-37
1.2840425531914894    9.241862193840745e-37
1.2858510638297873    2.2589694368145144e-36
1.2876595744680852    5.4977818178206617e-36
1.289468085106383    1.3322662872277203e-35
1.2912765957446808    3.214556199926632e-35
1.2930851063829787    7.722847351520825e-35
1.2948936170212766    1.8473971043449943e-34
1.2967021276595745    4.400168657645971e-34
1.2985106382978724    1.0435288514512042e-33
1.3003191489361703    2.464140271904911e-33
1.3021276595744682    5.793645430245473e-33
1.303936170212766    1.3563243241302274e-32
1.3057446808510638    3.161548915696721e-32
1.3075531914893617    7.337708946189217e-32
1.3093617021276596    1.695683190231729e-31
1.3111702127659575    3.901682973866556e-31
1.3129787234042554    8.93884851032971e-31
1.3147872340425533    2.0390728822718782e-30
1.3165957446808512    4.631318654037301e-30
1.318404255319149    1.0473610534140436e-29
1.3202127659574467    2.3583434391865937e-29
1.3220212765957446    5.287318987168934e-29
1.3238297872340425    1.18026816471836e-28
1.3256382978723404    2.623260416649327e-28
1.3274468085106383    5.805189362356455e-28
1.3292553191489362    1.2790994472371239e-27
1.3310638297872341    2.8061039499221746e-27
1.332872340425532    6.129333218175693e-27
1.3346808510638297    1.3330031437390836e-26
1.3364893617021276    2.886396108903306e-26
1.3382978723404255    6.222798982094698e-26
1.3401063829787234    1.3357306308180475e-25
1.3419148936170213    2.854653316995625e-25
1.3437234042553192    6.074174331313389e-25
1.3455319148936171    1.2868219289997375e-24
1.347340425531915    2.7142185707266556e-24
1.3491489361702127    5.6998587975130624e-24
1.3509574468085106    1.191719240923922e-23
1.3527659574468085    2.4806868638786153e-23
1.3545744680851064    5.141094125318859e-23
1.3563829787234043    1.0607722514157926e-22
1.3581914893617022    2.1790590972188447e-22
1.36    4.4564937783583995e-22
1.361808510638298    9.073860754397849e-22
1.3636170212765957    1.8393416018942225e-21
1.3654255319148936    3.711940578312959e-21
1.3672340425531915    7.457696867399653e-21
1.3690425531914894    1.4916611129516612e-20
1.3708510638297873    2.97025589050062e-20
1.3726595744680852    5.888060049445515e-20
1.374468085106383    1.1619877606710978e-19
1.376276595744681    2.2828533078170416e-19
1.3780851063829787    4.464754996373113e-19
1.3798936170212766    8.69273324413769e-19
1.3817021276595745    1.6848062172744743e-18
1.3835106382978724    3.250679108829132e-18
1.3853191489361703    6.2434451967077035e-18
1.3871276595744682    1.1937020747072008e-17
1.388936170212766    2.2718741627377222e-17
1.390744680851064    4.3041199600956694e-17
1.3925531914893619    8.116918287780626e-17
1.3943617021276595    1.5237000472489154e-16
1.3961702127659574    2.847107844226045e-16
1.3979787234042553    5.295402209196381e-16
1.3997872340425532    9.803448809291484e-16
1.4015957446808511    1.8064995078724285e-15
1.403404255319149    3.313368914231422e-15
1.405212765957447    6.048789858721669e-15
1.4070212765957448    1.0990755495533146e-14
1.4088297872340425    1.9876519516403326e-14
1.4106382978723404    3.577668329983361e-14
1.4124468085106383    6.409139966905266e-14
1.4142553191489362    1.142699843477849e-13
1.416063829787234    2.0276355030551426e-13
1.417872340425532    3.580677989819262e-13
1.41968085106383    6.292894229050042e-13
1.4214893617021278    1.1006196765873225e-12
1.4232978723404255    1.91565560360696e-12
1.4251063829787234    3.318045304800232e-12
1.4269148936170213    5.719038754853005e-12
1.4287234042553192    9.809129872189136e-12
1.430531914893617    1.6741533476519514e-11
1.432340425531915    2.843201201636124e-11
1.4341489361702129    4.8046036149096285e-11
1.4359574468085108    8.07857647234942e-11
1.4377659574468085    1.3515396786013902e-10
1.4395744680851064    2.2497200984579509e-10
1.4413829787234043    3.725826311310945e-10
1.4431914893617022    6.139026324302354e-10
1.445    1.006345554570318e-09
1.446808510638298    1.6411682387250879e-09
1.4486170212765959    2.6625918329252023e-09
1.4504255319148938    4.297227811509341e-09
1.4522340425531914    6.899073708755163e-09
1.4540425531914893    1.1017871382902854e-08
1.4558510638297872    1.7502275952700888e-08
1.4576595744680851    2.7654523919255485e-08
1.459468085106383    4.346073602692097e-08
1.461276595744681    6.793147753727006e-08
1.4630851063829788    1.0560182802308172e-07
1.4648936170212767    1.6326042086995676e-07
1.4667021276595744    2.510045408281218e-07
1.4685106382978723    3.837557342944957e-07
1.4703191489361702    5.83420349704076e-07
1.4721276595744681    8.819454240806956e-07
1.473936170212766    1.3256063864642665e-06
1.475744680851064    1.9809736882129966e-06
1.4775531914893618    2.94314555080524e-06
1.4793617021276597    4.347008391296331e-06
1.4811702127659574    6.382499430108441e-06
1.4829787234042553    9.315100396267708e-06
1.4847872340425532    1.3513087432191653e-05
1.486595744680851    1.9483396391886996e-05
1.488404255319149    2.7918324601107223e-05
1.490212765957447    3.975566088761215e-05
1.4920212765957448    5.625518460217889e-05
1.4938297872340427    7.909475569844262e-05
1.4956382978723404    0.00011048936763490909
1.4974468085106383    0.00015333646756170865
1.4992553191489362    0.0002113904554687466
1.501063829787234    0.00028946842404177324
1.502872340425532    0.00039368774197503424
1.5046808510638299    0.0005317338503263453
1.5064893617021278    0.0007131534685363213
1.5082978723404257    0.0009496641472822088
1.5101063829787233    0.001255465659039872
1.5119148936170212    0.0016475320657533027
1.5137234042553191    0.00214585555351464
1.515531914893617    0.002773604558482805
1.517340425531915    0.0035571498339458827
1.5191489361702128    0.004525903705191938
1.5209574468085107    0.005711910911804356
1.5227659574468086    0.007149125545123256
1.5245744680851063    0.008872309335265501
1.5263829787234042    0.010915493813358799
1.5281914893617021    0.013309964612506189
1.53    0.016081752151953514
1.531808510638298    0.01924865048578379
1.5336170212765958    0.02281683567289904
1.5354255319148937    0.026777215880350754
1.5372340425531916    0.03110171515198745
1.5390425531914893    0.035739766928435876
1.5408510638297872    0.040615365322927324
1.542659574468085    0.04562508293322537
1.544468085106383    0.050637502779983495
1.546276595744681    0.05549451679230619
1.5480851063829788    0.060014902086922145
1.5498936170212767    0.06400048870603084
1.5517021276595746    0.06724507172416161
1.5535106382978723    0.06954599579759968
1.5553191489361702    0.07071805841945714
1.557127659574468    0.07060905621383815
1.558936170212766    0.0691159640165406
1.5607446808510639    0.06620042685843602
1.5625531914893618    0.061902005870310334
1.5643617021276597    0.05634749996419039
1.5661702127659576    0.049754713026847974
1.5679787234042553    0.04242928839041199
1.5697872340425532    0.034753707056265695
1.571595744680851    0.027168235272193426
1.573404255319149    0.020144469147225168
1.5752127659574469    0.014153081569165143
1.5770212765957448    0.009628318616412012
1.5788297872340427    0.006932582760178899
1.5806382978723406    0.006324932637150494
1.5824468085106382    0.007937389956205812
1.5842553191489361    0.011762476009324965
1.586063829787234    0.017654368521995718
1.587872340425532    0.025344523052717383
1.5896808510638298    0.0344706860210596
1.5914893617021277    0.044616175645172854
1.5932978723404256    0.05535443200572955
1.5951063829787235    0.06629248120026286
1.5969148936170212    0.07710644324038636
1.5987234042553191    0.08756277635902825
1.600531914893617    0.09752068172044094
1.602340425531915    0.10691388608880355
1.6041489361702128    0.11571355232077869
1.6059574468085107    0.12387781463425747
1.6077659574468086    0.13129673392422936
1.6095744680851065    0.13774361735415158
1.6113829787234042    0.1428440406522407
1.613191489361702    0.14607218147074247
1.615    0.1467802050803757
1.616808510638298    0.14426085424284324
1.6186170212765958    0.13783691952121646
1.6204255319148937    0.1269650648330234
1.6222340425531916    0.11133685359434745
1.6240425531914895    0.09095794662727244
1.6258510638297874    0.06618811857179521
1.627659574468085    0.03773013220665275
1.629468085106383    0.006564019304787096
1.6312765957446809    -0.02616641818626635
1.6330851063829788    -0.05929799024350989
1.6348936170212767    -0.09179875861872046
1.6367021276595746    -0.12289688063286706
1.6385106382978725    -0.15216172288183083
1.6403191489361704    -0.17951913965772343
1.642127659574468    -0.20519523711087784
1.643936170212766    -0.22959767439674522
1.6457446808510638    -0.2531575018882078
1.6475531914893617    -0.2761644636797698
1.6493617021276596    -0.29863196285505783
1.6511702127659575    -0.3202231848839919
1.6529787234042554    -0.34025766346402114
1.6547872340425533    -0.3578001794654771
1.656595744680851    -0.3718150988016729
1.658404255319149    -0.38135352009981077
1.6602127659574468    -0.38573193352927776
1.6620212765957447    -0.3846620024721075
1.6638297872340426    -0.3783018004165312
1.6656382978723405    -0.3672170722541123
1.6674468085106384    -0.352262451096989
1.6692553191489363    -0.334411609017034
1.671063829787234    -0.3145769967280528
1.672872340425532    -0.29346090219393234
1.6746808510638298    -0.27146965297757514
1.6764893617021277    -0.24870464351545313
1.6782978723404256    -0.22502270268547575
1.6801063829787235    -0.20014037320881545
1.6819148936170214    -0.17374735228469873
1.6837234042553193    -0.14559645182004233
1.685531914893617    -0.11555014941734526
1.6873404255319149    -0.08358271559794123
1.6891489361702128    -0.04975529952711455
1.6909574468085107    -0.01419235265496395
1.6927659574468086    0.02291326863712223
1.6945744680851065    0.06125278143113487
1.6963829787234044    0.10031977446083172
1.6981914893617023    0.13932503710170002
1.7    0.17715248087167773
1.7018085106382979    0.21239881944507122
1.7036170212765958    0.24351981107751197
1.7054255319148937    0.2690722407621936
1.7072340425531916    0.28800343770511305
1.7090425531914895    0.29991199377893696
1.7108510638297874    0.30519619172596146
1.7126595744680853    0.30502649884729294
1.714468085106383    0.3011227235480619
1.7162765957446808    0.29537358032053584
1.7180851063829787    0.2893890014323114
1.7198936170212766    0.28410552763096697
1.7217021276595745    0.2795601193819428
1.7235106382978724    0.27490595806513907
1.7253191489361703    0.2686757484872333
1.7271276595744682    0.25922398624143006
1.728936170212766    0.24522349960858714
1.7307446808510638    0.2260727406937037
1.7325531914893617    0.2020966285666287
1.7343617021276596    0.17448798834867796
1.7361702127659575    0.1450181251621655
1.7379787234042554    0.11561642239947101
1.7397872340425533    0.08795547072280152
1.7415957446808512    0.06316739224985785
1.7434042553191489    0.04176297470426764
1.7452127659574468    0.02374817494469178
1.7470212765957447    0.008861497888913182
1.7488297872340426    -0.003182337930806003
1.7506382978723405    -0.012547800361172885
1.7524468085106384    -0.019286033525193595
1.7542553191489363    -0.023473764004902132
1.7560638297872342    -0.025398847710431844
1.7578723404255319    -0.025680997002353458
1.7596808510638298    -0.025239937378514533
1.7614893617021277    -0.025089350304676867
1.7632978723404256    -0.026016810328504187
1.7651063829787235    -0.02827251378618591
1.7669148936170214    -0.031403995595582476
1.7687234042553193    -0.03433009978304652
1.7705319148936172    -0.035659336768691124
1.7723404255319148    -0.034159298641822586
1.7741489361702127    -0.029215428951680444
1.7759574468085106    -0.021109374370547933
1.7777659574468085    -0.011006092245091269
1.7795744680851064    -0.0006440714667405069
1.7813829787234043    0.008166287274945006
1.7831914893617022    0.014059216988710321
1.7850000000000001    0.01646450232942864
1.7868085106382978    0.01567857030102254
1.7886170212765957    0.012650781872382406
1.7904255319148936    0.008587217945633607
1.7922340425531915    0.0045359857485765525
1.7940425531914894    0.0011105891360499468
1.7958510638297873    -0.0015625822075523354
1.7976595744680852    -0.003687157531036547
1.7994680851063831    -0.00553062341853641
1.8012765957446808    -0.0071849030777493056
1.8030851063829787    -0.008462137692658845
1.8048936170212766    -0.008961136676917607
1.8067021276595745    -0.008258056589374504
1.8085106382978724    -0.0061224334645206355
1.8103191489361703    -0.002658409537858411
1.8121276595744682    0.001683769931912863
1.813936170212766    0.0062162991335821954
1.8157446808510638    0.010183224404246637
1.8175531914893617    0.012920592336996755
1.8193617021276596    0.01396487585638229
1.8211702127659575    0.013111308957762084
1.8229787234042554    0.01045324594026318
1.8247872340425533    0.006427720737580779
1.8265957446808512    0.001854057877554164
1.828404255319149    -0.002091397373851184
1.8302127659574468    -0.004034593504894468
1.8320212765957447    -0.0027271801827035086
1.8338297872340426    0.0025215791124523186
1.8356382978723405    0.011451195246464693
1.8374468085106384    0.022683804030101694
1.8392553191489363    0.03392851796369351
1.8410638297872342    0.042565942092528584
1.842872340425532    0.046451387896995176
1.8446808510638297    0.04464607988182904
1.8464893617021276    0.03777060246775343
1.8482978723404255    0.027799738327730562
1.8501063829787234    0.0173418320297938
1.8519148936170213    0.008673528438306703
1.8537234042553192    0.002924211225330507
1.8555319148936171    -0.00024393331730355062
1.857340425531915    -0.002324195282100775
1.859148936170213    -0.0051674844253501405
1.8609574468085106    -0.010066551403648627
1.8627659574468085    -0.01714538785617451
1.8645744680851064    -0.025332133367034132
1.8663829787234043    -0.032914407337792995
1.8681914893617022    -0.03839555000479487
1.87    -0.041226527651317374
1.871808510638298    -0.04205382306446297
1.873617021276596    -0.04236744946896971
1.8754255319148936    -0.04373401616391591
1.8772340425531915    -0.047006188480504266
1.8790425531914894    -0.05190755606177451
1.8808510638297873    -0.05719762108024347
1.8826595744680852    -0.06132562579011111
1.884468085106383    -0.0632364542809173
1.886276595744681    -0.06292184358068904
1.8880851063829789    -0.06144833609750765
1.8898936170212766    -0.06046397144400882
1.8917021276595745    -0.06144560828910485
1.8935106382978724    -0.06506441905361159
1.8953191489361703    -0.07096496400714679
1.8971276595744682    -0.07802602067663857
1.898936170212766    -0.0849261239011631
1.900744680851064    -0.09070359302457086
1.9025531914893619    -0.09504177911990218
1.9043617021276595    -0.09818870788092653
1.9061702127659574    -0.10062637069256695
1.9079787234042553    -0.10272142468511065
1.9097872340425532    -0.10455873178664792
1.9115957446808511    -0.10601437454725136
1.913404255319149    -0.10696341465933447
1.915212765957447    -0.10744092924155572
1.9170212765957448    -0.10762542992845432
1.9188297872340425    -0.10765167713132405
1.9206382978723404    -0.10739038809828215
1.9224468085106383    -0.10636754099975367
1.9242553191489362    -0.10391148170180818
1.9260638297872341    -0.09946650181929108
1.927872340425532    -0.09289535887972859
1.92968085106383    -0.08458847181298752
1.9314893617021278    -0.07531048100645298
1.9332978723404255    -0.06587437034768422
1.9351063829787234    -0.05683612743223462
1.9369148936170213    -0.04838113090619664
1.9387234042553192    -0.040440748617404626
1.940531914893617    -0.032922388010860726
1.942340425531915    -0.025864477621250263
1.944148936170213    -0.0193917756954066
1.9459574468085108    -0.013505889795231249
1.9477659574468085    -0.007890796180375505
1.9495744680851064    -0.0019349713183622556
1.9513829787234043    0.004960475414474371
1.9531914893617022    0.012929086653711879
1.955    0.021332091174432088
1.956808510638298    0.028858711173003277
1.9586170212765959    0.03407943908049969
1.9604255319148938    0.03621100410015855
1.9622340425531914    0.03567199326768268
1.9640425531914893    0.034066417550074835
1.9658510638297872    0.03352261839202883
1.9676595744680851    0.035683765139289836
1.969468085106383    0.040877061882782936
1.971276595744681    0.04793085801403761
1.9730851063829788    0.054774895672737065
1.9748936170212767    0.05952780783496997
1.9767021276595744    0.06149353613923743
1.9785106382978723    0.06152303614083239
1.9803191489361702    0.06153794601962281
1.9821276595744681    0.06347009136776607
1.983936170212766    0.06818747407970721
1.985744680851064    0.07497771863569441
1.9875531914893618    0.08185010982139065
1.9893617021276597    0.0864781235945378
1.9911702127659574    0.0872812492587218
1.9929787234042553    0.08410521939035864
1.9947872340425532    0.07820283551390164
1.996595744680851    0.07158853326294046
1.998404255319149    0.06613131911596329
2.0002127659574467    0.06282450773694007
2.0020212765957446    0.061524633663165476
2.0038297872340425    0.061198620802296586
2.0056382978723404    0.06050090137735949
2.0074468085106383    0.05840896218755298
2.009255319148936    0.05467738411976855
2.011063829787234    0.04996970753824159
2.012872340425532    0.045637030243589546
2.01468085106383    0.043210313678797393
2.016489361702128    0.04376364498408107
2.0182978723404257    0.0473798714863901
2.0201063829787236    0.05296598502723529
2.0219148936170215    0.05857105597696319
2.0237234042553194    0.06214825734906117
2.0255319148936173    0.06245506167976861
2.0273404255319147    0.059646839525434245
2.0291489361702126    0.05521049460175065
2.0309574468085105    0.051205972357960164
2.0327659574468084    0.049178168559231336
2.0345744680851063    0.049331623221605794
2.0363829787234042    0.0504542337792557
2.038191489361702    0.0506591473321758
2.04    0.04851959586353703
2.041808510638298    0.0439106880368917
2.043617021276596    0.038032124255823044
2.0454255319148937    0.032590960589725756
2.0472340425531916    0.028663541511095618
2.0490425531914895    0.025976503207459554
2.0508510638297874    0.023087175765358806
2.0526595744680853    0.018357102058786802
2.0544680851063832    0.011080199931408977
2.0562765957446807    0.0020104257911986324
2.0580851063829786    -0.007074893148708055
2.0598936170212765    -0.0144922501854471
2.0617021276595744    -0.019698353388264173
2.0635106382978723    -0.02355350673857514
2.06531914893617    -0.0276213228887097
2.067127659574468    -0.03299118315567349
2.068936170212766    -0.03945040563454862
2.070744680851064    -0.04560020033382923
2.072553191489362    -0.04985186194610488
2.0743617021276597    -0.05160960674171066
2.0761702127659576    -0.05179062054363056
2.0779787234042555    -0.05227645378848133
2.0797872340425534    -0.05463788529810005
2.0815957446808513    -0.059007940495291074
2.083404255319149    -0.06391076234811915
2.085212765957447    -0.06721454653413497
2.0870212765957445    -0.06759588444191864
2.0888297872340424    -0.06552334169617993
2.0906382978723403    -0.06306586657587504
2.0924468085106382    -0.06261645227184601
2.094255319148936    -0.06536084265292463
2.096063829787234    -0.07050572842339714
2.097872340425532    -0.07577893392111648
2.09968085106383    -0.07886521287210879
2.1014893617021277    -0.07882329136371596
2.1032978723404256    -0.07655981040728316
2.1051063829787235    -0.0740842653904007
2.1069148936170214    -0.07308539622646207
2.1087234042553193    -0.07379860100024094
2.1105319148936172    -0.07489882444270257
2.112340425531915    -0.07443714383464786
2.114148936170213    -0.07114483332245769
2.1159574468085105    -0.06522263748815466
2.1177659574468084    -0.058128230397793745
2.1195744680851063    -0.0515705548832673
2.121382978723404    -0.046429165014850615
2.123191489361702    -0.04231062189240638
2.125    -0.037975288282637173
2.126808510638298    -0.03227576069069235
2.128617021276596    -0.02494861320421224
2.1304255319148937    -0.01676584112040804
2.1322340425531916    -0.009023042206034539
2.1340425531914895    -0.0027700978314794105
2.1358510638297874    0.0017027581594208038
2.1376595744680853    0.0048530876976381546
2.139468085106383    0.007458304131961675
2.141276595744681    0.010123965798790798
2.143085106382979    0.013046137345105546
2.1448936170212765    0.016106458227883952
2.1467021276595744    0.01913601825745486
2.1485106382978723    0.022106711241292272
2.15031914893617    0.025118951690114667
2.152127659574468    0.02823847691840578
2.153936170212766    0.03134703656168608
2.155744680851064    0.0341440059766254
2.1575531914893618    0.036310677969547275
2.1593617021276597    0.03772762822008234
2.1611702127659576    0.038597822608769955
2.1629787234042555    0.03938578896981397
2.1647872340425534    0.04059067165865446
2.1665957446808513    0.042466921618789524
2.168404255319149    0.04484617074054531
2.170212765957447    0.04717862770252808
2.172021276595745    0.04880813095725371
2.1738297872340424    0.049358021899732
2.1756382978723403    0.049004952909360217
2.177446808510638    0.04843410868648797
2.179255319148936    0.0484343937957315
2.181063829787234    0.049337602955402404
2.182872340425532    0.05067198945524891
2.18468085106383    0.05133429965112217
2.1864893617021277    0.050268832023275034
2.1882978723404256    0.0472569479048833
2.1901063829787235    0.04325012120889414
2.1919148936170214    0.03990748760617217
2.1937234042553193    0.038533131983906774
2.195531914893617    0.039094991193001416
2.197340425531915    0.040060876030986084
2.199148936170213    0.03929267207828262
2.200957446808511    0.03549031302330809
2.2027659574468084    0.02920746081081907
2.2045744680851063    0.0226636498106983
2.206382978723404    0.018378649040423918
2.208191489361702    0.01751398837749092
2.21    0.01908449445653603
2.211808510638298    0.020642760288952303
2.2136170212765958    0.019999249101977118
2.2154255319148937    0.016767102816065284
2.2172340425531916    0.012606836060454246
2.2190425531914895    0.009968892295226784
2.2208510638297874    0.010235496451344136
2.2226595744680853    0.012627294024472747
2.224468085106383    0.014698187038383832
2.226276595744681    0.014075371967705246
2.228085106382979    0.010173160883738736
2.229893617021277    0.004617830540205363
2.2317021276595743    6.871225034219691e-05
2.233510638297872    -0.0016969131053677262
2.23531914893617    -0.0010333939346113654
2.237127659574468    -0.00011565860855430963
2.238936170212766    -0.001328757209532775
2.240744680851064    -0.0055552977876009366
2.2425531914893617    -0.011589471291651346
2.2443617021276596    -0.01704352330180375
2.2461702127659575    -0.020028796997571142
2.2479787234042554    -0.020391991117844854
2.2497872340425533    -0.01969352098596421
2.251595744680851    -0.020063141357787185
2.253404255319149    -0.022824596599996822
2.255212765957447    -0.027822967105777956
2.257021276595745    -0.03377394256174289
2.258829787234043    -0.0392162944503108
2.2606382978723403    -0.043335619260473815
2.262446808510638    -0.04618528485539489
2.264255319148936    -0.048352963264716164
2.266063829787234    -0.050462714036782236
2.267872340425532    -0.05285731997320531
2.2696808510638298    -0.05552819502786767
2.2714893617021277    -0.05816081027521454
2.2732978723404256    -0.06019768829979902
2.2751063829787235    -0.060968460836607175
2.2769148936170214    -0.05996526669908796
2.2787234042553193    -0.05717617263026692
2.280531914893617    -0.053206589847416386
2.282340425531915    -0.048970259334483346
2.284148936170213    -0.04506062567842317
2.285957446808511    -0.041258294861079944
2.2877659574468088    -0.036636496355873946
2.2895744680851062    -0.030295868069248583
2.291382978723404    -0.022202720791171936
2.293191489361702    -0.013416029132192267
2.295    -0.005408448943735027
2.296808510638298    0.0010638887085970827
2.2986170212765957    0.006629906138231448
2.3004255319148936    0.012876600294087798
2.3022340425531915    0.02105792096590122
2.3040425531914894    0.03093751248300055
2.3058510638297873    0.04075726292465776
2.3076595744680852    0.04847127531431449
2.309468085106383    0.053334228524941456
2.311276595744681    0.05655878356133195
2.313085106382979    0.06042928235412771
2.314893617021277    0.06649131957607593
2.3167021276595747    0.07423732439067834
2.3185106382978726    0.08138509904096086
2.32031914893617    0.08560453761932305
2.322127659574468    0.08636473309886064
2.323936170212766    0.08542158350337486
2.325744680851064    0.08550710683890483
2.3275531914893617    0.0882069385149453
2.3293617021276596    0.09267844176985107
2.3311702127659575    0.0962186132435412
2.3329787234042554    0.09624041876234174
2.3347872340425533    0.09211546477916818
2.336595744680851    0.08546770132689999
2.338404255319149    0.07874578903271937
2.340212765957447    0.07325594530997309
2.342021276595745    0.06822324299421181
2.343829787234043    0.06158301869823132
2.3456382978723407    0.05180806129391194
2.3474468085106386    0.0392774286421996
2.349255319148936    0.026105072267084306
2.351063829787234    0.014601323316948786
2.352872340425532    0.005613025917217924
2.3546808510638297    -0.001959813621104499
2.3564893617021276    -0.0101376896659925
2.3582978723404255    -0.020172234165220765
2.3601063829787234    -0.03150935844281617
2.3619148936170213    -0.042159042360050365
2.3637234042553192    -0.05012937762725824
2.365531914893617    -0.05481799187514897
2.367340425531915    -0.057365818693918276
2.369148936170213    -0.05980321010152626
2.370957446808511    -0.06368072583381387
2.3727659574468087    -0.06915114384869239
2.3745744680851066    -0.07503796486783484
2.3763829787234045    -0.07969583908009384
2.378191489361702    -0.08199424031254593
2.38    -0.08181301413006567
2.381808510638298    -0.07987770296542146
2.3836170212765957    -0.07720269118321232
2.3854255319148936    -0.074561287551829
2.3872340425531915    -0.07224865849040252
2.3890425531914894    -0.0701432136902567
2.3908510638297873    -0.06791188831601597
2.392659574468085    -0.06520909211583514
2.394468085106383    -0.06180968991217217
2.396276595744681    -0.05768286676413427
2.398085106382979    -0.05301452121759016
2.399893617021277    -0.04816020191268415
2.4017021276595747    -0.043516754889050685
2.4035106382978726    -0.0393518051271881
2.4053191489361705    -0.035682992357776805
2.407127659574468    -0.03229623657713232
2.408936170212766    -0.028915439594581885
2.4107446808510637    -0.02542701736907163
2.4125531914893616    -0.022001071356226705
2.4143617021276595    -0.01899848978514588
2.4161702127659574    -0.016699793539483018
2.4179787234042553    -0.01504329701824321
2.4197872340425532    -0.013592479982544026
2.421595744680851    -0.011807078902297052
2.423404255319149    -0.009449079944367191
2.425212765957447    -0.006801756805303833
2.427021276595745    -0.004474696277547652
2.4288297872340427    -0.002884440923327866
2.4306382978723406    -0.0018050088345617672
2.4324468085106385    -0.00039778539529236904
2.4342553191489364    0.002217709078267297
2.436063829787234    0.00625861339938329
2.437872340425532    0.011032383287999308
2.4396808510638297    0.01542994095504456
2.4414893617021276    0.01882638810632533
2.4432978723404255    0.021650969106366852
2.4451063829787234    0.025084394324144527
2.4469148936170213    0.030047332580796823
2.448723404255319    0.0362907631091743
2.450531914893617    0.042399703381554674
2.452340425531915    0.04680284186023605
2.454148936170213    0.049008297675591506
2.455957446808511    0.050022329762460044
2.4577659574468087    0.05154105530685564
2.4595744680851066    0.05454445960450151
2.4613829787234045    0.058474392245335405
2.4631914893617024    0.06172202125553193
2.465    0.06303139286358274
2.4668085106382978    0.06260439720252008
2.4686170212765957    0.0619157850775504
2.4704255319148936    0.0623640514795543
2.4722340425531915    0.06393441645839211
2.4740425531914894    0.0650890266593727
2.4758510638297873    0.06404962557442088
2.477659574468085    0.06039609628791595
2.479468085106383    0.055573322793985025
2.481276595744681    0.05180530292926662
2.483085106382979    0.05029295511619854
2.4848936170212768    0.05021654799917312
2.4867021276595747    0.04939632850655312
2.4885106382978726    0.046055734584265706
2.4903191489361705    0.04020506251395582
2.4921276595744684    0.03351832680967799
2.493936170212766    0.027882760377181348
2.4957446808510637    0.02390470865466944
2.4975531914893616    0.020610946893784433
2.4993617021276595    0.0164813099346063
2.5011702127659574    0.010802288632704136
2.5029787234042553    0.004147861001990516
2.504787234042553    -0.002325606464420466
2.506595744680851    -0.007993494393023725
2.508404255319149    -0.013206243823226754
2.510212765957447    -0.018694570131616708
2.512021276595745    -0.02458386123132347
2.5138297872340427    -0.030021786200619235
2.5156382978723406    -0.03381203887596494
2.5174468085106385    -0.0354716608586606
2.5192553191489364    -0.03571569171912192
2.5210638297872343    -0.03589930111403332
2.5228723404255318    -0.036909082987782754
2.5246808510638297    -0.03849578975075356
2.5264893617021276    -0.03963054369256534
2.5282978723404255    -0.039540097231307525
2.5301063829787234    -0.03848369176294089
2.5319148936170213    -0.03759155220109507
2.533723404255319    -0.03792804475186137
2.535531914893617    -0.039602453151034014
2.537340425531915    -0.041666979375255
2.539148936170213    -0.04284031443659436
2.5409574468085108    -0.04242138205433754
2.5427659574468087    -0.040671129891274804
2.5445744680851066    -0.03844507324780215
2.5463829787234045    -0.036469208310146634
2.5481914893617024    -0.03486414147661336
2.5500000000000003    -0.03323488163085728
2.551808510638298    -0.031166661422953365
2.5536170212765956    -0.028692468468174977
2.5554255319148935    -0.026378787697531575
2.5572340425531914    -0.024978701584644138
2.5590425531914893    -0.02488993331206723
2.560851063829787    -0.025776350489345116
2.562659574468085    -0.02663237317670024
2.564468085106383    -0.026327226436659815
2.566276595744681    -0.02435117242015375
2.568085106382979    -0.02127109902435847
2.5698936170212767    -0.018489997136188922
2.5717021276595746    -0.017345478917565105
2.5735106382978725    -0.018124992514703522
2.5753191489361704    -0.019768951313372404
2.5771276595744683    -0.020603068722164664
2.578936170212766    -0.019624515399319926
2.580744680851064    -0.017324475166510936
2.5825531914893616    -0.01530671168014925
2.5843617021276595    -0.014934586302957267
2.5861702127659574    -0.016114255025124428
2.5879787234042553    -0.017287993319963172
2.589787234042553    -0.01670708480171235
2.591595744680851    -0.013913759613838415
2.593404255319149    -0.01012268610606247
2.595212765957447    -0.0071335286598467745
2.5970212765957448    -0.005726494693182453
2.5988297872340427    -0.004991319611526428
2.6006382978723406    -0.003220439938864488
2.6024468085106385    0.00042882355461121464
2.6042553191489364    0.005025113563327258
2.6060638297872343    0.008562595400664796
2.607872340425532    0.009655016766447613
2.60968085106383    0.008690399609536333
2.6114893617021275    0.007404348380374095
2.6132978723404254    0.007283816970504264
2.6151063829787233    0.008276525234737155
2.6169148936170212    0.00896587195182313
2.618723404255319    0.007985747105431757
2.620531914893617    0.005306443881172799
2.622340425531915    0.0021920699458850374
2.624148936170213    -7.327715872337739e-05
2.6259574468085107    -0.001421115057204004
2.6277659574468086    -0.0029943142727455827
2.6295744680851065    -0.005923738030834763
2.6313829787234044    -0.010093232612546368
2.6331914893617023    -0.014109960738415653
2.6350000000000002    -0.016531337001895897
2.636808510638298    -0.017188427385054664
2.638617021276596    -0.01734910543984988
2.6404255319148935    -0.018563175609958283
2.6422340425531914    -0.021267345187818257
2.6440425531914893    -0.02443162470658471
2.645851063829787    -0.026533308557398442
2.647659574468085    -0.026915904001469076
2.649468085106383    -0.02628054872867083
2.651276595744681    -0.025915209514031538
2.653085106382979    -0.026442220914333705
2.6548936170212767    -0.027256300271768206
2.6567021276595746    -0.02712134538815655
2.6585106382978725    -0.025314882095130265
2.6603191489361704    -0.022267227045922506
2.6621276595744683    -0.01918440881182577
2.663936170212766    -0.0170846332065752
2.665744680851064    -0.01612782390958146
2.667553191489362    -0.015733929197024574
2.6693617021276594    -0.015227216015168389
2.6711702127659573    -0.01434796189784061
2.6729787234042552    -0.013234276471229395
2.674787234042553    -0.012037078321021858
2.676595744680851    -0.010619042591651754
2.678404255319149    -0.008597553608034901
2.680212765957447    -0.0056143003859746785
2.6820212765957447    -0.001557813413638789
2.6838297872340426    0.003382391002127964
2.6856382978723405    0.00875090184992974
2.6874468085106384    0.013875194275873214
2.6892553191489363    0.018002040962503567
2.6910638297872342    0.020619741845965316
2.692872340425532    0.021846464321767824
2.69468085106383    0.022533002601284866
2.696489361702128    0.0238207036551109
2.6982978723404254    0.026344266876012747
2.7001063829787233    0.0296811773853288
2.701914893617021    0.032567269218954205
2.703723404255319    0.03379665985941332
2.705531914893617    0.033110809854210936
2.707340425531915    0.031342110801612415
2.709148936170213    0.0296970258941048
2.7109574468085107    0.028803416463191213
2.7127659574468086    0.028332407168707344
2.7145744680851065    0.0274684304399319
2.7163829787234044    0.02574393323885013
2.7181914893617023    0.023472806487794762
2.72    0.02144059920011887
2.721808510638298    0.0202077661423452
2.723617021276596    0.01969501509992471
2.725425531914894    0.019392062767333705
2.7272340425531914    0.018924212387369785
2.7290425531914893    0.018415608344679986
2.730851063829787    0.018345776609478233
2.732659574468085    0.01910245681808871
2.734468085106383    0.020681427431712175
2.736276595744681    0.022771441863670992
2.7380851063829788    0.02505664851903349
2.7398936170212767    0.027393561795420213
2.7417021276595746    0.029718470871567503
2.7435106382978725    0.03186293250219426
2.7453191489361704    0.03354734087817993
2.7471276595744683    0.03460308666236934
2.748936170212766    0.03519511183553572
2.750744680851064    0.035782253957259015
2.752553191489362    0.03679943311848028
2.75436170212766    0.03831910990823568
2.7561702127659573    0.039977328262904864
2.757978723404255    0.041214806100136135
2.759787234042553    0.04162169544072871
2.761595744680851    0.04112359328205888
2.763404255319149    0.03991947777108657
2.765212765957447    0.03828738777473944
2.7670212765957447    0.036428270050403215
2.7688297872340426    0.03441984530222845
2.7706382978723405    0.03224042301771176
2.7724468085106384    0.02980649093141144
2.7742553191489363    0.02702032142487054
2.776063829787234    0.023844857680941932
2.777872340425532    0.02037688984847004
2.77968085106383    0.016846139603541116
2.781489361702128    0.013507781758421211
2.783297872340426    0.01049865069095602
2.7851063829787237    0.007782353717354019
2.786914893617021    0.00524000926925303
2.788723404255319    0.002825820458530493
2.790531914893617    0.0006373875365025391
2.792340425531915    -0.0011740603487830532
2.7941489361702128    -0.002576890946627707
2.7959574468085107    -0.0037572920674874373
2.7977659574468086    -0.0050479857206716374
2.7995744680851065    -0.0067375061676669115
2.8013829787234044    -0.008901580771822865
2.8031914893617023    -0.01136679597336357
2.805    -0.013810636643497385
2.806808510638298    -0.015919770609268157
2.808617021276596    -0.017519049046333765
2.810425531914894    -0.018621011557572537
2.8122340425531918    -0.019385508299181425
2.8140425531914897    -0.020012028279295636
2.815851063829787    -0.020623488943829836
2.817659574468085    -0.021221216722592973
2.819468085106383    -0.021752920131059714
2.821276595744681    -0.02223639069177074
2.8230851063829787    -0.022803547358429765
2.8248936170212766    -0.023575467200326085
2.8267021276595745    -0.024447547148686986
2.8285106382978724    -0.025005423724786167
2.8303191489361703    -0.02473461200532314
2.832127659574468    -0.02342841317167773
2.833936170212766    -0.021460096441997714
2.835744680851064    -0.019624406802893485
2.837553191489362    -0.018596204277984738
2.83936170212766    -0.018419467535772484
2.8411702127659577    -0.018473530454659985
2.8429787234042556    -0.017984624955043535
2.844787234042553    -0.016670453195077872
2.846595744680851    -0.014965429934822819
2.848404255319149    -0.013629864186324607
2.8502127659574468    -0.01309398294707309
2.8520212765957447    -0.013126230542121937
2.8538297872340426    -0.013114692945147253
2.8556382978723405    -0.012681947553611312
2.8574468085106384    -0.012047009025094563
2.8592553191489363    -0.011793795863513045
2.861063829787234    -0.012273482349733526
2.862872340425532    -0.013219164314258638
2.86468085106383    -0.013948831313324007
2.866489361702128    -0.01396720221097305
2.8682978723404258    -0.013389483001543166
2.8701063829787237    -0.01277642298753744
2.8719148936170216    -0.012537077473484495
2.873723404255319    -0.012480756834038934
2.875531914893617    -0.011967115406398929
2.877340425531915    -0.010528496865112123
2.8791489361702127    -0.00836856193858072
2.8809574468085106    -0.00623700961805522
2.8827659574468085    -0.004768596584633173
2.8845744680851064    -0.003902030223172563
2.8863829787234043    -0.002945947592127765
2.8881914893617022    -0.0012585502116006899
2.89    0.0010865274575710716
2.891808510638298    0.0032886791073445517
2.893617021276596    0.004501265126058492
2.895425531914894    0.004583884351962208
2.8972340425531917    0.004221484584994654
2.8990425531914896    0.00429438026871863
2.9008510638297875    0.005091754356920156
2.902659574468085    0.006107323389198707
2.904468085106383    0.006590236844962635
2.906276595744681    0.0062919684956345935
2.9080851063829787    0.005670011512349841
2.9098936170212766    0.005364380990217286
2.9117021276595745    0.005502959843325664
2.9135106382978724    0.005568463173967632
2.9153191489361703    0.004981699358132331
2.917127659574468    0.0038016713650379464
2.918936170212766    0.002792698205917002
2.920744680851064    0.0027424180741035123
2.922553191489362    0.003700007767567799
2.92436170212766    0.004921373259206285
2.9261702127659577    0.00560200229788968
2.9279787234042556    0.005654646351243516
2.9297872340425535    0.005714679530247053
2.931595744680851    0.006349021663472737
2.933404255319149    0.007306766665772008
2.9352127659574467    0.007661402344108014
2.9370212765957446    0.006786045382415173
2.9388297872340425    0.005182757641159013
2.9406382978723404    0.0042383786738546
2.9424468085106383    0.005022688250142005
2.9442553191489362    0.007254049576347349
2.946063829787234    0.009476436416932856
2.947872340425532    0.010337916482016428
2.94968085106383    0.009763991263113078
2.951489361702128    0.008899672758932034
2.9532978723404257    0.00890360228274493
2.9551063829787236    0.00981155297402894
2.9569148936170215    0.010595315846365217
2.9587234042553194    0.010315253223283688
2.960531914893617    0.00915446481126511
2.962340425531915    0.008265929555887603
2.9641489361702127    0.00860475451187554
2.9659574468085106    0.009964905455422309
2.9677659574468085    0.011209321837829129
2.9695744680851064    0.011427087801092627
2.9713829787234043    0.010793978114128097
2.973191489361702    0.010253930917103736
2.975    0.010404163148992172
2.976808510638298    0.010805658963299202
2.978617021276596    0.010463214056610439
2.980425531914894    0.0089432479613562
2.9822340425531917    0.0068982137788296104
2.9840425531914896    0.0054032786957104225
2.9858510638297875    0.004805710911210834
2.9876595744680854    0.004340582651891557
2.989468085106383    0.0029604919875235326
2.9912765957446807    0.0005083210693999892
2.9930851063829786    -0.0020463235989554578
2.9948936170212765    -0.0036116323492260956
2.9967021276595744    -0.00417809324858604
2.9985106382978723    -0.004909964211352922
3.0003191489361702    -0.006947099157002017
3.002127659574468    -0.010120703868878145
3.003936170212766    -0.012948429835765503
3.005744680851064    -0.014002378171452067
3.007553191489362    -0.013325181575420428
3.0093617021276597    -0.012472536017122875
3.0111702127659576    -0.01310779285314358
3.0129787234042555    -0.015505437311478937
3.0147872340425534    -0.018391153515575277
3.0165957446808513    -0.020206170188985836
3.0184042553191492    -0.020506212201997914
3.0202127659574467    -0.020161203448411415
3.0220212765957446    -0.020290361281996384
3.0238297872340425    -0.021110403302243348
3.0256382978723404    -0.021850182857149583
3.0274468085106383    -0.02170336147222867
3.029255319148936    -0.020730747246838828
3.031063829787234    -0.019761675263252787
3.032872340425532    -0.019458761880032663
3.03468085106383    -0.019585305521462704
3.036489361702128    -0.019250672173419754
3.0382978723404257    -0.017842709178084372
3.0401063829787236    -0.015645119695604892
3.0419148936170215    -0.01351082135839745
3.0437234042553194    -0.01197836091440848
3.0455319148936173    -0.010782358752658178
3.047340425531915    -0.009248397571400242
3.0491489361702127    -0.007105236067461763
3.0509574468085106    -0.004821015694934703
3.0527659574468085    -0.0031064402884266613
3.0545744680851064    -0.0021314408811279406
3.0563829787234043    -0.0013096544305373678
3.058191489361702    9.608651566459262e-05
3.06    0.0021616261072929083
3.061808510638298    0.00412599703428918
3.063617021276596    0.005057268842127699
3.0654255319148938    0.0047193769834993245
3.0672340425531917    0.003800940156908515
3.0690425531914896    0.0032966207811759903
3.0708510638297875    0.0036457636518348515
3.0726595744680854    0.004434483760061498
3.0744680851063833    0.004892247827255593
3.076276595744681    0.004655742116584241
3.0780851063829786    0.004064109110640908
3.0798936170212765    0.0037510232356187875
3.0817021276595744    0.003984938838970634
3.0835106382978723    0.004415428981531042
3.08531914893617    0.004448049335491581
3.087127659574468    0.003849580129895387
3.088936170212766    0.002982729721561353
3.090744680851064    0.0024548744546584057
3.092553191489362    0.002541911503806303
3.0943617021276597    0.002955619972386132
3.0961702127659576    0.003174233468438187
3.0979787234042555    0.003000611983646889
3.0997872340425534    0.0027899831143152953
3.1015957446808513    0.0031130083398974717
3.103404255319149    0.004176324387958805
3.105212765957447    0.005571347434009096
3.1070212765957446    0.00661409742388407
3.1088297872340425    0.006962950327294457
3.1106382978723404    0.006916692352113152
3.1124468085106383    0.007092771276804113
3.114255319148936    0.0077916243179212115
3.116063829787234    0.008676949985431195
3.117872340425532    0.009108855230982947
3.11968085106383    0.008822787758772453
3.1214893617021278    0.008280676212685922
3.1232978723404257    0.008310861097340808
3.1251063829787236    0.009339986993574391
3.1269148936170215    0.01093837973082672
3.1287234042553194    0.012130042537107914
3.1305319148936173    0.012206828559417522
3.132340425531915    0.01131590206391633
3.134148936170213    0.010308467002367629
3.1359574468085105    0.01002213028560298
3.1377659574468084    0.010655486563786863
3.1395744680851063    0.011740245544234418
3.141382978723404    0.012623627411013083
3.143191489361702    0.012946115051576317
3.145    0.012719187398954186
3.146808510638298    0.01207536579911547
3.148617021276596    0.011058191107182154
3.1504255319148937    0.009669642132974235
3.1522340425531916    0.0080321725487336
3.1540425531914895    0.0063899927718716176
3.1558510638297874    0.004905231671767591
3.1576595744680853    0.003496121389573373
3.159468085106383    0.0019455323692678158
3.161276595744681    0.0001843633092906199
3.163085106382979    -0.0015894477374200691
3.1648936170212765    -0.0031415098233583605
3.1667021276595744    -0.004553691892060297
3.1685106382978723    -0.006269628134783329
3.17031914893617    -0.008687807410773588
3.172127659574468    -0.011665195500407302
3.173936170212766    -0.01447248123289295
3.175744680851064    -0.016342416239910774
3.1775531914893618    -0.01714118432236694
3.1793617021276597    -0.017504323095135017
3.1811702127659576    -0.01825449381663333
3.1829787234042555    -0.019619798066011763
3.1847872340425534    -0.020996942400279366
3.1865957446808513    -0.021501518524466082
3.188404255319149    -0.02079214410513702
3.190212765957447    -0.01938770671927736
3.192021276595745    -0.01818586128003039
3.1938297872340424    -0.0176580065767302
3.1956382978723403    -0.017490068638279867
3.1974468085106382    -0.016981408796167784
3.199255319148936    -0.015770745934694203
3.201063829787234    -0.014164051808900305
3.202872340425532    -0.012768636030608412
3.20468085106383    -0.011841022389747928
3.2064893617021277    -0.011025508941638784
3.2082978723404256    -0.009740025052783544
3.2101063829787235    -0.007797998817188807
3.2119148936170214    -0.005620083616541233
3.2137234042553193    -0.0038172072921411806
3.2155319148936172    -0.0025710298866766573
3.217340425531915    -0.0014408816012337119
3.219148936170213    0.00021228615016630615
3.220957446808511    0.0026179006073930016
3.2227659574468084    0.005406689627838695
3.2245744680851063    0.00799683790433046
3.226382978723404    0.010123179403597643
3.228191489361702    0.011960119956397628
3.23    0.013752659212898444
3.231808510638298    0.015407888333757976
3.233617021276596    0.016530100742861792
3.2354255319148937    0.01687458660523597
3.2372340425531916    0.01670664911467811
3.2390425531914895    0.016630731077765054
3.2408510638297874    0.017031721664549318
3.2426595744680853    0.017717903510243313
3.244468085106383    0.018161970551017766
3.246276595744681    0.018087491921003805
3.248085106382979    0.017750943573575213
3.249893617021277    0.017587680097785927
3.251702127659575    0.01760628174508424
3.2535106382978722    0.017240073053145732
3.25531914893617    0.015897152900630346
3.257127659574468    0.01366029773158824
3.258936170212766    0.011347866713294203
3.260744680851064    0.009778462419499381
3.2625531914893617    0.008953714707967925
3.2643617021276596    0.008034268433267107
3.2661702127659575    0.006198657306096566
3.2679787234042554    0.0035333490433168326
3.2697872340425533    0.0010171222416083805
3.2715957446808512    -0.0004255218527293964
3.273404255319149    -0.0008484878660505649
3.275212765957447    -0.001227784789175861
3.277021276595745    -0.002471169222053564
3.278829787234043    -0.004512549115765787
3.2806382978723407    -0.006422679771329784
3.282446808510638    -0.007404510727736376
3.284255319148936    -0.0076216641839540345
3.286063829787234    -0.00800030926315576
3.287872340425532    -0.00923514247324428
3.28968085106383    -0.011057515944650006
3.2914893617021277    -0.012521964964324445
3.2932978723404256    -0.012981794818925944
3.2951063829787235    -0.012720342567172147
3.2969148936170214    -0.012609018630046117
3.2987234042553193    -0.013205583820379596
3.300531914893617    -0.014259702778791275
3.302340425531915    -0.01509953942251835
3.304148936170213    -0.01541384850519491
3.305957446808511    -0.015564987359069393
3.307765957446809    -0.016137703728994167
3.3095744680851067    -0.017275774496230155
3.311382978723404    -0.018551635547250568
3.313191489361702    -0.01948171876693311
3.315    -0.0200776642532828
3.316808510638298    -0.020806705635146867
3.3186170212765957    -0.022010108660768052
3.3204255319148936    -0.02342896907878033
3.3222340425531915    -0.024361724837856175
3.3240425531914894    -0.0242926113890716
3.3258510638297873    -0.02334270334643536
3.3276595744680852    -0.022107858590094037
3.329468085106383    -0.0210907092513763
3.331276595744681    -0.02030886385105285
3.333085106382979    -0.019413991148547402
3.334893617021277    -0.018112181131630184
3.3367021276595747    -0.01642571575265884
3.3385106382978726    -0.014587527373559353
3.34031914893617    -0.012771055968231054
3.342127659574468    -0.010976868868896067
3.343936170212766    -0.00915332248953932
3.345744680851064    -0.007349345314596696
3.3475531914893617    -0.0056936994337924846
3.3493617021276596    -0.0042275984772417105
3.3511702127659575    -0.0027953274583167173
3.3529787234042554    -0.0011326049609799282
3.3547872340425533    0.0009163937185201415
3.356595744680851    0.003245526970579681
3.358404255319149    0.005526078681715145
3.360212765957447    0.007412704035267011
3.362021276595745    0.008779124476738096
3.363829787234043    0.00983107598118621
3.3656382978723407    0.0110033849539167
3.3674468085106386    0.01266733377234653
3.369255319148936    0.014825200451829751
3.371063829787234    0.01704408052593958
3.372872340425532    0.018750435874770113
3.3746808510638298    0.01969894762608975
3.3764893617021277    0.02020714957870296
3.3782978723404256    0.020889066554958813
3.3801063829787235    0.022078846633578987
3.3819148936170214    0.023484271212074706
3.3837234042553193    0.02444579907053753
3.385531914893617    0.024589123458093942
3.387340425531915    0.024224804765039742
3.389148936170213    0.02405873450562694
3.390957446808511    0.02447435930882736
3.3927659574468088    0.025122097274959072
3.3945744680851067    0.025270874418473775
3.3963829787234046    0.024589961584735198
3.398191489361702    0.023553395566799598
3.4    0.02302244940091231
3.401808510638298    0.023410784186565906
3.4036170212765957    0.024281410224265672
3.4054255319148936    0.024782386220992172
3.4072340425531915    0.024458201978349185
3.4090425531914894    0.023597820236388088
3.4108510638297873    0.02279382554516131
3.412659574468085    0.022230641838089094
3.414468085106383    0.02148495106410534
3.416276595744681    0.020035558593695803
3.418085106382979    0.017895387406397907
3.419893617021277    0.015652803315916786
3.4217021276595747    0.013869431139930881
3.4235106382978726    0.012493779411103675
3.4253191489361705    0.010933850326119186
3.427127659574468    0.008712832857279425
3.428936170212766    0.006001524691854292
3.4307446808510638    0.0034617631167274242
3.4325531914893617    0.0015800699996046264
3.4343617021276596    0.0002040547640244062
3.4361702127659575    -0.0012481417418088653
3.4379787234042554    -0.0031632211780099452
3.4397872340425533    -0.005365677448329705
3.441595744680851    -0.007358991111792334
3.443404255319149    -0.008858960154380629
3.445212765957447    -0.010031594515244671
3.447021276595745    -0.011232821769678866
3.4488297872340428    -0.012611460251249873
3.4506382978723407    -0.014038168068885665
3.4524468085106386    -0.01538439126501549
3.4542553191489365    -0.016744967207255917
3.456063829787234    -0.018290879194549716
3.457872340425532    -0.019931993454978415
3.4596808510638297    -0.021253193939916388
3.4614893617021276    -0.02189132060206236
3.4632978723404255    -0.021970738028444615
3.4651063829787234    -0.02207279026015836
3.4669148936170213    -0.022696551070925584
3.468723404255319    -0.023758773586678116
3.470531914893617    -0.024691221870358073
3.472340425531915    -0.02506198565599817
3.474148936170213    -0.025053571320021447
3.475957446808511    -0.025255136490785406
3.4777659574468087    -0.025968291001423064
3.4795744680851066    -0.026778153523090768
3.4813829787234045    -0.026876504423368783
3.4831914893617024    -0.025812319727687914
3.4850000000000003    -0.023878208771580558
3.4868085106382978    -0.021741981360411635
3.4886170212765957    -0.01975754157223295
3.4904255319148936    -0.017716366975689107
3.4922340425531915    -0.015269346201329453
3.4940425531914894    -0.012474464705475988
3.4958510638297873    -0.00980106105761961
3.497659574468085    -0.007586250586437266
3.499468085106383    -0.0056103151211351
3.501276595744681    -0.0033338829810331816
3.503085106382979    -0.0005488158673064751
3.5048936170212768    0.0023304691683995143
3.5067021276595747    0.004717574374399852
3.5085106382978726    0.0065470277977205844
3.5103191489361705    0.008379187012259223
3.5121276595744684    0.010744095625126014
3.5139361702127663    0.013466312789813301
3.5157446808510637    0.015795417155311638
3.5175531914893616    0.017255851737130394
3.5193617021276595    0.018248636163419138
3.5211702127659574    0.019648512692489205
3.5229787234042553    0.021776517094033346
3.5247872340425532    0.023907601432042423
3.526595744680851    0.024944738098913767
3.528404255319149    0.02458176598495119
3.530212765957447    0.023665494448298116
3.532021276595745    0.023306996650809902
3.5338297872340427    0.023691229273444428
3.5356382978723406    0.02390935785349787
3.5374468085106385    0.02301757916322751
3.5392553191489364    0.021141680919131954
3.5410638297872343    0.019374612877266016
3.5428723404255322    0.018569943565019863
3.5446808510638297    0.018395800444564757
3.5464893617021276    0.01773390694377655
3.5482978723404255    0.01598142216971348
3.5501063829787234    0.013772916854249827
3.5519148936170213    0.012287466816514641
3.553723404255319    0.011918318530363622
3.555531914893617    0.011818391517195333
3.557340425531915    0.010842779722354593
3.559148936170213    0.008818684516141175
3.560957446808511    0.006706573806696309
3.5627659574468087    0.0054920555483965496
3.5645744680851066    0.005093751407877092
3.5663829787234045    0.004525375654752202
3.5681914893617024    0.0030807880097986065
3.5700000000000003    0.0011365721341164113
3.571808510638298    -0.00035071372581696773
3.5736170212765956    -0.0010188214643909038
3.5754255319148935    -0.0015225852430741367
3.5772340425531914    -0.002694390672739805
3.5790425531914893    -0.004463686479629133
3.5808510638297872    -0.005876678804108901
3.582659574468085    -0.006252678480161332
3.584468085106383    -0.006111801361375693
3.586276595744681    -0.006700172152224378
3.588085106382979    -0.008563593401223974
3.5898936170212767    -0.01079944489021281
3.5917021276595746    -0.011923888300258057
3.5935106382978725    -0.011457932513129458
3.5953191489361704    -0.010461538560795633
3.5971276595744683    -0.010382401216470124
3.5989361702127662    -0.011483040282768768
3.600744680851064    -0.012604391111998492
3.6025531914893616    -0.012524874597561261
3.6043617021276595    -0.011368932308315453
3.6061702127659574    -0.010465643330270153
3.6079787234042553    -0.010825744464506752
3.609787234042553    -0.011981720706552722
3.611595744680851    -0.012520968119636487
3.613404255319149    -0.011709482098991685
3.615212765957447    -0.010359612055152711
