0.0    0.0
0.0018085106382978724    0.0
0.003617021276595745    0.0
0.005425531914893617    0.0
0.00723404255319149    0.0
0.009042553191489363    0.0
0.010851063829787235    0.0
0.012659574468085107    0.0
0.01446808510638298    0.0
0.016276595744680853    0.0
0.018085106382978725    0.0
0.019893617021276597    0.0
0.02170212765957447    0.0
0.023510638297872342    0.0
0.025319148936170214    0.0
0.027127659574468086    0.0
0.02893617021276596    0.0
0.03074468085106383    0.0
0.032553191489361706    0.0
0.03436170212765958    0.0
0.03617021276595745    0.0
0.03797872340425532    0.0
0.039787234042553195    0.0
0.04159574468085107    0.0
0.04340425531914894    0.0
0.04521276595744681    0.0
0.047021276595744683    0.0
0.048829787234042556    0.0
0.05063829787234043    0.0
0.0524468085106383    0.0
0.05425531914893617    0.0
0.056063829787234044    0.0
0.05787234042553192    0.0
0.05968085106382979    0.0
0.06148936170212766    0.0
0.06329787234042554    0.0
0.06510638297872341    0.0
0.06691489361702128    0.0
0.06872340425531916    0.0
0.07053191489361703    0.0
0.0723404255319149    0.0
0.07414893617021277    0.0
0.07595744680851065    0.0
0.07776595744680852    0.0
0.07957446808510639    0.0
0.08138297872340426    0.0
0.08319148936170213    0.0
0.085    0.0
0.08680851063829788    0.0
0.08861702127659575    0.0
0.09042553191489362    0.0
0.0922340425531915    0.0
0.09404255319148937    0.0
0.09585106382978724    0.0
0.09765957446808511    0.0
0.09946808510638298    0.0
0.10127659574468086    0.0
0.10308510638297873    0.0
0.1048936170212766    0.0
0.10670212765957447    0.0
0.10851063829787234    0.0
0.11031914893617022    0.0
0.11212765957446809    0.0
0.11393617021276596    0.0
0.11574468085106383    0.0
0.1175531914893617    0.0
0.11936170212765958    0.0
0.12117021276595745    0.0
0.12297872340425532    0.0
0.1247872340425532    0.0
0.12659574468085108    0.0
0.12840425531914895    0.0
0.13021276595744682    0.0
0.1320212765957447    0.0
0.13382978723404257    0.0
0.13563829787234044    0.0
0.1374468085106383    0.0
0.13925531914893619    0.0
0.14106382978723406    0.0
0.14287234042553193    0.0
0.1446808510638298    0.0
0.14648936170212767    0.0
0.14829787234042555    0.0
0.15010638297872342    0.0
0.1519148936170213    0.0
0.15372340425531916    0.0
0.15553191489361703    0.0
0.1573404255319149    0.0
0.15914893617021278    0.0
0.16095744680851065    0.0
0.16276595744680852    0.0
0.1645744680851064    0.0
0.16638297872340427    0.0
0.16819148936170214    0.0
0.17    0.0
0.17180851063829788    0.0
0.17361702127659576    0.0
0.17542553191489363    0.0
0.1772340425531915    0.0
0.17904255319148937    0.0
0.18085106382978725    0.0
0.18265957446808512    0.0
0.184468085106383    0.0
0.18627659574468086    0.0
0.18808510638297873    0.0
0.1898936170212766    0.0
0.19170212765957448    0.0
0.19351063829787235    0.0
0.19531914893617022    0.0
0.1971276595744681    0.0
0.19893617021276597    0.0
0.20074468085106384    0.0
0.2025531914893617    0.0
0.20436170212765958    0.0
0.20617021276595746    0.0
0.20797872340425533    0.0
0.2097872340425532    0.0
0.21159574468085107    0.0
0.21340425531914894    0.0
0.21521276595744682    0.0
0.2170212765957447    0.0
0.21882978723404256    0.0
0.22063829787234043    0.0
0.2224468085106383    0.0
0.22425531914893618    0.0
0.22606382978723405    0.0
0.22787234042553192    0.0
0.2296808510638298    0.0
0.23148936170212767    0.0
0.23329787234042554    0.0
0.2351063829787234    0.0
0.23691489361702128    0.0
0.23872340425531915    0.0
0.24053191489361703    0.0
0.2423404255319149    0.0
0.24414893617021277    0.0
0.24595744680851064    0.0
0.24776595744680852    0.0
0.2495744680851064    0.0
0.25138297872340426    0.0
0.25319148936170216    0.0
0.255    0.0
0.2568085106382979    0.0
0.25861702127659575    0.0
0.26042553191489365    0.0
0.2622340425531915    0.0
0.2640425531914894    0.0
0.26585106382978724    0.0
0.26765957446808514    0.0
0.269468085106383    0.0
0.2712765957446809    0.0
0.2730851063829787    0.0
0.2748936170212766    0.0
0.27670212765957447    0.0
0.27851063829787237    0.0
0.2803191489361702    0.0
0.2821276595744681    0.0
0.28393617021276596    0.0
0.28574468085106386    0.0
0.2875531914893617    0.0
0.2893617021276596    0.0
0.29117021276595745    0.0
0.29297872340425535    0.0
0.2947872340425532    0.0
0.2965957446808511    0.0
0.29840425531914894    0.0
0.30021276595744684    0.0
0.3020212765957447    0.0
0.3038297872340426    0.0
0.3056382978723404    0.0
0.3074468085106383    0.0
0.30925531914893617    0.0
0.31106382978723407    0.0
0.3128723404255319    0.0
0.3146808510638298    0.0
0.31648936170212766    0.0
0.31829787234042556    0.0
0.3201063829787234    0.0
0.3219148936170213    0.0
0.32372340425531915    0.0
0.32553191489361705    0.0
0.3273404255319149    0.0
0.3291489361702128    0.0
0.33095744680851064    0.0
0.33276595744680854    0.0
0.3345744680851064    0.0
0.3363829787234043    0.0
0.3381914893617021    0.0
0.34    0.0
0.34180851063829787    0.0
0.34361702127659577    0.0
0.3454255319148936    0.0
0.3472340425531915    0.0
0.34904255319148936    0.0
0.35085106382978726    0.0
0.3526595744680851    0.0
0.354468085106383    0.0
0.35627659574468085    0.0
0.35808510638297875    0.0
0.3598936170212766    0.0
0.3617021276595745    0.0
0.36351063829787233    0.0
0.36531914893617023    0.0
0.3671276595744681    0.0
0.368936170212766    0.0
0.3707446808510638    0.0
0.3725531914893617    0.0
0.37436170212765957    0.0
0.37617021276595747    0.0
0.3779787234042553    0.0
0.3797872340425532    0.0
0.38159574468085106    0.0
0.38340425531914896    0.0
0.3852127659574468    0.0
0.3870212765957447    0.0
0.38882978723404255    0.0
0.39063829787234045    0.0
0.3924468085106383    0.0
0.3942553191489362    0.0
0.39606382978723403    0.0
0.39787234042553193    0.0
0.3996808510638298    0.0
0.4014893617021277    0.0
0.4032978723404255    0.0
0.4051063829787234    0.0
0.40691489361702127    0.0
0.40872340425531917    0.0
0.410531914893617    0.0
0.4123404255319149    0.0
0.41414893617021276    0.0
0.41595744680851066    0.0
0.4177659574468085    0.0
0.4195744680851064    0.0
0.42138297872340424    0.0
0.42319148936170214    0.0
0.425    0.0
0.4268085106382979    0.0
0.42861702127659573    0.0
0.43042553191489363    0.0
0.4322340425531915    0.0
0.4340425531914894    0.0
0.4358510638297872    0.0
0.4376595744680851    0.0
0.43946808510638297    0.0
0.44127659574468087    0.0
0.4430851063829787    0.0
0.4448936170212766    0.0
0.44670212765957445    0.0
0.44851063829787235    0.0
0.4503191489361702    0.0
0.4521276595744681    0.0
0.45393617021276594    0.0
0.45574468085106384    0.0
0.4575531914893617    0.0
0.4593617021276596    0.0
0.46117021276595743    0.0
0.46297872340425533    0.0
0.46478723404255323    0.0
0.4665957446808511    0.0
0.468404255319149    0.0
0.4702127659574468    0.0
0.4720212765957447    0.0
0.47382978723404257    0.0
0.47563829787234047    0.0
0.4774468085106383    0.0
0.4792553191489362    0.0
0.48106382978723405    0.0
0.48287234042553195    0.0
0.4846808510638298    0.0
0.4864893617021277    0.0
0.48829787234042554    0.0
0.49010638297872344    0.0
0.4919148936170213    0.0
0.4937234042553192    0.0
0.49553191489361703    0.0
0.49734042553191493    0.0
0.4991489361702128    0.0
0.5009574468085106    0.0
0.5027659574468085    0.0
0.5045744680851064    0.0
0.5063829787234043    0.0
0.5081914893617021    0.0
0.51    0.0
0.5118085106382979    0.0
0.5136170212765958    0.0
0.5154255319148936    0.0
0.5172340425531915    0.0
0.5190425531914894    0.0
0.5208510638297873    0.0
0.5226595744680851    0.0
0.524468085106383    0.0
0.5262765957446809    0.0
0.5280851063829788    0.0
0.5298936170212766    0.0
0.5317021276595745    0.0
0.5335106382978724    0.0
0.5353191489361703    0.0
0.5371276595744681    0.0
0.538936170212766    0.0
0.5407446808510639    0.0
0.5425531914893618    0.0
0.5443617021276596    0.0
0.5461702127659575    0.0
0.5479787234042554    0.0
0.5497872340425533    0.0
0.551595744680851    0.0
0.5534042553191489    0.0
0.5552127659574468    0.0
0.5570212765957447    0.0
0.5588297872340425    0.0
0.5606382978723404    0.0
0.5624468085106383    0.0
0.5642553191489362    0.0
0.566063829787234    0.0
0.5678723404255319    0.0
0.5696808510638298    0.0
0.5714893617021277    0.0
0.5732978723404255    0.0
0.5751063829787234    0.0
0.5769148936170213    0.0
0.5787234042553192    0.0
0.580531914893617    0.0
0.5823404255319149    0.0
0.5841489361702128    0.0
0.5859574468085107    0.0
0.5877659574468085    0.0
0.5895744680851064    0.0
0.5913829787234043    0.0
0.5931914893617022    0.0
0.595    0.0
0.5968085106382979    0.0
0.5986170212765958    0.0
0.6004255319148937    0.0
0.6022340425531915    0.0
0.6040425531914894    0.0
0.6058510638297873    0.0
0.6076595744680852    0.0
0.609468085106383    0.0
0.6112765957446809    0.0
0.6130851063829788    0.0
0.6148936170212767    0.0
0.6167021276595744    0.0
0.6185106382978723    0.0
0.6203191489361702    0.0
0.6221276595744681    0.0
0.6239361702127659    0.0
0.6257446808510638    0.0
0.6275531914893617    0.0
0.6293617021276596    0.0
0.6311702127659574    0.0
0.6329787234042553    0.0
0.6347872340425532    0.0
0.6365957446808511    0.0
0.6384042553191489    0.0
0.6402127659574468    0.0
0.6420212765957447    0.0
0.6438297872340426    0.0
0.6456382978723404    0.0
0.6474468085106383    0.0
0.6492553191489362    0.0
0.6510638297872341    0.0
0.6528723404255319    0.0
0.6546808510638298    0.0
0.6564893617021277    0.0
0.6582978723404256    0.0
0.6601063829787234    0.0
0.6619148936170213    0.0
0.6637234042553192    0.0
0.6655319148936171    0.0
0.6673404255319149    0.0
0.6691489361702128    0.0
0.6709574468085107    0.0
0.6727659574468086    5e-324
0.6745744680851063    2.87e-322
0.6763829787234042    9.545e-321
0.6781914893617021    3.03687e-319
0.68    9.486204e-318
0.6818085106382978    2.91126324e-316
0.6836170212765957    8.779718387e-315
0.6854255319148936    2.6023784333e-313
0.6872340425531915    7.582809958497e-312
0.6890425531914893    2.17238747611664e-310
0.6908510638297872    6.120231389231354e-309
0.6926595744680851    1.6958849906965436e-307
0.694468085106383    4.622704156206255e-306
0.6962765957446809    1.2397631264663125e-304
0.6980851063829787    3.27185957864771e-303
0.6998936170212766    8.498318997653444e-302
0.7017021276595745    2.172809560126083e-300
0.7035106382978724    5.469242116723727e-299
0.7053191489361702    1.355547900883058e-297
0.7071276595744681    3.308636274424374e-296
0.708936170212766    7.954129973915211e-295
0.7107446808510639    1.8836828403075448e-293
0.7125531914893617    4.394962535863792e-292
0.7143617021276596    1.010403091420801e-290
0.7161702127659575    2.2892067110501205e-289
0.7179787234042554    5.111919002494097e-288
0.7197872340425532    1.1252481251581281e-286
0.7215957446808511    2.441933457513068e-285
0.723404255319149    5.2251098187783846e-284
0.7252127659574469    1.1025214666747523e-282
0.7270212765957447    2.2943612156905398e-281
0.7288297872340426    4.709467899645996e-280
0.7306382978723405    9.536050728749773e-279
0.7324468085106384    1.9050327731332433e-277
0.7342553191489362    3.755115076060919e-276
0.7360638297872341    7.304321352369932e-275
0.737872340425532    1.4022339010477457e-273
0.7396808510638299    2.657005265821458e-272
0.7414893617021276    4.969839709139853e-271
0.7432978723404255    9.177328817997909e-270
0.7451063829787234    1.6732443627183918e-268
0.7469148936170213    3.0124243402465656e-267
0.7487234042553191    5.355875600237459e-266
0.750531914893617    9.404713388608437e-265
0.7523404255319149    1.6311877325865577e-263
0.7541489361702128    2.794779448895006e-262
0.7559574468085106    4.730615414837925e-261
0.7577659574468085    7.911429076294887e-260
0.7595744680851064    1.3073730379334228e-258
0.7613829787234043    2.1349657383772047e-257
0.7631914893617021    3.445625226650421e-256
0.765    5.496285627511419e-255
0.7668085106382979    8.66627594768238e-254
0.7686170212765958    1.3508122779812083e-252
0.7704255319148936    2.081582022060326e-251
0.7722340425531915    3.171497422999502e-250
0.7740425531914894    4.77796826756443e-249
0.7758510638297873    7.118122980379879e-248
0.7776595744680851    1.0487351398276214e-246
0.779468085106383    1.5281942605397333e-245
0.7812765957446809    2.2026097516016185e-244
0.7830851063829788    3.140336457855925e-243
0.7848936170212766    4.429221174491417e-242
0.7867021276595745    6.18049997656103e-241
0.7885106382978724    8.53290611429443e-240
0.7903191489361703    1.1656792861623237e-238
0.7921276595744681    1.5758002570367708e-237
0.793936170212766    2.1081137662673267e-236
0.7957446808510639    2.7911817984127956e-235
0.7975531914893618    3.657745017198998e-234
0.7993617021276596    4.74459981116822e-233
0.8011702127659575    6.0922239391501004e-232
0.8029787234042554    7.744103072351452e-231
0.8047872340425533    9.745719370388973e-230
0.806595744680851    1.214317761088845e-228
0.808404255319149    1.4981464382174455e-227
0.8102127659574468    1.8302360955728622e-226
0.8120212765957447    2.2142059558771386e-225
0.8138297872340425    2.652856410175308e-224
0.8156382978723404    3.147898762932654e-223
0.8174468085106383    3.69968870601437e-222
0.8192553191489362    4.3069798138519307e-221
0.821063829787234    4.9667146976018025e-220
0.8228723404255319    5.673871653221631e-219
0.8246808510638298    6.42138350024437e-218
0.8264893617021277    7.200142748534673e-217
0.8282978723404255    7.99910328623553e-216
0.8301063829787234    8.805483624037464e-215
0.8319148936170213    9.605070660474279e-214
0.8337234042553192    1.0382616365362636e-212
0.835531914893617    1.1122313210914307e-211
0.8373404255319149    1.1808328148486632e-210
0.8391489361702128    1.2425369957902698e-209
0.8409574468085107    1.2959261346451204e-208
0.8427659574468085    1.3397485594664169e-207
0.8445744680851064    1.3729678033763606e-206
0.8463829787234043    1.3948035218632676e-205
0.8481914893617022    1.4047619172607576e-204
0.85    1.402654019975951e-203
0.8518085106382979    1.3886009020911838e-202
0.8536170212765958    1.3630256830363992e-201
0.8554255319148937    1.3266329687914888e-200
0.8572340425531915    1.2803770866282348e-199
0.8590425531914894    1.2254210846200105e-198
0.8608510638297873    1.1630889181972237e-197
0.8626595744680852    1.094813518555329e-196
0.864468085106383    1.0220835194853507e-195
0.8662765957446809    9.463913160197317e-195
0.8680851063829788    8.691848604773418e-194
0.8698936170212767    7.918252009799087e-193
0.8717021276595744    7.155512741087739e-192
0.8735106382978723    6.41452920610408e-191
0.8753191489361702    5.704525440876619e-190
0.8771276595744681    5.032953165335675e-189
0.8789361702127659    4.405473835544405e-188
0.8807446808510638    3.826011595388202e-187
0.8825531914893617    3.2968654251825983e-186
0.8843617021276596    2.8188672413886376e-185
0.8861702127659574    2.391572175468566e-184
0.8879787234042553    2.0134676365071367e-183
0.8897872340425532    1.682188877465783e-182
0.8915957446808511    1.394730446205769e-181
0.8934042553191489    1.1476449088345044e-180
0.8952127659574468    9.372223929195866e-180
0.8970212765957447    7.596466430621222e-179
0.8988297872340426    6.111252747555123e-178
0.9006382978723404    4.879936547453907e-177
0.9024468085106383    3.867932650803113e-176
0.9042553191489362    3.043264963062226e-175
0.9060638297872341    2.376905651161586e-174
0.9078723404255319    1.8429368872789942e-173
0.9096808510638298    1.418568140128192e-172
0.9114893617021277    1.0840414500198265e-171
0.9132978723404256    8.224549227089877e-171
0.9151063829787234    6.195313474372862e-170
0.9169148936170213    4.633548643478527e-169
0.9187234042553192    3.4409437921617935e-168
0.9205319148936171    2.5372826748724237e-167
0.9223404255319149    1.8578105640508994e-166
0.9241489361702128    1.350793740303669e-165
0.9259574468085107    9.753158733008086e-165
0.9277659574468086    6.993324150333162e-164
0.9295744680851065    4.979863965827515e-163
0.9313829787234043    3.5217616924636623e-162
0.9331914893617022    2.4735699688700014e-161
0.935    1.725532484589207e-160
0.936808510638298    1.1955551583523999e-159
0.9386170212765957    8.227660108629659e-159
0.9404255319148936    5.624137125448007e-158
0.9422340425531915    3.8187458894978796e-157
0.9440425531914894    2.5756287703281863e-156
0.9458510638297872    1.7256616733801385e-155
0.9476595744680851    1.1485503331277715e-154
0.949468085106383    7.594136556370306e-154
0.9512765957446809    4.988300980728206e-153
0.9530851063829787    3.2552515025346432e-152
0.9548936170212766    2.110501959130082e-151
0.9567021276595745    1.359464394306651e-150
0.9585106382978724    8.700460227413532e-150
0.9603191489361702    5.532485224048215e-149
0.9621276595744681    3.4955311669770384e-148
0.963936170212766    2.1944823932232502e-147
0.9657446808510639    1.3689514674663132e-146
0.9675531914893617    8.485783588971238e-146
0.9693617021276596    5.227025519932654e-145
0.9711702127659575    3.199534344127844e-144
0.9729787234042554    1.946251852802174e-143
0.9747872340425532    1.1765270867352708e-142
0.9765957446808511    7.06815190329265e-142
0.978404255319149    4.2200850171810005e-141
0.9802127659574469    2.504137323259227e-140
0.9820212765957447    1.4768175239189855e-139
0.9838297872340426    8.656400356807277e-139
0.9856382978723405    5.0431233130420395e-138
0.9874468085106384    2.9202730494728636e-137
0.9892553191489362    1.6808103997732714e-136
0.9910638297872341    9.616013626200475e-136
0.992872340425532    5.4684228216547776e-135
0.9946808510638299    3.0912155279687523e-134
0.9964893617021277    1.7370250835049095e-133
0.9982978723404256    9.702906234126485e-133
1.0001063829787233    5.387977481150892e-132
1.0019148936170212    2.9743157450656306e-131
1.0037234042553191    1.6322805810406257e-130
1.005531914893617    8.905493806577752e-130
1.007340425531915    4.8304274905646685e-129
1.0091489361702128    2.604871706040852e-128
1.0109574468085107    1.3965904888683039e-127
1.0127659574468086    7.444618950547658e-127
1.0145744680851063    3.9456187785175914e-126
1.0163829787234042    2.079196573033951e-125
1.0181914893617021    1.0894121347898866e-124
1.02    5.675622055969505e-124
1.021808510638298    2.9401373919283496e-123
1.0236170212765958    1.5144777719240767e-122
1.0254255319148937    7.757243968805719e-122
1.0272340425531916    3.951021024321882e-121
1.0290425531914893    2.001135868215429e-120
1.0308510638297872    1.0078991691506534e-119
1.032659574468085    5.048225332531041e-119
1.034468085106383    2.514486439722416e-118
1.036276595744681    1.2455366259331088e-117
1.0380851063829788    6.135754782867818e-117
1.0398936170212767    3.006016445232742e-116
1.0417021276595746    1.4646507766551615e-115
1.0435106382978723    7.097471210493364e-115
1.0453191489361702    3.420640141396595e-114
1.047127659574468    1.6396556135447247e-113
1.048936170212766    7.817117492839285e-113
1.0507446808510639    3.706777885064923e-112
1.0525531914893618    1.7482741013873355e-111
1.0543617021276597    8.201486413965125e-111
1.0561702127659576    3.8269490889912167e-110
1.0579787234042553    1.7762201377758248e-109
1.0597872340425532    8.200337786789745e-109
1.061595744680851    3.765861451269332e-108
1.063404255319149    1.7202885971175547e-107
1.0652127659574468    7.817165961765546e-107
1.0670212765957447    3.5335807002261025e-106
1.0688297872340426    1.5889305204952895e-105
1.0706382978723405    7.107641293403246e-105
1.0724468085106382    3.162883746686549e-104
1.0742553191489361    1.4001819097258125e-103
1.076063829787234    6.166454248348277e-103
1.077872340425532    2.7017343142746297e-102
1.0796808510638298    1.1776386072807286e-101
1.0814893617021277    5.1068116730748444e-101
1.0832978723404256    2.203241706691597e-100
1.0851063829787235    9.457034346732502e-100
1.0869148936170212    4.038631976493991e-99
1.088723404255319    1.7159554094378277e-98
1.090531914893617    7.253973775745808e-98
1.092340425531915    3.0510549733427376e-97
1.0941489361702128    1.276832422507287e-96
1.0959574468085107    5.316591400541828e-96
1.0977659574468086    2.202692235237598e-95
1.0995744680851065    9.08031885069882e-95
1.1013829787234042    3.724608693767387e-94
1.103191489361702    1.520190323207628e-93
1.105    6.17388393528933e-93
1.1068085106382979    2.4949825957040394e-92
1.1086170212765958    1.0032992031069927e-91
1.1104255319148937    4.0146951588666404e-91
1.1122340425531916    1.5985972559925494e-90
1.1140425531914895    6.334248606060211e-90
1.1158510638297872    2.4976168653736727e-89
1.117659574468085    9.800230133933384e-89
1.119468085106383    3.8267623396919216e-88
1.1212765957446809    1.4870187318562056e-87
1.1230851063829788    5.750373290122384e-87
1.1248936170212767    2.2129681247128577e-86
1.1267021276595746    8.47536911956488e-86
1.1285106382978725    3.23036205793332e-85
1.1303191489361701    1.2253428458148024e-84
1.132127659574468    4.625754224278557e-84
1.133936170212766    1.7379234061479033e-83
1.1357446808510638    6.498399907000449e-83
1.1375531914893617    2.4183240317582588e-82
1.1393617021276596    8.956932268425833e-82
1.1411702127659575    3.301758216717931e-81
1.1429787234042554    1.2113699999282949e-80
1.1447872340425531    4.423420988607683e-80
1.146595744680851    1.607659035646059e-79
1.148404255319149    5.815513652241182e-79
1.1502127659574468    2.0938466951634702e-78
1.1520212765957447    7.503579851162824e-78
1.1538297872340426    2.676474290357253e-77
1.1556382978723405    9.502385622707104e-77
1.1574468085106384    3.3580043567547997e-76
1.1592553191489363    1.181171246237797e-75
1.161063829787234    4.135532283530595e-75
1.162872340425532    1.4412548766986509e-74
1.1646808510638298    4.999710193047375e-74
1.1664893617021277    1.7264234930827363e-73
1.1682978723404256    5.934061738157642e-73
1.1701063829787235    2.0303116621281288e-72
1.1719148936170214    6.914852931454919e-72
1.1737234042553193    2.344317318905727e-71
1.175531914893617    7.911642045017652e-71
1.1773404255319149    2.65789108944437e-70
1.1791489361702128    8.888562660993839e-70
1.1809574468085107    2.959055738138461e-69
1.1827659574468086    9.80630517168519e-69
1.1845744680851065    3.235129510732257e-68
1.1863829787234044    1.062466537001542e-67
1.1881914893617023    3.473597093483304e-67
1.19    1.1305439362375881e-66
1.1918085106382978    3.663046665080062e-66
1.1936170212765957    1.1815377526071774e-65
1.1954255319148936    3.7940757469493032e-65
1.1972340425531915    1.2128879715508824e-64
1.1990425531914894    3.860065645673511e-64
1.2008510638297873    1.2230127094821966e-63
1.2026595744680852    3.857735559068151e-63
1.204468085106383    1.2114403241671334e-62
1.2062765957446808    3.7874117701134146e-62
1.2080851063829787    1.178845115791638e-61
1.2098936170212766    3.6529813255757634e-61
1.2117021276595745    1.126982953663474e-60
1.2135106382978724    3.4615379927110693e-60
1.2153191489361703    1.0585352986599086e-59
1.2171276595744682    3.222765139439913e-59
1.218936170212766    9.768808144871817e-59
1.2207446808510638    2.9481298761620972e-58
1.2225531914893617    8.85821479429743e-58
1.2243617021276596    2.6499811042516967e-57
1.2261702127659575    7.892938010858581e-57
1.2279787234042554    2.340648918112307e-56
1.2297872340425533    6.9109510379951165e-56
1.2315957446808512    2.0316343566627185e-55
1.2334042553191489    5.9465033953033015e-55
1.2352127659574468    1.7329591990014594e-54
1.2370212765957447    5.028374999468423e-54
1.2388297872340426    1.4527192793383846e-53
1.2406382978723405    4.178808662522493e-53
1.2424468085106384    1.1968562627819148e-52
1.2442553191489363    3.413124791632406e-52
1.2460638297872342    9.691363667730437e-52
1.2478723404255319    2.7399460729558907e-51
1.2496808510638298    7.713035764228548e-51
1.2514893617021277    2.161905172846754e-50
1.2532978723404256    6.033615318989158e-50
1.2551063829787235    1.6766790875554086e-49
1.2569148936170214    4.63932991167864e-49
1.2587234042553193    1.2781891544821686e-48
1.2605319148936172    3.506477833523247e-48
1.2623404255319148    9.578216685676316e-48
1.2641489361702127    2.6051771149860417e-47
1.2659574468085106    7.055540496399531e-47
1.2677659574468085    1.902677209408876e-46
1.2695744680851064    5.109084026863804e-46
1.2713829787234043    1.3660460490888444e-45
1.2731914893617022    3.636915536532997e-45
1.2750000000000001    9.641571849095659e-45
1.2768085106382978    2.5451321844924836e-44
1.2786170212765957    6.689933387495325e-44
1.2804255319148936    1.7509882102507869e-43
1.2822340425531915    4.56347429427309e-43
1.2840425531914894    1.1842949723491958e-42
1.2858510638297873    3.0603911468636035e-42
1.2876595744680852    7.874946242379306e-42
1.289468085106383    2.017774615913531e-41
1.2912765957446808    5.148169566028579e-41
1.2930851063829787    1.307943099148584e-40
1.2948936170212766    3.3088822669710515e-40
1.2967021276595745    8.335483982666158e-40
1.2985106382978724    2.0909223539856662e-39
1.3003191489361703    5.222795870894356e-39
1.3021276595744682    1.2990524699817944e-38
1.303936170212766    3.217430753624136e-38
1.3057446808510638    7.935073005986289e-38
1.3075531914893617    1.9487320234700482e-37
1.3093617021276596    4.765549832301543e-37
1.3111702127659575    1.1604696148568473e-36
1.3129787234042554    2.8139379041476643e-36
1.3147872340425533    6.794465227705864e-36
1.3165957446808512    1.6336389815295862e-35
1.318404255319149    3.911261721361702e-35
1.3202127659574467    9.324757330037518e-35
1.3220212765957446    2.2136955989640506e-34
1.3238297872340425    5.233084419056713e-34
1.3256382978723404    1.2318470010741206e-33
1.3274468085106383    2.8874511572301236e-33
1.3292553191489362    6.739551007962972e-33
1.3310638297872341    1.5664093232882805e-32
1.332872340425532    3.6252420148917217e-32
1.3346808510638297    8.354599040552618e-32
1.3364893617021276    1.9172132840558488e-31
1.3382978723404255    4.380974675267745e-31
1.3401063829787234    9.968407239097339e-31
1.3419148936170213    2.2585758092725475e-30
1.3437234042553192    5.095614125017813e-30
1.3455319148936171    1.1447492704638542e-29
1.347340425531915    2.5607970101591583e-29
1.3491489361702127    5.704134452560758e-29
1.3509574468085106    1.265181956385483e-28
1.3527659574468085    2.7942393577552965e-28
1.3545744680851064    6.144977173531181e-28
1.3563829787234043    1.3456173989443533e-27
1.3581914893617022    2.9340404062599592e-27
1.36    6.370187464737601e-27
1.361808510638298    1.3771407684078225e-26
1.3636170212765957    2.964440596530484e-26
1.3654255319148936    6.353948351794704e-26
1.3672340425531915    1.356061094469288e-25
1.3690425531914894    2.8816918238526223e-25
1.3708510638297873    6.097425269926049e-25
1.3726595744680852    1.284617989322647e-24
1.374468085106383    2.6948082917159205e-24
1.376276595744681    5.6286705109730755e-24
1.3780851063829787    1.1705918062507473e-23
1.3798936170212766    2.4239539690363022e-23
1.3817021276595745    4.997582060903295e-23
1.3835106382978724    1.0259106182212432e-22
1.3853191489361703    2.0968646229194438e-22
1.3871276595744682    4.267167508831214e-22
1.388936170212766    8.645984968157907e-22
1.390744680851064    1.7441815940911466e-21
1.3925531914893619    3.50322643804564e-21
1.3943617021276595    7.005526027165079e-21
1.3961702127659574    1.394780791682275e-20
1.3979787234042553    2.764778573456795e-20
1.3997872340425532    5.456326556934771e-20
1.4015957446808511    1.0720678024278472e-19
1.403404255319149    2.0971149149091655e-19
1.405212765957447    4.084099753067432e-19
1.4070212765957448    7.918456300751041e-19
1.4088297872340425    1.5284477182270506e-18
1.4106382978723404    2.937123526021881e-18
1.4124468085106383    5.618895360887107e-18
1.4142553191489362    1.0701193033347463e-17
1.416063829787234    2.0289028271040413e-17
1.417872340425532    3.829421965560693e-17
1.41968085106383    7.195204056266768e-17
1.4214893617021278    1.3458162180150751e-16
1.4232978723404255    2.505854414366729e-16
1.4251063829787234    4.644595278262406e-16
1.4269148936170213    8.569515035604981e-16
1.4287234042553192    1.5738927752138861e-15
1.430531914893617    2.877389112240764e-15
1.432340425531915    5.236251069548347e-15
1.4341489361702129    9.484936217924123e-15
1.4359574468085108    1.7101489717524852e-14
1.4377659574468085    3.069109246081924e-14
1.4395744680851064    5.48229914943668e-14
1.4413829787234043    9.747157669115263e-14
1.4431914893617022    1.7248479829271172e-13
1.445    3.037901653506329e-13
1.446808510638298    5.3252365510195e-13
1.4486170212765959    9.290486073430515e-13
1.4504255319148938    1.6131104393878968e-12
1.4522340425531914    2.7874523419279923e-12
1.4540425531914893    4.793577839405234e-12
1.4558510638297872    8.203744797106692e-12
1.4576595744680851    1.3971894472870382e-11
1.459468085106383    2.367989344178231e-11
1.461276595744681    3.9937023154085576e-11
1.4630851063829788    6.702441711008938e-11
1.4648936170212767    1.1192868781939974e-10
1.4667021276595744    1.8599020453624582e-10
1.4685106382978723    3.075161827675893e-10
1.4703191489361702    5.058988915825147e-10
1.4721276595744681    8.28067194148863e-10
1.473936170212766    1.3485324678035788e-09
1.475744680851064    2.184935911131003e-09
1.4775531914893618    3.521961106845015e-09
1.4793617021276597    5.6478823017691285e-09
1.4811702127659574    9.010070402192631e-09
1.4829787234042553    1.4298746853727503e-08
1.4847872340425532    2.2572534441596792e-08
1.486595744680851    3.5445412765969164e-08
1.488404255319149    5.536322937354394e-08
1.490212765957447    8.600985396621102e-08
1.4920212765957448    1.3289958189853056e-07
1.4938297872340427    2.0423502652271628e-07
1.4956382978723404    3.121404284386669e-07
1.4974468085106383    4.744214639348318e-07
1.4992553191489362    7.1705718288365e-07
1.501063829787234    1.0777011112389433e-06
1.502872340425532    1.6105607790343711e-06
1.5046808510638299    2.3931423296449187e-06
1.5064893617021278    3.5354939247666324e-06
1.5082978723404257    5.192762615929428e-06
1.5101063829787233    7.582097546901732e-06
1.5119148936170212    1.1005189305862832e-05
1.5137234042553191    1.587802939871663e-05
1.515531914893617    2.276979884276595e-05
1.517340425531915    3.245313759738073e-05
1.5191489361702128    4.596838438575654e-05
1.5209574468085107    6.470467460895107e-05
1.5227659574468086    9.050099244206479e-05
1.5245744680851063    0.00012577032363695297
1.5263829787234042    0.00017364985945706084
1.5281914893617021    0.00023817964958977114
1.53    0.00032451106264397376
1.531808510638298    0.00043914474085332447
1.5336170212765958    0.0005901952775267301
1.5354255319148937    0.000787676455264785
1.5372340425531916    0.0010437964415367814
1.5390425531914893    0.0013732467836155618
1.5408510638297872    0.0017934624067210355
1.542659574468085    0.0023248222611434227
1.544468085106383    0.002990752129668521
1.546276595744681    0.003817682964724997
1.5480851063829788    0.004834810807816061
1.5498936170212767    0.006073598970197824
1.5517021276595746    0.0075669611223635105
1.5535106382978723    0.009348066885810203
1.5553191489361702    0.01144872121844698
1.557127659574468    0.013897287089465906
1.558936170212766    0.016716149156370805
1.5607446808510639    0.019918755346509685
1.5625531914893618    0.023506323470536022
1.5643617021276597    0.027464360039468498
1.5661702127659576    0.03175920545832381
1.5679787234042553    0.036334888927383846
1.5697872340425532    0.04111064081604983
1.571595744680851    0.0459794611138018
1.573404255319149    0.05080816935752344
1.5752127659574469    0.05543935294710185
1.5770212765957448    0.059695576179956564
1.5788297872340427    0.06338610288434235
1.5806382978723406    0.06631621638734242
1.5824468085106382    0.06829899288552493
1.5842553191489361    0.0691691071490835
1.586063829787234    0.06879794121690416
1.587872340425532    0.06710895542948739
1.5896808510638298    0.06409200384447497
1.5914893617021277    0.059815076319910856
1.5932978723404256    0.054431873090669936
1.5951063829787235    0.048183706491220085
1.5969148936170212    0.04139450949983575
1.5987234042553191    0.034458223975956534
1.600531914893617    0.027818528653063737
1.602340425531915    0.02194170259346811
1.6041489361702128    0.01728432537559873
1.6059574468085107    0.014258382565609302
1.6077659574468086    0.01319704535679635
1.6095744680851065    0.01432479274351697
1.6113829787234042    0.0177355244196979
1.613191489361702    0.023381792262846392
1.615    0.031077238361067207
1.616808510638298    0.040512827677161106
1.6186170212765958    0.051285650792625495
1.6204255319148937    0.06293717637834048
1.6222340425531916    0.0749961448302138
1.6240425531914895    0.08702012781975776
1.6258510638297874    0.09862941910572187
1.627659574468085    0.1095275691530351
1.629468085106383    0.11950458734596298
1.6312765957446809    0.1284214855607829
1.6330851063829788    0.13617810304966263
1.6348936170212767    0.14266953640895116
1.6367021276595746    0.1477393862343723
1.6385106382978725    0.15113979270511876
1.6403191489361704    0.1525083390417429
1.642127659574468    0.1513700586396385
1.643936170212766    0.14716902843624927
1.6457446808510638    0.1393287990998032
1.6475531914893617    0.1273350093331265
1.6493617021276596    0.11082804135759311
1.6511702127659575    0.08968968068883312
1.6529787234042554    0.06410649365591847
1.6547872340425533    0.034594694862674705
1.656595744680851    0.0019767140314184833
1.658404255319149    -0.032692152610566384
1.6602127659574468    -0.06823903446111396
1.6620212765957447    -0.10351358484598944
1.6638297872340426    -0.13752901259498793
1.6656382978723405    -0.16957762806525198
1.6674468085106384    -0.19929720287660144
1.6692553191489363    -0.22667246732994448
1.671063829787234    -0.25196825424758873
1.672872340425532    -0.2756049082416384
1.6746808510638298    -0.29799966923419907
1.6764893617021277    -0.31940675362603055
1.6782978723404256    -0.3397913454516841
1.6801063829787235    -0.3587674888321273
1.6819148936170214    -0.37561745900535637
1.6837234042553193    -0.3893928664081652
1.685531914893617    -0.3990791973601021
1.6873404255319149    -0.40379002362711935
1.6891489361702128    -0.4029486387779332
1.6909574468085107    -0.39641590074205924
1.6927659574468086    -0.3845338929831573
1.6945744680851065    -0.36807352801354143
1.6963829787234044    -0.3480961866426563
1.6981914893617023    -0.32575956549758933
1.7    -0.3021109651586431
1.7018085106382979    -0.2779137825172072
1.7036170212765958    -0.2535441402709697
1.7054255319148937    -0.22897661204601083
1.7072340425531916    -0.20385567750374683
1.7090425531914895    -0.17762897682518142
1.7108510638297874    -0.14970531841229762
1.7126595744680853    -0.11959828354250923
1.714468085106383    -0.08702542547077577
1.7162765957446808    -0.05195024025308054
1.7180851063829787    -0.014573467745251048
1.7198936170212766    0.024704734079389123
1.7217021276595745    0.0653247880447333
1.7235106382978724    0.1065889714183477
1.7253191489361703    0.14765831866402893
1.7271276595744682    0.18753805666119802
1.728936170212766    0.22507866033830567
1.7307446808510638    0.25902272144764615
1.7325531914893617    0.2881167292794061
1.7343617021276596    0.3112836776985738
1.7361702127659575    0.3278243630933507
1.7379787234042554    0.3375926342818133
1.7397872340425533    0.34108264418711665
1.7415957446808512    0.33938012520635463
1.7434042553191489    0.33396372682864284
1.7452127659574468    0.3263878444271566
1.7470212765957447    0.3179210119736433
1.7488297872340426    0.3092386154345512
1.7506382978723405    0.3002644294042076
1.7524468085106384    0.2902200140012505
1.7542553191489363    0.2778826344181622
1.7560638297872342    0.2619882317921365
1.7578723404255319    0.24166696753145422
1.7596808510638298    0.2167826026491157
1.7614893617021277    0.18807127706558352
1.7632978723404256    0.15703452226230458
1.7651063829787235    0.12561747577376298
1.7669148936170214    0.09577120721790627
1.7687234042553193    0.06903430550346887
1.7705319148936172    0.046260036039922514
1.7723404255319148    0.027563631262118693
1.7741489361702127    0.012487352795338254
1.7759574468085106    0.0003062968680639846
1.7777659574468085    -0.009647190258618052
1.7795744680851064    -0.017761329992265665
1.7813829787234043    -0.02409860462314139
1.7831914893617022    -0.02852411565946951
1.7850000000000001    -0.030934418088469487
1.7868085106382978    -0.03147102605097479
1.7886170212765957    -0.030610135543154983
1.7904255319148936    -0.029074503975487005
1.7922340425531915    -0.027593364081524317
1.7940425531914894    -0.026608648911836494
1.7958510638297873    -0.026059227586864464
1.7976595744680852    -0.02535276566595053
1.7994680851063831    -0.02356335178953755
1.8012765957446808    -0.019799597173065668
1.8030851063829787    -0.013610811611230254
1.8048936170212766    -0.005271635750627699
1.8067021276595745    0.004177500939859021
1.8085106382978724    0.013167467349398682
1.8103191489361703    0.020041355518979228
1.8121276595744682    0.0235440298983477
1.813936170212766    0.023183463274129557
1.8157446808510638    0.019335595570513096
1.8175531914893617    0.013064367761449178
1.8193617021276596    0.005739026318358157
1.8211702127659575    -0.0013940475337323134
1.8229787234042554    -0.007519036163312652
1.8247872340425533    -0.01233255768959117
1.8265957446808512    -0.015897138188832677
1.828404255319149    -0.018363298480488004
1.8302127659574468    -0.019709983346729354
1.8320212765957447    -0.019636393188842603
1.8338297872340426    -0.017661039732505893
1.8356382978723405    -0.013382161825248498
1.8374468085106384    -0.0067744120244808
1.8392553191489363    0.001623915519117526
1.8410638297872342    0.010732160332597617
1.842872340425532    0.019164550117973734
1.8446808510638297    0.02559720025151042
1.8464893617021276    0.02912539286347424
1.8482978723404255    0.029481283231572102
1.8501063829787234    0.027046685066868793
1.8519148936170213    0.022681623699930927
1.8537234042553192    0.017455520003151818
1.8555319148936171    0.01238570780797605
1.857340425531915    0.008255749085298365
1.859148936170213    0.005528140351360568
1.8609574468085106    0.004318562436201892
1.8627659574468085    0.004388704150025593
1.8645744680851064    0.005144025788391397
1.8663829787234043    0.00566756920084204
1.8681914893617022    0.004844948081945995
1.87    0.0016131211995294454
1.871808510638298    -0.004701086447104317
1.873617021276596    -0.01406410600240377
1.8754255319148936    -0.025591438669811194
1.8772340425531915    -0.03769294018966018
1.8790425531914894    -0.048516141505215736
1.8808510638297873    -0.05655668401504451
1.8826595744680852    -0.061202507739493754
1.884468085106383    -0.06297305678961071
1.886276595744681    -0.0633241735460823
1.8880851063829789    -0.0640737147845464
1.8898936170212766    -0.06667893323811466
1.8917021276595745    -0.07167647427431098
1.8935106382978724    -0.07853239694760186
1.8953191489361703    -0.08596475252473648
1.8971276595744682    -0.09257978158714886
1.898936170212766    -0.09751317496313977
1.900744680851064    -0.10076752036690911
1.9025531914893619    -0.10309057990814482
1.9043617021276595    -0.10547210370832819
1.9061702127659574    -0.10853159282298622
1.9079787234042553    -0.11212436981059631
1.9097872340425532    -0.11537756698681731
1.9115957446808511    -0.11713943363085752
1.913404255319149    -0.11660380335979792
1.915212765957447    -0.11377467197316898
1.9170212765957448    -0.10951715622811692
1.9188297872340425    -0.1051593090703897
1.9206382978723404    -0.10184849724691353
1.9224468085106383    -0.09999744988755016
1.9242553191489362    -0.09910692964882761
1.9260638297872341    -0.09804984041139772
1.927872340425532    -0.09565554674151094
1.92968085106383    -0.09127786601166041
1.9314893617021278    -0.08505017516438551
1.9332978723404255    -0.07771326368921777
1.9351063829787234    -0.07014204557158538
1.9369148936170213    -0.06285966517670236
1.9387234042553192    -0.05582065565950256
1.940531914893617    -0.04857501994417959
1.942340425531915    -0.040693165727850866
1.944148936170213    -0.032174582458313034
1.9459574468085108    -0.023574304628508486
1.9477659574468085    -0.01575467415861241
1.9495744680851064    -0.009402852759651487
1.9513829787234043    -0.004606900180103058
1.9531914893617022    -0.0007607828709241234
1.955    0.003119705412484428
1.956808510638298    0.007833563066313613
1.9586170212765959    0.01350386146827421
1.9604255319148938    0.01945149389842233
1.9622340425531914    0.02452385727022368
1.9640425531914893    0.0277095747167685
1.9658510638297872    0.028704122676034276
1.9676595744680851    0.028115814111178063
1.969468085106383    0.02720282792330992
1.971276595744681    0.027291960591246257
1.9730851063829788    0.029197367142083437
1.9748936170212767    0.032938764317271746
1.9767021276595744    0.037871908575574154
1.9785106382978723    0.043107187640347155
1.9803191489361702    0.047947668034011764
1.9821276595744681    0.05210582464050008
1.983936170212766    0.0556280343899003
1.985744680851064    0.058649848897692994
1.9875531914893618    0.06119580169023245
1.9893617021276597    0.06317144193221419
1.9911702127659574    0.06452651610177451
1.9929787234042553    0.06542106239650897
1.9947872340425532    0.06621019832132163
1.996595744680851    0.06719681780946479
1.998404255319149    0.06829488394853306
2.0002127659574467    0.06885959470490266
2.0020212765957446    0.06787898516451307
2.0038297872340425    0.06450393442793803
2.0056382978723404    0.058651001260128274
2.0074468085106383    0.05130814762597018
2.009255319148936    0.044295569226741285
2.011063829787234    0.03953083470426026
2.012872340425532    0.03814969134254026
2.01468085106383    0.039953859971177466
2.016489361702128    0.043507555742706955
2.0182978723404257    0.04685842940127519
2.0201063829787236    0.04851187769783449
2.0219148936170215    0.048143010100151734
2.0237234042553194    0.04667485218235555
2.0255319148936173    0.0457018864257078
2.0273404255319147    0.04659201944162411
2.0291489361702126    0.04975686918237199
2.0309574468085105    0.054460067658478356
2.0327659574468084    0.059219519747755966
2.0345744680851063    0.0625414552295574
2.0363829787234042    0.06357869551467918
2.038191489361702    0.06239495390889152
2.04    0.05976303999334484
2.041808510638298    0.05667068556312908
2.043617021276596    0.05382016271670628
2.0454255319148937    0.05135225419116628
2.0472340425531916    0.04886860707570416
2.0490425531914895    0.04567726040449026
2.0508510638297874    0.04111802391725233
2.0526595744680853    0.034840015401441646
2.0544680851063832    0.026955238483178857
2.0562765957446807    0.018034122580493
2.0580851063829786    0.008935754202958966
2.0598936170212765    0.0005033327716849213
2.0617021276595744    -0.00677992817013118
2.0635106382978723    -0.01301668208062294
2.06531914893617    -0.018848316734303094
2.067127659574468    -0.025091714556248167
2.068936170212766    -0.032204728033277945
2.070744680851064    -0.03987750128003841
2.072553191489362    -0.047038631076824385
2.0743617021276597    -0.05235607951632595
2.0761702127659576    -0.05500160129073981
2.0779787234042555    -0.05523110687052076
2.0797872340425534    -0.05438122386803399
2.0815957446808513    -0.05420687233455836
2.083404255319149    -0.0559054360217132
2.085212765957447    -0.05941558472485372
2.0870212765957445    -0.06345598938833558
2.0888297872340424    -0.0663246167206181
2.0906382978723403    -0.066983275566569
2.0924468085106382    -0.06573657865447252
2.094255319148936    -0.06404749779934774
2.096063829787234    -0.06358586432203889
2.097872340425532    -0.06512368719292552
2.09968085106383    -0.06801592711537746
2.1014893617021277    -0.07063129653908562
2.1032978723404256    -0.07145855349336397
2.1051063829787235    -0.0701399522660166
2.1069148936170214    -0.06771140651440746
2.1087234042553193    -0.06585998370819657
2.1105319148936172    -0.06569233716355938
2.112340425531915    -0.06686916556393896
2.114148936170213    -0.06773362497891924
2.1159574468085105    -0.06638294774700057
2.1177659574468084    -0.0619641520438414
2.1195744680851063    -0.05528952356952843
2.121382978723404    -0.04831462991780394
2.123191489361702    -0.04280788952227646
2.125    -0.039122095749998406
2.126808510638298    -0.035936674157669185
2.128617021276596    -0.031183638492913696
2.1304255319148937    -0.02354382584814267
2.1322340425531916    -0.013480677065176035
2.1340425531914895    -0.00307315004722623
2.1358510638297874    0.005271432433985899
2.1376595744680853    0.01036263837420591
2.139468085106383    0.012973301460461984
2.141276595744681    0.015267578455574748
2.143085106382979    0.019296160842005132
2.1448936170212765    0.025589209750964577
2.1467021276595744    0.03281152810320338
2.1485106382978723    0.03871008110406812
2.15031914893617    0.04169083342016451
2.152127659574468    0.04193059941713331
2.153936170212766    0.04125763871900903
2.155744680851064    0.041889827998937076
2.1575531914893618    0.04490520985636624
2.1593617021276597    0.049495262092341036
2.1611702127659576    0.05350512582588775
2.1629787234042555    0.05488531867267582
2.1647872340425534    0.053073935549952114
2.1665957446808513    0.04939969309844662
2.168404255319149    0.046272085317434486
2.170212765957447    0.04572592959446785
2.172021276595745    0.048272728864734535
2.1738297872340424    0.052749589443293554
2.1756382978723403    0.057165670648786165
2.177446808510638    0.05991561733396089
2.179255319148936    0.06056886834308667
2.181063829787234    0.059812561133379835
2.182872340425532    0.058723821648711955
2.18468085106383    0.05795240766528299
2.1864893617021277    0.05736161977883042
2.1882978723404256    0.056283142060544286
2.1901063829787235    0.05410254110698223
2.1919148936170214    0.05071104892490433
2.1937234042553193    0.046524526626847806
2.195531914893617    0.04212087525446763
2.197340425531915    0.03781446743091221
2.199148936170213    0.03349400428734649
2.200957446808511    0.028823665501216005
2.2027659574468084    0.023630441811140913
2.2045744680851063    0.018170996771394513
2.206382978723404    0.013066552793531774
2.208191489361702    0.008934122917380004
2.21    0.005959157082574959
2.211808510638298    0.003707356383856107
2.2136170212765958    0.0013307386938706351
2.2154255319148937    -0.0019269000966855325
2.2172340425531916    -0.00622591638510329
2.2190425531914895    -0.010961140150001741
2.2208510638297874    -0.015082065360473778
2.2226595744680853    -0.017756976299353047
2.224468085106383    -0.018984265563861697
2.226276595744681    -0.01972651305672236
2.228085106382979    -0.02139749473688853
2.229893617021277    -0.024948961017338765
2.2317021276595743    -0.03012419152066786
2.233510638297872    -0.03542431260153443
2.23531914893617    -0.03892206392337624
2.237127659574468    -0.03948189894687999
2.238936170212766    -0.03759419682843923
2.240744680851064    -0.03519701897140179
2.2425531914893617    -0.03449819981604299
2.2443617021276596    -0.03652137291352202
2.2461702127659575    -0.04036897375493434
2.2479787234042554    -0.04377294912445098
2.2497872340425533    -0.04462682261107788
2.251595744680851    -0.04246468403166356
2.253404255319149    -0.03882618623012356
2.255212765957447    -0.03619757335665241
2.257021276595745    -0.03624392270190588
2.258829787234043    -0.038599144278447906
2.2606382978723403    -0.041116890830020736
2.262446808510638    -0.0414321936216738
2.264255319148936    -0.03870172712355713
2.266063829787234    -0.034225865930814545
2.267872340425532    -0.03046494109116539
2.2696808510638298    -0.029164249223744006
2.2714893617021277    -0.029993585298102886
2.2732978723404256    -0.03074474480581707
2.2751063829787235    -0.02896458626622496
2.2769148936170214    -0.02380624376583805
2.2787234042553193    -0.016697170036529672
2.280531914893617    -0.010305643080706958
2.282340425531915    -0.006574548233696485
2.284148936170213    -0.005300994165186203
2.285957446808511    -0.00432697669525379
2.2877659574468088    -0.0011850499145576784
2.2895744680851062    0.005050966796533954
2.291382978723404    0.013094343632187103
2.293191489361702    0.020423043443104714
2.295    0.025130396609302504
2.296808510638298    0.027248585961796218
2.2986170212765957    0.028596158690158247
2.3004255319148936    0.03134443026089189
2.3022340425531915    0.036436403031319016
2.3040425531914894    0.043025867711367245
2.3058510638297873    0.0492612917059931
2.3076595744680852    0.05371521875810018
2.309468085106383    0.056344197794080654
2.311276595744681    0.05832282035952512
2.313085106382979    0.061002784159282224
2.314893617021277    0.06487100527335105
2.3167021276595747    0.06927521942963971
2.3185106382978726    0.07301478269509343
2.32031914893617    0.07524020139936966
2.322127659574468    0.07596399783484686
2.323936170212766    0.07588790237937842
2.325744680851064    0.07579831050365873
2.3275531914893617    0.07602761193567303
2.3293617021276596    0.07630007914315684
2.3311702127659575    0.07592362327343047
2.3329787234042554    0.07409119964699096
2.3347872340425533    0.07013101639123914
2.336595744680851    0.06371702245975938
2.338404255319149    0.05508042965687418
2.340212765957447    0.045116194575142196
2.342021276595745    0.03516776165281277
2.343829787234043    0.026419950836177875
2.3456382978723407    0.019190082343391805
2.3474468085106386    0.012654861944288456
2.349255319148936    0.005367404075465064
2.351063829787234    -0.003660341465220892
2.352872340425532    -0.014070370009906819
2.3546808510638297    -0.02421663708341093
2.3564893617021276    -0.0322590618806386
2.3582978723404255    -0.037540692991221876
2.3601063829787234    -0.04116741795701579
2.3619148936170213    -0.045244218814009064
2.3637234042553192    -0.051265351731910595
2.365531914893617    -0.05888433219134682
2.367340425531915    -0.06607048653398834
2.369148936170213    -0.07060345720195657
2.370957446808511    -0.07178067336775937
2.3727659574468087    -0.0709951208966613
2.3745744680851066    -0.07069627826928557
2.3763829787234045    -0.07251829188358086
2.378191489361702    -0.07602917255120914
2.38    -0.07907338400095648
2.381808510638298    -0.07942521888482618
2.3836170212765957    -0.07644824019555893
2.3854255319148936    -0.07148306409780153
2.3872340425531915    -0.06672316161054179
2.3890425531914894    -0.06353221421273056
2.3908510638297873    -0.061545919119068815
2.392659574468085    -0.05920307056399847
2.394468085106383    -0.055172779868185653
2.396276595744681    -0.04946077519375365
2.398085106382979    -0.04331858876945052
2.399893617021277    -0.03811496092746425
2.4017021276595747    -0.03417509227848613
2.4035106382978726    -0.030564675530498867
2.4053191489361705    -0.02596047163205712
2.407127659574468    -0.019837843445009537
2.408936170212766    -0.012974328211394208
2.4107446808510637    -0.006873273573441845
2.4125531914893616    -0.0026120196495348965
2.4143617021276595    -6.167227389796597e-05
2.4161702127659574    0.0019239077812487437
2.4179787234042553    0.004560622103199469
2.4197872340425532    0.008222745798672305
2.421595744680851    0.01226985215838676
2.423404255319149    0.01567462724499801
2.425212765957447    0.01788430835800596
2.427021276595745    0.019225993321183507
2.4288297872340427    0.020594728416977362
2.4306382978723406    0.022745050514620724
2.4324468085106385    0.025768716420812854
2.4342553191489364    0.029121408973809104
2.436063829787234    0.03209646849372746
2.437872340425532    0.03432830593872576
2.4396808510638297    0.035959194745323005
2.4414893617021276    0.037417833573653046
2.4432978723404255    0.039048610426257686
2.4451063829787234    0.04088317301368976
2.4469148936170213    0.04267410784683693
2.448723404255319    0.044096943296185194
2.450531914893617    0.044941847269814726
2.452340425531915    0.04518634266481259
2.454148936170213    0.04496196664590082
2.455957446808511    0.04448693031294076
2.4577659574468087    0.04400756943960033
2.4595744680851066    0.043735885416702765
2.4613829787234045    0.04376111335251099
2.4631914893617024    0.04396071993745545
2.465    0.04398573792591517
2.4668085106382978    0.043383242687236014
2.4686170212765957    0.04183347506065802
2.4704255319148936    0.039376206416329836
2.4722340425531915    0.036464354717273335
2.4740425531914894    0.03376182120131271
2.4758510638297873    0.03176676627247146
2.477659574468085    0.030486713795953926
2.479468085106383    0.029401209913671282
2.481276595744681    0.02778061522523672
2.483085106382979    0.025175877354224253
2.4848936170212768    0.02173695151032306
2.4867021276595747    0.01810422375630006
2.4885106382978726    0.014923389339522829
2.4903191489361705    0.012342948807772928
2.4921276595744684    0.009903382608360985
2.493936170212766    0.006935773848028012
2.4957446808510637    0.0031607661726558225
2.4975531914893616    -0.0010244898420493894
2.4993617021276595    -0.004852583628432402
2.5011702127659574    -0.007855997609405163
2.5029787234042553    -0.010314651799441908
2.504787234042553    -0.013038034781628292
2.506595744680851    -0.01661032321969156
2.508404255319149    -0.020744089679847436
2.510212765957447    -0.024361958274170453
2.512021276595745    -0.026418164653855235
2.5138297872340427    -0.026786948084131207
2.5156382978723406    -0.02641465841536885
2.5174468085106385    -0.026536795809755452
2.5192553191489364    -0.027607794379839685
2.5210638297872343    -0.02891050513595294
2.5228723404255318    -0.02925476230559461
2.5246808510638297    -0.028182517726638857
2.5264893617021276    -0.026564166625490652
2.5282978723404255    -0.025941736431932684
2.5301063829787234    -0.02710049423652544
2.5319148936170213    -0.029135192637674646
2.533723404255319    -0.029954395233965474
2.535531914893617    -0.027935705987935357
2.537340425531915    -0.0233652375767188
2.539148936170213    -0.01836958746267961
2.5409574468085108    -0.015295125233403588
2.5427659574468087    -0.014856035584539871
2.5445744680851066    -0.015635601685354515
2.5463829787234045    -0.015394915651944452
2.5481914893617024    -0.013072945171023819
2.5500000000000003    -0.009737447073557642
2.551808510638298    -0.007648719502290551
2.5536170212765956    -0.008254887793329748
2.5554255319148935    -0.010884360866237022
2.5572340425531914    -0.013288000569858759
2.5590425531914893    -0.013548327291851316
2.560851063829787    -0.011671602629359536
2.562659574468085    -0.009479548185833572
2.564468085106383    -0.008940059418269322
2.566276595744681    -0.010447512503556345
2.568085106382979    -0.012562452015798246
2.5698936170212767    -0.013377786372472032
2.5717021276595746    -0.012229220251462745
2.5735106382978725    -0.010213695685479442
2.5753191489361704    -0.009111128294146207
2.5771276595744683    -0.009755034091404036
2.578936170212766    -0.011345839814995918
2.580744680851064    -0.012279866381243194
2.5825531914893616    -0.011667408374910999
2.5843617021276595    -0.010126909402514175
2.5861702127659574    -0.00916759377026229
2.5879787234042553    -0.009789926843618582
2.589787234042553    -0.011612449261322814
2.591595744680851    -0.013285672237771821
2.593404255319149    -0.013742271426639183
2.595212765957447    -0.013101419156968344
2.5970212765957448    -0.012436242212864879
2.5988297872340427    -0.01270237838122227
2.6006382978723406    -0.013870159609197626
2.6024468085106385    -0.015040775166778386
2.6042553191489364    -0.015365514948466726
2.6060638297872343    -0.014860227503793802
2.607872340425532    -0.014368901639550485
2.60968085106383    -0.014768020431098063
2.6114893617021275    -0.016194248260463378
2.6132978723404254    -0.017996527781494073
2.6151063829787233    -0.0193966406832068
2.6169148936170212    -0.020201289427074238
2.618723404255319    -0.02092268539802262
2.620531914893617    -0.022256795202283994
2.622340425531915    -0.024441509163620628
2.624148936170213    -0.027058440401837008
2.6259574468085107    -0.02938500528809498
2.6277659574468086    -0.030926293080925423
2.6295744680851065    -0.031680686944544914
2.6313829787234044    -0.03200617343323739
2.6331914893617023    -0.03229684806673848
2.6350000000000002    -0.03274830413417301
2.636808510638298    -0.03331298626724795
2.638617021276596    -0.03377252797774247
2.6404255319148935    -0.03384484199596437
2.6422340425531914    -0.033319160008356885
2.6440425531914893    -0.03220559616402684
2.645851063829787    -0.03078818860759662
2.647659574468085    -0.029453304691869332
2.649468085106383    -0.028346242704053656
2.651276595744681    -0.027147163889816008
2.653085106382979    -0.025259204153765154
2.6548936170212767    -0.02235974431828614
2.6567021276595746    -0.018856675777589052
2.6585106382978725    -0.01575492494470864
2.6603191489361704    -0.013913906142751745
2.6621276595744683    -0.013279561702690044
2.663936170212766    -0.0128081782571139
2.665744680851064    -0.011247858830743269
2.667553191489362    -0.008156250144071397
2.6693617021276594    -0.004253664285871232
2.6711702127659573    -0.0007619378844092731
2.6729787234042552    0.0017010066222191548
2.674787234042553    0.0036693822946219
2.676595744680851    0.006312555858586581
2.678404255319149    0.010329140943550651
2.680212765957447    0.015279660459988107
2.6820212765957447    0.01997018007629103
2.6838297872340426    0.023504715243211256
2.6856382978723405    0.026001026508574884
2.6874468085106384    0.028311133349284683
2.6892553191489363    0.031063271392721043
2.6910638297872342    0.03399232592815209
2.692872340425532    0.03621740797648677
2.69468085106383    0.037169017473604585
2.696489361702128    0.03721460141815697
2.6982978723404254    0.03733096289383607
2.7001063829787233    0.03812936561620896
2.701914893617021    0.03920248095378384
2.703723404255319    0.03946649478662334
2.705531914893617    0.038200335782765105
2.707340425531915    0.03579179113511306
2.709148936170213    0.0334699482048668
2.7109574468085107    0.03227218384178207
2.7127659574468086    0.0322158440076559
2.7145744680851065    0.03242453692373287
2.7163829787234044    0.03202985245371856
2.7181914893617023    0.030948835672392594
2.72    0.029815075756719517
2.721808510638298    0.029208751323010623
2.723617021276596    0.029012087511620994
2.725425531914894    0.02854855069465509
2.7272340425531914    0.0273445180780498
2.7290425531914893    0.02571795991063358
2.730851063829787    0.024577853251087516
2.732659574468085    0.024613144272121287
2.734468085106383    0.02565770407539828
2.736276595744681    0.026841729571043402
2.7380851063829788    0.027373809049469823
2.7398936170212767    0.02720679219447153
2.7417021276595746    0.02698864379034461
2.7435106382978725    0.027405892146089704
2.7453191489361704    0.02858022505484737
2.7471276595744683    0.030059647203426895
2.748936170212766    0.03132358333332268
2.750744680851064    0.03224182024307208
2.752553191489362    0.03304438740931591
2.75436170212766    0.03390250148907782
2.7561702127659573    0.03461026186694989
2.757978723404255    0.034713760952127665
2.759787234042553    0.03394478856912231
2.761595744680851    0.0325028173452048
2.763404255319149    0.030898376031155445
2.765212765957447    0.029519933544644862
2.7670212765957447    0.028344741501916952
2.7688297872340426    0.027040260918958628
2.7706382978723405    0.025309145783201745
2.7724468085106384    0.023128409755879688
2.7742553191489363    0.02069680801311414
2.776063829787234    0.01821869020515033
2.777872340425532    0.015777650513761274
2.77968085106383    0.013392808296282154
2.781489361702128    0.011125292853843928
2.783297872340426    0.009074571522215028
2.7851063829787237    0.007279561255609024
2.786914893617021    0.005681131916050717
2.788723404255319    0.004225055039983187
2.790531914893617    0.002980478209928892
2.792340425531915    0.0020834828515319823
2.7941489361702128    0.0015040582851416164
2.7959574468085107    0.0008822464152265109
2.7977659574468086    -0.00032040958381471653
2.7995744680851065    -0.0024126280101500618
2.8013829787234044    -0.005178650762858148
2.8031914893617023    -0.008026533207889971
2.805    -0.010497664679544529
2.806808510638298    -0.01266583406115599
2.808617021276596    -0.015009005119550577
2.810425531914894    -0.01783558402446367
2.8122340425531918    -0.020818131010964122
2.8140425531914897    -0.02313936184044759
2.815851063829787    -0.024186178039226923
2.817659574468085    -0.024168097772558447
2.819468085106383    -0.02404857111170624
2.821276595744681    -0.02478975998951532
2.8230851063829787    -0.026560752692688122
2.8248936170212766    -0.02862066410675218
2.8267021276595745    -0.029983365951203503
2.8285106382978724    -0.030258458770735
2.8303191489361703    -0.02991184520961753
2.832127659574468    -0.029738496134301552
2.833936170212766    -0.03006884213972926
2.835744680851064    -0.03045662124884363
2.837553191489362    -0.03012226411613781
2.83936170212766    -0.028713237498170015
2.8411702127659577    -0.026661021678588533
2.8429787234042556    -0.024810159587288515
2.844787234042553    -0.023677697474572226
2.846595744680851    -0.023031117183420997
2.848404255319149    -0.02216049818343699
2.8502127659574468    -0.0205769284588442
2.8520212765957447    -0.018491639854030628
2.8538297872340426    -0.01664723187461653
2.8556382978723405    -0.015662907331884843
2.8574468085106384    -0.015479455635087284
2.8592553191489363    -0.015383995235844689
2.861063829787234    -0.014579521816017304
2.862872340425532    -0.012805421784385426
2.86468085106383    -0.010498240946143034
2.866489361702128    -0.008391990795196626
2.8682978723404258    -0.00692235727088069
2.8701063829787237    -0.005930219516106618
2.8719148936170216    -0.004874664942872132
2.873723404255319    -0.003331988524699025
2.875531914893617    -0.0013444840906434111
2.877340425531915    0.0006501270901046706
2.8791489361702127    0.0021999920037407412
2.8809574468085106    0.0031691873464199135
2.8827659574468085    0.00373556209070931
2.8845744680851064    0.0041009539988176545
2.8863829787234043    0.004226377796271582
2.8881914893617022    0.003871066167821959
2.89    0.002911603196192121
2.891808510638298    0.0016283477533552788
2.893617021276596    0.0006479005211378233
2.895425531914894    0.0005356305799164476
2.8972340425531917    0.0013675271817076705
2.8990425531914896    0.0026601906876483725
2.9008510638297875    0.003739538599956764
2.902659574468085    0.004243835185709272
2.904468085106383    0.004336367301986664
2.906276595744681    0.004462623012769618
2.9080851063829787    0.0048917731044502925
2.9098936170212766    0.005462750163043643
2.9117021276595745    0.005750814802628618
2.9135106382978724    0.0054791822965273886
2.9153191489361703    0.004788369445309337
2.917127659574468    0.004130603032472724
2.918936170212766    0.003914723943872777
2.920744680851064    0.004241609348084421
2.922553191489362    0.0049482846995888615
2.92436170212766    0.0058603617207526
2.9261702127659577    0.006960222617342582
2.9279787234042556    0.00829569992529507
2.9297872340425535    0.009748552790646257
2.931595744680851    0.01094647911677437
2.933404255319149    0.011465524233602285
2.9352127659574467    0.011167387601279728
2.9370212765957446    0.010354590583419188
2.9388297872340425    0.009576462812490395
2.9406382978723404    0.009243166294722441
2.9424468085106383    0.009389199873665578
2.9442553191489362    0.009787370792330177
2.946063829787234    0.010278095219851211
2.947872340425532    0.010970817286264613
2.94968085106383    0.012101926770107598
2.951489361702128    0.013682330687093819
2.9532978723404257    0.01530112395595212
2.9551063829787236    0.016329646515676973
2.9569148936170215    0.016388808497164942
2.9587234042553194    0.015660462605240944
2.960531914893617    0.014728982452960292
2.962340425531915    0.014062952444042584
2.9641489361702127    0.013601671964300073
2.9659574468085106    0.012843688808062036
2.9677659574468085    0.011374555445930912
2.9695744680851064    0.00933648908896905
2.9713829787234043    0.00736394016457954
2.973191489361702    0.006004643196553621
2.975    0.0051645342823729914
2.976808510638298    0.004140674160921603
2.978617021276596    0.002267529595263466
2.980425531914894    -0.00041278870000323147
2.9822340425531917    -0.00312497018502035
2.9840425531914896    -0.005062594787131545
2.9858510638297875    -0.0061795207210225715
2.9876595744680854    -0.0072889300486402775
2.989468085106383    -0.009315553785288127
2.9912765957446807    -0.012376100083227426
2.9930851063829786    -0.015579130196504327
2.9948936170212765    -0.01778117267146963
2.9967021276595744    -0.01861067022761109
2.9985106382978723    -0.01878183066812637
3.0003191489361702    -0.019382731313511484
3.002127659574468    -0.020813556578989933
3.003936170212766    -0.022397512711806362
3.005744680851064    -0.023032748341422837
3.007553191489362    -0.022237623043942275
3.0093617021276597    -0.020573583611613936
3.0111702127659576    -0.019072402515636338
3.0129787234042555    -0.018288940823923492
3.0147872340425534    -0.017936138611231205
3.0165957446808513    -0.017410807591695335
3.0184042553191492    -0.01658081288710549
3.0202127659574467    -0.015960663733048278
3.0220212765957446    -0.016094258216689073
3.0238297872340425    -0.016837624952444435
3.0256382978723404    -0.01734926176623625
3.0274468085106383    -0.016829996365461227
3.029255319148936    -0.01523975168962299
3.031063829787234    -0.013242278052012845
3.032872340425532    -0.011467334352867845
3.03468085106383    -0.009915683744283085
3.036489361702128    -0.008152624203684969
3.0382978723404257    -0.006033225195581896
3.0401063829787236    -0.004081938061006381
3.0419148936170215    -0.003024832982491058
3.0437234042553194    -0.002954060416701508
3.0455319148936173    -0.003091948253310625
3.047340425531915    -0.0025191867695590455
3.0491489361702127    -0.001148378596136283
3.0509574468085106    0.00013745344007200623
3.0527659574468085    0.00042781738516672776
3.0545744680851064    -0.0001364474601044509
3.0563829787234043    -0.00034009681955312666
3.058191489361702    0.0009337695328440653
3.06    0.003488613742169556
3.061808510638298    0.005852136165524527
3.063617021276596    0.006620989567115817
3.0654255319148938    0.005793385901920087
3.0672340425531917    0.004722451191642538
3.0690425531914896    0.004710212649421107
3.0708510638297875    0.005672738379311652
3.0726595744680854    0.0062578488137879276
3.0744680851063833    0.00530502484581827
3.076276595744681    0.003139317342163486
3.0780851063829786    0.001350817191036524
3.0798936170212765    0.0012751172940973152
3.0817021276595744    0.0027319746774945464
3.0835106382978723    0.004300621144192322
3.08531914893617    0.004810049271966528
3.087127659574468    0.004481068775207955
3.088936170212766    0.004563123301936936
3.090744680851064    0.005909526644049572
3.092553191489362    0.008030008011578804
3.0943617021276597    0.009609423675637748
3.0961702127659576    0.009900941103573117
3.0979787234042555    0.009483673667238691
3.0997872340425534    0.009580541456634213
3.1015957446808513    0.010684940823853325
3.103404255319149    0.0119800401065828
3.105212765957447    0.0121806091015316
3.1070212765957446    0.01091058484294626
3.1088297872340425    0.009165042696640003
3.1106382978723404    0.008374984808063394
3.1124468085106383    0.009051023036624679
3.114255319148936    0.010390864610985344
3.116063829787234    0.011197542243245937
3.117872340425532    0.01109829532936052
3.11968085106383    0.010801114171934639
3.1214893617021278    0.011193697874149268
3.1232978723404257    0.012305553274238453
3.1251063829787236    0.013241291356733112
3.1269148936170215    0.013114589458517225
3.1287234042553194    0.011955393592046401
3.1305319148936173    0.010637082905175657
3.132340425531915    0.00994309056272445
3.134148936170213    0.00978705579276786
3.1359574468085105    0.009385135281076267
3.1377659574468084    0.008137213529439235
3.1395744680851063    0.006245810302013023
3.141382978723404    0.004438547649172741
3.143191489361702    0.0031495118532600744
3.145    0.0020739378154467003
3.146808510638298    0.0005650389435486037
3.148617021276596    -0.0015893285031420375
3.1504255319148937    -0.003875210354161304
3.1522340425531916    -0.0055718829874299965
3.1540425531914895    -0.00652625880212846
3.1558510638297874    -0.007347341814010227
3.1576595744680853    -0.008792577233429789
3.159468085106383    -0.01096229596696207
3.161276595744681    -0.013123560697701323
3.163085106382979    -0.014353826455369631
3.1648936170212765    -0.014382998075096767
3.1667021276595744    -0.013829885132951147
3.1685106382978723    -0.013629262628097685
3.17031914893617    -0.014213513060708755
3.172127659574468    -0.015209777508606543
3.173936170212766    -0.01589208903803929
3.175744680851064    -0.015922256007426538
3.1775531914893618    -0.01568243427339983
3.1793617021276597    -0.01591530212771244
3.1811702127659576    -0.017021931184556385
3.1829787234042555    -0.01864819388068097
3.1847872340425534    -0.019908644462724227
3.1865957446808513    -0.02004277449884888
3.188404255319149    -0.018957380111402983
3.190212765957447    -0.017237588590996052
3.192021276595745    -0.015658657941072237
3.1938297872340424    -0.01461354589909665
3.1956382978723403    -0.013893575021506972
3.1974468085106382    -0.012940546038955569
3.199255319148936    -0.011314663007028655
3.201063829787234    -0.008995677215634209
3.202872340425532    -0.006326913256113564
3.20468085106383    -0.0037242566742532943
3.2064893617021277    -0.0014264284398295595
3.2082978723404256    0.0005463820110291509
3.2101063829787235    0.0022832269906760045
3.2119148936170214    0.0038853624714479504
3.2137234042553193    0.005451746643535904
3.2155319148936172    0.007073340147219798
3.217340425531915    0.008757367604367865
3.219148936170213    0.010341559343800983
3.220957446808511    0.011548921801549915
3.2227659574468084    0.012219085954520209
3.2245744680851063    0.01252617559754053
3.226382978723404    0.01292604005862875
3.228191489361702    0.013804536852985763
3.23    0.015125197641286213
3.231808510638298    0.016438346969186786
3.233617021276596    0.017289666255183612
3.2354255319148937    0.01765099927942622
3.2372340425531916    0.01793308367336837
3.2390425531914895    0.018539121037431897
3.2408510638297874    0.01939567522429244
3.2426595744680853    0.0199485769292752
3.244468085106383    0.01965246411179985
3.246276595744681    0.018472327966723587
3.248085106382979    0.016892141929186394
3.249893617021277    0.015429459439443793
3.251702127659575    0.014163767753482878
3.2535106382978722    0.01276021586080374
3.25531914893617    0.010933709408777761
3.257127659574468    0.008826945474866982
3.258936170212766    0.006881727446399831
3.260744680851064    0.005353680669207883
3.2625531914893617    0.004029908315370706
3.2643617021276596    0.0024949054940581845
3.2661702127659575    0.0006706613589537395
3.2679787234042554    -0.0009872634902505168
3.2697872340425533    -0.0019193494029440083
3.2715957446808512    -0.0021132812217814112
3.273404255319149    -0.002275820376545028
3.275212765957447    -0.0032723863738729586
3.277021276595745    -0.005339881342237467
3.278829787234043    -0.007855170224440901
3.2806382978723407    -0.00991828185774363
3.282446808510638    -0.011196787112434863
3.284255319148936    -0.012205171017863541
3.286063829787234    -0.013750464536287574
3.287872340425532    -0.016104486540290005
3.28968085106383    -0.018724589758565547
3.2914893617021277    -0.020779544772600824
3.2932978723404256    -0.02192858904980619
3.2951063829787235    -0.022571354160241825
3.2969148936170214    -0.023351457578132086
3.2987234042553193    -0.024458781988052482
3.300531914893617    -0.02545134348071144
3.302340425531915    -0.02574754753313616
3.304148936170213    -0.02523799269489999
3.305957446808511    -0.02436705814662234
3.307765957446809    -0.023624406029070313
3.3095744680851067    -0.02302357691937069
3.311382978723404    -0.022145971665585292
3.313191489361702    -0.020696230403494175
3.315    -0.018936486615393735
3.316808510638298    -0.017480625101326048
3.3186170212765957    -0.016632128285160152
3.3204255319148936    -0.015985964783469486
3.3222340425531915    -0.014779750027575554
3.3240425531914894    -0.012683422431465634
3.3258510638297873    -0.010200961086951149
3.3276595744680852    -0.008210451459077204
3.329468085106383    -0.007068371493703115
3.331276595744681    -0.006210446682895493
3.333085106382979    -0.004716514806951113
3.334893617021277    -0.002303604184366451
3.3367021276595747    0.0002873403377811573
3.3385106382978726    0.0019711792322333137
3.34031914893617    0.002422481253481252
3.342127659574468    0.0024727136554035666
3.343936170212766    0.003346977123988714
3.345744680851064    0.0054728347581013016
3.3475531914893617    0.00806363326776628
3.3493617021276596    0.009912897651297383
3.3511702127659575    0.010598951156653451
3.3529787234042554    0.010871573486515627
3.3547872340425533    0.011834408218907877
3.356595744680851    0.01378100505783673
3.358404255319149    0.01588952284792041
3.360212765957447    0.017069389706419177
3.362021276595745    0.017049165871329354
3.363829787234043    0.01657112295258175
3.3656382978723407    0.016536662713999034
3.3674468085106386    0.01706383945424738
3.369255319148936    0.01747291408450974
3.371063829787234    0.017167829906553904
3.372872340425532    0.016390159395238135
3.3746808510638298    0.015977799424319122
3.3764893617021277    0.01638873538801383
3.3782978723404256    0.01709886423115469
3.3801063829787235    0.017098862254110433
3.3819148936170214    0.016001501866837367
3.3837234042553193    0.014559057335447254
3.385531914893617    0.013983123205878783
3.387340425531915    0.014738218481256466
3.389148936170213    0.016065800611854614
3.390957446808511    0.016743041282300974
3.3927659574468088    0.016287732663486473
3.3945744680851067    0.015365276353875246
3.3963829787234046    0.015010326580174281
3.398191489361702    0.015516345657001891
3.4    0.01615551486326313
3.401808510638298    0.01597569919063254
3.4036170212765957    0.014790322127176393
3.4054255319148936    0.013326308804968098
3.4072340425531915    0.012431484765248975
3.4090425531914894    0.012222787068041481
3.4108510638297873    0.012051527829428036
3.412659574468085    0.011244998024758
3.414468085106383    0.00978381779801786
3.416276595744681    0.008222475183644284
3.418085106382979    0.007022397683660154
3.419893617021277    0.006071360279625558
3.4217021276595747    0.004890892688116755
3.4235106382978726    0.00324845601700279
3.4253191489361705    0.0014727718760173675
3.427127659574468    0.00013471673672764157
3.428936170212766    -0.0005466148217377256
3.4307446808510638    -0.0009440690043402893
3.4325531914893617    -0.0016817677487950607
3.4343617021276596    -0.0030816936939107144
3.4361702127659575    -0.004932466347710493
3.4379787234042554    -0.0067433918593849005
3.4397872340425533    -0.008178595317692852
3.441595744680851    -0.009265740246861973
3.443404255319149    -0.01026218908430378
3.445212765957447    -0.011383175685618967
3.447021276595745    -0.012651089692686992
3.4488297872340428    -0.013942814456485667
3.4506382978723407    -0.01513023608742569
3.4524468085106386    -0.016178759376720912
3.4542553191489365    -0.017146948400279187
3.456063829787234    -0.018108381659744717
3.457872340425532    -0.019056068466272003
3.4596808510638297    -0.019864390802264043
3.4614893617021276    -0.02035959930525299
3.4632978723404255    -0.02046330491498776
3.4651063829787234    -0.020278529426454354
3.4669148936170213    -0.02000509518372654
3.468723404255319    -0.01973384067371825
3.470531914893617    -0.019325705702811967
3.472340425531915    -0.018532527344332417
3.474148936170213    -0.017267395234545686
3.475957446808511    -0.015743501542460916
3.4777659574468087    -0.01431100864648209
3.4795744680851066    -0.013145434397414904
3.4813829787234045    -0.012119857777941521
3.4831914893617024    -0.01099890731004196
3.4850000000000003    -0.009723950287628864
3.4868085106382978    -0.008446347398242342
3.4886170212765957    -0.007266375720539151
3.4904255319148936    -0.006012049682423772
3.4922340425531915    -0.004379184811420921
3.4940425531914894    -0.0023226513004731735
3.4958510638297873    -0.00023133358442043025
3.497659574468085    0.0014007202131889969
3.499468085106383    0.0025196754320182804
3.501276595744681    0.0036649992731165046
3.503085106382979    0.0054796488996738954
3.5048936170212768    0.008030381064367865
3.5067021276595747    0.010659633745067221
3.5085106382978726    0.012570265050831829
3.5103191489361705    0.013559249486406338
3.5121276595744684    0.014131638472549054
3.5139361702127663    0.014880776837459048
3.5157446808510637    0.015819033821754685
3.5175531914893616    0.0163985210124426
3.5193617021276595    0.01619262878914784
3.5211702127659574    0.01546181181352416
3.5229787234042553    0.014943949180530925
3.5247872340425532    0.015077174399811818
3.526595744680851    0.015515777586292127
3.528404255319149    0.01549436593724219
3.530212765957447    0.014657339196076823
3.532021276595745    0.01344594564733714
3.5338297872340427    0.01261949858717809
3.5356382978723406    0.01244668571938027
3.5374468085106385    0.012463515484163603
3.5392553191489364    0.012050497519456544
3.5410638297872343    0.011158467224164092
3.5428723404255322    0.010352491383350454
3.5446808510638297    0.010127094357815062
3.5464893617021276    0.010283620561574877
3.5482978723404255    0.010097260182227823
3.5501063829787234    0.009103564900963031
3.5519148936170213    0.0076206039538850925
3.553723404255319    0.006409855854114814
3.555531914893617    0.005848778822778818
3.557340425531915    0.0055420059553992485
3.559148936170213    0.004803085381568118
3.560957446808511    0.0034524170380052285
3.5627659574468087    0.0020205046696944945
3.5645744680851066    0.0011274374789777435
3.5663829787234045    0.0007541828711033927
3.5681914893617024    0.00024799248804014914
3.5700000000000003    -0.0009371971767660357
3.571808510638298    -0.0026130770493516453
3.5736170212765956    -0.0040669589884259885
3.5754255319148935    -0.004871118525501158
3.5772340425531914    -0.005353393941351301
3.5790425531914893    -0.006171352745229894
3.5808510638297872    -0.0074720189338673285
3.582659574468085    -0.008622821510441022
3.584468085106383    -0.008866022432104798
3.586276595744681    -0.008182365760623436
3.588085106382979    -0.007375498029545556
3.5898936170212767    -0.007248025316542318
3.5917021276595746    -0.007772949390292378
3.5935106382978725    -0.008186735125848358
3.5953191489361704    -0.007895452144973931
3.5971276595744683    -0.007161893709839851
3.5989361702127662    -0.006790438806798716
3.600744680851064    -0.007175879723293265
3.6025531914893616    -0.007818754835951553
3.6043617021276595    -0.007878336429187468
3.6061702127659574    -0.007135966642825833
3.6079787234042553    -0.0062579524945504915
3.609787234042553    -0.006049223300265241
3.611595744680851    -0.006558627979619577
3.613404255319149    -0.007073842946044007
3.615212765957447    -0.007007702022929857
