0.0    0.0
0.0018085106382978724    0.0
0.003617021276595745    0.0
0.005425531914893617    0.0
0.00723404255319149    0.0
0.009042553191489363    0.0
0.010851063829787235    0.0
0.012659574468085107    0.0
0.01446808510638298    0.0
0.016276595744680853    0.0
0.018085106382978725    0.0
0.019893617021276597    0.0
0.02170212765957447    0.0
0.023510638297872342    0.0
0.025319148936170214    0.0
0.027127659574468086    0.0
0.02893617021276596    0.0
0.03074468085106383    0.0
0.032553191489361706    0.0
0.03436170212765958    0.0
0.03617021276595745    0.0
0.03797872340425532    0.0
0.039787234042553195    0.0
0.04159574468085107    0.0
0.04340425531914894    0.0
0.04521276595744681    0.0
0.047021276595744683    0.0
0.048829787234042556    0.0
0.05063829787234043    0.0
0.0524468085106383    0.0
0.05425531914893617    0.0
0.056063829787234044    0.0
0.05787234042553192    0.0
0.05968085106382979    0.0
0.06148936170212766    0.0
0.06329787234042554    0.0
0.06510638297872341    0.0
0.06691489361702128    0.0
0.06872340425531916    0.0
0.07053191489361703    0.0
0.0723404255319149    0.0
0.07414893617021277    0.0
0.07595744680851065    0.0
0.07776595744680852    0.0
0.07957446808510639    0.0
0.08138297872340426    0.0
0.08319148936170213    0.0
0.085    0.0
0.08680851063829788    0.0
0.08861702127659575    0.0
0.09042553191489362    0.0
0.0922340425531915    0.0
0.09404255319148937    0.0
0.09585106382978724    0.0
0.09765957446808511    0.0
0.09946808510638298    0.0
0.10127659574468086    0.0
0.10308510638297873    0.0
0.1048936170212766    0.0
0.10670212765957447    0.0
0.10851063829787234    0.0
0.11031914893617022    0.0
0.11212765957446809    0.0
0.11393617021276596    0.0
0.11574468085106383    0.0
0.1175531914893617    0.0
0.11936170212765958    0.0
0.12117021276595745    0.0
0.12297872340425532    0.0
0.1247872340425532    0.0
0.12659574468085108    0.0
0.12840425531914895    0.0
0.13021276595744682    0.0
0.1320212765957447    0.0
0.13382978723404257    0.0
0.13563829787234044    0.0
0.1374468085106383    0.0
0.13925531914893619    0.0
0.14106382978723406    0.0
0.14287234042553193    0.0
0.1446808510638298    0.0
0.14648936170212767    0.0
0.14829787234042555    0.0
0.15010638297872342    0.0
0.1519148936170213    0.0
0.15372340425531916    0.0
0.15553191489361703    0.0
0.1573404255319149    0.0
0.15914893617021278    0.0
0.16095744680851065    0.0
0.16276595744680852    0.0
0.1645744680851064    0.0
0.16638297872340427    0.0
0.16819148936170214    0.0
0.17    0.0
0.17180851063829788    0.0
0.17361702127659576    0.0
0.17542553191489363    0.0
0.1772340425531915    0.0
0.17904255319148937    0.0
0.18085106382978725    0.0
0.18265957446808512    0.0
0.184468085106383    0.0
0.18627659574468086    0.0
0.18808510638297873    0.0
0.1898936170212766    0.0
0.19170212765957448    0.0
0.19351063829787235    0.0
0.19531914893617022    0.0
0.1971276595744681    0.0
0.19893617021276597    0.0
0.20074468085106384    0.0
0.2025531914893617    0.0
0.20436170212765958    0.0
0.20617021276595746    0.0
0.20797872340425533    0.0
0.2097872340425532    0.0
0.21159574468085107    0.0
0.21340425531914894    0.0
0.21521276595744682    0.0
0.2170212765957447    0.0
0.21882978723404256    0.0
0.22063829787234043    0.0
0.2224468085106383    0.0
0.22425531914893618    0.0
0.22606382978723405    0.0
0.22787234042553192    0.0
0.2296808510638298    0.0
0.23148936170212767    0.0
0.23329787234042554    0.0
0.2351063829787234    0.0
0.23691489361702128    0.0
0.23872340425531915    0.0
0.24053191489361703    0.0
0.2423404255319149    0.0
0.24414893617021277    0.0
0.24595744680851064    0.0
0.24776595744680852    0.0
0.2495744680851064    0.0
0.25138297872340426    0.0
0.25319148936170216    0.0
0.255    0.0
0.2568085106382979    0.0
0.25861702127659575    0.0
0.26042553191489365    0.0
0.2622340425531915    0.0
0.2640425531914894    0.0
0.26585106382978724    0.0
0.26765957446808514    0.0
0.269468085106383    0.0
0.2712765957446809    0.0
0.2730851063829787    0.0
0.2748936170212766    0.0
0.27670212765957447    0.0
0.27851063829787237    0.0
0.2803191489361702    0.0
0.2821276595744681    0.0
0.28393617021276596    0.0
0.28574468085106386    0.0
0.2875531914893617    0.0
0.2893617021276596    0.0
0.29117021276595745    0.0
0.29297872340425535    0.0
0.2947872340425532    0.0
0.2965957446808511    0.0
0.29840425531914894    0.0
0.30021276595744684    0.0
0.3020212765957447    0.0
0.3038297872340426    0.0
0.3056382978723404    0.0
0.3074468085106383    0.0
0.30925531914893617    0.0
0.31106382978723407    0.0
0.3128723404255319    0.0
0.3146808510638298    0.0
0.31648936170212766    0.0
0.31829787234042556    0.0
0.3201063829787234    0.0
0.3219148936170213    0.0
0.32372340425531915    0.0
0.32553191489361705    0.0
0.3273404255319149    0.0
0.3291489361702128    0.0
0.33095744680851064    0.0
0.33276595744680854    0.0
0.3345744680851064    0.0
0.3363829787234043    0.0
0.3381914893617021    0.0
0.34    0.0
0.34180851063829787    0.0
0.34361702127659577    0.0
0.3454255319148936    0.0
0.3472340425531915    0.0
0.34904255319148936    0.0
0.35085106382978726    0.0
0.3526595744680851    0.0
0.354468085106383    0.0
0.35627659574468085    0.0
0.35808510638297875    0.0
0.3598936170212766    0.0
0.3617021276595745    0.0
0.36351063829787233    0.0
0.36531914893617023    0.0
0.3671276595744681    0.0
0.368936170212766    0.0
0.3707446808510638    0.0
0.3725531914893617    0.0
0.37436170212765957    0.0
0.37617021276595747    0.0
0.3779787234042553    0.0
0.3797872340425532    0.0
0.38159574468085106    0.0
0.38340425531914896    0.0
0.3852127659574468    0.0
0.3870212765957447    0.0
0.38882978723404255    0.0
0.39063829787234045    0.0
0.3924468085106383    0.0
0.3942553191489362    0.0
0.39606382978723403    0.0
0.39787234042553193    0.0
0.3996808510638298    0.0
0.4014893617021277    0.0
0.4032978723404255    0.0
0.4051063829787234    0.0
0.40691489361702127    0.0
0.40872340425531917    0.0
0.410531914893617    0.0
0.4123404255319149    0.0
0.41414893617021276    0.0
0.41595744680851066    0.0
0.4177659574468085    0.0
0.4195744680851064    0.0
0.42138297872340424    0.0
0.42319148936170214    0.0
0.425    0.0
0.4268085106382979    0.0
0.42861702127659573    0.0
0.43042553191489363    0.0
0.4322340425531915    0.0
0.4340425531914894    0.0
0.4358510638297872    0.0
0.4376595744680851    0.0
0.43946808510638297    0.0
0.44127659574468087    0.0
0.4430851063829787    0.0
0.4448936170212766    0.0
0.44670212765957445    0.0
0.44851063829787235    0.0
0.4503191489361702    0.0
0.4521276595744681    0.0
0.45393617021276594    0.0
0.45574468085106384    0.0
0.4575531914893617    0.0
0.4593617021276596    0.0
0.46117021276595743    0.0
0.46297872340425533    0.0
0.46478723404255323    0.0
0.4665957446808511    0.0
0.468404255319149    0.0
0.4702127659574468    0.0
0.4720212765957447    0.0
0.47382978723404257    0.0
0.47563829787234047    0.0
0.4774468085106383    0.0
0.4792553191489362    0.0
0.48106382978723405    0.0
0.48287234042553195    0.0
0.4846808510638298    0.0
0.4864893617021277    0.0
0.48829787234042554    0.0
0.49010638297872344    0.0
0.4919148936170213    0.0
0.4937234042553192    0.0
0.49553191489361703    0.0
0.49734042553191493    0.0
0.4991489361702128    0.0
0.5009574468085106    0.0
0.5027659574468085    0.0
0.5045744680851064    0.0
0.5063829787234043    0.0
0.5081914893617021    0.0
0.51    0.0
0.5118085106382979    0.0
0.5136170212765958    0.0
0.5154255319148936    0.0
0.5172340425531915    0.0
0.5190425531914894    0.0
0.5208510638297873    0.0
0.5226595744680851    0.0
0.524468085106383    0.0
0.5262765957446809    0.0
0.5280851063829788    0.0
0.5298936170212766    0.0
0.5317021276595745    0.0
0.5335106382978724    0.0
0.5353191489361703    0.0
0.5371276595744681    0.0
0.538936170212766    0.0
0.5407446808510639    0.0
0.5425531914893618    0.0
0.5443617021276596    0.0
0.5461702127659575    0.0
0.5479787234042554    0.0
0.5497872340425533    0.0
0.551595744680851    0.0
0.5534042553191489    0.0
0.5552127659574468    0.0
0.5570212765957447    0.0
0.5588297872340425    0.0
0.5606382978723404    0.0
0.5624468085106383    0.0
0.5642553191489362    0.0
0.566063829787234    0.0
0.5678723404255319    0.0
0.5696808510638298    0.0
0.5714893617021277    0.0
0.5732978723404255    0.0
0.5751063829787234    0.0
0.5769148936170213    0.0
0.5787234042553192    0.0
0.580531914893617    0.0
0.5823404255319149    0.0
0.5841489361702128    0.0
0.5859574468085107    0.0
0.5877659574468085    0.0
0.5895744680851064    0.0
0.5913829787234043    0.0
0.5931914893617022    0.0
0.595    0.0
0.5968085106382979    0.0
0.5986170212765958    0.0
0.6004255319148937    0.0
0.6022340425531915    0.0
0.6040425531914894    0.0
0.6058510638297873    0.0
0.6076595744680852    0.0
0.609468085106383    0.0
0.6112765957446809    0.0
0.6130851063829788    0.0
0.6148936170212767    0.0
0.6167021276595744    0.0
0.6185106382978723    0.0
0.6203191489361702    0.0
0.6221276595744681    0.0
0.6239361702127659    0.0
0.6257446808510638    0.0
0.6275531914893617    0.0
0.6293617021276596    0.0
0.6311702127659574    0.0
0.6329787234042553    0.0
0.6347872340425532    0.0
0.6365957446808511    0.0
0.6384042553191489    0.0
0.6402127659574468    0.0
0.6420212765957447    0.0
0.6438297872340426    0.0
0.6456382978723404    0.0
0.6474468085106383    0.0
0.6492553191489362    0.0
0.6510638297872341    0.0
0.6528723404255319    0.0
0.6546808510638298    0.0
0.6564893617021277    0.0
0.6582978723404256    0.0
0.6601063829787234    0.0
0.6619148936170213    0.0
0.6637234042553192    0.0
0.6655319148936171    0.0
0.6673404255319149    0.0
0.6691489361702128    0.0
0.6709574468085107    0.0
0.6727659574468086    0.0
0.6745744680851063    0.0
0.6763829787234042    0.0
0.6781914893617021    0.0
0.68    0.0
0.6818085106382978    0.0
0.6836170212765957    0.0
0.6854255319148936    0.0
0.6872340425531915    0.0
0.6890425531914893    0.0
0.6908510638297872    0.0
0.6926595744680851    0.0
0.694468085106383    0.0
0.6962765957446809    0.0
0.6980851063829787    0.0
0.6998936170212766    0.0
0.7017021276595745    0.0
0.7035106382978724    0.0
0.7053191489361702    0.0
0.7071276595744681    0.0
0.708936170212766    0.0
0.7107446808510639    0.0
0.7125531914893617    8.4e-323
0.7143617021276596    2.623e-321
0.7161702127659575    7.3863e-320
0.7179787234042554    2.042986e-318
0.7197872340425532    5.562634e-317
0.7215957446808511    1.49105046e-315
0.723404255319149    3.935167505e-314
0.7252127659574469    1.02272167405e-312
0.7270212765957447    2.6178108247976e-311
0.7288297872340426    6.6003613108532e-310
0.7306382978723405    1.639482601337779e-308
0.7324468085106384    4.012504251548783e-307
0.7342553191489362    9.677266385673257e-306
0.7360638297872341    2.300256577727064e-304
0.737872340425532    5.3894342245428227e-303
0.7396808510638299    1.244827963257124e-301
0.7414893617021276    2.834848014246416e-300
0.7432978723404255    6.365882458291667e-299
0.7451063829787234    1.4097725736145813e-297
0.7469148936170213    3.0793102712696545e-296
0.7487234042553191    6.634730557025854e-295
0.750531914893617    1.4102926487109052e-293
0.7523404255319149    2.9577479385190548e-292
0.7541489361702128    6.1210807358609115e-291
0.7559574468085106    1.2501391997236823e-289
0.7577659574468085    2.519993897598643e-288
0.7595744680851064    5.014160696574669e-287
0.7613829787234043    9.84919466506314e-286
0.7631914893617021    1.910083138792833e-284
0.765    3.6576114602166147e-283
0.7668085106382979    6.916408132334458e-282
0.7686170212765958    1.2916496631700325e-280
0.7704255319148936    2.382498430618648e-279
0.7722340425531915    4.340965465897304e-278
0.7740425531914894    7.813530133791438e-277
0.7758510638297873    1.389492897972087e-275
0.7776595744680851    2.4414828779045116e-274
0.779468085106383    4.239152073185064e-273
0.7812765957446809    7.273967436468597e-272
0.7830851063829788    1.2335855490116685e-270
0.7848936170212766    2.0678104880607825e-269
0.7867021276595745    3.426361440256672e-268
0.7885106382978724    5.612721691989138e-267
0.7903191489361703    9.090089022183508e-266
0.7921276595744681    1.4556365581593202e-264
0.793936170212766    2.3049598401565834e-263
0.7957446808510639    3.6093938901130354e-262
0.7975531914893618    5.589849857329543e-261
0.7993617021276596    8.56238852149136e-260
0.8011702127659575    1.2973350702511334e-258
0.8029787234042554    1.9444863394757347e-257
0.8047872340425533    2.8832730577616573e-256
0.806595744680851    4.2298696857734454e-255
0.808404255319149    6.139886065458054e-254
0.8102127659574468    8.81895456605972e-253
0.8120212765957447    1.2535114824555343e-251
0.8138297872340425    1.7632930496724978e-250
0.8156382978723404    2.4549112639211713e-249
0.8174468085106383    3.3829220841019514e-248
0.8192553191489362    4.6144768986822386e-247
0.821063829787234    6.230978600532906e-246
0.8228723404255319    8.329558803207427e-245
0.8246808510638298    1.1024222896953291e-243
0.8264893617021277    1.4446484011996872e-242
0.8282978723404255    1.8745288076054558e-241
0.8301063829787234    2.4086023816053647e-240
0.8319148936170213    3.0648417591482527e-239
0.8337234042553192    3.862313681133028e-238
0.835531914893617    4.820696996987618e-237
0.8373404255319149    5.9596517263587675e-236
0.8391489361702128    7.298041271115554e-235
0.8409574468085107    8.853020388030428e-234
0.8427659574468085    1.0639013352817675e-232
0.8445744680851064    1.2666619114393561e-231
0.8463829787234043    1.4941492198246868e-230
0.8481914893617022    1.746325857360368e-229
0.85    2.0224533503150405e-228
0.8518085106382979    2.3210112456908018e-227
0.8536170212765958    2.639640558207882e-226
0.8554255319148937    2.975118036347588e-225
0.8572340425531915    3.323366576825369e-224
0.8590425531914894    3.6795054598139976e-223
0.8608510638297873    4.037941972586141e-222
0.8626595744680852    4.3925035602027264e-221
0.864468085106383    4.7366070520693484e-220
0.8662765957446809    5.063458954323771e-219
0.8680851063829788    5.366278473614544e-218
0.8698936170212767    5.638533044566354e-217
0.8717021276595744    5.874174841901821e-216
0.8735106382978723    6.067866196346557e-215
0.8753191489361702    6.215182071675212e-214
0.8771276595744681    6.312778803810379e-213
0.8789361702127659    6.358520089648314e-212
0.8807446808510638    6.351553618452084e-211
0.8825531914893617    6.292334585668576e-210
0.8843617021276596    6.182595405619079e-209
0.8861702127659574    6.02526401709366e-208
0.8879787234042553    5.824336030202258e-207
0.8897872340425532    5.584708393739696e-206
0.8915957446808511    5.311984110517686e-205
0.8934042553191489    5.01225868740429e-204
0.8952127659574468    4.691899430684086e-203
0.8970212765957447    4.357328399622004e-202
0.8988297872340426    4.0148188808557316e-201
0.9006382978723404    3.670313757962003e-200
0.9024468085106383    3.329272270917293e-199
0.9042553191489362    2.9965495529604132e-198
0.9060638297872341    2.676311163141241e-197
0.9078723404255319    2.3719827550878566e-196
0.9096808510638298    2.0862331662698893e-195
0.9114893617021277    1.820987675866416e-194
0.9132978723404256    1.5774670261719982e-193
0.9151063829787234    1.3562470589720349e-192
0.9169148936170213    1.1573334776313898e-191
0.9187234042553192    9.802462726247827e-191
0.9205319148936171    8.241086864003659e-190
0.9223404255319149    6.877361726902108e-189
0.9241489361702128    5.697215495891035e-188
0.9259574468085107    4.685133798058242e-187
0.9277659574468086    3.824854669615311e-186
0.9295744680851065    3.0999617590793754e-185
0.9313829787234043    2.494370231903757e-184
0.9331914893617022    1.992706105014332e-183
0.935    1.5805847242219943e-182
0.936808510638298    1.244797752690077e-181
0.9386170212765957    9.734204180407825e-181
0.9404255319148936    7.5585199769020795e-180
0.9422340425531915    5.8280278411150464e-179
0.9440425531914894    4.462402665288708e-178
0.9458510638297872    3.3930620015939603e-177
0.9476595744680851    2.5621480406287338e-176
0.949468085106383    1.9214070647652012e-175
0.9512765957446809    1.4310358497336363e-174
0.9530851063829787    1.0585483810175848e-173
0.9548936170212766    7.777015344082157e-173
0.9567021276595745    5.675055304671966e-172
0.9585106382978724    4.1133424895295052e-171
0.9603191489361702    2.9614192066050635e-170
0.9621276595744681    2.1178619264123672e-169
0.963936170212766    1.5045288187384598e-168
0.9657446808510639    1.0617462929328719e-167
0.9675531914893617    7.443385574630351e-167
0.9693617021276596    5.1839622869893823e-166
0.9711702127659575    3.5867955769167945e-165
0.9729787234042554    2.465566403809903e-164
0.9747872340425532    1.6838514271569764e-163
0.9765957446808511    1.142561053576449e-162
0.978404255319149    7.702915452788904e-162
0.9802127659574469    5.1599120029668945e-161
0.9820212765957447    3.434410360928832e-160
0.9838297872340426    2.2714123148805094e-159
0.9856382978723405    1.4927419513128753e-158
0.9874468085106384    9.748312501032374e-158
0.9892553191489362    6.326171498491407e-157
0.9910638297872341    4.07971725629344e-156
0.992872340425532    2.614613086250237e-155
0.9946808510638299    1.6652660746382726e-154
0.9964893617021277    1.0540692896506923e-153
0.9982978723404256    6.630929280564509e-153
1.0001063829787233    4.145812311047922e-152
1.0019148936170212    2.5762326788134414e-151
1.0037234042553191    1.5911490031032305e-150
1.005531914893617    9.767804436553759e-150
1.007340425531915    5.96009703351339e-149
1.0091489361702128    3.614846136817451e-148
1.0109574468085107    2.1792957370305934e-147
1.0127659574468086    1.305996630052348e-146
1.0145744680851063    7.779954543091869e-146
1.0163829787234042    4.6071322155738014e-145
1.0181914893617021    2.712141337364551e-144
1.02    1.5871987611652637e-143
1.021808510638298    9.234149811415018e-143
1.0236170212765958    5.340947197003323e-142
1.0254255319148937    3.071174585467886e-141
1.0272340425531916    1.7557577069867974e-140
1.0290425531914893    9.979469251822695e-140
1.0308510638297872    5.639517323445993e-139
1.032659574468085    3.1686686336329123e-138
1.034468085106383    1.7701937624969809e-137
1.036276595744681    9.83291976035923e-137
1.0380851063829788    5.430882827366346e-136
1.0398936170212767    2.982586757426285e-135
1.0417021276595746    1.6287665606329174e-134
1.0435106382978723    8.844555861679184e-134
1.0453191489361702    4.775874278647994e-133
1.047127659574468    2.564469795569899e-132
1.048936170212766    1.3693618982885815e-131
1.0507446808510639    7.271480977796583e-131
1.0525531914893618    3.839895880552373e-130
1.0543617021276597    2.0165818839147992e-129
1.0561702127659576    1.0532220311970849e-128
1.0579787234042553    5.470656240378655e-128
1.0597872340425532    2.8260641935073837e-127
1.061595744680851    1.4519623227652742e-126
1.063404255319149    7.419368717727037e-126
1.0652127659574468    3.770720442418182e-125
1.0670212765957447    1.906052743769849e-124
1.0688297872340426    9.583100681395045e-124
1.0706382978723405    4.7923115277750396e-123
1.0724468085106382    2.3837412936964728e-122
1.0742553191489361    1.179384605015044e-121
1.076063829787234    5.804183752151022e-121
1.077872340425532    2.8413403667281044e-120
1.0796808510638298    1.3835942973216782e-119
1.0814893617021277    6.702002451445737e-119
1.0832978723404256    3.2293683261718677e-118
1.0851063829787235    1.5479415704628961e-117
1.0869148936170212    7.381120110513827e-117
1.088723404255319    3.5012844358440653e-116
1.090531914893617    1.6522530113776215e-115
1.092340425531915    7.756687902496521e-115
1.0941489361702128    3.622706919537004e-114
1.0959574468085107    1.6832695034256878e-113
1.0977659574468086    7.781155215731966e-113
1.0995744680851065    3.5785806711902257e-112
1.1013829787234042    1.6374201877660578e-111
1.103191489361702    7.454152861212085e-111
1.105    3.376225526162826e-110
1.1068085106382979    1.5214781673192717e-109
1.1086170212765958    6.821928890847916e-109
1.1104255319148937    3.0434197326973006e-108
1.1122340425531916    1.3509388032109948e-107
1.1140425531914895    5.966705006126183e-107
1.1158510638297872    2.622191336910614e-106
1.117659574468085    1.1466500972081995e-105
1.119468085106383    4.9893034519780346e-105
1.1212765957446809    2.160215592403678e-104
1.1230851063829788    9.306965260859658e-104
1.1248936170212767    3.9900515314965403e-103
1.1267021276595746    1.702212902532242e-102
1.1285106382978725    7.226361932803298e-102
1.1303191489361701    3.052821736005893e-101
1.132127659574468    1.283407232584641e-100
1.133936170212766    5.36925671592872e-100
1.1357446808510638    2.2354028702710663e-99
1.1375531914893617    9.261783795048576e-99
1.1393617021276596    3.818878796529733e-98
1.1411702127659575    1.5670565450095552e-97
1.1429787234042554    6.399501184923504e-97
1.1447872340425531    2.6009098728756128e-96
1.146595744680851    1.0520278056562322e-95
1.148404255319149    4.235033362925041e-95
1.1502127659574468    1.696754754872777e-94
1.1520212765957447    6.765794594262449e-94
1.1538297872340426    2.6851024746877715e-93
1.1556382978723405    1.0605960980637318e-92
1.1574468085106384    4.169567659989211e-92
1.1592553191489363    1.631505558096122e-91
1.161063829787234    6.354000833664329e-91
1.162872340425532    2.463041654228791e-90
1.1646808510638298    9.503128066868552e-90
1.1664893617021277    3.6495242736466565e-89
1.1682978723404256    1.3950354670494684e-88
1.1701063829787235    5.307841977370065e-88
1.1719148936170214    2.0101980385867982e-87
1.1737234042553193    7.577957541562519e-87
1.175531914893617    2.8435590278589366e-86
1.1773404255319149    1.0621193911584672e-85
1.1791489361702128    3.949022848744991e-85
1.1809574468085107    1.4615555980665317e-84
1.1827659574468086    5.384613611176806e-84
1.1845744680851065    1.9747464442546326e-83
1.1863829787234044    7.209244724394273e-83
1.1881914893617023    2.6199549655417198e-82
1.19    9.478234973850333e-82
1.1918085106382978    3.4134584249013467e-81
1.1936170212765957    1.2237681323597729e-80
1.1954255319148936    4.367620239922726e-80
1.1972340425531915    1.55179947129366e-79
1.1990425531914894    5.488770591075243e-79
1.2008510638297873    1.932711448067398e-78
1.2026595744680852    6.775090301682538e-78
1.204468085106383    2.3644106940433956e-77
1.2062765957446808    8.2147450280181e-77
1.2080851063829787    2.841398559772776e-76
1.2098936170212766    9.78454480806882e-76
1.2117021276595745    3.3544627039643726e-75
1.2135106382978724    1.1449396823328925e-74
1.2153191489361703    3.890656913482374e-74
1.2171276595744682    1.3162770204742409e-73
1.218936170212766    4.433625528189827e-73
1.2207446808510638    1.4868300640612364e-72
1.2225531914893617    4.964294127212978e-72
1.2243617021276596    1.6502536909923877e-71
1.2261702127659575    5.4619045915770315e-71
1.2279787234042554    1.7998686324661025e-70
1.2297872340425533    5.905326067422539e-70
1.2315957446808512    1.929107223283734e-69
1.2334042553191489    6.274530838274314e-69
1.2352127659574468    2.0319897475270478e-68
1.2370212765957447    6.552092924531654e-68
1.2388297872340426    2.1035834479774074e-67
1.2406382978723405    6.724553349776289e-67
1.2424468085106384    2.1403950889510442e-66
1.2442553191489363    6.783502908486049e-66
1.2460638297872342    2.140653510731519e-65
1.2478723404255319    6.7262610396838576e-65
1.2496808510638298    2.1044503526812863e-64
1.2514893617021277    6.55607459976996e-64
1.2532978723404256    2.0337234436572413e-63
1.2551063829787235    6.281816438442923e-63
1.2569148936170214    1.9320858527620074e-62
1.2587234042553193    5.917222317959518e-62
1.2605319148936172    1.8045214827820905e-61
1.2623404255319148    5.479757111080161e-61
1.2641489361702127    1.656982733478832e-60
1.2659574468085106    4.989239818108282e-60
1.2677659574468085    1.4959351323902398e-59
1.2695744680851064    4.466376739353524e-59
1.2713829787234043    1.3278968438744097e-58
1.2731914893617022    3.931351405464859e-58
1.2750000000000001    1.1590176248878848e-57
1.2768085106382978    3.4026002756609404e-57
1.2786170212765957    9.947331084711988e-57
1.2804255319148936    2.8958692693769085e-56
1.2822340425531915    8.395180195932683e-56
1.2840425531914894    2.423604200789429e-55
1.2858510638297873    6.967481894750002e-55
1.2876595744680852    1.994684963781651e-54
1.289468085106383    5.6866812666472e-54
1.2912765957446808    1.6144750001631048e-53
1.2930851063829787    4.564501375352303e-53
1.2948936170212766    1.2851286847702271e-52
1.2967021276595745    3.603236654299131e-52
1.2985106382978724    1.0060821586320315e-51
1.3003191489361703    2.797500395964607e-51
1.3021276595744682    7.746480485648209e-51
1.303936170212766    2.1361795225599475e-50
1.3057446808510638    5.866398245228593e-50
1.3075531914893617    1.6043798915514404e-49
1.3093617021276596    4.369644508352685e-49
1.3111702127659575    1.1851942745889743e-48
1.3129787234042554    3.201391576327024e-48
1.3147872340425533    8.611823034045451e-48
1.3165957446808512    2.30706394220136e-47
1.318404255319149    6.155077844621475e-47
1.3202127659574467    1.6353772733458622e-46
1.3220212765957446    4.327269264419922e-46
1.3238297872340425    1.1403087508423499e-45
1.3256382978723404    2.9925715882922715e-45
1.3274468085106383    7.82133935732904e-45
1.3292553191489362    2.0357905500521657e-44
1.3310638297872341    5.27717250307591e-44
1.332872340425532    1.3623431922989377e-43
1.3346808510638297    3.502592077507272e-43
1.3364893617021276    8.96832036789034e-43
1.3382978723404255    2.2869246588899662e-42
1.3401063829787234    5.807810261473753e-42
1.3419148936170213    1.4689039003104917e-41
1.3437234042553192    3.6999451644800735e-41
1.3455319148936171    9.281509683679834e-41
1.347340425531915    2.318802889751107e-40
1.3491489361702127    5.769408881857321e-40
1.3509574468085106    1.429622687099403e-39
1.3527659574468085    3.5280479211850807e-39
1.3545744680851064    8.6710303716766e-39
1.3563829787234043    2.1224151437852597e-38
1.3581914893617022    5.173846269152669e-38
1.36    1.2560888832968157e-37
1.361808510638298    3.037043077524929e-37
1.3636170212765957    7.313163308035719e-37
1.3654255319148936    1.7538130273045535e-36
1.3672340425531915    4.188754640900275e-36
1.3690425531914894    9.963456314897948e-36
1.3708510638297873    2.3602521116205194e-35
1.3726595744680852    5.568391956048396e-35
1.374468085106383    1.3083499715998777e-34
1.376276595744681    3.0615435204900373e-34
1.3780851063829787    7.134752532352498e-34
1.3798936170212766    1.6559182692119837e-33
1.3817021276595745    3.8275411582222555e-33
1.3835106382978724    8.810919951966037e-33
1.3853191489361703    2.0199583987602088e-32
1.3871276595744682    4.611929814224675e-32
1.388936170212766    1.0486759337968444e-31
1.390744680851064    2.374747587681804e-31
1.3925531914893619    5.3556265377278195e-31
1.3943617021276595    1.20287047236583e-30
1.3961702127659574    2.6905570495796876e-30
1.3979787234042553    5.993482723793708e-30
1.3997872340425532    1.3296241944432234e-29
1.4015957446808511    2.937581888869751e-29
1.403404255319149    6.463402983022093e-29
1.405212765957447    1.4162546815803185e-28
1.4070212765957448    3.0905016499727216e-28
1.4088297872340425    6.716185084577116e-28
1.4106382978723404    1.4535195440450792e-27
1.4124468085106383    3.132723450158198e-27
1.4142553191489362    6.723951170936339e-27
1.416063829787234    1.4372311797016259e-26
1.417872340425532    3.0593312214500743e-26
1.41968085106383    6.485183732311543e-26
1.4214893617021278    1.3690270845013367e-25
1.4232978723404255    2.878019558926352e-25
1.4251063829787234    6.025114221047095e-25
1.4269148936170213    1.2561007877422975e-24
1.4287234042553192    2.607768818721678e-24
1.430531914893617    5.3913402220562574e-24
1.432340425531915    1.1099540763923832e-23
1.4341489361702129    2.2755762228801308e-23
1.4359574468085108    4.645722518256113e-23
1.4377659574468085    9.444695416186255e-23
1.4395744680851064    1.9120210809546733e-22
1.4413829787234043    3.8544689416896647e-22
1.4431914893617022    7.737499099222713e-22
1.445    1.5466704729659014e-21
1.446808510638298    3.0785976804357854e-21
1.4486170212765959    6.1018675851206544e-21
1.4504255319148938    1.2042702386443863e-20
1.4522340425531914    2.366644322699611e-20
1.4540425531914893    4.6311230910171094e-20
1.4558510638297872    9.023608854557346e-20
1.4576595744680851    1.7506970958784484e-19
1.459468085106383    3.382008265826571e-19
1.461276595744681    6.505298021253565e-19
1.4630851063829788    1.2459036713784376e-18
1.4648936170212767    2.375867432724234e-18
1.4667021276595744    4.511033208764316e-18
1.4685106382978723    8.527886423893637e-18
1.4703191489361702    1.6051429181059423e-17
1.4721276595744681    3.008071399954278e-17
1.473936170212766    5.612544396036345e-17
1.475744680851064    1.0426141003956283e-16
1.4775531914893618    1.928298888359143e-16
1.4793617021276597    3.55064054562158e-16
1.4811702127659574    6.509013345615953e-16
1.4829787234042553    1.187938760830155e-15
1.4847872340425532    2.158427975699628e-15
1.486595744680851    3.9042687311372196e-15
1.488404255319149    7.030631297627754e-15
1.490212765957447    1.2603614047721016e-14
1.4920212765957448    2.24923852487843e-14
1.4938297872340427    3.995847326113478e-14
1.4956382978723404    7.066564607602075e-14
1.4974468085106383    1.2440183348273286e-13
1.4992553191489362    2.1800022996070557e-13
1.501063829787234    3.8026938463375224e-13
1.502872340425532    6.602711391767623e-13
1.5046808510638299    1.1411477847138834e-12
1.5064893617021278    1.963097851880545e-12
1.5082978723404257    3.361352844370067e-12
1.5101063829787233    5.728616303041787e-12
1.5119148936170212    9.717173754881114e-12
1.5137234042553191    1.6404978739301355e-11
1.515531914893617    2.756433018259329e-11
1.517340425531915    4.609412812103781e-11
1.5191489361702128    7.671144948402378e-11
1.5209574468085107    1.270518322059336e-10
1.5227659574468086    2.0940992541266348e-10
1.5245744680851063    3.4347749364529394e-10
1.5263829787234042    5.606254079018508e-10
1.5281914893617021    9.105612520139904e-10
1.53    1.4716194652661182e-09
1.531808510638298    2.3665710625022852e-09
1.5336170212765958    3.7867667499383225e-09
1.5354255319148937    6.0287801550506035e-09
1.5372340425531916    9.549677684486015e-09
1.5390425531914893    1.5049858076143127e-08
1.5408510638297872    2.359641970472828e-08
1.542659574468085    3.680568912860274e-08
1.544468085106383    5.711149740671407e-08
1.546276595744681    8.815683523787974e-08
1.5480851063829788    1.3536171225264704e-07
1.5498936170212767    2.0674074483940024e-07
1.5517021276595746    3.140719061938459e-07
1.5535106382978723    4.745550971749968e-07
1.5553191489361702    7.131482782256888e-07
1.557127659574468    1.0658328273851753e-06
1.558936170212766    1.5841419523865421e-06
1.5607446808510639    2.341390082695594e-06
1.5625531914893618    3.441170987949368e-06
1.5643617021276597    5.028851438106714e-06
1.5661702127659576    7.30697825836028e-06
1.5679787234042553    1.0555740772507776e-05
1.5697872340425532    1.5159886349257194e-05
1.571595744680851    2.1643768487480482e-05
1.573404255319149    3.071650321183473e-05
1.5752127659574469    4.332950121598292e-05
1.5770212765957448    6.0748900647150726e-05
1.5788297872340427    8.464560639171055e-05
1.5806382978723406    0.0001172056888119481
1.5824468085106382    0.0001612637337492139
1.5842553191489361    0.0002204612741008683
1.586063829787234    0.00029943156233726666
1.587872340425532    0.0004040105404175419
1.5896808510638298    0.0005414717996334461
1.5914893617021277    0.0007207804738276346
1.5932978723404256    0.0009528572728298459
1.5951063829787235    0.0012508391810808679
1.5969148936170212    0.0016303177350915437
1.5987234042553191    0.002109529376337248
1.600531914893617    0.002709465422868628
1.602340425531915    0.0034538621664574197
1.6041489361702128    0.004369025152281093
1.6059574468085107    0.005483436742476524
1.6077659574468086    0.00682709374897799
1.6095744680851065    0.008430523598464117
1.6113829787234042    0.010323434653407293
1.613191489361702    0.012532970464246018
1.615    0.015081560212853964
1.616808510638298    0.017984389374772237
1.6186170212765958    0.02124655594509934
1.6204255319148937    0.024860027713861102
1.6222340425531916    0.028800573005864062
1.6240425531914895    0.03302489740561978
1.6258510638297874    0.03746827691764373
1.627659574468085    0.04204302668121373
1.629468085106383    0.04663817519713149
1.6312765957446809    0.051120717528817895
1.6330851063829788    0.055338787565212495
1.6348936170212767    0.05912701082344871
1.6367021276595746    0.062314169784696234
1.6385106382978725    0.06473313216519855
1.6403191489361704    0.06623276367507247
1.642127659574468    0.06669128302422037
1.643936170212766    0.066030238759519
1.6457446808510638    0.06422802361124774
1.6475531914893617    0.06133162772616216
1.6493617021276596    0.057465206634674
1.6511702127659575    0.052834041682492325
1.6529787234042554    0.0477226324256865
1.6547872340425533    0.04248600199039124
1.656595744680851    0.03753381838317167
1.658404255319149    0.03330761342047869
1.6602127659574468    0.030252164836771372
1.6620212765957447    0.028782917356969327
1.6638297872340426    0.02925205362669791
1.6656382978723405    0.03191637165130365
1.6674468085106384    0.03691036935232192
1.6692553191489363    0.0442277864905274
1.671063829787234    0.053714256497921054
1.672872340425532    0.06507268003821255
1.6746808510638298    0.07788152259052762
1.6764893617021277    0.0916246075800796
1.6782978723404256    0.10572933682844136
1.6801063829787235    0.1196088760773928
1.6819148936170214    0.13270295700603285
1.6837234042553193    0.14451179296880706
1.685531914893617    0.15461832255329966
1.6873404255319149    0.16269559353512486
1.6891489361702128    0.16849843408659915
1.6909574468085107    0.17184132200704694
1.6927659574468086    0.17256711614735737
1.6945744680851065    0.17051354150540282
1.6963829787234044    0.16548551563623165
1.6981914893617023    0.15724117651778946
1.7    0.1454976409314942
1.7018085106382979    0.1299591972385501
1.7036170212765958    0.11036624797176442
1.7054255319148937    0.08655858866619195
1.7072340425531916    0.05854245710162226
1.7090425531914895    0.026548165121021927
1.7108510638297874    -0.008935173722306278
1.7126595744680853    -0.04715885039204677
1.714468085106383    -0.08715360185344691
1.7162765957446808    -0.12780726350788973
1.7180851063829787    -0.16797190099529558
1.7198936170212766    -0.20658418014138108
1.7217021276595745    -0.2427780714604807
1.7235106382978724    -0.27596813012671306
1.7253191489361703    -0.30588525784553855
1.7271276595744682    -0.33255484321716355
1.728936170212766    -0.35621828968835234
1.7307446808510638    -0.3772110936226196
1.7325531914893617    -0.39582122501945305
1.7343617021276596    -0.4121579996884587
1.7361702127659575    -0.4260619535122745
1.7379787234042554    -0.43707965994245424
1.7397872340425533    -0.4445147234297294
1.7415957446808512    -0.4475496335845547
1.7434042553191489    -0.44541626109964083
1.7452127659574468    -0.4375794775151106
1.7470212765957447    -0.4238922056806218
1.7488297872340426    -0.4046833104295664
1.7506382978723405    -0.3807522206921311
1.7524468085106384    -0.3532638398378325
1.7542553191489363    -0.3235599800477337
1.7560638297872342    -0.29292397202213827
1.7578723404255319    -0.26234811771223066
1.7596808510638298    -0.23235561046036607
1.7614893617021277    -0.20291832556601125
1.7632978723404256    -0.17349139020198395
1.7651063829787235    -0.14315930988970743
1.7669148936170214    -0.11086296475765334
1.7687234042553193    -0.07565837358887839
1.7705319148936172    -0.03695149264370551
1.7723404255319148    0.0053398043885791655
1.7741489361702127    0.05072689551952776
1.7759574468085106    0.09819992708859031
1.7777659574468085    0.14636597201124685
1.7795744680851064    0.19363812375030193
1.7813829787234043    0.23843126095087197
1.7831914893617022    0.27932611162106813
1.7850000000000001    0.3151787670213715
1.7868085106382978    0.3451721965773884
1.7886170212765957    0.36882283641855684
1.7904255319148936    0.3859635063130429
1.7922340425531915    0.39672153623965456
1.7940425531914894    0.40149994579513093
1.7958510638297873    0.4009552199995867
1.7976595744680852    0.3959546291981574
1.7994680851063831    0.38749498539914295
1.8012765957446808    0.3765754333862733
1.8030851063829787    0.364036631577378
1.8048936170212766    0.35040033077301624
1.8067021276595745    0.33575762334136716
1.8085106382978724    0.3197530569768441
1.8103191489361703    0.30169217804821435
1.8121276595744682    0.2807654635306932
1.813936170212766    0.25634205597500737
1.8157446808510638    0.22825587061901337
1.8175531914893617    0.19699708063246185
1.8193617021276596    0.16374033781746417
1.8211702127659575    0.13018473591985386
1.8229787234042554    0.09823737316779116
1.8247872340425533    0.06962413941893617
1.8265957446808512    0.04553959309761556
1.828404255319149    0.026440648823147214
1.8302127659574468    0.012046031960921168
1.8320212765957447    0.0015376433053811076
1.8338297872340426    -0.006107008113837018
1.8356382978723405    -0.011766460422679828
1.8374468085106384    -0.01593076822041306
1.8392553191489363    -0.01864194140473959
1.8410638297872342    -0.019631336382035833
1.842872340425532    -0.018590987804470806
1.8446808510638297    -0.015463377684331633
1.8464893617021276    -0.01062530243890113
1.8482978723404255    -0.004881609884117575
1.8501063829787234    0.0007399854327588187
1.8519148936170213    0.00531936027523149
1.8537234042553192    0.008369291709351169
1.8555319148936171    0.010018325238473659
1.857340425531915    0.010962527512721781
1.859148936170213    0.012185121542424491
1.8609574468085106    0.014536631840846158
1.8627659574468085    0.018330429604174414
1.8645744680851064    0.023112808131847143
1.8663829787234043    0.027708323293940837
1.8681914893617022    0.030540489664283257
1.87    0.030123257662205756
1.871808510638298    0.025551240133079745
1.873617021276596    0.016813921767835915
1.8754255319148936    0.0048231836558700406
1.8772340425531915    -0.008850403556943009
1.8790425531914894    -0.02243096853868937
1.8808510638297873    -0.03441488767870747
1.8826595744680852    -0.04390968778000644
1.884468085106383    -0.0507375297611134
1.886276595744681    -0.055305993197922745
1.8880851063829789    -0.05833849520890878
1.8898936170212766    -0.06059861782760449
1.8917021276595745    -0.06272134824154356
1.8935106382978724    -0.06519327653562605
1.8953191489361703    -0.06843931285860776
1.8971276595744682    -0.07291733781778546
1.898936170212766    -0.07912208287787055
1.900744680851064    -0.08745550232496373
1.9025531914893619    -0.09800481698668424
1.9043617021276595    -0.11033806405331557
1.9061702127659574    -0.12344295069041551
1.9079787234042553    -0.13588530061492754
1.9097872340425532    -0.14616782591893762
1.9115957446808511    -0.15317205662611083
1.913404255319149    -0.15651377486464207
1.915212765957447    -0.15666384421058432
1.9170212765957448    -0.15477644824246317
1.9188297872340425    -0.15228698180027078
1.9206382978723404    -0.1504378627490079
1.9224468085106383    -0.1499177688822606
1.9242553191489362    -0.1507451112613904
1.9260638297872341    -0.15241526932467658
1.927872340425532    -0.1542154817869521
1.92968085106383    -0.1555454722353542
1.9314893617021278    -0.15609560891031848
1.9332978723404255    -0.15581832637639914
1.9351063829787234    -0.15473899565363458
1.9369148936170213    -0.15273335925165776
1.9387234042553192    -0.1494099503869668
1.940531914893617    -0.1441737702836084
1.942340425531915    -0.13644607850022678
1.944148936170213    -0.12592863975136132
1.9459574468085108    -0.11277484461865395
1.9477659574468085    -0.09757784382146517
1.9495744680851064    -0.08118081111009579
1.9513829787234043    -0.06440512609006352
1.9531914893617022    -0.0478299222853736
1.955    -0.0317217920321209
1.956808510638298    -0.01612721729450256
1.9586170212765959    -0.0010516979426143762
1.9604255319148938    0.013391441389627078
1.9622340425531914    0.02695068091761088
1.9640425531914893    0.039332181961212145
1.9658510638297872    0.05034700723717679
1.9676595744680851    0.06000070761483131
1.969468085106383    0.0684533212924516
1.971276595744681    0.07586501908887919
1.9730851063829788    0.08222630726689512
1.9748936170212767    0.08729666771158473
1.9767021276595744    0.09071934605081533
1.9785106382978723    0.09226986808949664
1.9803191489361702    0.09209632389977346
1.9821276595744681    0.09078608369532667
1.983936170212766    0.08917242891348964
1.985744680851064    0.08794147232437485
1.9875531914893618    0.08723421139509643
1.9893617021276597    0.08647707545963149
1.9911702127659574    0.08458019690140742
1.9929787234042553    0.08045334762282999
1.9947872340425532    0.0736029829412557
1.996595744680851    0.06449777244299118
1.998404255319149    0.0544801465838082
2.0002127659574467    0.0452242721327068
2.0020212765957446    0.03798454372806527
2.0038297872340425    0.03300963835111209
2.0056382978723404    0.02943436178544008
2.0074468085106383    0.025726120851895677
2.009255319148936    0.020473546307376904
2.011063829787234    0.013117176003389915
2.012872340425532    0.004243456865085836
2.01468085106383    -0.004710213245536793
2.016489361702128    -0.012178164692679492
2.0182978723404257    -0.01722572722343345
2.0201063829787236    -0.019936788854900786
2.0219148936170215    -0.021229989049049033
2.0237234042553194    -0.022224510663706835
2.0255319148936173    -0.023529426703738462
2.0273404255319147    -0.024871455388974263
2.0291489361702126    -0.02527904992679387
2.0309574468085105    -0.023716421053962038
2.0327659574468084    -0.019795072044160207
2.0345744680851063    -0.014137760660561209
2.0363829787234042    -0.008164369578736782
2.038191489361702    -0.0034018327355536428
2.04    -0.0006999762225583794
2.041808510638298    0.0002011476216767804
2.043617021276596    0.0004989134613591254
2.0454255319148937    0.0016371729208982068
2.0472340425531916    0.004476862531886139
2.0490425531914895    0.008787945715514884
2.0508510638297874    0.013343323814941915
2.0526595744680853    0.016561282334409136
2.0544680851063832    0.017344691015793508
2.0562765957446807    0.015668564435653183
2.0580851063829786    0.0126191050411909
2.0598936170212765    0.00989103276932956
2.0617021276595744    0.009028830770022082
2.0635106382978723    0.01079984399657137
2.06531914893617    0.014973092011091801
2.067127659574468    0.020534463669257957
2.068936170212766    0.02614928389718392
2.070744680851064    0.030607947614783804
2.072553191489362    0.0330780511718015
2.0743617021276597    0.03315260679334202
2.0761702127659576    0.030805711330239974
2.0779787234042555    0.026368790516517165
2.0797872340425534    0.02054171907863203
2.0815957446808513    0.014348105563460944
2.083404255319149    0.008929541563307376
2.085212765957447    0.005175245809018934
2.0870212765957445    0.0033334391247395994
2.0888297872340424    0.0028332751002658474
2.0906382978723403    0.002480768383154832
2.0924468085106382    0.0009966698381022256
2.094255319148936    -0.00234808043018483
2.096063829787234    -0.0073340711722375464
2.097872340425532    -0.012863781120054272
2.09968085106383    -0.017483262466355398
2.1014893617021277    -0.02008704489960015
2.1032978723404256    -0.020435927130034226
2.1051063829787235    -0.019225648742836936
2.1069148936170214    -0.01769689282190267
2.1087234042553193    -0.01702126562285068
2.1105319148936172    -0.017792527455854856
2.112340425531915    -0.019854849579993304
2.114148936170213    -0.022487514963345133
2.1159574468085105    -0.02477804274250029
2.1177659574468084    -0.0259608457005853
2.1195744680851063    -0.02558499322551243
2.121382978723404    -0.023517426275917026
2.123191489361702    -0.01987772353294239
2.125    -0.014984811198211476
2.126808510638298    -0.009312748949266252
2.128617021276596    -0.0033927775154154217
2.1304255319148937    0.002372061949351818
2.1322340425531916    0.007912185119720277
2.1340425531914895    0.013566098438850354
2.1358510638297874    0.019901240113982654
2.1376595744680853    0.027308331817431617
2.139468085106383    0.03557888222518735
2.141276595744681    0.04375089489093495
2.143085106382979    0.05039278552213658
2.1448936170212765    0.054235873667840856
2.1467021276595744    0.054822050638679565
2.1485106382978723    0.052777798325265315
2.15031914893617    0.049519740911629515
2.152127659574468    0.04653467888691855
2.153936170212766    0.04464511370146808
2.155744680851064    0.043688567586856686
2.1575531914893618    0.04278398569670326
2.1593617021276597    0.04099196153243058
2.1611702127659576    0.037937316075874944
2.1629787234042555    0.0340093692134435
2.1647872340425534    0.030051498399543394
2.1665957446808513    0.026792244945883163
2.168404255319149    0.024422645481891395
2.170212765957447    0.022590949548232542
2.172021276595745    0.020771413295063587
2.1738297872340424    0.018699154566111473
2.1756382978723403    0.016537133160582196
2.177446808510638    0.014664519300904278
2.179255319148936    0.013273870441262818
2.181063829787234    0.012109907141878717
2.182872340425532    0.010565621142322568
2.18468085106383    0.008064413210338007
2.1864893617021277    0.004425456840137754
2.1882978723404256    -8.08543572610428e-05
2.1901063829787235    -0.005030745891682744
2.1919148936170214    -0.010245406384218593
2.1937234042553193    -0.015935530463548227
2.195531914893617    -0.022428797079064918
2.197340425531915    -0.02966724311023858
2.199148936170213    -0.03689588250765974
2.200957446808511    -0.0428749676449863
2.2027659574468084    -0.04656862612254879
2.2045744680851063    -0.047862494002835265
2.206382978723404    -0.04776013565535944
2.208191489361702    -0.0478224915384636
2.21    -0.04915431152778332
2.211808510638298    -0.05161901858007138
2.2136170212765958    -0.05387356321666577
2.2154255319148937    -0.05427519432451845
2.2172340425531916    -0.052079981946020704
2.2190425531914895    -0.04808763582899707
2.2208510638297874    -0.04421621273655435
2.2226595744680853    -0.042222305063943505
2.224468085106383    -0.04241611645626889
2.226276595744681    -0.043290628366199096
2.228085106382979    -0.042401114373284074
2.229893617021277    -0.037971464474220826
2.2317021276595743    -0.03016275365079968
2.233510638297872    -0.02111625524768166
2.23531914893617    -0.01368599067113687
2.237127659574468    -0.009667994661111734
2.238936170212766    -0.008697407332792392
2.240744680851064    -0.008555496410045986
2.2425531914893617    -0.00668835967449769
2.2443617021276596    -0.0019270205515294868
2.2461702127659575    0.004730011251920374
2.2479787234042554    0.010771537595092903
2.2497872340425533    0.013801961362957246
2.251595744680851    0.013049657169037613
2.253404255319149    0.00978258558390466
2.255212765957447    0.006421379650327564
2.257021276595745    0.005004602739869796
2.258829787234043    0.006040463528420588
2.2606382978723403    0.008447364987210337
2.262446808510638    0.010512587724879043
2.264255319148936    0.011136753557016554
2.266063829787234    0.01051789632189018
2.267872340425532    0.009890968353612549
2.2696808510638298    0.01060869768610492
2.2714893617021277    0.013252359301590202
2.2732978723404256    0.01735248478377439
2.2751063829787235    0.0218145636350169
2.2769148936170214    0.02566279272126316
2.2787234042553193    0.028566477284950074
2.280531914893617    0.03085301212045537
2.282340425531915    0.03311211905326179
2.284148936170213    0.03574981598369899
2.285957446808511    0.03880133972864022
2.2877659574468088    0.042049622192620845
2.2895744680851062    0.045254700528413724
2.291382978723404    0.04826226016675468
2.293191489361702    0.0509233104834305
2.295    0.052958117594541554
2.296808510638298    0.053959124746444334
2.2986170212765957    0.0536027174481416
2.3004255319148936    0.051939214732730096
2.3022340425531915    0.04952475903795922
2.3040425531914894    0.04724004125378499
2.3058510638297873    0.045854661937525173
2.3076595744680852    0.04558768838172396
2.309468085106383    0.04594596147963709
2.311276595744681    0.04596560059248303
2.313085106382979    0.04473691109497155
2.314893617021277    0.04191129149710662
2.3167021276595747    0.037882622635034044
2.3185106382978726    0.03351396253975163
2.32031914893617    0.029548152437669548
2.322127659574468    0.026049427330057648
2.323936170212766    0.02224426398795664
2.325744680851064    0.016925774377083078
2.3275531914893617    0.009245806257766137
2.3293617021276596    -0.0005667097253704827
2.3311702127659575    -0.01105586950289086
2.3329787234042554    -0.0201584270305686
2.3347872340425533    -0.026307880342302765
2.336595744680851    -0.029361034051449676
2.338404255319149    -0.03070653248929749
2.340212765957447    -0.03239234109358673
2.342021276595745    -0.03577418519400137
2.343829787234043    -0.04058247226418335
2.3456382978723407    -0.04509941175573215
2.3474468085106386    -0.047401067712454614
2.349255319148936    -0.046834049669299216
2.351063829787234    -0.04464816025784253
2.352872340425532    -0.04324226918578347
2.3546808510638297    -0.04447619585337052
2.3564893617021276    -0.0482431100576681
2.3582978723404255    -0.05239471561466902
2.3601063829787234    -0.05417053604065661
2.3619148936170213    -0.05215679064273272
2.3637234042553192    -0.047339994112978484
2.365531914893617    -0.04242523438859909
2.367340425531915    -0.039861625437371026
2.369148936170213    -0.0400170512956977
2.370957446808511    -0.04088655817268386
2.3727659574468087    -0.03959764381021724
2.3745744680851066    -0.03461098072208793
2.3763829787234045    -0.026952309644662158
2.378191489361702    -0.01951383766070148
2.38    -0.014926366464059482
2.381808510638298    -0.013612906173004775
2.3836170212765957    -0.013521017142827291
2.3854255319148936    -0.011757251071630781
2.3872340425531915    -0.006881867694517506
2.3890425531914894    -0.00010052554355825805
2.3908510638297873    0.0055734306133255985
2.392659574468085    0.007556873417152387
2.394468085106383    0.005634154224358401
2.396276595744681    0.0021324007958942823
2.398085106382979    0.00022923966501715983
2.399893617021277    0.0016997053946609998
2.4017021276595747    0.005790425140891578
2.4035106382978726    0.009993664183200544
2.4053191489361705    0.012028489880894336
2.407127659574468    0.011470696922241008
2.408936170212766    0.009846653170874565
2.4107446808510637    0.009264685358141008
2.4125531914893616    0.010772015950620776
2.4143617021276595    0.013734005684411903
2.4161702127659574    0.016615942111012704
2.4179787234042553    0.018400617219503253
2.4197872340425532    0.01942760144785374
2.421595744680851    0.02100363545105428
2.423404255319149    0.024184762831921596
2.425212765957447    0.028784963278423243
2.427021276595745    0.03341777767368406
2.4288297872340427    0.03648968958153383
2.4306382978723406    0.037304296268333995
2.4324468085106385    0.03641378472827189
2.4342553191489364    0.03502935176598501
2.436063829787234    0.034065339933120636
2.437872340425532    0.03361072074446787
2.4396808510638297    0.03316923561272661
2.4414893617021276    0.03233007007749772
2.4432978723404255    0.031217933585839616
2.4451063829787234    0.03035111131983921
2.4469148936170213    0.030104838732222576
2.448723404255319    0.030309511543202383
2.450531914893617    0.030339369642795842
2.452340425531915    0.029571837337527072
2.454148936170213    0.027779241540494853
2.455957446808511    0.025131478599318746
2.4577659574468087    0.02189410584350821
2.4595744680851066    0.018190779508238712
2.4613829787234045    0.014088158686064334
2.4631914893617024    0.009878427573706404
2.465    0.006175891455839008
2.4668085106382978    0.0035915568796108747
2.4686170212765957    0.002186648658209415
2.4704255319148936    0.0012117062202884202
2.4722340425531915    -0.0005191604404301943
2.4740425531914894    -0.003800694498351663
2.4758510638297873    -0.008384541102302523
2.477659574468085    -0.013067955685485563
2.479468085106383    -0.016517417190477814
2.481276595744681    -0.01820625951463909
2.483085106382979    -0.01871982506288381
2.4848936170212768    -0.019180242857852907
2.4867021276595747    -0.02026498724940127
2.4885106382978726    -0.021632570117754664
2.4903191489361705    -0.02223138143231875
2.4921276595744684    -0.02123043223600095
2.493936170212766    -0.018790553419974806
2.4957446808510637    -0.016026437211256885
2.4975531914893616    -0.014180087051846316
2.4993617021276595    -0.01367342706475896
2.5011702127659574    -0.01379968837688611
2.5029787234042553    -0.013288205469043704
2.504787234042553    -0.011280793302426876
2.506595744680851    -0.007956391330888834
2.508404255319149    -0.004353441688140789
2.510212765957447    -0.0015807567770231082
2.512021276595745    -5.1253383891063055e-05
2.5138297872340427    0.0007071693940028647
2.5156382978723406    0.0015975058077085818
2.5174468085106385    0.0032662052222290788
2.5192553191489364    0.005698071536564575
2.5210638297872343    0.008321276417506678
2.5228723404255318    0.010449800945837914
2.5246808510638297    0.011694800291296492
2.5264893617021276    0.012085788963136126
2.5282978723404255    0.011906059796292213
2.5301063829787234    0.011433786616132313
2.5319148936170213    0.01077885816687569
2.533723404255319    0.009877659047093226
2.535531914893617    0.008589391770915972
2.537340425531915    0.00680557544811145
2.539148936170213    0.004517829931883132
2.5409574468085108    0.001828341075816542
2.5427659574468087    -0.001092697368510884
2.5445744680851066    -0.0040815240917417145
2.5463829787234045    -0.007041993741159458
2.5481914893617024    -0.009942620912361847
2.5500000000000003    -0.012740949992256419
2.551808510638298    -0.015298343968124567
2.5536170212765956    -0.01738014847945621
2.5554255319148935    -0.018776756931041985
2.5572340425531914    -0.019465497222559393
2.5590425531914893    -0.019669174010643428
2.560851063829787    -0.019734004175157915
2.562659574468085    -0.019906681580872006
2.564468085106383    -0.020195628399972493
2.566276595744681    -0.02044205215745918
2.568085106382979    -0.020538080923839484
2.5698936170212767    -0.020581476921553064
2.5717021276595746    -0.02079960506766386
2.5735106382978725    -0.02128903298338722
2.5753191489361704    -0.02181167793811043
2.5771276595744683    -0.021873043415913743
2.578936170212766    -0.021075098369889855
2.580744680851064    -0.019483059326518073
2.5825531914893616    -0.017701929700294862
2.5843617021276595    -0.016575900584040133
2.5861702127659574    -0.016720115270447262
2.5879787234042553    -0.01821701694785468
2.589787234042553    -0.020661791297514255
2.591595744680851    -0.023464687355903215
2.593404255319149    -0.026154215874623958
2.595212765957447    -0.028493818669325453
2.5970212765957448    -0.03042596150217304
2.5988297872340427    -0.031987680588222704
2.6006382978723406    -0.03329578940119362
2.6024468085106385    -0.034562680539572115
2.6042553191489364    -0.03604237490747721
2.6060638297872343    -0.03788832467542345
2.607872340425532    -0.0400291069178017
2.60968085106383    -0.04218396811600259
2.6114893617021275    -0.04401639438700331
2.6132978723404254    -0.045290150630398394
2.6151063829787233    -0.045898670632543694
2.6169148936170212    -0.04578501457976448
2.618723404255319    -0.04489412231117367
2.620531914893617    -0.043251912159979
2.622340425531915    -0.04108588586005938
2.624148936170213    -0.03879577098497675
2.6259574468085107    -0.036704696679615935
2.6277659574468086    -0.034780159977793164
2.6295744680851065    -0.03263072019967001
2.6313829787234044    -0.029877564384583964
2.6331914893617023    -0.026615861308457715
2.6350000000000002    -0.023501016329296957
2.636808510638298    -0.021266911937752396
2.638617021276596    -0.020023655952112307
2.6404255319148935    -0.018986176028829974
2.6422340425531914    -0.016993163112314053
2.6440425531914893    -0.01347172839011487
2.645851063829787    -0.009016270841416402
2.647659574468085    -0.004992444956130977
2.649468085106383    -0.002416627242268818
2.651276595744681    -0.0010657090813141605
2.653085106382979    0.0003486925435265049
2.6548936170212767    0.003025746835489683
2.6567021276595746    0.006945869588064706
2.6585106382978725    0.010823168446445448
2.6603191489361704    0.013258627170272475
2.6621276595744683    0.014093496608969507
2.663936170212766    0.01470328943609105
2.665744680851064    0.016875633720728676
2.667553191489362    0.021207345603576944
2.6693617021276594    0.026453998672152337
2.6711702127659573    0.030465871667247863
2.6729787234042552    0.031930687697197355
2.674787234042553    0.0313977173730593
2.676595744680851    0.03068455628313478
2.678404255319149    0.03121918672759385
2.680212765957447    0.03282306498016937
2.6820212765957447    0.03401568464571502
2.6838297872340426    0.033507894970052875
2.6856382978723405    0.03146155656231351
2.6874468085106384    0.029339139564486687
2.6892553191489363    0.028510444033217813
2.6910638297872342    0.028956163873486117
2.692872340425532    0.029305189644490262
2.69468085106383    0.02816841267303559
2.696489361702128    0.025499697427216583
2.6982978723404254    0.022693886973714418
2.7001063829787233    0.021335367346072248
2.701914893617021    0.021786703358770435
2.703723404255319    0.022941155732630045
2.705531914893617    0.02333935794311188
2.707340425531915    0.022555130117349408
2.709148936170213    0.021527565043494665
2.7109574468085107    0.021558121965056284
2.7127659574468086    0.022982258849016765
2.7145744680851065    0.02481719619623793
2.7163829787234044    0.02571275686358656
2.7181914893617023    0.025253599325592964
2.72    0.024327355784627303
2.721808510638298    0.02420204183856646
2.723617021276596    0.025230215100102364
2.725425531914894    0.0264656000690925
2.7272340425531914    0.026579704932561225
2.7290425531914893    0.025182419532300375
2.730851063829787    0.02324120501507667
2.732659574468085    0.022164031536613338
2.734468085106383    0.022416723232570074
2.736276595744681    0.02301429991495369
2.7380851063829788    0.022398748933407257
2.7398936170212767    0.019889890353183275
2.7417021276595746    0.016348346118837613
2.7435106382978725    0.013439271561827032
2.7453191489361704    0.012201897587136766
2.7471276595744683    0.012253241321168378
2.748936170212766    0.012313923154070028
2.750744680851064    0.011488202452945226
2.752553191489362    0.01007016645335625
2.75436170212766    0.009178086676633442
2.7561702127659573    0.009670377008878211
2.757978723404255    0.011433070379852202
2.759787234042553    0.013670316346826385
2.761595744680851    0.01579117700147843
2.763404255319149    0.017925025710904447
2.765212765957447    0.020548229366761702
2.7670212765957447    0.02366761669315603
2.7688297872340426    0.026482512537798448
2.7706382978723405    0.02795482394989739
2.7724468085106384    0.027765893753684937
2.7742553191489363    0.02670221601665988
2.776063829787234    0.026039415679719544
2.777872340425532    0.02646435060457852
2.77968085106383    0.027526398069015617
2.781489361702128    0.028099610767841728
2.783297872340426    0.027377802461078484
2.7851063829787237    0.025456320562347517
2.786914893617021    0.023013303374703444
2.788723404255319    0.020504365595704604
2.790531914893617    0.017726555192960156
2.792340425531915    0.014175244729567441
2.7941489361702128    0.009778061135160929
2.7959574468085107    0.0052004220975774285
2.7977659574468086    0.001360592542652343
2.7995744680851065    -0.0013929717172952356
2.8013829787234044    -0.0036282478938190195
2.8031914893617023    -0.006338342414768506
2.805    -0.01006076009993055
2.806808510638298    -0.014424698508884568
2.808617021276596    -0.018521799992211097
2.810425531914894    -0.021712898648956785
2.8122340425531918    -0.024103101437394907
2.8140425531914897    -0.026282212077559777
2.815851063829787    -0.028646152637930675
2.817659574468085    -0.03098010417753342
2.819468085106383    -0.032673387988832035
2.821276595744681    -0.03329994014531216
2.8230851063829787    -0.03297472606064245
2.8248936170212766    -0.032171492402518244
2.8267021276595745    -0.031241717201854015
2.8285106382978724    -0.03014166544273407
2.8303191489361703    -0.028615161983816882
2.832127659574468    -0.02659469734307103
2.833936170212766    -0.024375979608781115
2.835744680851064    -0.022381739641457593
2.837553191489362    -0.020767701589944933
2.83936170212766    -0.01928449809988214
2.8411702127659577    -0.017542518677678552
2.8429787234042556    -0.015416701788583731
2.844787234042553    -0.013189697611728134
2.846595744680851    -0.011292883436201339
2.848404255319149    -0.009896692105832772
2.8502127659574468    -0.008741760506028835
2.8520212765957447    -0.007367878093147068
2.8538297872340426    -0.005525670119941553
2.8556382978723405    -0.003396036238293848
2.8574468085106384    -0.0014265533760712346
2.8592553191489363    6.310952132326819e-05
2.861063829787234    0.001161001341014281
2.862872340425532    0.0022893751870828403
2.86468085106383    0.0038357637677804424
2.866489361702128    0.005782608366970263
2.8682978723404258    0.007629931362497545
2.8701063829787237    0.008686442617416603
2.8719148936170216    0.008532465682264838
2.873723404255319    0.00732272897702229
2.875531914893617    0.005693253290535175
2.877340425531915    0.004310406630232633
2.8791489361702127    0.0033726948169638185
2.8809574468085106    0.002443983519865092
2.8827659574468085    0.0007782497396619584
2.8845744680851064    -0.0020770019414487182
2.8863829787234043    -0.0058538316621747355
2.8881914893617022    -0.009659930424170156
2.89    -0.012538884972091139
2.891808510638298    -0.014058101318100041
2.893617021276596    -0.014468383132532821
2.895425531914894    -0.014348726603739264
2.8972340425531917    -0.014085295496463248
2.8990425531914896    -0.013641284540301406
2.9008510638297875    -0.012763242051134998
2.902659574468085    -0.011347087696060887
2.904468085106383    -0.009565735097851856
2.906276595744681    -0.007647916699583758
2.9080851063829787    -0.005586689858855102
2.9098936170212766    -0.0031347222977660526
2.9117021276595745    -0.0001248213809852839
2.9135106382978724    0.0032239903403723544
2.9153191489361703    0.00637649903061392
2.917127659574468    0.008906106548723104
2.918936170212766    0.01085656006528172
2.920744680851064    0.012647050615427915
2.922553191489362    0.01458223485776969
2.92436170212766    0.016459239223560566
2.9261702127659577    0.017704766698531216
2.9279787234042556    0.01794939781897513
2.9297872340425535    0.017473524469673388
2.931595744680851    0.017042241343319234
2.933404255319149    0.017239012711786864
2.9352127659574467    0.017929497975064795
2.9370212765957446    0.018395151514201902
2.9388297872340425    0.018030674778299373
2.9406382978723404    0.016930606316497114
2.9424468085106383    0.015779047265067007
2.9442553191489362    0.0151382552211651
2.946063829787234    0.014838645716157985
2.947872340425532    0.014091094916817582
2.94968085106383    0.012235429676032743
2.951489361702128    0.00939989503767661
2.9532978723404257    0.006415400168934431
2.9551063829787236    0.0040499358658005885
2.9569148936170215    0.00229678278994607
2.9587234042553194    0.0004046483867379204
2.960531914893617    -0.002380158104562584
2.962340425531915    -0.0060761015875408445
2.9641489361702127    -0.0099344992588543
2.9659574468085106    -0.013119908444432263
2.9677659574468085    -0.015424044252027173
2.9695744680851064    -0.01732751507083642
2.9713829787234043    -0.01938791166812876
2.973191489361702    -0.021601250568545532
2.975    -0.023395451363468392
2.976808510638298    -0.02426513841001393
2.978617021276596    -0.024396332225998137
2.980425531914894    -0.02461689534242032
2.9822340425531917    -0.025665037707300192
2.9840425531914896    -0.02745630762708335
2.9858510638297875    -0.02907301059676911
2.9876595744680854    -0.02953880178153922
2.989468085106383    -0.028692962207424115
2.9912765957446807    -0.027354390393159296
2.9930851063829786    -0.026596969566484448
2.9948936170212765    -0.026772261221397746
2.9967021276595744    -0.027162862178362508
2.9985106382978723    -0.026594843882714755
3.0003191489361702    -0.024475797651783135
3.002127659574468    -0.021333376104874166
3.003936170212766    -0.01836536551595272
3.005744680851064    -0.01639200795305338
3.007553191489362    -0.015140691943341437
3.0093617021276597    -0.013506994828578884
3.0111702127659576    -0.01057155876052858
3.0129787234042555    -0.006474258063081984
3.0147872340425534    -0.002362196300779138
3.0165957446808513    0.0005571886168590934
3.0184042553191492    0.002031020673111844
3.0202127659574467    0.002950662759976627
3.0220212765957446    0.004551051941734862
3.0238297872340425    0.007330079170267206
3.0256382978723404    0.010637116571347575
3.0274468085106383    0.013269348932738158
3.029255319148936    0.014512310359659865
3.031063829787234    0.014687931438473755
3.032872340425532    0.014758873013109668
3.03468085106383    0.01541545151419835
3.036489361702128    0.01651787332336967
3.0382978723404257    0.01737886668392599
3.0401063829787236    0.01754517859481144
3.0419148936170215    0.017276336429535456
3.0437234042553194    0.017258759736858715
3.0455319148936173    0.017876319310147677
3.047340425531915    0.018798153362327038
3.0491489361702127    0.019307814960956893
3.0509574468085106    0.01903463065020537
3.0527659574468085    0.01833585495931298
3.0545744680851064    0.017935062408230316
3.0563829787234043    0.018183347122225534
3.058191489361702    0.01869793607845077
3.06    0.018750057647777475
3.061808510638298    0.018009526618753904
3.063617021276596    0.01688754576087226
3.0654255319148938    0.016125519388116436
3.0672340425531917    0.016041602425565005
3.0690425531914896    0.01619035296477035
3.0708510638297875    0.015769068627457843
3.0726595744680854    0.014353914452625138
3.0744680851063833    0.012234564118100165
3.076276595744681    0.010045680866641277
3.0780851063829786    0.00811164422226033
3.0798936170212765    0.006189232541032843
3.0817021276595744    0.0038523052608240363
3.0835106382978723    0.0010868338555072498
3.08531914893617    -0.001544514681130765
3.087127659574468    -0.0033500703469848594
3.088936170212766    -0.0041158944156781
3.090744680851064    -0.004265366136547098
3.092553191489362    -0.004435019110229544
3.0943617021276597    -0.004916915739940195
3.0961702127659576    -0.005515832356364684
3.0979787234042555    -0.00590293211449403
3.0997872340425534    -0.0060299704872998575
3.1015957446808513    -0.006144314609113898
3.103404255319149    -0.006418351637663583
3.105212765957447    -0.00665114244891918
3.1070212765957446    -0.006430202265063668
3.1088297872340425    -0.0056289312697879144
3.1106382978723404    -0.004710369095843631
3.1124468085106383    -0.004455963319170246
3.114255319148936    -0.005308869291949422
3.116063829787234    -0.006938484380229147
3.117872340425532    -0.008462840160635091
3.11968085106383    -0.00915867861075242
3.1214893617021278    -0.009029963804362405
3.1232978723404257    -0.008734055384144651
3.1251063829787236    -0.008952918098223763
3.1269148936170215    -0.00978789918586169
3.1287234042553194    -0.010706283761323633
3.1305319148936173    -0.011050013933207647
3.132340425531915    -0.010623535386048995
3.134148936170213    -0.009843225141447757
3.1359574468085105    -0.00934922323325094
3.1377659574468084    -0.009450610184670416
3.1395744680851063    -0.009888514318574005
3.141382978723404    -0.010095016394415773
3.143191489361702    -0.009695838506786313
3.145    -0.008821294759535095
3.146808510638298    -0.00798155095882764
3.148617021276596    -0.007638136953243906
3.1504255319148937    -0.00784133164479547
3.1522340425531916    -0.008220252880959865
3.1540425531914895    -0.0083016511291862
3.1558510638297874    -0.007866794850612108
3.1576595744680853    -0.007052381193727333
3.159468085106383    -0.006147187419668786
3.161276595744681    -0.00530403646115086
3.163085106382979    -0.00443876624370375
3.1648936170212765    -0.003388262452655836
3.1667021276595744    -0.002145232336140869
3.1685106382978723    -0.0009223306394812543
3.17031914893617    2.0594173025427834e-05
3.172127659574468    0.0006106982095391491
3.173936170212766    0.0010232821908524052
3.175744680851064    0.0015136796092399638
3.1775531914893618    0.002191229306430136
3.1793617021276597    0.002950099069380204
3.1811702127659576    0.003597443101234386
3.1829787234042555    0.0040234573109732595
3.1847872340425534    0.004247393867942448
3.1865957446808513    0.004339486059484297
3.188404255319149    0.004354898732109651
3.190212765957447    0.0043637788622618
3.192021276595745    0.0044990099264636775
3.1938297872340424    0.004891186100119912
3.1956382978723403    0.005507667337627761
3.1974468085106382    0.0060868954572122725
3.199255319148936    0.006317069766371462
3.201063829787234    0.006143551432302619
3.202872340425532    0.005887022403927632
3.20468085106383    0.005986515929010076
3.2064893617021277    0.006566195811282386
3.2082978723404256    0.0072601829611378945
3.2101063829787235    0.007517464702703556
3.2119148936170214    0.007120130476559403
3.2137234042553193    0.006392715112759405
3.2155319148936172    0.0058680020604294685
3.217340425531915    0.00574109903039566
3.219148936170213    0.005688805455543624
3.220957446808511    0.005260391778310104
3.2227659574468084    0.004425616611222327
3.2245744680851063    0.0036678221723621266
3.226382978723404    0.0034835198476284553
3.228191489361702    0.0038119460865764553
3.23    0.004040498838675248
3.231808510638298    0.0036378652077991994
3.233617021276596    0.0027664396712788024
3.2354255319148937    0.0021911700212711776
3.2372340425531916    0.0025199113939239053
3.2390425531914895    0.003542113100581075
3.2408510638297874    0.004378395637880434
3.2426595744680853    0.004326953041344886
3.244468085106383    0.003548181758141619
3.246276595744681    0.002870438585340784
3.248085106382979    0.0029065362970869205
3.249893617021277    0.0033954503376508564
3.251702127659575    0.003451620892416023
3.2535106382978722    0.0024510824400987615
3.25531914893617    0.0006201926701652821
3.257127659574468    -0.0012740302972622393
3.258936170212766    -0.0027647997320354866
3.260744680851064    -0.004133200150891806
3.2625531914893617    -0.0059906169660873115
3.2643617021276596    -0.00848598676445145
3.2661702127659575    -0.011042339712221494
3.2679787234042554    -0.012935997825760678
3.2697872340425533    -0.014083675186528604
3.2715957446808512    -0.015147940095892433
3.273404255319149    -0.016806822331521087
3.275212765957447    -0.018962859581462647
3.277021276595745    -0.02076370203141261
3.278829787234043    -0.02144271579508513
3.2806382978723407    -0.02109244896890223
3.282446808510638    -0.020538347366366456
3.284255319148936    -0.02044252465137738
3.286063829787234    -0.020601490828151624
3.287872340425532    -0.02019703652712384
3.28968085106383    -0.018727608257476526
3.2914893617021277    -0.016604033477386988
3.2932978723404256    -0.014750803640456694
3.2951063829787235    -0.013633768130716584
3.2969148936170214    -0.012768985068355776
3.2987234042553193    -0.011261122322355759
3.300531914893617    -0.008809584728739696
3.302340425531915    -0.006101297170384006
3.304148936170213    -0.004147215010420141
3.305957446808511    -0.0032408403482212028
3.307765957446809    -0.002627909306241639
3.3095744680851067    -0.0012405614910859447
3.311382978723404    0.001253047474102102
3.313191489361702    0.004144487482088819
3.315    0.006401001065136342
3.316808510638298    0.007638961894534705
3.3186170212765957    0.008381520560166994
3.3204255319148936    0.009417833098084622
3.3222340425531915    0.011000106861992433
3.3240425531914894    0.01270516471819032
3.3258510638297873    0.014016424125855612
3.3276595744680852    0.014921977011040909
3.329468085106383    0.015875962356538167
3.331276595744681    0.017217764708397934
3.333085106382979    0.018733748131899736
3.334893617021277    0.019849288852910756
3.3367021276595747    0.020215528825760026
3.3385106382978726    0.02002627215660463
3.34031914893617    0.01972461272031798
3.342127659574468    0.01944886920401659
3.343936170212766    0.018849755327491724
3.345744680851064    0.017487333601146383
3.3475531914893617    0.015371566326522569
3.3493617021276596    0.013053362076136905
3.3511702127659575    0.011159474192207294
3.3529787234042554    0.009851660189305101
3.3547872340425533    0.00875225823895643
3.356595744680851    0.007377957995587835
3.358404255319149    0.005616405447499754
3.360212765957447    0.003786658448620696
3.362021276595745    0.0022868157289083176
3.363829787234043    0.0012295540324289197
3.3656382978723407    0.00040763891850173224
3.3674468085106386    -0.0004524875049581455
3.369255319148936    -0.001454833873721635
3.371063829787234    -0.0025213129073390125
3.372872340425532    -0.0035284236126398175
3.3746808510638298    -0.004398975767720511
3.3764893617021277    -0.005084148463987114
3.3782978723404256    -0.005533269261010936
3.3801063829787235    -0.0057308956606724895
3.3819148936170214    -0.0057400374500839605
3.3837234042553193    -0.005649590929442487
3.385531914893617    -0.005457124956091001
3.387340425531915    -0.005042071610833978
3.389148936170213    -0.004303113417131739
3.390957446808511    -0.003318398226355001
3.3927659574468088    -0.002316004801776474
3.3945744680851067    -0.0014466436945286222
3.3963829787234046    -0.0006120879370200886
3.398191489361702    0.00041469978422121643
3.4    0.0016691337220275937
3.401808510638298    0.0028394327738475817
3.4036170212765957    0.0035059574653276953
3.4054255319148936    0.003562584249999943
3.4072340425531915    0.0033530506936891727
3.4090425531914894    0.003324723014397152
3.4108510638297873    0.0035412648525694514
3.412659574468085    0.0035971833036290935
3.414468085106383    0.0030671338701231572
3.416276595744681    0.0020191639264720493
3.418085106382979    0.0010078320665949168
3.419893617021277    0.0005131983563046779
3.4217021276595747    0.0004230147392162768
3.4235106382978726    0.00014840574315396903
3.4253191489361705    -0.0007175917181839317
3.427127659574468    -0.0019094012685157715
3.428936170212766    -0.002727550914063091
3.4307446808510638    -0.002778001916029708
3.4325531914893617    -0.002414880200014863
3.4343617021276596    -0.0023896778245951276
3.4361702127659575    -0.0030706457351749937
3.4379787234042554    -0.004069679754707175
3.4397872340425533    -0.0046675862370291945
3.441595744680851    -0.00455415750203321
3.443404255319149    -0.004073725665457002
3.445212765957447    -0.003750039349081271
3.447021276595745    -0.003685111348935141
3.4488297872340428    -0.0035425782110833142
3.4506382978723407    -0.003106849883390634
3.4524468085106386    -0.002698826116012164
3.4542553191489365    -0.0028771202721934444
3.456063829787234    -0.0037160449710478584
3.457872340425532    -0.004523710850425118
3.4596808510638297    -0.004432378603713061
3.4614893617021276    -0.0032958500218292107
3.4632978723404255    -0.0019020622099062004
3.4651063829787234    -0.0011977235370184617
3.4669148936170213    -0.0013101805457903476
3.468723404255319    -0.0014223156085020313
3.470531914893617    -0.0006610442998819244
3.472340425531915    0.0009457681045315591
3.474148936170213    0.0024799809157761204
3.475957446808511    0.003099941528304213
3.4777659574468087    0.002909159930947546
3.4795744680851066    0.0027876887170468568
3.4813829787234045    0.003394346942368777
3.4831914893617024    0.004454665849650216
3.4850000000000003    0.005111800433036508
3.4868085106382978    0.004921947653905333
3.4886170212765957    0.004363226606973378
3.4904255319148936    0.004288693584183022
3.4922340425531915    0.004948195670334295
3.4940425531914894    0.005684754150574769
3.4958510638297873    0.005646174417016919
3.497659574468085    0.004713057683866185
3.499468085106383    0.0036135020810993757
3.501276595744681    0.003119699925818763
3.503085106382979    0.0032464608575486845
3.5048936170212768    0.0033421685805051617
3.5067021276595747    0.0029296550910611037
3.5085106382978726    0.002302720754608522
3.5103191489361705    0.0021794694506497058
3.5121276595744684    0.002810486887139349
3.5139361702127663    0.0035823117906676957
3.5157446808510637    0.0036087234680220433
3.5175531914893616    0.002681160441703469
3.5193617021276595    0.0015234393873159967
3.5211702127659574    0.0010507827811001495
3.5229787234042553    0.0014279689007762396
3.5247872340425532    0.0019378436432092678
3.526595744680851    0.0017773201497748173
3.528404255319149    0.0008938764233088039
3.530212765957447    -3.476236276022185e-05
3.532021276595745    -0.0004078880494993441
3.5338297872340427    -0.0003727780056653493
3.5356382978723406    -0.0006285648109070701
3.5374468085106385    -0.0016193136291314113
3.5392553191489364    -0.003036189655558292
3.5410638297872343    -0.004168950491049227
3.5428723404255322    -0.004684887758800323
3.5446808510638297    -0.004956882369410208
3.5464893617021276    -0.005597648356352687
3.5482978723404255    -0.006751592825223441
3.5501063829787234    -0.007941400308389503
3.5519148936170213    -0.008615263767088033
3.553723404255319    -0.008752304075094725
3.555531914893617    -0.008843138819483731
3.557340425531915    -0.009288959125678498
3.559148936170213    -0.009917541821727303
3.560957446808511    -0.01016687820475258
3.5627659574468087    -0.009724852732259225
3.5645744680851066    -0.008905162181977677
3.5663829787234045    -0.008344166901691288
3.5681914893617024    -0.008357715405042303
3.5700000000000003    -0.008652018404548732
3.571808510638298    -0.008664461153866022
3.5736170212765956    -0.008117279857116404
3.5754255319148935    -0.007179122031972584
3.5772340425531914    -0.006124509377308558
3.5790425531914893    -0.004960393615052678
3.5808510638297872    -0.003485185133870963
3.582659574468085    -0.0016874796089829062
3.584468085106383    4.64271203880933e-05
3.586276595744681    0.0012375159519268048
3.588085106382979    0.001831239927802975
3.5898936170212767    0.0023245237420759617
3.5917021276595746    0.003297305675526327
3.5935106382978725    0.0048139214761305634
3.5953191489361704    0.006339954890446258
3.5971276595744683    0.007278903377048816
3.5989361702127662    0.007554578446002801
3.600744680851064    0.007609422848241533
3.6025531914893616    0.007834138543674103
3.6043617021276595    0.008080655943136554
3.6061702127659574    0.007822636859244277
3.6079787234042553    0.006799139540064853
3.609787234042553    0.005414545012526922
3.611595744680851    0.004410632020959836
3.613404255319149    0.0041260327940703615
3.615212765957447    0.00413656613920751
