0.0    0.0
0.0018085106382978724    0.0
0.003617021276595745    0.0
0.005425531914893617    0.0
0.00723404255319149    0.0
0.009042553191489363    0.0
0.010851063829787235    0.0
0.012659574468085107    0.0
0.01446808510638298    0.0
0.016276595744680853    0.0
0.018085106382978725    0.0
0.019893617021276597    0.0
0.02170212765957447    0.0
0.023510638297872342    0.0
0.025319148936170214    0.0
0.027127659574468086    0.0
0.02893617021276596    0.0
0.03074468085106383    0.0
0.032553191489361706    0.0
0.03436170212765958    0.0
0.03617021276595745    0.0
0.03797872340425532    0.0
0.039787234042553195    0.0
0.04159574468085107    0.0
0.04340425531914894    0.0
0.04521276595744681    0.0
0.047021276595744683    0.0
0.048829787234042556    0.0
0.05063829787234043    0.0
0.0524468085106383    0.0
0.05425531914893617    0.0
0.056063829787234044    0.0
0.05787234042553192    0.0
0.05968085106382979    0.0
0.06148936170212766    0.0
0.06329787234042554    0.0
0.06510638297872341    0.0
0.06691489361702128    0.0
0.06872340425531916    0.0
0.07053191489361703    0.0
0.0723404255319149    0.0
0.07414893617021277    0.0
0.07595744680851065    0.0
0.07776595744680852    0.0
0.07957446808510639    0.0
0.08138297872340426    0.0
0.08319148936170213    0.0
0.085    0.0
0.08680851063829788    0.0
0.08861702127659575    0.0
0.09042553191489362    0.0
0.0922340425531915    0.0
0.09404255319148937    0.0
0.09585106382978724    0.0
0.09765957446808511    0.0
0.09946808510638298    0.0
0.10127659574468086    0.0
0.10308510638297873    0.0
0.1048936170212766    0.0
0.10670212765957447    0.0
0.10851063829787234    0.0
0.11031914893617022    0.0
0.11212765957446809    0.0
0.11393617021276596    0.0
0.11574468085106383    0.0
0.1175531914893617    0.0
0.11936170212765958    0.0
0.12117021276595745    0.0
0.12297872340425532    0.0
0.1247872340425532    0.0
0.12659574468085108    0.0
0.12840425531914895    0.0
0.13021276595744682    0.0
0.1320212765957447    0.0
0.13382978723404257    0.0
0.13563829787234044    0.0
0.1374468085106383    0.0
0.13925531914893619    0.0
0.14106382978723406    0.0
0.14287234042553193    0.0
0.1446808510638298    0.0
0.14648936170212767    0.0
0.14829787234042555    0.0
0.15010638297872342    0.0
0.1519148936170213    0.0
0.15372340425531916    0.0
0.15553191489361703    0.0
0.1573404255319149    0.0
0.15914893617021278    0.0
0.16095744680851065    0.0
0.16276595744680852    0.0
0.1645744680851064    0.0
0.16638297872340427    0.0
0.16819148936170214    0.0
0.17    0.0
0.17180851063829788    0.0
0.17361702127659576    0.0
0.17542553191489363    0.0
0.1772340425531915    0.0
0.17904255319148937    0.0
0.18085106382978725    0.0
0.18265957446808512    0.0
0.184468085106383    0.0
0.18627659574468086    0.0
0.18808510638297873    0.0
0.1898936170212766    0.0
0.19170212765957448    0.0
0.19351063829787235    0.0
0.19531914893617022    0.0
0.1971276595744681    0.0
0.19893617021276597    0.0
0.20074468085106384    0.0
0.2025531914893617    0.0
0.20436170212765958    0.0
0.20617021276595746    0.0
0.20797872340425533    0.0
0.2097872340425532    0.0
0.21159574468085107    0.0
0.21340425531914894    0.0
0.21521276595744682    0.0
0.2170212765957447    0.0
0.21882978723404256    0.0
0.22063829787234043    0.0
0.2224468085106383    0.0
0.22425531914893618    0.0
0.22606382978723405    0.0
0.22787234042553192    0.0
0.2296808510638298    0.0
0.23148936170212767    0.0
0.23329787234042554    0.0
0.2351063829787234    0.0
0.23691489361702128    0.0
0.23872340425531915    0.0
0.24053191489361703    0.0
0.2423404255319149    0.0
0.24414893617021277    0.0
0.24595744680851064    0.0
0.24776595744680852    0.0
0.2495744680851064    0.0
0.25138297872340426    0.0
0.25319148936170216    0.0
0.255    0.0
0.2568085106382979    0.0
0.25861702127659575    0.0
0.26042553191489365    0.0
0.2622340425531915    0.0
0.2640425531914894    0.0
0.26585106382978724    0.0
0.26765957446808514    0.0
0.269468085106383    0.0
0.2712765957446809    0.0
0.2730851063829787    0.0
0.2748936170212766    0.0
0.27670212765957447    0.0
0.27851063829787237    0.0
0.2803191489361702    0.0
0.2821276595744681    0.0
0.28393617021276596    0.0
0.28574468085106386    0.0
0.2875531914893617    0.0
0.2893617021276596    0.0
0.29117021276595745    0.0
0.29297872340425535    0.0
0.2947872340425532    0.0
0.2965957446808511    0.0
0.29840425531914894    0.0
0.30021276595744684    0.0
0.3020212765957447    0.0
0.3038297872340426    0.0
0.3056382978723404    0.0
0.3074468085106383    0.0
0.30925531914893617    0.0
0.31106382978723407    0.0
0.3128723404255319    0.0
0.3146808510638298    0.0
0.31648936170212766    0.0
0.31829787234042556    0.0
0.3201063829787234    0.0
0.3219148936170213    0.0
0.32372340425531915    0.0
0.32553191489361705    0.0
0.3273404255319149    0.0
0.3291489361702128    0.0
0.33095744680851064    0.0
0.33276595744680854    0.0
0.3345744680851064    0.0
0.3363829787234043    0.0
0.3381914893617021    0.0
0.34    0.0
0.34180851063829787    0.0
0.34361702127659577    0.0
0.3454255319148936    0.0
0.3472340425531915    0.0
0.34904255319148936    0.0
0.35085106382978726    0.0
0.3526595744680851    0.0
0.354468085106383    0.0
0.35627659574468085    0.0
0.35808510638297875    0.0
0.3598936170212766    0.0
0.3617021276595745    0.0
0.36351063829787233    0.0
0.36531914893617023    0.0
0.3671276595744681    0.0
0.368936170212766    0.0
0.3707446808510638    0.0
0.3725531914893617    0.0
0.37436170212765957    0.0
0.37617021276595747    0.0
0.3779787234042553    0.0
0.3797872340425532    0.0
0.38159574468085106    0.0
0.38340425531914896    0.0
0.3852127659574468    0.0
0.3870212765957447    0.0
0.38882978723404255    0.0
0.39063829787234045    0.0
0.3924468085106383    0.0
0.3942553191489362    0.0
0.39606382978723403    0.0
0.39787234042553193    0.0
0.3996808510638298    0.0
0.4014893617021277    0.0
0.4032978723404255    0.0
0.4051063829787234    0.0
0.40691489361702127    0.0
0.40872340425531917    0.0
0.410531914893617    0.0
0.4123404255319149    0.0
0.41414893617021276    0.0
0.41595744680851066    0.0
0.4177659574468085    0.0
0.4195744680851064    0.0
0.42138297872340424    0.0
0.42319148936170214    0.0
0.425    0.0
0.4268085106382979    0.0
0.42861702127659573    0.0
0.43042553191489363    0.0
0.4322340425531915    0.0
0.4340425531914894    0.0
0.4358510638297872    0.0
0.4376595744680851    0.0
0.43946808510638297    0.0
0.44127659574468087    0.0
0.4430851063829787    0.0
0.4448936170212766    0.0
0.44670212765957445    0.0
0.44851063829787235    0.0
0.4503191489361702    0.0
0.4521276595744681    0.0
0.45393617021276594    0.0
0.45574468085106384    0.0
0.4575531914893617    0.0
0.4593617021276596    0.0
0.46117021276595743    0.0
0.46297872340425533    0.0
0.46478723404255323    0.0
0.4665957446808511    0.0
0.468404255319149    0.0
0.4702127659574468    0.0
0.4720212765957447    0.0
0.47382978723404257    0.0
0.47563829787234047    0.0
0.4774468085106383    0.0
0.4792553191489362    0.0
0.48106382978723405    0.0
0.48287234042553195    0.0
0.4846808510638298    0.0
0.4864893617021277    0.0
0.48829787234042554    0.0
0.49010638297872344    0.0
0.4919148936170213    0.0
0.4937234042553192    0.0
0.49553191489361703    0.0
0.49734042553191493    0.0
0.4991489361702128    0.0
0.5009574468085106    0.0
0.5027659574468085    0.0
0.5045744680851064    0.0
0.5063829787234043    0.0
0.5081914893617021    0.0
0.51    0.0
0.5118085106382979    0.0
0.5136170212765958    0.0
0.5154255319148936    0.0
0.5172340425531915    0.0
0.5190425531914894    0.0
0.5208510638297873    0.0
0.5226595744680851    0.0
0.524468085106383    0.0
0.5262765957446809    0.0
0.5280851063829788    0.0
0.5298936170212766    0.0
0.5317021276595745    0.0
0.5335106382978724    0.0
0.5353191489361703    0.0
0.5371276595744681    0.0
0.538936170212766    0.0
0.5407446808510639    0.0
0.5425531914893618    0.0
0.5443617021276596    0.0
0.5461702127659575    0.0
0.5479787234042554    0.0
0.5497872340425533    0.0
0.551595744680851    0.0
0.5534042553191489    0.0
0.5552127659574468    0.0
0.5570212765957447    0.0
0.5588297872340425    0.0
0.5606382978723404    0.0
0.5624468085106383    0.0
0.5642553191489362    0.0
0.566063829787234    0.0
0.5678723404255319    0.0
0.5696808510638298    0.0
0.5714893617021277    0.0
0.5732978723404255    0.0
0.5751063829787234    0.0
0.5769148936170213    0.0
0.5787234042553192    0.0
0.580531914893617    0.0
0.5823404255319149    0.0
0.5841489361702128    0.0
0.5859574468085107    0.0
0.5877659574468085    0.0
0.5895744680851064    0.0
0.5913829787234043    0.0
0.5931914893617022    0.0
0.595    0.0
0.5968085106382979    0.0
0.5986170212765958    0.0
0.6004255319148937    0.0
0.6022340425531915    0.0
0.6040425531914894    0.0
0.6058510638297873    0.0
0.6076595744680852    0.0
0.609468085106383    0.0
0.6112765957446809    0.0
0.6130851063829788    0.0
0.6148936170212767    0.0
0.6167021276595744    0.0
0.6185106382978723    0.0
0.6203191489361702    0.0
0.6221276595744681    0.0
0.6239361702127659    0.0
0.6257446808510638    0.0
0.6275531914893617    0.0
0.6293617021276596    0.0
0.6311702127659574    0.0
0.6329787234042553    0.0
0.6347872340425532    0.0
0.6365957446808511    0.0
0.6384042553191489    0.0
0.6402127659574468    0.0
0.6420212765957447    0.0
0.6438297872340426    0.0
0.6456382978723404    0.0
0.6474468085106383    0.0
0.6492553191489362    0.0
0.6510638297872341    0.0
0.6528723404255319    0.0
0.6546808510638298    0.0
0.6564893617021277    0.0
0.6582978723404256    0.0
0.6601063829787234    0.0
0.6619148936170213    0.0
0.6637234042553192    0.0
0.6655319148936171    0.0
0.6673404255319149    0.0
0.6691489361702128    0.0
0.6709574468085107    0.0
0.6727659574468086    0.0
0.6745744680851063    0.0
0.6763829787234042    0.0
0.6781914893617021    0.0
0.68    0.0
0.6818085106382978    0.0
0.6836170212765957    0.0
0.6854255319148936    0.0
0.6872340425531915    0.0
0.6890425531914893    0.0
0.6908510638297872    0.0
0.6926595744680851    0.0
0.694468085106383    0.0
0.6962765957446809    0.0
0.6980851063829787    0.0
0.6998936170212766    0.0
0.7017021276595745    0.0
0.7035106382978724    0.0
0.7053191489361702    0.0
0.7071276595744681    0.0
0.708936170212766    0.0
0.7107446808510639    0.0
0.7125531914893617    0.0
0.7143617021276596    0.0
0.7161702127659575    0.0
0.7179787234042554    0.0
0.7197872340425532    0.0
0.7215957446808511    2.5e-323
0.723404255319149    7.16e-322
0.7252127659574469    1.9886e-320
0.7270212765957447    5.37464e-319
0.7288297872340426    1.4294475e-317
0.7306382978723405    3.7439115e-316
0.7324468085106384    9.658170915e-315
0.7342553191489362    2.4543582466e-313
0.7360638297872341    6.144906595356e-312
0.737872340425532    1.5159550900538e-310
0.7396808510638299    3.685611342422806e-309
0.7414893617021276    8.831659634441432e-308
0.7432978723404255    2.0861290171136495e-306
0.7451063829787234    4.858045477738074e-305
0.7469148936170213    1.115470664914402e-303
0.7487234042553191    2.5257164219511207e-302
0.750531914893617    5.640189429732221e-301
0.7523404255319149    1.2423312547835232e-299
0.7541489361702128    2.699397631000293e-298
0.7559574468085106    5.786718206064332e-297
0.7577659574468085    1.2240053506478285e-295
0.7595744680851064    2.5548682861470113e-294
0.7613829787234043    5.263030332328844e-293
0.7631914893617021    1.0701202508852127e-291
0.765    2.1478557315873973e-290
0.7668085106382979    4.255976230597917e-289
0.7686170212765958    8.326450249207202e-288
0.7704255319148936    1.6085388885925879e-286
0.7722340425531915    3.0687245691401067e-285
0.7740425531914894    5.7820516832464e-284
0.7758510638297873    1.0760839228303507e-282
0.7776595744680851    1.97830024882768e-281
0.779468085106383    3.5930339308130613e-280
0.7812765957446809    6.447539951160323e-279
0.7830851063829788    1.143221406816893e-277
0.7848936170212766    2.0031322975376322e-276
0.7867021276595745    3.468731867238903e-275
0.7885106382978724    5.936793161435619e-274
0.7903191489361703    1.004363534043784e-272
0.7921276595744681    1.6796739692447496e-271
0.793936170212766    2.7770952358352427e-270
0.7957446808510639    4.539671837212141e-269
0.7975531914893618    7.337730050702521e-268
0.7993617021276596    1.1728373144982824e-266
0.8011702127659575    1.8539042625448815e-265
0.8029787234042554    2.898308121333753e-264
0.8047872340425533    4.481705391677983e-263
0.806595744680851    6.85514869477149e-262
0.808404255319149    1.03728514654039e-260
0.8102127659574468    1.5528145343355562e-259
0.8120212765957447    2.2999223900612985e-258
0.8138297872340425    3.3706257734267136e-257
0.8156382978723404    4.8881310492878626e-256
0.8174468085106383    7.015213163885884e-255
0.8192553191489362    9.964029735475671e-254
0.821063829787234    1.4007326871948097e-252
0.8228723404255319    1.9490870169765677e-251
0.8246808510638298    2.6846776428876877e-250
0.8264893617021277    3.6607231219121123e-249
0.8282978723404255    4.9417860721085775e-248
0.8301063829787234    6.604979438315263e-247
0.8319148936170213    8.740922445758643e-246
0.8337234042553192    1.145430613226815e-244
0.835531914893617    1.486391261746022e-243
0.8373404255319149    1.91019244721706e-242
0.8391489361702128    2.4312363711774385e-241
0.8409574468085107    3.064851682059178e-240
0.8427659574468085    3.8269234968190965e-239
0.8445744680851064    4.733404833465446e-238
0.8463829787234043    5.79970999671402e-237
0.8481914893617022    7.039998590609398e-236
0.85    8.46636806526382e-235
0.8518085106382979    1.0087982475568329e-233
0.8536170212765958    1.1910174710272433e-232
0.8554255319148937    1.3933567993813817e-231
0.8572340425531915    1.6153269071180578e-230
0.8590425531914894    1.8558189288054735e-229
0.8608510638297873    2.1130550027086957e-228
0.8626595744680852    2.38456251245298e-227
0.864468085106383    2.6671764735948694e-226
0.8662765957446809    2.9570732770924456e-225
0.8680851063829788    3.249837398917161e-224
0.8698936170212767    3.540560803956071e-223
0.8717021276595744    3.823972735553327e-222
0.8735106382978723    4.09459553641766e-221
0.8753191489361702    4.34692025119738e-220
0.8771276595744681    4.575594172719883e-219
0.8789361702127659    4.775611352635321e-218
0.8807446808510638    4.942496511962807e-217
0.8825531914893617    5.0724728243786856e-216
0.8843617021276596    5.162604721588209e-215
0.8861702127659574    5.210908149578479e-214
0.8879787234042553    5.216422500362464e-213
0.8897872340425532    5.17924062638125e-212
0.8915957446808511    5.100495753022267e-211
0.8934042553191489    4.982306560908598e-210
0.8952127659574468    4.827684035084571e-209
0.8970212765957447    4.640405709248792e-208
0.8988297872340426    4.424864534800237e-207
0.9006382978723404    4.1859006810335037e-206
0.9024468085106383    3.9286250744519086e-205
0.9042553191489362    3.658243409495497e-204
0.9060638297872341    3.379888752434287e-203
0.9078723404255319    3.098469795297043e-202
0.9096808510638298    2.8185404064743693e-201
0.9114893617021277    2.5441944950011047e-200
0.9132978723404256    2.2789884874212993e-199
0.9151063829787234    2.0258920342088612e-198
0.9169148936170213    1.7872660257491608e-197
0.9187234042553192    1.564865691727308e-196
0.9205319148936171    1.3598655410755472e-195
0.9223404255319149    1.1729022025410748e-194
0.9241489361702128    1.0041308513868067e-193
0.9259574468085107    8.532908349792475e-193
0.9277659574468086    7.197762996505337e-192
0.9295744680851065    6.027080210907707e-191
0.9313829787234043    5.010031917833459e-190
0.9331914893617022    4.1344056174921675e-189
0.935    3.387190069759543e-188
0.936808510638298    2.7550826463182055e-187
0.9386170212765957    2.224911865393437e-186
0.9404255319148936    1.783973943483761e-185
0.9422340425531915    1.4202865427112627e-184
0.9440425531914894    1.122766190325229e-183
0.9458510638297872    8.813381128878489e-183
0.9476595744680851    6.86988542544389e-182
0.949468085106383    5.31770043517934e-181
0.9512765957446809    4.087702272889523e-180
0.9530851063829787    3.12053538059458e-179
0.9548936170212766    2.365847548055731e-178
0.9567021276595745    1.7814161638132193e-177
0.9585106382978724    1.3322265407404054e-176
0.9603191489361702    9.895500909519453e-176
0.9621276595744681    7.300579251863881e-175
0.963936170212766    5.34994598903853e-174
0.9657446808510639    3.894274876204709e-173
0.9675531914893617    2.815797404240517e-172
0.9693617021276596    2.0224889343928277e-171
0.9711702127659575    1.4430889118380978e-170
0.9729787234042554    1.0229027226187747e-169
0.9747872340425532    7.203140728480929e-169
0.9765957446808511    5.03927066327645e-168
0.978404255319149    3.5025430469038466e-167
0.9802127659574469    2.4186942394161033e-166
0.9820212765957447    1.6594788658523355e-165
0.9838297872340426    1.1312724654950832e-164
0.9856382978723405    7.662646778869362e-164
0.9874468085106384    5.157244900288182e-163
0.9892553191489362    3.4490160845118647e-162
0.9910638297872341    2.292040337174255e-161
0.992872340425532    1.5135954760456857e-160
0.9946808510638299    9.932733197559469e-160
0.9964893617021277    6.477536401209723e-159
0.9982978723404256    4.198012806368633e-158
1.0001063829787233    2.7038402353030193e-157
1.0019148936170212    1.7307412115686525e-156
1.0037234042553191    1.101051066520415e-155
1.005531914893617    6.961731851575029e-155
1.007340425531915    4.3749371219818956e-154
1.0091489361702128    2.732631914272369e-153
1.0109574468085107    1.6965054711349623e-152
1.0127659574468086    1.0468974054210608e-151
1.0145744680851063    6.421515681607618e-151
1.0163829787234042    3.915302160050483e-150
1.0181914893617021    2.372995935400074e-149
1.02    1.4296912343096725e-148
1.021808510638298    8.56269659601067e-148
1.0236170212765958    5.098134705523264e-147
1.0254255319148937    3.0175455286160703e-146
1.0272340425531916    1.775609149179226e-145
1.0290425531914893    1.0387262256847993e-144
1.0308510638297872    6.041212068991301e-144
1.032659574468085    3.4932151121203484e-143
1.034468085106383    2.0082314657967352e-142
1.036276595744681    1.1478846248647003e-141
1.0380851063829788    6.523602839937907e-141
1.0398936170212767    3.686296659542677e-140
1.0417021276595746    2.0711672217325104e-139
1.0435106382978723    1.157099483785693e-138
1.0453191489361702    6.427844423873896e-138
1.047127659574468    3.5506472596129e-137
1.048936170212766    1.950318492479066e-136
1.0507446808510639    1.0652894696497802e-135
1.0525531914893618    5.786313944664515e-135
1.0543617021276597    3.1254799920487e-134
1.0561702127659576    1.6788807923959946e-133
1.0579787234042553    8.968490920257843e-133
1.0597872340425532    4.764563928670348e-132
1.061595744680851    2.5173236028132975e-131
1.063404255319149    1.3227409643831295e-130
1.0652127659574468    6.912547383988294e-130
1.0670212765957447    3.592829685600071e-129
1.0688297872340426    1.8572821905997254e-128
1.0706382978723405    9.549253253411968e-128
1.0724468085106382    4.883358576976082e-127
1.0742553191489361    2.483892950134548e-126
1.076063829787234    1.2566649345837823e-125
1.077872340425532    6.323910633954934e-125
1.0796808510638298    3.165473899757968e-124
1.0814893617021277    1.5761068414766056e-123
1.0832978723404256    7.806089618769713e-123
1.0851063829787235    3.845823683144076e-122
1.0869148936170212    1.8847775492701105e-121
1.088723404255319    9.188668850976479e-121
1.090531914893617    4.456292481201187e-120
1.092340425531915    2.1499587063705563e-119
1.0941489361702128    1.031878571428655e-118
1.0959574468085107    4.926922762361267e-118
1.0977659574468086    2.340335839931914e-117
1.0995744680851065    1.1059676118521419e-116
1.1013829787234042    5.199659450341583e-116
1.103191489361702    2.4321036125720907e-115
1.105    1.131801548932282e-114
1.1068085106382979    5.240175559032399e-114
1.1086170212765958    2.4138761336634522e-113
1.1104255319148937    1.1063280119070376e-112
1.1122340425531916    5.044972006680519e-112
1.1140425531914895    2.2889991065539223e-111
1.1158510638297872    1.0333573404817154e-110
1.117659574468085    4.6417255445581505e-110
1.119468085106383    2.0746189389349625e-109
1.1212765957446809    9.226416275921695e-109
1.1230851063829788    4.082906200477131e-108
1.1248936170212767    1.7978488778894928e-107
1.1267021276595746    7.877530779547219e-107
1.1285106382978725    3.4346765879717904e-106
1.1303191489361701    1.4902050374456642e-105
1.132127659574468    6.4339282221608905e-105
1.133936170212766    2.7642793161110226e-104
1.1357446808510638    1.1818670824570167e-103
1.1375531914893617    5.028538417538009e-103
1.1393617021276596    2.1291521895048245e-102
1.1411702127659575    8.97157644116793e-102
1.1429787234042554    3.7621249858755224e-101
1.1447872340425531    1.570020450019208e-100
1.146595744680851    6.520639848656589e-100
1.148404255319149    2.6952128516236215e-99
1.1502127659574468    1.1087125507209037e-98
1.1520212765957447    4.5391333465363226e-98
1.1538297872340426    1.8495241119606308e-97
1.1556382978723405    7.500411362861108e-97
1.1574468085106384    3.027283562059403e-96
1.1592553191489363    1.2160989562711456e-95
1.161063829787234    4.862250575155586e-95
1.162872340425532    1.9349205357360186e-94
1.1646808510638298    7.663921240596623e-94
1.1664893617021277    3.0213825313338486e-93
1.1682978723404256    1.1855825889586527e-92
1.1701063829787235    4.630564327494426e-92
1.1719148936170214    1.8001827232984825e-91
1.1737234042553193    6.966013642438071e-91
1.175531914893617    2.6831291492520606e-90
1.1773404255319149    1.0287095662753085e-89
1.1791489361702128    3.9259277224366486e-89
1.1809574468085107    1.4914011543526648e-88
1.1827659574468086    5.639668731423261e-88
1.1845744680851065    2.1228724850011253e-87
1.1863829787234044    7.954440213003178e-87
1.1881914893617023    2.9669819301924296e-86
1.19    1.1016505858470865e-85
1.1918085106382978    4.0719328663365083e-85
1.1936170212765957    1.498266815282519e-84
1.1954255319148936    5.487992681262361e-84
1.1972340425531915    2.0011408478472494e-83
1.1990425531914894    7.264161300088255e-83
1.2008510638297873    2.6250698707158523e-82
1.2026595744680852    9.443819092019494e-82
1.204468085106383    3.382280727564664e-81
1.2062765957446808    1.2059536047197374e-80
1.2080851063829787    4.280694384849577e-80
1.2098936170212766    1.5127396735813433e-79
1.2117021276595745    5.3221138337036105e-79
1.2135106382978724    1.8641364908324282e-78
1.2153191489361703    6.500524525160931e-78
1.2171276595744682    2.256834738363914e-77
1.218936170212766    7.800730223528058e-77
1.2207446808510638    2.6844686963987228e-76
1.2225531914893617    9.197555473426842e-76
1.2243617021276596    3.1374790709354816e-75
1.2261702127659575    1.0655821410235188e-74
1.2279787234042554    3.603246627475894e-74
1.2297872340425533    1.2131241588892525e-73
1.2315957446808512    4.066529530175359e-73
1.2334042553191489    1.3572292029000943e-72
1.2352127659574468    4.51020393374066e-72
1.2370212765957447    1.4922994394212307e-71
1.2388297872340426    4.916269032941501e-71
1.2406382978723405    1.6126428373778246e-70
1.2424468085106384    5.2670399125447485e-70
1.2442553191489363    1.7128677591338025e-69
1.2460638297872342    5.546420245395759e-69
1.2478723404255319    1.7882831664916719e-68
1.2496808510638298    5.741127757758458e-68
1.2514893617021277    1.8352630966792165e-67
1.2532978723404256    5.841742414164401e-67
1.2551063829787235    1.8515359157634603e-66
1.2569148936170214    5.843461976949223e-66
1.2587234042553193    1.8363661908053473e-65
1.2605319148936172    5.7464805537383166e-65
1.2623404255319148    1.7906089319533216e-64
1.2641489361702127    5.555948755809842e-64
1.2659574468085106    1.716630744086942e-63
1.2677659574468085    5.28152285605708e-63
1.2695744680851064    1.6181079004947336e-62
1.2713829787234043    4.936557593586781e-62
1.2731914893617022    1.499725213862998e-61
1.2750000000000001    4.5370361050164145e-61
1.2768085106382978    1.3668098500441204e-60
1.2786170212765957    4.1003555233722317e-60
1.2804255319148936    1.2249395791368215e-59
1.2822340425531915    3.6440951807202916e-59
1.2840425531914894    1.079564914525779e-58
1.2858510638297873    3.184886011942852e-58
1.2876595744680852    9.356795671555455e-58
1.289468085106383    2.7374772547945466e-57
1.2912765957446808    7.975647980946703e-57
1.2930851063829787    2.3140644186236917e-56
1.2948936170212766    6.686222242260964e-56
1.2967021276595745    1.923906296912001e-55
1.2985106382978724    5.512982063781983e-55
1.3003191489361703    1.5732240267705544e-54
1.3021276595744682    4.4709274508597107e-54
1.303936170212766    1.2653463930674031e-53
1.3057446808510638    3.5663803099336297e-53
1.3075531914893617    1.0010457046036597e-52
1.3093617021276596    2.798270987331204e-52
1.3111702127659575    7.789987902361043e-52
1.3129787234042554    2.1597150168821457e-51
1.3147872340425533    5.963074370475318e-51
1.3165957446808512    1.6396816597365237e-50
1.318404255319149    4.4902008767785465e-50
1.3202127659574467    1.224588743228048e-49
1.3220212765957446    3.326092478009271e-49
1.3238297872340425    8.997030752374245e-49
1.3256382978723404    2.423740614951307e-48
1.3274468085106383    6.502738791828662e-48
1.3292553191489362    1.73752416428918e-47
1.3310638297872341    4.623713047702125e-47
1.332872340425532    1.2253987424502283e-46
1.3346808510638297    3.2343837211900816e-46
1.3364893617021276    8.502256200475364e-46
1.3382978723404255    2.225903339791378e-45
1.3401063829787234    5.803751073774864e-45
1.3419148936170213    1.507101377882092e-44
1.3437234042553192    3.89769794271254e-44
1.3455319148936171    1.0039375129956483e-43
1.347340425531915    2.5753644574588432e-43
1.3491489361702127    6.579682026196509e-43
1.3509574468085106    1.6741946281916374e-42
1.3527659574468085    4.242700784138204e-42
1.3545744680851064    1.0708159588513633e-41
1.3563829787234043    2.6916819378591335e-41
1.3581914893617022    6.738598467465996e-41
1.36    1.6801682151006936e-40
1.361808510638298    4.172282109213628e-40
1.3636170212765957    1.0318880998429432e-39
1.3654255319148936    2.5417325792686206e-39
1.3672340425531915    6.235419107840042e-39
1.3690425531914894    1.5234919628534797e-38
1.3708510638297873    3.7072642552026614e-38
1.3726595744680852    8.984747257020483e-38
1.374468085106383    2.1686884587667553e-37
1.376276595744681    5.213476772914656e-37
1.3780851063829787    1.2482357836596419e-36
1.3798936170212766    2.976491278239034e-36
1.3817021276595745    7.068890259907656e-36
1.3835106382978724    1.6720000746272558e-35
1.3853191489361703    3.938759918782505e-35
1.3871276595744682    9.241034175923401e-35
1.388936170212766    2.1593305257818974e-34
1.390744680851064    5.025215984589559e-34
1.3925531914893619    1.1647344643415798e-33
1.3943617021276595    2.6886556078437023e-33
1.3961702127659574    6.181286865907631e-33
1.3979787234042553    1.415329158180296e-32
1.3997872340425532    3.227528938335905e-32
1.4015957446808511    7.33020665509517e-32
1.403404255319149    1.658039466393322e-31
1.405212765957447    3.735125607533517e-31
1.4070212765957448    8.380044628593346e-31
1.4088297872340425    1.872480207642352e-30
1.4106382978723404    4.1669364229879505e-30
1.4124468085106383    9.235153855683083e-30
1.4142553191489362    2.038439583396744e-29
1.416063829787234    4.4810187741792046e-29
1.417872340425532    9.810239073858145e-29
1.41968085106383    2.1389713115002617e-28
1.4214893617021278    4.644633340293209e-28
1.4232978723404255    1.0044250073683856e-27
1.4251063829787234    2.1632247094145557e-27
1.4269148936170213    4.639830878758562e-27
1.4287234042553192    9.910997238150917e-27
1.430531914893617    2.1083633917535745e-26
1.432340425531915    4.466677862011099e-26
1.4341489361702129    9.423948919515545e-26
1.4359574468085108    1.9801055344511606e-25
1.4377659574468085    4.143323041980645e-25
1.4395744680851064    8.634001877654922e-25
1.4413829787234043    1.7917447133612475e-24
1.4431914893617022    3.70286992963059e-24
1.445    7.620732456255363e-24
1.446808510638298    1.5618827307707914e-23
1.4486170212765959    3.1877996106981745e-23
1.4504255319148938    6.479206636168464e-23
1.4522340425531914    1.3114089175468017e-22
1.4540425531914893    2.643242967010544e-22
1.4558510638297872    5.305371060911042e-22
1.4576595744680851    1.0604034942271877e-21
1.459468085106383    2.110571790127743e-21
1.461276595744681    4.18311196480673e-21
1.4630851063829788    8.255928413782891e-21
1.4648936170212767    1.6225422136731916e-20
1.4667021276595744    3.175310725536862e-20
1.4685106382978723    6.187753046840136e-20
1.4703191489361702    1.2006944420621507e-19
1.4721276595744681    2.3199625326340003e-19
1.473936170212766    4.463488596855302e-19
1.475744680851064    8.550840479262323e-19
1.4775531914893618    1.631097439527227e-18
1.4793617021276597    3.0980143339278608e-18
1.4811702127659574    5.858884272178181e-18
1.4829787234042553    1.1032395791485288e-17
1.4847872340425532    2.0684425958386666e-17
1.486595744680851    3.8612774574090386e-17
1.488404255319149    7.176744435658406e-17
1.490212765957447    1.328090848469439e-16
1.4920212765957448    2.446958875511234e-16
1.4938297872340427    4.488681030147428e-16
1.4956382978723404    8.19782156212055e-16
1.4974468085106383    1.4905965629404574e-15
1.4992553191489362    2.6983472978908725e-15
1.501063829787234    4.86301518245759e-15
1.502872340425532    8.725237517441571e-15
1.5046808510638299    1.5584984486904136e-14
1.5064893617021278    2.7713184033656445e-14
1.5082978723404257    4.905809503968605e-14
1.5101063829787233    8.645143692013558e-14
1.5119148936170212    1.5165750848280506e-13
1.5137234042553191    2.648368812374994e-13
1.515531914893617    4.603713998232685e-13
1.517340425531915    7.966100676121941e-13
1.5191489361702128    1.3720908610913104e-12
1.5209574468085107    2.3524012007931097e-12
1.5227659574468086    4.014421149764524e-12
1.5245744680851063    6.818813731368575e-12
1.5263829787234042    1.1528164452545748e-11
1.5281914893617021    1.9398482926263578e-11
1.53    3.248794164744964e-11
1.531808510638298    5.4151904139044766e-11
1.5336170212765958    8.983226862588296e-11
1.5354255319148937    1.4830909921973782e-10
1.5372340425531916    2.4367412063656645e-10
1.5390425531914893    3.984247092149496e-10
1.5408510638297872    6.482866840390972e-10
1.542659574468085    1.0496881782575028e-09
1.544468085106383    1.6912737514109688e-09
1.546276595744681    2.711537189332487e-09
1.5480851063829788    4.325661632210764e-09
1.5498936170212767    6.866125084229876e-09
1.5517021276595746    1.0843750307836367e-08
1.5535106382978723    1.7038915280867374e-08
1.5553191489361702    2.663695417351013e-08
1.557127659574468    4.1427854252794963e-08
1.558936170212766    6.409883620134595e-08
1.5607446808510639    9.866014035697423e-08
1.5625531914893618    1.5106042405884775e-07
1.5643617021276597    2.3006999947792573e-07
1.5661702127659576    3.485394507087176e-07
1.5679787234042553    5.25180101481336e-07
1.5697872340425532    7.870639213786152e-07
1.571595744680851    1.173106740952938e-06
1.573404255319149    1.7388834469254477e-06
1.5752127659574469    2.5632307438972236e-06
1.5770212765957448    3.7572257043656907e-06
1.5788297872340427    5.476289917533411e-06
1.5806382978723406    7.936361875705874e-06
1.5824468085106382    1.1435304829502286e-05
1.5842553191489361    1.638097136163597e-05
1.586063829787234    2.3327622751312742e-05
1.587872340425532    3.302268816436857e-05
1.5896808510638298    4.646612503763797e-05
1.5914893617021277    6.498487655496064e-05
1.5932978723404256    9.032507089132722e-05
1.5951063829787235    0.00012476461104357351
1.5969148936170212    0.00017124858815730057
1.5987234042553191    0.00023354942290190202
1.600531914893617    0.00031645269061121513
1.602340425531915    0.00042596809693740215
1.6041489361702128    0.0005695629179296613
1.6059574468085107    0.0007564122859977766
1.6077659574468086    0.0009976569007374703
1.6095744680851065    0.001306654029145737
1.6113829787234042    0.0016992020687691999
1.613191489361702    0.002193712626307633
1.615    0.0028112973071706257
1.616808510638298    0.0035757296957020365
1.6186170212765958    0.00451323702137629
1.6204255319148937    0.005652071672944989
1.6222340425531916    0.0070218111847081205
1.6240425531914895    0.008652337909932258
1.6258510638297874    0.0105724577608357
1.627659574468085    0.012808132562985752
1.629468085106383    0.015380323979988734
1.6312765957446809    0.01830247941860583
1.6330851063829788    0.021577731923832565
1.6348936170212767    0.0251959359057493
1.6367021276595746    0.029130716385515853
1.6385106382978725    0.033336767536826156
1.6403191489361704    0.037747691178359896
1.642127659574468    0.042274710448371666
1.643936170212766    0.04680661971298036
1.6457446808510638    0.05121132959524348
1.6475531914893617    0.05533932676317578
1.6493617021276596    0.059029284043362176
1.6511702127659575    0.06211592265103022
1.6529787234042554    0.06444004445678586
1.6547872340425533    0.06586042392474442
1.656595744680851    0.06626698967157754
1.658404255319149    0.06559445550296353
1.6602127659574468    0.06383530895140627
1.6620212765957447    0.061050866587283065
1.6638297872340426    0.057378997744111676
1.6656382978723405    0.05303713870282084
1.6674468085106384    0.04831939806003503
1.6692553191489363    0.04358690829150777
1.671063829787234    0.0392511066809173
1.672872340425532    0.03575030499411275
1.6746808510638298    0.033520678900879744
1.6764893617021277    0.032963596450800894
1.6782978723404256    0.03441191016592364
1.6801063829787235    0.03809834866198526
1.6819148936170214    0.04412935351403956
1.6837234042553193    0.05246752853700194
1.685531914893617    0.06292525449390776
1.6873404255319149    0.07517098155153334
1.6891489361702128    0.08874832136269667
1.6909574468085107    0.10310646741336268
1.6927659574468086    0.11763888407419679
1.6945744680851065    0.13172586810538503
1.6963829787234044    0.1447757518322991
1.6981914893617023    0.1562593965470059
1.7    0.16573334493312267
1.7018085106382979    0.17284856469561163
1.7036170212765958    0.17734397419715617
1.7054255319148937    0.17902659465662055
1.7072340425531916    0.1777427971330822
1.7090425531914895    0.17334721321974864
1.7108510638297874    0.16567697857813926
1.7126595744680853    0.15453871317088455
1.714468085106383    0.13971385311251597
1.7162765957446808    0.12098475587038451
1.7180851063829787    0.0981798273686594
1.7198936170212766    0.07123146393162955
1.7217021276595745    0.040236738890534474
1.7235106382978724    0.005508392648999237
1.7253191489361703    -0.032396457333118495
1.7271276595744682    -0.07267999794578942
1.728936170212766    -0.11434492838421165
1.7307446808510638    -0.15627151935098113
1.7325531914893617    -0.1973213804618986
1.7343617021276596    -0.23645217661450738
1.7361702127659575    -0.27282332736526027
1.7379787234042554    -0.3058721894880314
1.7397872340425533    -0.3353439955269677
1.7415957446808512    -0.3612666588586807
1.7434042553191489    -0.38387226083082104
1.7452127659574468    -0.40347858552996896
1.7470212765957447    -0.4203539646034502
1.7488297872340426    -0.4345944829175087
1.7506382978723405    -0.44604245124469377
1.7524468085106384    -0.45426830548484687
1.7542553191489363    -0.4586255489098604
1.7560638297872342    -0.4583722982886248
1.7578723404255319    -0.45283682553463134
1.7596808510638298    -0.4415920275635429
1.7614893617021277    -0.42459836737668977
1.7632978723404256    -0.4022785151268078
1.7651063829787235    -0.3754996757579109
1.7669148936170214    -0.3454591838082528
1.7687234042553193    -0.3134912322329727
1.7705319148936172    -0.28083238401970445
1.7723404255319148    -0.24839576608982483
1.7741489361702127    -0.2166050127393251
1.7759574468085106    -0.18532807953674757
1.7777659574468085    -0.15392995167677703
1.7795744680851064    -0.12143669576357313
1.7813829787234043    -0.08677759157157455
1.7831914893617022    -0.04905366326427901
1.7850000000000001    -0.007774616681649964
1.7868085106382978    0.03698621514588211
1.7886170212765957    0.0845496359424383
1.7904255319148936    0.13370509396642008
1.7922340425531915    0.18287929634654285
1.7940425531914894    0.23035663423518013
1.7958510638297873    0.2745014456671646
1.7976595744680852    0.3139379005132915
1.7994680851063831    0.347659972854528
1.8012765957446808    0.3750658682694906
1.8030851063829787    0.3959313167690611
1.8048936170212766    0.4103481769983276
1.8067021276595745    0.41865566276716015
1.8085106382978724    0.42138211771490686
1.8103191489361703    0.4192003185208176
1.8121276595744682    0.4128855619873283
1.813936170212766    0.4032596194779926
1.8157446808510638    0.39110838830304717
1.8175531914893617    0.3770755700742666
1.8193617021276596    0.36155334495781444
1.8211702127659575    0.3446055607832186
1.8229787234042554    0.32596165603504157
1.8247872340425533    0.30510634781925616
1.8265957446808512    0.28146291225546594
1.828404255319149    0.254634581469924
1.8302127659574468    0.22464090751699323
1.8320212765957447    0.19207541272150735
1.8338297872340426    0.15812426416429654
1.8356382978723405    0.12442190198927428
1.8374468085106384    0.09276872556311261
1.8392553191489363    0.06478227148267524
1.8410638297872342    0.04158013784549609
1.842872340425532    0.02358884523296957
1.8446808510638297    0.010536605532426954
1.8464893617021276    0.0016299278666137128
1.8482978723404255    -0.004146689587192167
1.8501063829787234    -0.007710411138364397
1.8519148936170213    -0.009648002377783509
1.8537234042553192    -0.01014822849840617
1.8555319148936171    -0.009113237682949464
1.857340425531915    -0.006394959730662933
1.859148936170213    -0.0020531688715137077
1.8609574468085106    0.0034783417560438
1.8627659574468085    0.009396159466705429
1.8645744680851064    0.0147125625785898
1.8663829787234043    0.01855589946437173
1.8681914893617022    0.020466589086355652
1.87    0.0205615233297017
1.871808510638298    0.01948392119445167
1.873617021276596    0.018137469690670337
1.8754255319148936    0.017292110679363204
1.8772340425531915    0.017208518249635013
1.8790425531914894    0.01743297715163164
1.8808510638297873    0.016858534566382713
1.8826595744680852    0.014050686333244244
1.884468085106383    0.007733187470164524
1.886276595744681    -0.0027374811884668887
1.8880851063829789    -0.017083706431303237
1.8898936170212766    -0.034114951323064746
1.8917021276595745    -0.052035048033976475
1.8935106382978724    -0.06894091187390387
1.8953191489361703    -0.08333639197047558
1.8971276595744682    -0.09448509303919249
1.898936170212766    -0.10249411281091285
1.900744680851064    -0.10812794515253395
1.9025531914893619    -0.11245339929837096
1.9043617021276595    -0.11647039864571336
1.9061702127659574    -0.12086920118716367
1.9079787234042553    -0.12598138016331722
1.9097872340425532    -0.13189520114970893
1.9115957446808511    -0.13863113750398703
1.913404255319149    -0.14625466164352163
1.915212765957447    -0.15484871844706644
1.9170212765957448    -0.16435430031897158
1.9188297872340425    -0.17437104024818056
1.9206382978723404    -0.18404774983286282
1.9224468085106383    -0.19216355885533204
1.9242553191489362    -0.1974145143138613
1.9260638297872341    -0.1988175080421361
1.927872340425532    -0.19607315816448728
1.92968085106383    -0.18972842512668947
1.9314893617021278    -0.18105324794318428
1.9332978723404255    -0.17166279637984116
1.9351063829787234    -0.16302529771151592
1.9369148936170213    -0.15604441634270938
1.9387234042553192    -0.1508710850144594
1.940531914893617    -0.14699751712766634
1.942340425531915    -0.14356326884523235
1.944148936170213    -0.1397171339980342
1.9459574468085108    -0.1348691601720844
1.9477659574468085    -0.1287367780648565
1.9495744680851064    -0.12120184356306113
1.9513829787234043    -0.11209420912020615
1.9531914893617022    -0.10105258000695802
1.955    -0.08756758357179836
1.956808510638298    -0.07120916901603153
1.9586170212765959    -0.051933904088333
1.9604255319148938    -0.030312894884345146
1.9622340425531914    -0.007547193958741601
1.9640425531914893    0.014767342868345619
1.9658510638297872    0.035046939601196724
1.9676595744680851    0.05213918825630543
1.969468085106383    0.06559032568027529
1.971276595744681    0.0756668370126824
1.9730851063829788    0.08314672393903588
1.9748936170212767    0.08898811780442845
1.9767021276595744    0.09401568497394475
1.9785106382978723    0.0987294697730112
1.9803191489361702    0.10326404716690757
1.9821276595744681    0.10745460001036009
1.983936170212766    0.11093851300188312
1.985744680851064    0.11324378328430115
1.9875531914893618    0.11386362456834859
1.9893617021276597    0.11234963339482776
1.9911702127659574    0.10844566981217682
1.9929787234042553    0.10223542364784191
1.9947872340425532    0.09422449606394531
1.996595744680851    0.08526819778459852
1.998404255319149    0.07631278399703062
2.0002127659574467    0.06802156333830159
2.0020212765957446    0.06045139132354563
2.0038297872340425    0.05296522135306339
2.0056382978723404    0.044481285309915033
2.0074468085106383    0.03399674003493797
2.009255319148936    0.021163324314579214
2.011063829787234    0.006627522081731962
2.012872340425532    -0.008069861567107399
2.01468085106383    -0.0210348670701683
2.016489361702128    -0.030772949786472707
2.0182978723404257    -0.03679325123956897
2.0201063829787236    -0.039755329843613484
2.0219148936170215    -0.041069195157833076
2.0237234042553194    -0.04214240809753347
2.0255319148936173    -0.04366305667473442
2.0273404255319147    -0.04530133681388993
2.0291489361702126    -0.04599626610527304
2.0309574468085105    -0.044675711721418467
2.0327659574468084    -0.041009452860805505
2.0345744680851063    -0.035759425455219034
2.0363829787234042    -0.030499840599879334
2.038191489361702    -0.026827660141916086
2.04    -0.025481731108814465
2.041808510638298    -0.025865908654648273
2.043617021276596    -0.026273172806223856
2.0454255319148937    -0.024732413885109293
2.0472340425531916    -0.020049851129026096
2.0490425531914895    -0.01248971825734324
2.0508510638297874    -0.0037133950178269252
2.0526595744680853    0.00401421833796701
2.0544680851063832    0.008947075036229244
2.0562765957446807    0.010722012988451497
2.0580851063829786    0.010510370998063987
2.0598936170212765    0.010382277632209586
2.0617021276595744    0.012227264126557679
2.0635106382978723    0.016804100472264608
2.06531914893617    0.023409787745827585
2.067127659574468    0.030313409989269412
2.068936170212766    0.03568929891979365
2.070744680851064    0.03853205677210732
2.072553191489362    0.039074508495653554
2.0743617021276597    0.03852401644726319
2.0761702127659576    0.038308188868249646
2.0779787234042555    0.03926760077392638
2.0797872340425534    0.04122502280864625
2.0815957446808513    0.04312252422639867
2.083404255319149    0.04360054298900759
2.085212765957447    0.041678152332094806
2.0870212765957445    0.037187130783349356
2.0888297872340424    0.030790514097253793
2.0906382978723403    0.02365353695471089
2.0924468085106382    0.016989420392235777
2.094255319148936    0.011703019649902974
2.096063829787234    0.008235130603505343
2.097872340425532    0.006571306643591419
2.09968085106383    0.006315975583355301
2.1014893617021277    0.006769531584229865
2.1032978723404256    0.007028091648031771
2.1051063829787235    0.006167672895527606
2.1069148936170214    0.003529570471514646
2.1087234042553193    -0.000979548346007047
2.1105319148936172    -0.006736278163304824
2.112340425531915    -0.012535205904681886
2.114148936170213    -0.01701054437175768
2.1159574468085105    -0.019174012925822586
2.1177659574468084    -0.018804181545461474
2.1195744680851063    -0.016478258774731063
2.121382978723404    -0.013222243108114984
2.123191489361702    -0.00996329524090176
2.125    -0.007073791033779111
2.126808510638298    -0.00423645516049008
2.128617021276596    -0.000674091870811743
2.1304255319148937    0.004408315612604007
2.1322340425531916    0.011411688690366623
2.1340425531914895    0.02014789426730665
2.1358510638297874    0.02990138912549592
2.1376595744680853    0.03965397630373692
2.139468085106383    0.04833933152155277
2.141276595744681    0.0550480704629461
2.143085106382979    0.05918306310157086
2.1448936170212765    0.06059103325011511
2.1467021276595744    0.05965024257170169
2.1485106382978723    0.05723039992501415
2.15031914893617    0.05444374746053382
2.152127659574468    0.05221220784943975
2.153936170212766    0.05082927422363666
2.155744680851064    0.04977769901765511
2.1575531914893618    0.04797935975984051
2.1593617021276597    0.04441517845329536
2.1611702127659576    0.03879688059444657
2.1629787234042555    0.031878623121285976
2.1647872340425534    0.02516240332130848
2.1665957446808513    0.020106332834089177
2.168404255319149    0.017276229500987957
2.170212765957447    0.015963499211602998
2.172021276595745    0.014543958613431544
2.1738297872340424    0.01140566998068163
2.1756382978723403    0.005905678315735418
2.177446808510638    -0.0012291605306545828
2.179255319148936    -0.008316816157143
2.181063829787234    -0.013709175666306877
2.182872340425532    -0.016755918354466076
2.18468085106383    -0.01815994784777053
2.1864893617021277    -0.01952483386830435
2.1882978723404256    -0.02239782921507065
2.1901063829787235    -0.02740959126718366
2.1919148936170214    -0.03401773704000381
2.1937234042553193    -0.040951272302602995
2.195531914893617    -0.047008329900462484
2.197340425531915    -0.051673384781259254
2.199148936170213    -0.05519770712958559
2.200957446808511    -0.05818194892012375
2.2027659574468084    -0.061026507711923625
2.2045744680851063    -0.06365427758666053
2.206382978723404    -0.06566002997870762
2.208191489361702    -0.06670667341116773
2.21    -0.06682348401224697
2.211808510638298    -0.06637545136918405
2.2136170212765958    -0.06575806932156203
2.2154255319148937    -0.06509297056025651
2.2172340425531916    -0.06418133943773341
2.2190425531914895    -0.06273629711149761
2.2208510638297874    -0.0606634812244896
2.2226595744680853    -0.05810830455589375
2.224468085106383    -0.05519322056539287
2.226276595744681    -0.051666884219744524
2.228085106382979    -0.04682315198838413
2.229893617021277    -0.039878583184265626
2.2317021276595743    -0.030623749940324116
2.233510638297872    -0.01987352754185525
2.23531914893617    -0.009292427607882067
2.237127659574468    -0.0005776206745097129
2.238936170212766    0.0055250065734300325
2.240744680851064    0.009691311230424455
2.2425531914893617    0.01357518141500981
2.2443617021276596    0.018663529895461467
2.2461702127659575    0.025170101964230383
2.2479787234042554    0.03175115066083633
2.2497872340425533    0.03630860619115641
2.251595744680851    0.0373972580194128
2.253404255319149    0.035293739424150074
2.255212765957447    0.031963966475997925
2.257021276595745    0.029891833988659813
2.258829787234043    0.03051918675428715
2.2606382978723403    0.03334367097565956
2.262446808510638    0.036301431190512795
2.264255319148936    0.03719776027439883
2.266063829787234    0.03523119890591152
2.267872340425532    0.031584072115678374
2.2696808510638298    0.028680359896496373
2.2714893617021277    0.028609991326754326
2.2732978723404256    0.03177164200329808
2.2751063829787235    0.03662247312619717
2.2769148936170214    0.0406696386125612
2.2787234042553193    0.042021027313974176
2.280531914893617    0.040482609564444695
2.282340425531915    0.037542816188551216
2.284148936170213    0.035343673290410306
2.285957446808511    0.03537068285592835
2.2877659574468088    0.03769133238062115
2.2895744680851062    0.041123985770294365
2.291382978723404    0.044083016459869194
2.293191489361702    0.04546837459752611
2.295    0.04506372676518152
2.296808510638298    0.04333751868154751
2.2986170212765957    0.04095338527930197
2.3004255319148936    0.038404312804886286
2.3022340425531915    0.03596842296115755
2.3040425531914894    0.03386779200659707
2.3058510638297873    0.03236255600263618
2.3076595744680852    0.03162811691131271
2.309468085106383    0.0315130218900772
2.311276595744681    0.031427819488521226
2.313085106382979    0.03053605380973632
2.314893617021277    0.02817447148634051
2.3167021276595747    0.024225355206038378
2.3185106382978726    0.01917075084384398
2.32031914893617    0.013776600382043279
2.322127659574468    0.008618282472449015
2.323936170212766    0.0037693801802990666
2.325744680851064    -0.0011454649356845057
2.3275531914893617    -0.006590078268995143
2.3293617021276596    -0.01271079677084967
2.3311702127659575    -0.01916213174241775
2.3329787234042554    -0.025269256415209558
2.3347872340425533    -0.03040382931250856
2.336595744680851    -0.034318671680622574
2.338404255319149    -0.037228353099875024
2.340212765957447    -0.039595614002854405
2.342021276595745    -0.041772337598854785
2.343829787234043    -0.0437357630289198
2.3456382978723407    -0.04510559726976087
2.3474468085106386    -0.0454558494867161
2.349255319148936    -0.0447387857924322
2.351063829787234    -0.04353114855662237
2.352872340425532    -0.04287662859328225
2.3546808510638297    -0.043729634296736354
2.3564893617021276    -0.046288995992937114
2.3582978723404255    -0.049661362120824525
2.3601063829787234    -0.052168052862883445
2.3619148936170213    -0.05222518151777166
2.3637234042553192    -0.04930484820344421
2.365531914893617    -0.04433207311206066
2.367340425531915    -0.03916267898125977
2.369148936170213    -0.035392650559604256
2.370957446808511    -0.033269697625882576
2.3727659574468087    -0.03150228792142406
2.3745744680851066    -0.028192630325255215
2.3763829787234045    -0.02230619356624188
2.378191489361702    -0.014622827845165644
2.38    -0.007397153075636924
2.381808510638298    -0.00285936412538919
2.3836170212765957    -0.001583023888110319
2.3854255319148936    -0.0019414624345268717
2.3872340425531915    -0.0011518367262673699
2.3890425531914894    0.002757221501916288
2.3908510638297873    0.009460987877986129
2.392659574468085    0.01646381938105801
2.394468085106383    0.020808411194846527
2.396276595744681    0.021155058820492796
2.398085106382979    0.018703768787319275
2.399893617021277    0.016270065537103202
2.4017021276595747    0.01620726670132322
2.4035106382978726    0.018742097183322128
2.4053191489361705    0.021970350199891873
2.407127659574468    0.023475994225470073
2.408936170212766    0.02228215060091933
2.4107446808510637    0.01960058805073593
2.4125531914893616    0.017813708063188737
2.4143617021276595    0.018536303349568878
2.4161702127659574    0.021336752935881546
2.4179787234042553    0.024157301662787997
2.4197872340425532    0.025088213325679197
2.421595744680851    0.024035761017472478
2.423404255319149    0.02288817431827847
2.425212765957447    0.023990366836030085
2.427021276595745    0.02812311707916708
2.4288297872340427    0.03362384271263383
2.4306382978723406    0.03741264605001818
2.4324468085106385    0.03718504081379535
2.4342553191489364    0.03309890795035027
2.436063829787234    0.027663835056173154
2.437872340425532    0.023931884450235155
2.4396808510638297    0.023384406463537163
2.4414893617021276    0.025094564061089106
2.4432978723404255    0.02670375580586444
2.4451063829787234    0.026338907060507948
2.4469148936170213    0.023937428777092304
2.448723404255319    0.021019835729040565
2.450531914893617    0.01923847955771351
2.452340425531915    0.018971932853126802
2.454148936170213    0.019098712534538563
2.455957446808511    0.01804660261971172
2.4577659574468087    0.015167674602466014
2.4595744680851066    0.011282605147742326
2.4613829787234045    0.007987081717945807
2.4631914893617024    0.0063481608501498536
2.465    0.006077371698871107
2.4668085106382978    0.005814000064246995
2.4686170212765957    0.0042188132265343296
2.4704255319148936    0.0009598641475593367
2.4722340425531915    -0.0031555810588460675
2.4740425531914894    -0.006896596600342279
2.4758510638297873    -0.009502239296305207
2.477659574468085    -0.011042490376163406
2.479468085106383    -0.012077693347804388
2.481276595744681    -0.013048960467666732
2.483085106382979    -0.013974937074613251
2.4848936170212768    -0.014649691740825347
2.4867021276595747    -0.01503510783330131
2.4885106382978726    -0.015391203520078016
2.4903191489361705    -0.015999025406198374
2.4921276595744684    -0.01677375559699991
2.493936170212766    -0.017201042223975546
2.4957446808510637    -0.016724599265863845
2.4975531914893616    -0.01526063412307286
2.4993617021276595    -0.013352484846205971
2.5011702127659574    -0.011776708064996304
2.5029787234042553    -0.01090893594864049
2.504787234042553    -0.010399251383563832
2.506595744680851    -0.009460663163699149
2.508404255319149    -0.007547187896903354
2.510212765957447    -0.004853570393417994
2.512021276595745    -0.0022128977507195726
2.5138297872340427    -0.000477093825519981
2.5156382978723406    0.000104107750415841
2.5174468085106385    5.940183114159971e-06
2.5192553191489364    -1.1171663410262236e-05
2.5210638297872343    0.0004985289856182283
2.5228723404255318    0.0014066308312846874
2.5246808510638297    0.002258098164614878
2.5264893617021276    0.0027419858823875473
2.5282978723404255    0.0029344249358706394
2.5301063829787234    0.0031096443372191163
2.5319148936170213    0.0033326371433798872
2.533723404255319    0.0032517176538390345
2.535531914893617    0.0023212854155364917
2.537340425531915    0.00028222601750615885
2.539148936170213    -0.0025247825410366223
2.5409574468085108    -0.005313643661556711
2.5427659574468087    -0.007383080886136648
2.5445744680851066    -0.008608625451265003
2.5463829787234045    -0.009501983451587193
2.5481914893617024    -0.010784432945220402
2.5500000000000003    -0.012800522783598688
2.551808510638298    -0.01521623353394069
2.5536170212765956    -0.01722373685138508
2.5554255319148935    -0.018099253827321467
2.5572340425531914    -0.017715275513163344
2.5590425531914893    -0.016655598646338646
2.560851063829787    -0.015862392362011226
2.562659574468085    -0.016052043730312122
2.564468085106383    -0.017274436307211958
2.566276595744681    -0.018890577653348613
2.568085106382979    -0.01998225465678879
2.5698936170212767    -0.01994193094037505
2.5717021276595746    -0.01887371827632382
2.5735106382978725    -0.017541493299490837
2.5753191489361704    -0.016881082966434962
2.5771276595744683    -0.017387504097695763
2.578936170212766    -0.018796373997831
2.580744680851064    -0.020297648209863326
2.5825531914893616    -0.02114464012757628
2.5843617021276595    -0.021214335977758018
2.5861702127659574    -0.021086174511867607
2.5879787234042553    -0.021562238752651345
2.589787234042553    -0.022996915772121155
2.591595744680851    -0.024978967501678943
2.593404255319149    -0.026645352574081082
2.595212765957447    -0.027393157557583436
2.5970212765957448    -0.027410841005062397
2.5988297872340427    -0.027575324390049134
2.6006382978723406    -0.028774448188028986
2.6024468085106385    -0.03119499868922491
2.6042553191489364    -0.03415540008071419
2.6060638297872343    -0.03661613771558836
2.607872340425532    -0.037942182919278256
2.60968085106383    -0.03829389640267178
2.6114893617021275    -0.038351906143932815
2.6132978723404254    -0.03864968935370311
2.6151063829787233    -0.039104696290844884
2.6169148936170212    -0.03913945226072142
2.618723404255319    -0.03825496320533715
2.620531914893617    -0.036527295099938545
2.622340425531915    -0.03457917062914821
2.624148936170213    -0.033047576265742576
2.6259574468085107    -0.03200976481525107
2.6277659574468086    -0.030867004614363078
2.6295744680851065    -0.028800106967612836
2.6313829787234044    -0.025439482032098185
2.6331914893617023    -0.02122256828621199
2.6350000000000002    -0.01716036976972562
2.636808510638298    -0.014181590181232287
2.638617021276596    -0.012519344465746811
2.6404255319148935    -0.011556733536791333
2.6422340425531914    -0.010227496825198083
2.6440425531914893    -0.007714705613156788
2.645851063829787    -0.00401639081256577
2.647659574468085    -2.5309248598789393e-05
2.649468085106383    0.002958200712956119
2.651276595744681    0.004030015378707024
2.653085106382979    0.0033271587250493584
2.6548936170212767    0.0020700790439508506
2.6567021276595746    0.0018924863161824913
2.6585106382978725    0.0038310522719190365
2.6603191489361704    0.007651135768943871
2.6621276595744683    0.012025532094278216
2.663936170212766    0.015489618769779012
2.665744680851064    0.01747998512932045
2.667553191489362    0.01864311534801402
2.6693617021276594    0.020150248018983106
2.6711702127659573    0.022578875911492966
2.6729787234042552    0.025324281598729795
2.674787234042553    0.027086318353754208
2.676595744680851    0.027041415025659533
2.678404255319149    0.02566463924290976
2.680212765957447    0.024423986657596267
2.6820212765957447    0.024557262001323885
2.6838297872340426    0.02599747640956995
2.6856382978723405    0.02743350725307456
2.6874468085106384    0.027495830987615513
2.6892553191489363    0.026019633434455052
2.6910638297872342    0.02422643739469051
2.692872340425532    0.023630132532196122
2.69468085106383    0.024657834915858826
2.696489361702128    0.02627449593539061
2.6982978723404254    0.026992780364426722
2.7001063829787233    0.02634519600207962
2.701914893617021    0.02541587794109226
2.703723404255319    0.02586625921705833
2.705531914893617    0.028302564659885194
2.707340425531915    0.031504543907866916
2.709148936170213    0.033296917103291704
2.7109574468085107    0.03234172180169405
2.7127659574468086    0.029251798745537787
2.7145744680851065    0.026015749279859494
2.7163829787234044    0.024263169010995497
2.7181914893617023    0.02396080212172471
2.72    0.023713992604943494
2.721808510638298    0.022332142636413976
2.723617021276596    0.020124750746180572
2.725425531914894    0.0186578819996853
2.7272340425531914    0.019180678820054885
2.7290425531914893    0.02122833892085199
2.730851063829787    0.022781340199994518
2.732659574468085    0.021912586386089346
2.734468085106383    0.01844505036365643
2.736276595744681    0.01410693936772063
2.7380851063829788    0.011049668247029656
2.7398936170212767    0.010090449037887795
2.7417021276595746    0.010254127038912958
2.7435106382978725    0.009938494452041192
2.7453191489361704    0.008516518770256446
2.7471276595744683    0.006845512585961857
2.748936170212766    0.006269259404068604
2.750744680851064    0.007170458256448057
2.752553191489362    0.008536797972002153
2.75436170212766    0.008975713723991119
2.7561702127659573    0.008171980461965595
2.757978723404255    0.00733491027721042
2.759787234042553    0.008155207389085364
2.761595744680851    0.011233393956448389
2.763404255319149    0.01545793264086825
2.765212765957447    0.018915708475959477
2.7670212765957447    0.020485072262521345
2.7688297872340426    0.020660749274687758
2.7706382978723405    0.020929818969714208
2.7724468085106384    0.02237709131282299
2.7742553191489363    0.02483835153229559
2.776063829787234    0.02728178534788924
2.777872340425532    0.028876198496582815
2.77968085106383    0.029616808876206463
2.781489361702128    0.02995315390626785
2.783297872340426    0.02994997128241539
2.7851063829787237    0.028980326359494227
2.786914893617021    0.026341188086190036
2.788723404255319    0.022153159994679844
2.790531914893617    0.01754214463764659
2.792340425531915    0.01379708030254976
2.7941489361702128    0.011256159992324169
2.7959574468085107    0.009009928753025781
2.7977659574468086    0.005755422012425949
2.7995744680851065    0.0010211591047095455
2.8013829787234044    -0.004387790981907972
2.8031914893617023    -0.009127980906228043
2.805    -0.012508197270739983
2.806808510638298    -0.014991869572909001
2.808617021276596    -0.017574271393862
2.810425531914894    -0.020704250242586368
2.8122340425531918    -0.02383539728251978
2.8140425531914897    -0.02602386024348744
2.815851063829787    -0.02692722377490407
2.817659574468085    -0.027167699880015904
2.819468085106383    -0.027682640831536938
2.821276595744681    -0.028720882710107386
2.8230851063829787    -0.02951193972341705
2.8248936170212766    -0.028969922911323123
2.8267021276595745    -0.02676218457995714
2.8285106382978724    -0.023700730547384995
2.8303191489361703    -0.021067183237710924
2.832127659574468    -0.01951077863925612
2.833936170212766    -0.018555803370564984
2.835744680851064    -0.017148780407923003
2.837553191489362    -0.014680122337824335
2.83936170212766    -0.011502143380649553
2.8411702127659577    -0.008506991943837822
2.8429787234042556    -0.006254669293642996
2.844787234042553    -0.004534581199302633
2.846595744680851    -0.00274954446569926
2.848404255319149    -0.0006622311893855837
2.8502127659574468    0.001300016609072891
2.8520212765957447    0.002501987189630011
2.8538297872340426    0.002840222433616161
2.8556382978723405    0.0029855737496106774
2.8574468085106384    0.003840788134184517
2.8592553191489363    0.005709821738829782
2.861063829787234    0.007971818155446233
2.862872340425532    0.00957516195584498
2.86468085106383    0.009891977528163095
2.866489361702128    0.009152469619065793
2.8682978723404258    0.008101827128420202
2.8701063829787237    0.007257376173838162
2.8719148936170216    0.006481088859927434
2.873723404255319    0.005227863021507868
2.875531914893617    0.0031624047342283836
2.877340425531915    0.0005111660198559441
2.8791489361702127    -0.002179648518240174
2.8809574468085106    -0.0046034872968804255
2.8827659574468085    -0.006987344884592875
2.8845744680851064    -0.009813281249687892
2.8863829787234043    -0.013232395382226723
2.8881914893617022    -0.016745690942610116
2.89    -0.019483487387709303
2.891808510638298    -0.020857330335601908
2.893617021276596    -0.021008809165608676
2.895425531914894    -0.02065505901004276
2.8972340425531917    -0.020462740890212147
2.8990425531914896    -0.020489622539193363
2.9008510638297875    -0.020161821058436585
2.902659574468085    -0.018783365638971726
2.904468085106383    -0.016124520173478048
2.906276595744681    -0.012591777092718855
2.9080851063829787    -0.008866125871796693
2.9098936170212766    -0.005360111192663487
2.9117021276595745    -0.0019836760768771073
2.9135106382978724    0.0015893088752705177
2.9153191489361703    0.005426189215063509
2.917127659574468    0.00909771074031043
2.918936170212766    0.011947959587787577
2.920744680851064    0.013645377202310967
2.922553191489362    0.014503043520665605
2.92436170212766    0.0152410716556837
2.9261702127659577    0.016371992493109496
2.9279787234042556    0.01776014756005537
2.9297872340425535    0.018775708108921898
2.931595744680851    0.01892269501635795
2.933404255319149    0.01836010839610255
2.9352127659574467    0.017806180025593792
2.9370212765957446    0.01788454280906294
2.9388297872340425    0.018515425367956192
2.9406382978723404    0.018940171557383045
2.9424468085106383    0.018375011731665118
2.9442553191489362    0.016674109623740222
2.946063829787234    0.014355625626713081
2.947872340425532    0.011967230936682335
2.94968085106383    0.00944517072549202
2.951489361702128    0.006163106644847037
2.9532978723404257    0.0016847943797367124
2.9551063829787236    -0.003521817827330056
2.9569148936170215    -0.008202547506730721
2.9587234042553194    -0.011287024455236504
2.960531914893617    -0.012850807561849795
2.962340425531915    -0.014112668761704219
2.9641489361702127    -0.016366626699651686
2.9659574468085106    -0.019781239476842176
2.9677659574468085    -0.02319660820374623
2.9695744680851064    -0.025161447277191086
2.9713829787234043    -0.025282551959678462
2.973191489361702    -0.024628112694863626
2.975    -0.02478606952808339
2.976808510638298    -0.026438424790141066
2.978617021276596    -0.02877464719794695
2.980425531914894    -0.0302802862667072
2.9822340425531917    -0.03014372760053198
2.9840425531914896    -0.028956242188927853
2.9858510638297875    -0.028072781021852233
2.9876595744680854    -0.028278439050873322
2.989468085106383    -0.029042525692304533
2.9912765957446807    -0.02904704520149229
2.9930851063829786    -0.027447789996126105
2.9948936170212765    -0.02465191796824874
2.9967021276595744    -0.02189819929770659
2.9985106382978723    -0.02008380490568594
3.0003191489361702    -0.018969215982234874
3.002127659574468    -0.017480923060014697
3.003936170212766    -0.014765229609117435
3.005744680851064    -0.010968498228285599
3.007553191489362    -0.007044648378824434
3.0093617021276597    -0.0038466158974685086
3.0111702127659576    -0.0014007625159241244
3.0129787234042555    0.0009872779340425824
3.0147872340425534    0.003980480261221803
3.0165957446808513    0.007578160308936271
3.0184042553191492    0.011173560641465038
3.0202127659574467    0.01415846842882437
3.0220212765957446    0.016430990083650947
3.0238297872340425    0.01833143850999467
3.0256382978723404    0.020142475043158928
3.0274468085106383    0.021709839928330192
3.029255319148936    0.022576039002240277
3.031063829787234    0.022477289770276895
3.032872340425532    0.021690920929114184
3.03468085106383    0.02087955017956066
3.036489361702128    0.02057577769164865
3.0382978723404257    0.020790645251572426
3.0401063829787236    0.02109636697356028
3.0419148936170215    0.021079613542305933
3.0437234042553194    0.02072757006039435
3.0455319148936173    0.020397268929761167
3.047340425531915    0.020423786781892043
3.0491489361702127    0.020755821295395625
3.0509574468085106    0.020966896915602592
3.0527659574468085    0.020630077973318235
3.0545744680851064    0.019704060263013336
3.0563829787234043    0.018569004366696833
3.058191489361702    0.01767524465710521
3.06    0.017128192634231744
3.061808510638298    0.01659765901217123
3.063617021276596    0.01564443026994572
3.0654255319148938    0.014165374520927317
3.0672340425531917    0.012532595954713264
3.0690425531914896    0.011272490685439892
3.0708510638297875    0.010562286589851616
3.0726595744680854    0.010013908653064608
3.0744680851063833    0.00897022957574491
3.076276595744681    0.007065598601048915
3.0780851063829786    0.00454264878678752
3.0798936170212765    0.002032029746459511
3.0817021276595744    4.14009216706708e-06
3.0835106382978723    -0.001586508276871006
3.08531914893617    -0.00313531426650699
3.087127659574468    -0.004890010998209217
3.088936170212766    -0.0066451191104152825
3.090744680851064    -0.007954693470499437
3.092553191489362    -0.008645771014536677
3.0943617021276597    -0.00907700094876045
3.0961702127659576    -0.009821981930247584
3.0979787234042555    -0.011053054198026473
3.0997872340425534    -0.01225470240136798
3.1015957446808513    -0.012616986357471549
3.103404255319149    -0.011792128779260856
3.105212765957447    -0.010301647659096424
3.1070212765957446    -0.00917538166862426
3.1088297872340425    -0.00912488488079129
3.1106382978723404    -0.010000910735350987
3.1124468085106383    -0.01101472149266405
3.114255319148936    -0.011478954881499106
3.116063829787234    -0.011355291038326658
3.117872340425532    -0.011129148075275739
3.11968085106383    -0.011209737102823556
3.1214893617021278    -0.011492678529068902
3.1232978723404257    -0.011506424383682781
3.1251063829787236    -0.010948636504220968
3.1269148936170215    -0.010041418361127305
3.1287234042553194    -0.009352876577546947
3.1305319148936173    -0.009284273953762114
3.132340425531915    -0.009732012419942933
3.134148936170213    -0.010218325945874254
3.1359574468085105    -0.010312297723730143
3.1377659574468084    -0.009928171467685418
3.1395744680851063    -0.009284088015797214
3.141382978723404    -0.008662101758332857
3.143191489361702    -0.00823931336747986
3.145    -0.008079928857398368
3.146808510638298    -0.008162167134714553
3.148617021276596    -0.008330872196885778
3.1504255319148937    -0.008260205842039885
3.1522340425531916    -0.00758919536340192
3.1540425531914895    -0.0062086831125021755
3.1558510638297874    -0.004434678172346964
3.1576595744680853    -0.0028271145976444907
3.159468085106383    -0.0017486721910584986
3.161276595744681    -0.0010664068225418716
3.163085106382979    -0.0003124867740893838
3.1648936170212765    0.0008244878250493191
3.1667021276595744    0.0021623292263325588
3.1685106382978723    0.0031986779489981505
3.17031914893617    0.003637565692426013
3.172127659574468    0.0037342005343865073
3.173936170212766    0.004087134169829337
3.175744680851064    0.005062190551918798
3.1775531914893618    0.006413561145416288
3.1793617021276597    0.007479792245591983
3.1811702127659576    0.007765939939632292
3.1829787234042555    0.007354120018315563
3.1847872340425534    0.006775982304836448
3.1865957446808513    0.006515710589117152
3.188404255319149    0.0066397226964316144
3.190212765957447    0.0068637972233671005
3.192021276595745    0.0069060967441932925
3.1938297872340424    0.00672969770807798
3.1956382978723403    0.006470325859508947
3.1974468085106382    0.006214801250158658
3.199255319148936    0.00592471211220231
3.201063829787234    0.005575732586269703
3.202872340425532    0.005297514367979192
3.20468085106383    0.005293729055476509
3.2064893617021277    0.005597447859613712
3.2082978723404256    0.005943916561177634
3.2101063829787235    0.005945570837762376
3.2119148936170214    0.005428509447762431
3.2137234042553193    0.00459613204157692
3.2155319148936172    0.0038460314000882175
3.217340425531915    0.0034160469496987665
3.219148936170213    0.0032041238641310216
3.220957446808511    0.002920340753679712
3.2227659574468084    0.002392493784088132
3.2245744680851063    0.0017125112443455897
3.226382978723404    0.0011037570446055032
3.228191489361702    0.000685950408745876
3.23    0.0003998530656539375
3.231808510638298    0.00015637049445128566
3.233617021276596    2.3099386000249454e-05
3.2354255319148937    0.00022378614490137938
3.2372340425531916    0.0009290330356828171
3.2390425531914895    0.002037407298697302
3.2408510638297874    0.003161601447499318
3.2426595744680853    0.0038432985506366415
3.244468085106383    0.003819760962729149
3.246276595744681    0.00313633993010685
3.248085106382979    0.0020434606627739134
3.249893617021277    0.000787507218610318
3.251702127659575    -0.0005359996353719832
3.2535106382978722    -0.0019732159771577475
3.25531914893617    -0.0035833937383433316
3.257127659574468    -0.005316708445345883
3.258936170212766    -0.007015177935667728
3.260744680851064    -0.008548705963881548
3.2625531914893617    -0.009966472000922478
3.2643617021276596    -0.011496730228836599
3.2661702127659575    -0.013339617992773216
3.2679787234042554    -0.015405548631695926
3.2697872340425533    -0.017263083934492166
3.2715957446808512    -0.018418563239127005
3.273404255319149    -0.018731743105946764
3.275212765957447    -0.018577371140635315
3.277021276595745    -0.018538430667633204
3.278829787234043    -0.018859618710929987
3.2806382978723407    -0.019177310011308842
3.282446808510638    -0.018835897987228015
3.284255319148936    -0.017536884710934692
3.286063829787234    -0.015692548963037418
3.287872340425532    -0.0140932226108532
3.28968085106383    -0.013168256146594372
3.2914893617021277    -0.012563515522880379
3.2932978723404256    -0.011485191868962168
3.2951063829787235    -0.009499057837966753
3.2969148936170214    -0.006989603743130329
3.2987234042553193    -0.004800066388874955
3.300531914893617    -0.0034024908035597354
3.302340425531915    -0.00244093335295526
3.304148936170213    -0.001120041176111807
3.305957446808511    0.0009606736910012903
3.307765957446809    0.0033933362686971533
3.3095744680851067    0.0053963384535385146
3.311382978723404    0.006630808711524792
3.313191489361702    0.007529537476530448
3.315    0.008792777410359246
3.316808510638298    0.010603673644215177
3.3186170212765957    0.012423662620602767
3.3204255319148936    0.013602290279457538
3.3222340425531915    0.014140575178919241
3.3240425531914894    0.01475385760480777
3.3258510638297873    0.016119499114811288
3.3276595744680852    0.018088337889050045
3.329468085106383    0.01971946012730595
3.331276595744681    0.020152467816667366
3.333085106382979    0.01944175187577673
3.334893617021277    0.018491656527479403
3.3367021276595747    0.01815066536935732
3.3385106382978726    0.018388275170294413
3.34031914893617    0.018383665148950908
3.342127659574468    0.017405483949946565
3.343936170212766    0.015557502800844399
3.345744680851064    0.013638429932751234
3.3475531914893617    0.012307799675513455
3.3493617021276596    0.011455299606514122
3.3511702127659575    0.010411010275689681
3.3529787234042554    0.00872060642820378
3.3547872340425533    0.0066310349982373375
3.356595744680851    0.004785017089501464
3.358404255319149    0.0034929836590069253
3.360212765957447    0.0023909790736221194
3.362021276595745    0.0008497488704546181
3.363829787234043    -0.0013197627160616491
3.3656382978723407    -0.003626216315223627
3.3674468085106386    -0.0053696621914143955
3.369255319148936    -0.0063134928943047505
3.371063829787234    -0.006855965360541779
3.372872340425532    -0.007554574257478627
3.3746808510638298    -0.008532931608066341
3.3764893617021277    -0.009383540483192798
3.3782978723404256    -0.009622333165223127
3.3801063829787235    -0.009179683263667977
3.3819148936170214    -0.008423550179013129
3.3837234042553193    -0.007741625798411773
3.385531914893617    -0.007159301110394542
3.387340425531915    -0.006378963719661622
3.389148936170213    -0.005147689657836836
3.390957446808511    -0.003538597955893086
3.3927659574468088    -0.0018810196605727166
3.3945744680851067    -0.00047340486130055884
3.3963829787234046    0.0005958991661586864
3.398191489361702    0.0013790391058007441
3.4    0.0019044256140568472
3.401808510638298    0.002133954331212392
3.4036170212765957    0.002059721664342893
3.4054255319148936    0.0017775699826242134
3.4072340425531915    0.0014275044297257207
3.4090425531914894    0.0010803746049652691
3.4108510638297873    0.000718402350561537
3.412659574468085    0.00032346002782738083
3.414468085106383    -5.933774116163626e-05
3.416276595744681    -0.00037353333994538304
3.418085106382979    -0.0006365127602145413
3.419893617021277    -0.0009135470246933048
3.4217021276595747    -0.0011878446684712176
3.4235106382978726    -0.0013070902673593611
3.4253191489361705    -0.0011289515101036867
3.427127659574468    -0.0007299401005519345
3.428936170212766    -0.0004036293186433452
3.4307446808510638    -0.0003781116428072626
3.4325531914893617    -0.0005357904024351235
3.4343617021276596    -0.0004899310710440847
3.4361702127659575    -8.791625804148375e-06
3.4379787234042554    0.0006506270557921932
3.4397872340425533    0.0009143398539551104
3.441595744680851    0.0004602162677438611
3.443404255319149    -0.00040191563710064956
3.445212765957447    -0.0009887469260160637
3.447021276595745    -0.0009234598778209663
3.4488297872340428    -0.0005299461125807421
3.4506382978723407    -0.0004940756087468191
3.4524468085106386    -0.001121681100501215
3.4542553191489365    -0.0019806094760590164
3.456063829787234    -0.002324520646777313
3.457872340425532    -0.0018547946741855944
3.4596808510638297    -0.0010022554833420579
3.4614893617021276    -0.0004303644433321847
3.4632978723404255    -0.0003152906114787837
3.4651063829787234    -0.0001995254741282346
3.4669148936170213    0.0004306514131956991
3.468723404255319    0.0015083468083896064
3.470531914893617    0.0024203970340135844
3.472340425531915    0.0026810383880673983
3.474148936170213    0.002481432154157271
3.475957446808511    0.0024835566359365023
3.4777659574468087    0.0030807022790384146
3.4795744680851066    0.00395628724078605
3.4813829787234045    0.00444076638039319
3.4831914893617024    0.004263045202298636
3.4850000000000003    0.0038430535856776825
3.4868085106382978    0.003791662840765979
3.4886170212765957    0.004186959117274366
3.4904255319148936    0.004455936894943689
3.4922340425531915    0.004009429421541505
3.4940425531914894    0.0029266043014221556
3.4958510638297873    0.001927312462950314
3.497659574468085    0.0016665153853998574
3.499468085106383    0.002129074820270363
3.501276595744681    0.0027610706375376087
3.503085106382979    0.0031295265570601824
3.5048936170212768    0.003331658806237047
3.5067021276595747    0.0037158068450705633
3.5085106382978726    0.0043048501996495
3.5103191489361705    0.004652216018776548
3.5121276595744684    0.004323457248953434
3.5139361702127663    0.003429829421072151
3.5157446808510637    0.002558485949911396
3.5175531914893616    0.002150531557129804
3.5193617021276595    0.002040881132972374
3.5211702127659574    0.0017013407730257935
3.5229787234042553    0.0009076995370183578
3.5247872340425532    4.2335377245699963e-05
3.526595744680851    -0.0003430104863164559
3.528404255319149    -0.00020981899202628562
3.530212765957447    -0.00015542308472655522
3.532021276595745    -0.0007999223603679951
3.5338297872340427    -0.0021166683364007345
3.5356382978723406    -0.0034701284862585003
3.5374468085106385    -0.004322862352903009
3.5392553191489364    -0.004802625508774553
3.5410638297872343    -0.005480788848493623
3.5428723404255322    -0.006633128009536781
3.5446808510638297    -0.007869116336827233
3.5464893617021276    -0.008594346805329679
3.5482978723404255    -0.008780017685608621
3.5501063829787234    -0.009107068966066527
3.5519148936170213    -0.010239955727893072
3.553723404255319    -0.012010789727951427
3.555531914893617    -0.013470230645884618
3.557340425531915    -0.013830587203706913
3.559148936170213    -0.013302161575229171
3.560957446808511    -0.012876903709002506
3.5627659574468087    -0.013240014289021744
3.5645744680851066    -0.013970500238322118
3.5663829787234045    -0.013923795209028414
3.5681914893617024    -0.012427397936051228
3.5700000000000003    -0.010025951785064656
3.571808510638298    -0.007970909070149338
3.5736170212765956    -0.006981897632472499
3.5754255319148935    -0.006579036830535149
3.5772340425531914    -0.005669156384242447
3.5790425531914893    -0.0037363169956578478
3.5808510638297872    -0.001371360478788843
3.582659574468085    0.00038432344203687845
3.584468085106383    0.0011351072440393428
3.586276595744681    0.0014901794143601858
3.588085106382979    0.0023435635580515675
3.5898936170212767    0.003894892097390781
3.5917021276595746    0.005465128662679067
3.5935106382978725    0.006259607371419317
3.5953191489361704    0.006210601482400034
3.5971276595744683    0.0059932535667976275
3.5989361702127662    0.006246916513846626
3.600744680851064    0.006891070905950922
3.6025531914893616    0.007277521765660703
3.6043617021276595    0.006972298636134132
3.6061702127659574    0.006275948201925805
3.6079787234042553    0.005906772318909484
3.609787234042553    0.006210101893946339
3.611595744680851    0.00677462636077072
3.613404255319149    0.006879562919253399
3.615212765957447    0.006283524255598155
