0.0    0.0
0.0018085106382978724    0.0
0.003617021276595745    0.0
0.005425531914893617    0.0
0.00723404255319149    0.0
0.009042553191489363    0.0
0.010851063829787235    0.0
0.012659574468085107    0.0
0.01446808510638298    0.0
0.016276595744680853    0.0
0.018085106382978725    0.0
0.019893617021276597    0.0
0.02170212765957447    0.0
0.023510638297872342    0.0
0.025319148936170214    0.0
0.027127659574468086    0.0
0.02893617021276596    0.0
0.03074468085106383    0.0
0.032553191489361706    0.0
0.03436170212765958    0.0
0.03617021276595745    0.0
0.03797872340425532    0.0
0.039787234042553195    0.0
0.04159574468085107    0.0
0.04340425531914894    0.0
0.04521276595744681    0.0
0.047021276595744683    0.0
0.048829787234042556    0.0
0.05063829787234043    0.0
0.0524468085106383    0.0
0.05425531914893617    0.0
0.056063829787234044    0.0
0.05787234042553192    0.0
0.05968085106382979    0.0
0.06148936170212766    0.0
0.06329787234042554    0.0
0.06510638297872341    0.0
0.06691489361702128    0.0
0.06872340425531916    0.0
0.07053191489361703    0.0
0.0723404255319149    0.0
0.07414893617021277    0.0
0.07595744680851065    0.0
0.07776595744680852    0.0
0.07957446808510639    0.0
0.08138297872340426    0.0
0.08319148936170213    0.0
0.085    0.0
0.08680851063829788    0.0
0.08861702127659575    0.0
0.09042553191489362    0.0
0.0922340425531915    0.0
0.09404255319148937    0.0
0.09585106382978724    0.0
0.09765957446808511    0.0
0.09946808510638298    0.0
0.10127659574468086    0.0
0.10308510638297873    0.0
0.1048936170212766    0.0
0.10670212765957447    0.0
0.10851063829787234    0.0
0.11031914893617022    0.0
0.11212765957446809    0.0
0.11393617021276596    0.0
0.11574468085106383    0.0
0.1175531914893617    0.0
0.11936170212765958    0.0
0.12117021276595745    0.0
0.12297872340425532    0.0
0.1247872340425532    0.0
0.12659574468085108    0.0
0.12840425531914895    0.0
0.13021276595744682    0.0
0.1320212765957447    0.0
0.13382978723404257    0.0
0.13563829787234044    0.0
0.1374468085106383    0.0
0.13925531914893619    0.0
0.14106382978723406    0.0
0.14287234042553193    0.0
0.1446808510638298    0.0
0.14648936170212767    0.0
0.14829787234042555    0.0
0.15010638297872342    0.0
0.1519148936170213    0.0
0.15372340425531916    0.0
0.15553191489361703    0.0
0.1573404255319149    0.0
0.15914893617021278    0.0
0.16095744680851065    0.0
0.16276595744680852    0.0
0.1645744680851064    0.0
0.16638297872340427    0.0
0.16819148936170214    0.0
0.17    0.0
0.17180851063829788    0.0
0.17361702127659576    0.0
0.17542553191489363    0.0
0.1772340425531915    0.0
0.17904255319148937    0.0
0.18085106382978725    0.0
0.18265957446808512    0.0
0.184468085106383    0.0
0.18627659574468086    0.0
0.18808510638297873    0.0
0.1898936170212766    0.0
0.19170212765957448    0.0
0.19351063829787235    0.0
0.19531914893617022    0.0
0.1971276595744681    0.0
0.19893617021276597    0.0
0.20074468085106384    0.0
0.2025531914893617    0.0
0.20436170212765958    0.0
0.20617021276595746    0.0
0.20797872340425533    0.0
0.2097872340425532    0.0
0.21159574468085107    0.0
0.21340425531914894    0.0
0.21521276595744682    0.0
0.2170212765957447    0.0
0.21882978723404256    0.0
0.22063829787234043    0.0
0.2224468085106383    0.0
0.22425531914893618    0.0
0.22606382978723405    0.0
0.22787234042553192    0.0
0.2296808510638298    0.0
0.23148936170212767    0.0
0.23329787234042554    0.0
0.2351063829787234    0.0
0.23691489361702128    0.0
0.23872340425531915    0.0
0.24053191489361703    0.0
0.2423404255319149    0.0
0.24414893617021277    0.0
0.24595744680851064    0.0
0.24776595744680852    0.0
0.2495744680851064    0.0
0.25138297872340426    0.0
0.25319148936170216    0.0
0.255    0.0
0.2568085106382979    0.0
0.25861702127659575    0.0
0.26042553191489365    0.0
0.2622340425531915    0.0
0.2640425531914894    0.0
0.26585106382978724    0.0
0.26765957446808514    0.0
0.269468085106383    0.0
0.2712765957446809    0.0
0.2730851063829787    0.0
0.2748936170212766    0.0
0.27670212765957447    0.0
0.27851063829787237    0.0
0.2803191489361702    0.0
0.2821276595744681    0.0
0.28393617021276596    0.0
0.28574468085106386    0.0
0.2875531914893617    0.0
0.2893617021276596    0.0
0.29117021276595745    0.0
0.29297872340425535    0.0
0.2947872340425532    0.0
0.2965957446808511    0.0
0.29840425531914894    0.0
0.30021276595744684    0.0
0.3020212765957447    0.0
0.3038297872340426    0.0
0.3056382978723404    0.0
0.3074468085106383    0.0
0.30925531914893617    0.0
0.31106382978723407    0.0
0.3128723404255319    0.0
0.3146808510638298    0.0
0.31648936170212766    0.0
0.31829787234042556    0.0
0.3201063829787234    0.0
0.3219148936170213    0.0
0.32372340425531915    0.0
0.32553191489361705    0.0
0.3273404255319149    0.0
0.3291489361702128    0.0
0.33095744680851064    0.0
0.33276595744680854    0.0
0.3345744680851064    0.0
0.3363829787234043    0.0
0.3381914893617021    0.0
0.34    0.0
0.34180851063829787    0.0
0.34361702127659577    0.0
0.3454255319148936    0.0
0.3472340425531915    0.0
0.34904255319148936    0.0
0.35085106382978726    0.0
0.3526595744680851    0.0
0.354468085106383    0.0
0.35627659574468085    0.0
0.35808510638297875    0.0
0.3598936170212766    0.0
0.3617021276595745    0.0
0.36351063829787233    0.0
0.36531914893617023    0.0
0.3671276595744681    0.0
0.368936170212766    0.0
0.3707446808510638    0.0
0.3725531914893617    0.0
0.37436170212765957    0.0
0.37617021276595747    0.0
0.3779787234042553    0.0
0.3797872340425532    0.0
0.38159574468085106    0.0
0.38340425531914896    0.0
0.3852127659574468    0.0
0.3870212765957447    0.0
0.38882978723404255    0.0
0.39063829787234045    0.0
0.3924468085106383    0.0
0.3942553191489362    0.0
0.39606382978723403    0.0
0.39787234042553193    0.0
0.3996808510638298    0.0
0.4014893617021277    0.0
0.4032978723404255    0.0
0.4051063829787234    0.0
0.40691489361702127    0.0
0.40872340425531917    0.0
0.410531914893617    0.0
0.4123404255319149    0.0
0.41414893617021276    0.0
0.41595744680851066    0.0
0.4177659574468085    0.0
0.4195744680851064    0.0
0.42138297872340424    0.0
0.42319148936170214    0.0
0.425    0.0
0.4268085106382979    0.0
0.42861702127659573    0.0
0.43042553191489363    0.0
0.4322340425531915    0.0
0.4340425531914894    0.0
0.4358510638297872    0.0
0.4376595744680851    0.0
0.43946808510638297    0.0
0.44127659574468087    0.0
0.4430851063829787    0.0
0.4448936170212766    0.0
0.44670212765957445    0.0
0.44851063829787235    0.0
0.4503191489361702    0.0
0.4521276595744681    0.0
0.45393617021276594    0.0
0.45574468085106384    0.0
0.4575531914893617    0.0
0.4593617021276596    0.0
0.46117021276595743    0.0
0.46297872340425533    0.0
0.46478723404255323    0.0
0.4665957446808511    0.0
0.468404255319149    0.0
0.4702127659574468    0.0
0.4720212765957447    0.0
0.47382978723404257    0.0
0.47563829787234047    0.0
0.4774468085106383    0.0
0.4792553191489362    0.0
0.48106382978723405    0.0
0.48287234042553195    0.0
0.4846808510638298    0.0
0.4864893617021277    0.0
0.48829787234042554    0.0
0.49010638297872344    0.0
0.4919148936170213    0.0
0.4937234042553192    0.0
0.49553191489361703    0.0
0.49734042553191493    0.0
0.4991489361702128    0.0
0.5009574468085106    0.0
0.5027659574468085    0.0
0.5045744680851064    0.0
0.5063829787234043    0.0
0.5081914893617021    0.0
0.51    0.0
0.5118085106382979    0.0
0.5136170212765958    0.0
0.5154255319148936    0.0
0.5172340425531915    0.0
0.5190425531914894    0.0
0.5208510638297873    0.0
0.5226595744680851    0.0
0.524468085106383    0.0
0.5262765957446809    0.0
0.5280851063829788    0.0
0.5298936170212766    0.0
0.5317021276595745    0.0
0.5335106382978724    0.0
0.5353191489361703    0.0
0.5371276595744681    0.0
0.538936170212766    0.0
0.5407446808510639    0.0
0.5425531914893618    0.0
0.5443617021276596    0.0
0.5461702127659575    0.0
0.5479787234042554    0.0
0.5497872340425533    0.0
0.551595744680851    0.0
0.5534042553191489    0.0
0.5552127659574468    0.0
0.5570212765957447    0.0
0.5588297872340425    0.0
0.5606382978723404    0.0
0.5624468085106383    0.0
0.5642553191489362    0.0
0.566063829787234    0.0
0.5678723404255319    0.0
0.5696808510638298    0.0
0.5714893617021277    0.0
0.5732978723404255    0.0
0.5751063829787234    0.0
0.5769148936170213    0.0
0.5787234042553192    0.0
0.580531914893617    0.0
0.5823404255319149    0.0
0.5841489361702128    0.0
0.5859574468085107    0.0
0.5877659574468085    0.0
0.5895744680851064    0.0
0.5913829787234043    0.0
0.5931914893617022    0.0
0.595    0.0
0.5968085106382979    0.0
0.5986170212765958    0.0
0.6004255319148937    0.0
0.6022340425531915    0.0
0.6040425531914894    0.0
0.6058510638297873    0.0
0.6076595744680852    0.0
0.609468085106383    0.0
0.6112765957446809    0.0
0.6130851063829788    0.0
0.6148936170212767    0.0
0.6167021276595744    0.0
0.6185106382978723    0.0
0.6203191489361702    0.0
0.6221276595744681    0.0
0.6239361702127659    0.0
0.6257446808510638    0.0
0.6275531914893617    0.0
0.6293617021276596    0.0
0.6311702127659574    0.0
0.6329787234042553    0.0
0.6347872340425532    0.0
0.6365957446808511    0.0
0.6384042553191489    0.0
0.6402127659574468    0.0
0.6420212765957447    0.0
0.6438297872340426    0.0
0.6456382978723404    0.0
0.6474468085106383    0.0
0.6492553191489362    0.0
0.6510638297872341    0.0
0.6528723404255319    0.0
0.6546808510638298    0.0
0.6564893617021277    0.0
0.6582978723404256    0.0
0.6601063829787234    0.0
0.6619148936170213    0.0
0.6637234042553192    0.0
0.6655319148936171    0.0
0.6673404255319149    0.0
0.6691489361702128    0.0
0.6709574468085107    0.0
0.6727659574468086    0.0
0.6745744680851063    0.0
0.6763829787234042    0.0
0.6781914893617021    0.0
0.68    0.0
0.6818085106382978    0.0
0.6836170212765957    0.0
0.6854255319148936    0.0
0.6872340425531915    0.0
0.6890425531914893    0.0
0.6908510638297872    0.0
0.6926595744680851    0.0
0.694468085106383    0.0
0.6962765957446809    0.0
0.6980851063829787    0.0
0.6998936170212766    0.0
0.7017021276595745    0.0
0.7035106382978724    0.0
0.7053191489361702    0.0
0.7071276595744681    0.0
0.708936170212766    0.0
0.7107446808510639    0.0
0.7125531914893617    0.0
0.7143617021276596    0.0
0.7161702127659575    0.0
0.7179787234042554    0.0
0.7197872340425532    0.0
0.7215957446808511    0.0
0.723404255319149    0.0
0.7252127659574469    0.0
0.7270212765957447    0.0
0.7288297872340426    0.0
0.7306382978723405    0.0
0.7324468085106384    0.0
0.7342553191489362    0.0
0.7360638297872341    0.0
0.737872340425532    0.0
0.7396808510638299    0.0
0.7414893617021276    0.0
0.7432978723404255    0.0
0.7451063829787234    0.0
0.7469148936170213    0.0
0.7487234042553191    0.0
0.750531914893617    1e-323
0.7523404255319149    3.1e-322
0.7541489361702128    7.96e-321
0.7559574468085106    1.98397e-319
0.7577659574468085    4.868286e-318
0.7595744680851064    1.17764964e-316
0.7613829787234043    2.80894199e-315
0.7631914893617021    6.6070925933e-314
0.765    1.532750549417e-312
0.7668085106382979    3.507338301056e-311
0.7686170212765958    7.91734772302493e-310
0.7704255319148936    1.7633058459740544e-308
0.7722340425531915    3.874990418881774e-307
0.7740425531914894    8.403439790950777e-306
0.7758510638297873    1.798600403835952e-304
0.7776595744680851    3.7997089766111363e-303
0.779468085106383    7.924105242870165e-302
0.7812765957446809    1.631472948359527e-300
0.7830851063829788    3.316530993346994e-299
0.7848936170212766    6.6574345664176605e-298
0.7867021276595745    1.3197506271593496e-296
0.7885106382978724    2.5839361908255695e-295
0.7903191489361703    4.99710884571247e-294
0.7921276595744681    9.546507319812764e-293
0.793936170212766    1.801772022218969e-291
0.7957446808510639    3.3598907350717176e-290
0.7975531914893618    6.190991837005848e-289
0.7993617021276596    1.1273123794244856e-287
0.8011702127659575    2.0286911557091682e-286
0.8029787234042554    3.6083886717506096e-285
0.8047872340425533    6.344157629453814e-284
0.806595744680851    1.102643034027201e-282
0.808404255319149    1.8946664040004933e-281
0.8102127659574468    3.2188699728028056e-280
0.8120212765957447    5.407325351960405e-279
0.8138297872340425    8.982660752167381e-278
0.8156382978723404    1.4757251836476862e-276
0.8174468085106383    2.397828247772376e-275
0.8192553191489362    3.853686571895533e-274
0.821063829787234    6.126516877241153e-273
0.8228723404255319    9.635240479328692e-272
0.8246808510638298    1.4991858793215784e-270
0.8264893617021277    2.3079388890634537e-269
0.8282978723404255    3.5156085016671497e-268
0.8301063829787234    5.299259154320348e-267
0.8319148936170213    7.904946508800301e-266
0.8337234042553192    1.1670302553505267e-264
0.835531914893617    1.7052756505644776e-263
0.8373404255319149    2.4664134245318424e-262
0.8391489361702128    3.5312227220531843e-261
0.8409574468085107    5.004965293962931e-260
0.8427659574468085    7.022991958044123e-259
0.8445744680851064    9.757003830337237e-258
0.8463829787234043    1.3421828932018048e-256
0.8481914893617022    1.8282484642518341e-255
0.85    2.4661192302735906e-254
0.8518085106382979    3.294389669871745e-253
0.8536170212765958    4.358572734920928e-252
0.8554255319148937    5.711473025282712e-251
0.8572340425531915    7.413311015170162e-250
0.8590425531914894    9.531516832464943e-249
0.8608510638297873    1.2140111409166239e-247
0.8626595744680852    1.5318598366373582e-246
0.864468085106383    1.915030295317067e-245
0.8662765957446809    2.3720115499659003e-244
0.8680851063829788    2.9111626353564244e-243
0.8698936170212767    3.5403676580978483e-242
0.8717021276595744    4.2666392398527494e-241
0.8735106382978723    5.095681904231517e-240
0.8753191489361702    6.031431840057448e-239
0.8771276595744681    7.075594038862648e-238
0.8789361702127659    8.227201644963807e-237
0.8807446808510638    9.482225037606455e-236
0.8825531914893617    1.0833259286681425e-234
0.8843617021276596    1.2269317866067732e-233
0.8861702127659574    1.3775757673279654e-232
0.8879787234042553    1.5334355449416443e-231
0.8897872340425532    1.6923548758205477e-230
0.8915957446808511    1.8518846093037798e-229
0.8934042553191489    2.0093400937526732e-228
0.8952127659574468    2.161873435401712e-227
0.8970212765957447    2.306558065770718e-226
0.8988297872340426    2.4404821728372578e-225
0.9006382978723404    2.5608468259240604e-224
0.9024468085106383    2.6650641380966567e-223
0.9042553191489362    2.7508506097971896e-222
0.9060638297872341    2.8163109087986352e-221
0.9078723404255319    2.8600077650643413e-220
0.9096808510638298    2.881014370201215e-219
0.9114893617021277    2.878946621903048e-218
0.9132978723404256    2.853973676699015e-217
0.9151063829787234    2.806806488571107e-216
0.9169148936170213    2.7386652293587786e-215
0.9187234042553192    2.651227623387515e-214
0.9205319148936171    2.546561206109156e-213
0.9223404255319149    2.427043272307416e-212
0.9241489361702128    2.295272770779204e-211
0.9259574468085107    2.1539786087953965e-210
0.9277659574468086    2.0059287532848326e-209
0.9295744680851065    1.8538441799600532e-208
0.9313829787234043    1.700321167687733e-207
0.9331914893617022    1.5477647175381628e-206
0.935    1.3983350559263178e-205
0.936808510638298    1.2539083227639795e-204
0.9386170212765957    1.1160517088389762e-203
0.9404255319148936    9.860125441005973e-203
0.9422340425531915    8.647201913579497e-202
0.9440425531914894    7.527990961597457e-201
0.9458510638297872    6.505909976714606e-200
0.9476595744680851    5.581841184882187e-199
0.949468085106383    4.754471134185456e-198
0.9512765957446809    4.0206564925033876e-197
0.9530851063829787    3.3757968407271423e-196
0.9548936170212766    2.8141978726731944e-195
0.9567021276595745    2.3294116057546934e-194
0.9585106382978724    1.914543591557771e-193
0.9603191489361702    1.5625204519316695e-192
0.9621276595744681    1.2663141596394993e-191
0.963936170212766    1.0191221908803827e-190
0.9657446808510639    8.145049107624412e-190
0.9675531914893617    6.464832718301104e-189
0.9693617021276596    5.096011119447227e-188
0.9711702127659575    3.9895706644396794e-187
0.9729787234042554    3.102114195811049e-186
0.9747872340425532    2.3957318516956378e-185
0.9765957446808511    1.8377240549738992e-184
0.978404255319149    1.400221692818258e-183
0.9802127659574469    1.05974245765546e-182
0.9820212765957447    7.967157522478381e-182
0.9838297872340426    5.950019658684755e-181
0.9856382978723405    4.414256859706627e-180
0.9874468085106384    3.253367822632342e-179
0.9892553191489362    2.3820844359816406e-178
0.9910638297872341    1.732772296126806e-177
0.992872340425532    1.2522701605446265e-176
0.9946808510638299    8.991631203464693e-176
0.9964893617021277    6.414672299607171e-175
0.9982978723404256    4.546922089693871e-174
1.0001063829787233    3.202425303001763e-173
1.0019148936170212    2.2411466139090212e-172
1.0037234042553191    1.558484536968038e-171
1.005531914893617    1.0769283246273855e-170
1.007340425531915    7.394931905858393e-170
1.0091489361702128    5.046096399315462e-169
1.0109574468085107    3.4218557652670463e-168
1.0127659574468086    2.306021554617063e-167
1.0145744680851063    1.5444403837176118e-166
1.0163829787234042    1.0280058429431487e-165
1.0181914893617021    6.800597876418062e-165
1.02    4.471322806291004e-164
1.021808510638298    2.921948913447283e-163
1.0236170212765958    1.8978725058987549e-162
1.0254255319148937    1.2252630600502723e-161
1.0272340425531916    7.86266037499329e-161
1.0290425531914893    5.015306241521346e-160
1.0308510638297872    3.1799695887678127e-159
1.032659574468085    2.0042678850093458e-158
1.034468085106383    1.2557566781005158e-157
1.036276595744681    7.821349730490708e-157
1.0380851063829788    4.84277024958444e-156
1.0398936170212767    2.9809271640599847e-155
1.0417021276595746    1.824162440180738e-154
1.0435106382978723    1.1097867272021088e-153
1.0453191489361702    6.712565913890351e-153
1.047127659574468    4.036636921796208e-152
1.048936170212766    2.4134699282293734e-151
1.0507446808510639    1.4347098753430057e-150
1.0525531914893618    8.479985555572109e-150
1.0543617021276597    4.983606319516036e-149
1.0561702127659576    2.912182717817238e-148
1.0579787234042553    1.6921092593447885e-147
1.0597872340425532    9.77645964433117e-147
1.061595744680851    5.616770980938483e-146
1.063404255319149    3.208869897068131e-145
1.0652127659574468    1.8229976682296216e-144
1.0670212765957447    1.0299045588885589e-143
1.0688297872340426    5.78619270419781e-143
1.0706382978723405    3.2328232755338355e-142
1.0724468085106382    1.7962725667617337e-141
1.0742553191489361    9.925940974617152e-141
1.076063829787234    5.4549179916932e-140
1.077872340425532    2.981464836390407e-139
1.0796808510638298    1.6207045859216175e-138
1.0814893617021277    8.762306568486129e-138
1.0832978723404256    4.711737477522101e-137
1.0851063829787235    2.519993176406791e-136
1.0869148936170212    1.3405431561568056e-135
1.088723404255319    7.093047091735723e-135
1.090531914893617    3.7330420802407213e-134
1.092340425531915    1.9542416047699628e-133
1.0941489361702128    1.017621369245379e-132
1.0959574468085107    5.271011708401639e-132
1.0977659574468086    2.715868186961632e-131
1.0995744680851065    1.3919941948473659e-130
1.1013829787234042    7.097202794211502e-130
1.103191489361702    3.5996893773255915e-129
1.105    1.8162589467529493e-128
1.1068085106382979    9.116587087937332e-128
1.1086170212765958    4.5523471596357625e-127
1.1104255319148937    2.2614852928249784e-126
1.1122340425531916    1.1176714191207129e-125
1.1140425531914895    5.495448329676509e-125
1.1158510638297872    2.688235330010827e-124
1.117659574468085    1.308317418720657e-123
1.119468085106383    6.335007047275029e-123
1.1212765957446809    3.0519374102927356e-122
1.1230851063829788    1.462867639361538e-121
1.1248936170212767    6.976564711230559e-121
1.1267021276595746    3.3104851664909605e-120
1.1285106382978725    1.563008282764525e-119
1.1303191489361701    7.342714846396031e-119
1.132127659574468    3.432289252692128e-118
1.133936170212766    1.596426636186617e-117
1.1357446808510638    7.388527583861489e-117
1.1375531914893617    3.402644774230673e-116
1.1393617021276596    1.5593046932421218e-115
1.1411702127659575    7.11060985330523e-115
1.1429787234042554    3.2266360824232143e-114
1.1447872340425531    1.457022051877867e-113
1.146595744680851    6.547280525360316e-113
1.148404255319149    2.927791145372036e-112
1.1502127659574468    1.3028941740255866e-111
1.1520212765957447    5.7699710515985566e-111
1.1538297872340426    2.5429572525308893e-110
1.1556382978723405    1.1153492030448044e-109
1.1574468085106384    4.868491713041646e-109
1.1592553191489363    2.1149257770201306e-108
1.161063829787234    9.143621717859424e-108
1.162872340425532    3.934314307312923e-107
1.1646808510638298    1.6848170426175328e-106
1.1664893617021277    7.180827608061949e-106
1.1682978723404256    3.046066877021653e-105
1.1701063829787235    1.2860345118115983e-104
1.1719148936170214    5.4040467807845274e-104
1.1737234042553193    2.260184283985819e-103
1.175531914893617    9.408747620329785e-103
1.1773404255319149    3.898413520866197e-102
1.1791489361702128    1.6077442427172977e-101
1.1809574468085107    6.599694116132745e-101
1.1827659574468086    2.6965793660308544e-100
1.1845744680851065    1.0967051667540825e-99
1.1863829787234044    4.439750240066877e-99
1.1881914893617023    1.7890554411074947e-98
1.19    7.176129531497745e-98
1.1918085106382978    2.865249916317342e-97
1.1936170212765957    1.1387936430179096e-96
1.1954255319148936    4.505493029955333e-96
1.1972340425531915    1.774429738698717e-95
1.1990425531914894    6.956629660659615e-95
1.2008510638297873    2.714981693349143e-94
1.2026595744680852    1.0547928684957715e-93
1.204468085106383    4.0794723582029235e-93
1.2062765957446808    1.570657773769259e-92
1.2080851063829787    6.020105441221753e-92
1.2098936170212766    2.297077973913413e-91
1.2117021276595745    8.725706498268941e-91
1.2135106382978724    3.29976310577841e-90
1.2153191489361703    1.2422993503235608e-89
1.2171276595744682    4.656237074207256e-89
1.218936170212766    1.7374535373462224e-88
1.2207446808510638    6.454528501894393e-88
1.2225531914893617    2.3872226998751047e-87
1.2243617021276596    8.790271320212452e-87
1.2261702127659575    3.222525494380971e-86
1.2279787234042554    1.1761939668598379e-85
1.2297872340425533    4.274189429923588e-85
1.2315957446808512    1.5464095002769904e-84
1.2334042553191489    5.570508366895363e-84
1.2352127659574468    1.997875163894736e-83
1.2370212765957447    7.134255197717809e-83
1.2388297872340426    2.5365256017088643e-82
1.2406382978723405    8.979324839492516e-82
1.2424468085106384    3.1649394662491026e-81
1.2442553191489363    1.1107283503478396e-80
1.2460638297872342    3.881275096495192e-80
1.2478723404255319    1.350418793229842e-79
1.2496808510638298    4.678356602696351e-79
1.2514893617021277    1.613809470243578e-78
1.2532978723404256    5.54304667592969e-78
1.2551063829787235    1.8957687700415115e-77
1.2569148936170214    6.456035728652102e-77
1.2587234042553193    2.1892399257606906e-76
1.2605319148936172    7.392150081311617e-76
1.2623404255319148    2.4854283272191285e-75
1.2641489361702127    8.321235245796417e-75
1.2659574468085106    2.7741723839194747e-74
1.2677659574468085    9.20960791549069e-74
1.2695744680851064    3.044484872125539e-73
1.2713829787234043    1.0021999479608843e-72
1.2731914893617022    3.285229139761422e-72
1.2750000000000001    1.0723844686909086e-71
1.2768085106382978    3.485874214413528e-71
1.2786170212765957    1.1283712412020835e-70
1.2804255319148936    3.6372581421971393e-70
1.2822340425531915    1.1675641275786043e-69
1.2840425531914894    3.73228253533728e-69
1.2858510638297873    1.1881138171443959e-68
1.2876595744680852    3.7664648926064246e-68
1.289468085106383    1.1890625142386962e-67
1.2912765957446808    3.738288789785781e-67
1.2930851063829787    1.1704176952847714e-66
1.2948936170212766    3.649313886708611e-66
1.2967021276595745    1.133147055924135e-65
1.2985106382978724    3.504034827960096e-65
1.3003191489361703    1.079095727400385e-64
1.3021276595744682    3.30950660105302e-64
1.303936170212766    1.0108355699048927e-63
1.3057446808510638    3.0747796354179164e-63
1.3075531914893617    9.31463600977385e-63
1.3093617021276596    2.8102072796130554e-62
1.3111702127659575    8.443714104723592e-62
1.3129787234042554    2.526698817323836e-61
1.3147872340425533    7.530091992912606e-61
1.3165957446808512    2.2349919139978701e-60
1.318404255319149    6.606668057169775e-60
1.3202127659574467    1.9450099411335806e-59
1.3220212765957446    5.702901736005806e-59
1.3238297872340425    1.6653539741613904e-58
1.3256382978723404    4.843459576600598e-58
1.3274468085106383    1.402959275658534e-57
1.3292553191489362    4.047403374043733e-57
1.3310638297872341    1.1629249650958849e-56
1.332872340425532    3.327916209490697e-56
1.3346808510638297    9.485063145457462e-56
1.3364893617021276    2.6925071046173908e-55
1.3382978723404255    7.612439874584661e-55
1.3401063829787234    2.1435955231093155e-54
1.3419148936170213    6.01194891922684e-54
1.3437234042553192    1.6793556799875571e-53
1.3455319148936171    4.672254728386499e-53
1.347340425531915    1.2946970961779528e-52
1.3491489361702127    3.573296501577126e-52
1.3509574468085106    9.822691350978278e-52
1.3527659574468085    2.689390170516425e-51
1.3545744680851064    7.333989296686554e-51
1.3563829787234043    1.9920081367982432e-50
1.3581914893617022    5.388991757808762e-50
1.36    1.4520804079934023e-49
1.361808510638298    3.897101076961394e-49
1.3636170212765957    1.0417454611899058e-48
1.3654255319148936    2.7736493368630355e-48
1.3672340425531915    7.355504911193351e-48
1.3690425531914894    1.9428773970005902e-47
1.3708510638297873    5.111533418017905e-47
1.3726595744680852    1.3394632715314744e-46
1.374468085106383    3.496109821304469e-46
1.376276595744681    9.088972530364876e-46
1.3780851063829787    2.3535355335280295e-45
1.3798936170212766    6.070209917801828e-45
1.3817021276595745    1.5594244498737808e-44
1.3835106382978724    3.9902793855115363e-44
1.3853191489361703    1.0170006327499233e-43
1.3871276595744682    2.5817766656507546e-43
1.388936170212766    6.528241087677714e-43
1.390744680851064    1.6441985358817327e-42
1.3925531914893619    4.1247092628974136e-42
1.3943617021276595    1.0306562710632625e-41
1.3961702127659574    2.5651699894235776e-41
1.3979787234042553    6.359171963497922e-41
1.3997872340425532    1.570244896028077e-40
1.4015957446808511    3.862040772470861e-40
1.403404255319149    9.46126394139939e-40
1.405212765957447    2.308683796482999e-39
1.4070212765957448    5.611291795353499e-39
1.4088297872340425    1.358452375246068e-38
1.4106382978723404    3.2757380596451425e-38
1.4124468085106383    7.867868166566065e-38
1.4142553191489362    1.8822966444738875e-37
1.416063829787234    4.485408782373375e-37
1.417872340425532    1.0646302251454968e-36
1.41968085106383    2.51697060248129e-36
1.4214893617021278    5.927066807267037e-36
1.4232978723404255    1.390219963149632e-35
1.4251063829787234    3.247946594264026e-35
1.4269148936170213    7.558149745909127e-35
1.4287234042553192    1.7518741365574504e-34
1.430531914893617    4.044553631652525e-34
1.432340425531915    9.300751182076412e-34
1.4341489361702129    2.1303186674703563e-33
1.4359574468085108    4.860148919761017e-33
1.4377659574468085    1.1044150635048017e-32
1.4395744680851064    2.499723875645505e-32
1.4413829787234043    5.635440953081938e-32
1.4431914893617022    1.2654326606642763e-31
1.445    2.8302481248241228e-31
1.446808510638298    6.304974425305644e-31
1.4486170212765959    1.3989894706647594e-30
1.4504255319148938    3.0918381785734464e-30
1.4522340425531914    6.805955334915628e-30
1.4540425531914893    1.492211007785697e-29
1.4558510638297872    3.2586589214333956e-29
1.4576595744680851    7.087837452916135e-29
1.459468085106383    1.5355125202873878e-28
1.461276595744681    3.313265770908675e-28
1.4630851063829788    7.120671497121359e-28
1.4648936170212767    1.5242134617105098e-27
1.4667021276595744    3.2495942347274285e-27
1.4685106382978723    6.900320232346454e-27
1.4703191489361702    1.459366336544941e-26
1.4721276595744681    3.074061132481542e-26
1.473936170212766    6.449288922480518e-26
1.475744680851064    1.3475978611956548e-25
1.4775531914893618    2.8045026482834236e-25
1.4793617021276597    5.812946143456103e-25
1.4811702127659574    1.199994937344733e-24
1.4829787234042553    2.4671916569107582e-24
1.4847872340425532    5.052011526859242e-24
1.486595744680851    1.0302942620297215e-23
1.488404255319149    2.092623914584524e-23
1.490212765957447    4.23303062730816e-23
1.4920212765957448    8.527843974151953e-23
1.4938297872340427    1.7110074042880208e-22
1.4956382978723404    3.4189004232814784e-22
1.4974468085106383    6.80361857562642e-22
1.4992553191489362    1.348370803032561e-21
1.501063829787234    2.661285311621663e-21
1.502872340425532    5.2309792172356055e-21
1.5046808510638299    1.0239545060749629e-20
1.5064893617021278    1.996093994967939e-20
1.5082978723404257    3.875077780115009e-20
1.5101063829787233    7.491612681788042e-20
1.5119148936170212    1.4423209317727292e-19
1.5137234042553191    2.765262275202801e-19
1.515531914893617    5.279522055595577e-19
1.517340425531915    1.0037664080377717e-18
1.5191489361702128    1.9004054764613828e-18
1.5209574468085107    3.582870700278775e-18
1.5227659574468086    6.726401758493575e-18
1.5245744680851063    1.257467338370111e-17
1.5263829787234042    2.3408208380335213e-17
1.5281914893617021    4.3390271555450716e-17
1.53    8.008742692932516e-17
1.531808510638298    1.4719023688267141e-16
1.5336170212765958    2.6935877639514895e-16
1.5354255319148937    4.908121989312212e-16
1.5372340425531916    8.904840390117315e-16
1.5390425531914893    1.6086361902242001e-15
1.5408510638297872    2.8933742391526896e-15
1.542659574468085    5.181559416521303e-15
1.544468085106383    9.238879529249725e-15
1.546276595744681    1.6401167344220857e-14
1.5480851063829788    2.898814072586629e-14
1.5498936170212767    5.1009309055020315e-14
1.5517021276595746    8.936246691115782e-14
1.5535106382978723    1.5585848383459467e-13
1.5553191489361702    2.7062511668957735e-13
1.557127659574468    4.67800494358328e-13
1.558936170212766    8.05008623360155e-13
1.5607446808510639    1.3790493733922536e-12
1.5625531914893618    2.3517461950785764e-12
1.5643617021276597    3.992308885363628e-12
1.5661702127659576    6.74640384441922e-12
1.5679787234042553    1.1348181407243857e-11
1.5697872340425532    1.9001019787594694e-11
1.571595744680851    3.1667586659661663e-11
1.573404255319149    5.2532840569595074e-11
1.5752127659574469    8.673908294172949e-11
1.5770212765957448    1.4254653638289912e-10
1.5788297872340427    2.331556760269131e-10
1.5806382978723406    3.7955268294558235e-10
1.5824468085106382    6.149273892328184e-10
1.5842553191489361    9.914936169646891e-10
1.586063829787234    1.5909575483629716e-09
1.587872340425532    2.5404915436844742e-09
1.5896808510638298    4.036964637343939e-09
1.5914893617021277    6.383477219359322e-09
1.5932978723404256    1.0044113199418527e-08
1.5951063829787235    1.5725487666731525e-08
1.5969148936170212    2.4497443440762312e-08
1.5987234042553191    3.79705548508684e-08
1.600531914893617    5.855548778091265e-08
1.602340425531915    8.983947053119053e-08
1.6041489361702128    1.3712909280035807e-07
1.6059574468085107    2.0822756974546073e-07
1.6077659574468086    3.145399859261471e-07
1.6095744680851065    4.726337126715989e-07
1.6113829787234042    7.064253835040602e-07
1.613191489361702    1.0502230994983694e-06
1.615    1.55292583968145e-06
1.616808510638298    2.2837745294121792e-06
1.6186170212765958    3.340164084401809e-06
1.6204255319148937    4.858165959696769e-06
1.6222340425531916    7.026578535116176e-06
1.6240425531914895    1.0105518925045748e-05
1.6258510638297874    1.4450793092945926e-05
1.627659574468085    2.0545526605982803e-05
1.629468085106383    2.9040796193223564e-05
1.6312765957446809    4.08072560298203e-05
1.6330851063829788    5.6999977309835735e-05
1.6348936170212767    7.913887947945783e-05
1.6367021276595746    0.00010920717815307708
1.6385106382978725    0.00014977014574200985
1.6403191489361704    0.0002041160988397187
1.642127659574468    0.0002764207998982224
1.643936170212766    0.00037193528674185725
1.6457446808510638    0.0004971954132087044
1.6475531914893617    0.0006602489923060388
1.6493617021276596    0.0008708932913622722
1.6511702127659575    0.0011409116839638418
1.6529787234042554    0.0014842935223214507
1.6547872340425533    0.0019174158496792107
1.656595744680851    0.002459159637453309
1.658404255319149    0.0031309271681227518
1.6602127659574468    0.0039565215331388535
1.6620212765957447    0.004961844713843248
1.6638297872340426    0.006174368302745708
1.6656382978723405    0.007622331724135966
1.6674468085106384    0.009333628077591676
1.6692553191489363    0.011334348742785987
1.671063829787234    0.01364697583461046
1.672872340425532    0.016288237381801778
1.6746808510638298    0.0192666741009126
1.6764893617021277    0.022580008455078623
1.6782978723404256    0.026212454884617726
1.6801063829787235    0.030132161951292428
1.6819148936170214    0.03428902847505859
1.6837234042553193    0.03861318089105377
1.685531914893617    0.04301443098997022
1.6873404255319149    0.04738304392292028
1.6891489361702128    0.05159212752361317
1.6909574468085107    0.055501897916192866
1.6927659574468086    0.05896597715402621
1.6945744680851065    0.06183973361499899
1.6963829787234044    0.06399048707805184
1.6981914893617023    0.06530917581912139
1.7    0.06572283758361068
1.7018085106382979    0.06520701195402824
1.7036170212765958    0.06379695693131544
1.7054255319148937    0.06159642060045943
1.7072340425531916    0.05878265418604445
1.7090425531914895    0.055606427469967495
1.7108510638297874    0.05238603529122002
1.7126595744680853    0.04949467492011583
1.714468085106383    0.0473411199045817
1.7162765957446808    0.046344285197569585
1.7180851063829787    0.046903015397679756
1.7198936170212766    0.04936315469399949
1.7217021276595745    0.05398457883001488
1.7235106382978724    0.06091128459709516
1.7253191489361703    0.07014774648870348
1.7271276595744682    0.08154449166252978
1.728936170212766    0.09479518112925356
1.7307446808510638    0.10944643828120418
1.7325531914893617    0.12492031834482759
1.7343617021276596    0.14054780854591148
1.7361702127659575    0.15561028410294897
1.7379787234042554    0.16938464393738467
1.7397872340425533    0.1811871334173823
1.7415957446808512    0.1904108090106032
1.7434042553191489    0.1965523096753521
1.7452127659574468    0.1992250561749983
1.7470212765957447    0.19815805325382796
1.7488297872340426    0.19318184121598186
1.7506382978723405    0.18420545081391065
1.7524468085106384    0.17119002750350354
1.7542553191489363    0.15412570233843564
1.7560638297872342    0.13301800054334384
1.7578723404255319    0.10788848636082968
1.7596808510638298    0.07879157865748587
1.7614893617021277    0.04584592983413635
1.7632978723404256    0.009275058630186434
1.7651063829787235    -0.030551182385026236
1.7669148936170214    -0.07308449051352317
1.7687234042553193    -0.1175853685219781
1.7705319148936172    -0.16313740515827674
1.7723404255319148    -0.20869182563211813
1.7741489361702127    -0.25313974323745636
1.7759574468085106    -0.2954033708380208
1.7777659574468085    -0.33453221613452644
1.7795744680851064    -0.3697872824525471
1.7813829787234043    -0.40069652642689624
1.7831914893617022    -0.4270687111469652
1.7850000000000001    -0.44895999843028944
1.7868085106382978    -0.4665969972039602
1.7886170212765957    -0.4802697064324374
1.7904255319148936    -0.49021569313433944
1.7922340425531915    -0.4965208731982794
1.7940425531914894    -0.499060977789171
1.7958510638297873    -0.4975008089745412
1.7976595744680852    -0.4913566341562785
1.7994680851063831    -0.48011272471781175
1.8012765957446808    -0.4633692051960413
1.8030851063829787    -0.4409884169439716
1.8048936170212766    -0.41320376822873117
1.8067021276595745    -0.3806601004489816
1.8085106382978724    -0.3443676580126098
1.8103191489361703    -0.3055705101310209
1.8121276595744682    -0.26555076608772477
1.813936170212766    -0.22540731543399795
1.8157446808510638    -0.1858575393652327
1.8175531914893617    -0.14710936690755871
1.8193617021276596    -0.10883848657121664
1.8211702127659575    -0.07028359861061631
1.8229787234042554    -0.030445981580287676
1.8247872340425533    0.01164541191181239
1.8265957446808512    0.056659318449641484
1.828404255319149    0.1047386032968119
1.8302127659574468    0.15537867413143203
1.8320212765957447    0.20743653405923118
1.8338297872340426    0.259269558603462
1.8356382978723405    0.3089734346655624
1.8374468085106384    0.3546664999469641
1.8392553191489363    0.3947586632411304
1.8410638297872342    0.4281494087009914
1.842872340425532    0.4543191634838608
1.8446808510638297    0.47330592139851746
1.8464893617021276    0.4855867433090464
1.8482978723404255    0.49190403041530706
1.8501063829787234    0.4930841385567801
1.8519148936170213    0.4898897876551217
1.8537234042553192    0.48293091762700724
1.8555319148936171    0.4726374528228968
1.857340425531915    0.4592792143010159
1.859148936170213    0.4430088277818429
1.8609574468085106    0.423905236727501
1.8627659574468085    0.40200630479729904
1.8645744680851064    0.3773333522302893
1.8663829787234043    0.349921266487636
1.8681914893617022    0.31986941186773576
1.87    0.2874191384772047
1.871808510638298    0.2530463936931363
1.873617021276596    0.2175400087185948
1.8754255319148936    0.1820264101010462
1.8772340425531915    0.14790650728522842
1.8790425531914894    0.11669188046517165
1.8808510638297873    0.08976006561636193
1.8826595744680852    0.068082044879473
1.884468085106383    0.051996176228285104
1.886276595744681    0.04110151420893414
1.8880851063829789    0.03431655483837352
1.8898936170212766    0.030102884968436133
1.8917021276595745    0.026801193216376598
1.8935106382978724    0.02298756202060491
1.8953191489361703    0.017746297307875303
1.8971276595744682    0.010778480627647021
1.898936170212766    0.002317550533988886
1.900744680851064    -0.007112126676598976
1.9025531914893619    -0.01700321167555814
1.9043617021276595    -0.027125567985053944
1.9061702127659574    -0.03764172511174037
1.9079787234042553    -0.04903484146972502
1.9097872340425532    -0.06187857833658132
1.9115957446808511    -0.07654173206806668
1.913404255319149    -0.09295011430906829
1.915212765957447    -0.11051068888570194
1.9170212765957448    -0.12824275345073216
1.9188297872340425    -0.14507949776211565
1.9206382978723404    -0.16023174431657528
1.9224468085106383    -0.17347308995444355
1.9242553191489362    -0.18522716098661451
1.9260638297872341    -0.19640769361875898
1.927872340425532    -0.20805546963167254
1.92968085106383    -0.22089708090313542
1.9314893617021278    -0.23498670729915622
1.9332978723404255    -0.24956770912199655
1.9351063829787234    -0.26321351667776416
1.9369148936170213    -0.2742059157995669
1.9387234042553192    -0.28102236851069784
1.940531914893617    -0.28276598401660713
1.942340425531915    -0.2793964799256905
1.944148936170213    -0.27169706327334553
1.9459574468085108    -0.2610090173392774
1.9477659574468085    -0.24884387773482408
1.9495744680851064    -0.23651248918320122
1.9513829787234043    -0.22488271335494248
1.9531914893617022    -0.21430960728116577
1.955    -0.20470675979875708
1.956808510638298    -0.19567961636062514
1.9586170212765959    -0.18664066300456023
1.9604255319148938    -0.17686801851009304
1.9622340425531914    -0.16552753739767362
1.9640425531914893    -0.1517196443069016
1.9658510638297872    -0.13461048378839507
1.9676595744680851    -0.11365989141439531
1.969468085106383    -0.08888885276843939
1.971276595744681    -0.06107440196987293
1.9730851063829788    -0.03175465375735742
1.9748936170212767    -0.002983177475551692
1.9767021276595744    0.0231282905336482
1.9785106382978723    0.044939938086054884
1.9803191489361702    0.061696694121692194
1.9821276595744681    0.07366159898670467
1.983936170212766    0.08191000566823771
1.985744680851064    0.08786126894683353
1.9875531914893618    0.09273488188381686
1.9893617021276597    0.09715026619379559
1.9911702127659574    0.10102516610521785
1.9929787234042553    0.10379284876093557
1.9947872340425532    0.1048135908731435
1.996595744680851    0.10376894740287097
1.998404255319149    0.10084069504323658
2.0002127659574467    0.09658597565021203
2.0020212765957446    0.0915751689193847
2.0038297872340425    0.085984723096503
2.0056382978723404    0.07937062498317167
2.0074468085106383    0.07076942491615694
2.009255319148936    0.05911708912925916
2.011063829787234    0.04381515172858649
2.012872340425532    0.025187008270083522
2.01468085106383    0.004599575511136329
2.016489361702128    -0.01583439335446197
2.0182978723404257    -0.03387351014110755
2.0201063829787236    -0.04784101040413098
2.0219148936170215    -0.05711459805907307
2.0237234042553194    -0.06222111928796595
2.0255319148936173    -0.06451399302368721
2.0273404255319147    -0.06558425078244803
2.0291489361702126    -0.06665490735406931
2.0309574468085105    -0.06819387950991329
2.0327659574468084    -0.06986807176272758
2.0345744680851063    -0.07080956588221093
2.0363829787234042    -0.07004521121524843
2.038191489361702    -0.0669013507761907
2.04    -0.061240295327645466
2.041808510638298    -0.05347875340902555
2.043617021276596    -0.04442874220069115
2.0454255319148937    -0.03504958239886337
2.0472340425531916    -0.0261975647732808
2.0490425531914895    -0.018428695720626227
2.0508510638297874    -0.011880083380814917
2.0526595744680853    -0.006244554926547574
2.0544680851063832    -0.0008547617249872203
2.0562765957446807    0.005114842937341421
2.0580851063829786    0.012354487272386524
2.0598936170212765    0.021115516289545038
2.0617021276595744    0.03102140392658229
2.0635106382978723    0.0411089750769037
2.06531914893617    0.050135769633116015
2.067127659574468    0.057062847289767765
2.068936170212766    0.06151101534905615
2.070744680851064    0.0639622175966657
2.072553191489362    0.06557117319956215
2.0743617021276597    0.06763565934511237
2.0761702127659576    0.07095903414410845
2.0779787234042555    0.07542184868509388
2.0797872340425534    0.08000004356964724
2.0815957446808513    0.08324960814573262
2.083404255319149    0.08402806574275501
2.085212765957447    0.08207836420856765
2.0870212765957445    0.07815192427362783
2.0888297872340424    0.07358306495385425
2.0906382978723403    0.06952880667629593
2.0924468085106382    0.06629003424802363
2.094255319148936    0.0631095374297248
2.096063829787234    0.05859479986264389
2.097872340425532    0.05156396677341364
2.09968085106383    0.04185535226319621
2.1014893617021277    0.03062860287252947
2.1032978723404256    0.019943066524467888
2.1051063829787235    0.011796554597939067
2.1069148936170214    0.007127217901658562
2.1087234042553193    0.005335499338445706
2.1105319148936172    0.0046253343791872285
2.112340425531915    0.003022345371720969
2.114148936170213    -0.000458854502707327
2.1159574468085105    -0.0051365052084241655
2.1177659574468084    -0.00887211871330643
2.1195744680851063    -0.009100087415758979
2.121382978723404    -0.004160105277237064
2.123191489361702    0.005762524657441412
2.125    0.018590648597856516
2.126808510638298    0.03124099935427098
2.128617021276596    0.04099480243715761
2.1304255319148937    0.04666136388726258
2.1322340425531916    0.04896582421381512
2.1340425531914895    0.05000829724071877
2.1358510638297874    0.052118820238639896
2.1376595744680853    0.05671472737660817
2.139468085106383    0.06371590700583436
2.141276595744681    0.07173931681914066
2.143085106382979    0.0788777500370016
2.1448936170212765    0.08359887862983857
2.1467021276595744    0.08530757726525544
2.1485106382978723    0.08436110238135165
2.15031914893617    0.08164724270465183
2.152127659574468    0.07804248311953486
2.153936170212766    0.07406148932396643
2.155744680851064    0.0698281814598768
2.1575531914893618    0.06527786715062635
2.1593617021276597    0.06037954572316516
2.1611702127659576    0.05520592992790506
2.1629787234042555    0.04982604460342782
2.1647872340425534    0.04413789729495195
2.1665957446808513    0.03780011926439261
2.168404255319149    0.030343498366496593
2.170212765957447    0.021410188991465733
2.172021276595745    0.010975793100303798
2.1738297872340424    -0.0005824125470932692
2.1756382978723403    -0.012611468429908316
2.177446808510638    -0.024428258335091532
2.179255319148936    -0.035550582117667213
2.181063829787234    -0.045805530722990866
2.182872340425532    -0.05528843537468132
2.18468085106383    -0.0642236112967938
2.1864893617021277    -0.0728083763870104
2.1882978723404256    -0.08110262580633032
2.1901063829787235    -0.08898914703814825
2.1919148936170214    -0.09620624654184895
2.1937234042553193    -0.10244780867849881
2.195531914893617    -0.1075149291156211
2.197340425531915    -0.11147002648385515
2.199148936170213    -0.11470359405767444
2.200957446808511    -0.11782074326032291
2.2027659574468084    -0.12132748426228027
2.2045744680851063    -0.12523066324679502
2.206382978723404    -0.1287814156994949
2.208191489361702    -0.13058922882677196
2.21    -0.12916692163141122
2.211808510638298    -0.12370140328452026
2.2136170212765958    -0.11464004523612409
2.2154255319148937    -0.10369695918313288
2.2172340425531916    -0.0931601971387489
2.2190425531914895    -0.08479012092385593
2.2208510638297874    -0.07889545192433897
2.2226595744680853    -0.07414475531300985
2.224468085106383    -0.06828898304898018
2.226276595744681    -0.059436233262196214
2.228085106382979    -0.047158291259959365
2.229893617021277    -0.032766792166157216
2.2317021276595743    -0.018571969758781733
2.233510638297872    -0.006555124459553519
2.23531914893617    0.002738842121232181
2.237127659574468    0.010402431050174977
2.238936170212766    0.018333072640176903
2.240744680851064    0.02789505247491423
2.2425531914893617    0.03893438894365247
2.2443617021276596    0.04978908858750455
2.2461702127659575    0.05830232789401991
2.2479787234042554    0.06319731125828529
2.2497872340425533    0.06493150843059894
2.251595744680851    0.06547559150696042
2.253404255319149    0.06714903539702835
2.255212765957447    0.07124471163369711
2.257021276595745    0.07730059279334214
2.258829787234043    0.08345232846525871
2.2606382978723403    0.08761031384773862
2.262446808510638    0.08870064263143382
2.264255319148936    0.0872088390293663
2.266063829787234    0.08474661440972298
2.267872340425532    0.08298985806644057
2.2696808510638298    0.08269705880429501
2.2714893617021277    0.08339759375871689
2.2732978723404256    0.08385572535375391
2.2751063829787235    0.08291681407535553
2.2769148936170214    0.08015577587259085
2.2787234042553193    0.07596225643435306
2.280531914893617    0.07112035309922504
2.282340425531915    0.06625926881515992
2.284148936170213    0.06156088945623506
2.285957446808511    0.05685020752876374
2.2877659574468088    0.051893716266415854
2.2895744680851062    0.04661923527259092
2.291382978723404    0.04110512073037505
2.293191489361702    0.03542372024557869
2.295    0.029549914092758353
2.296808510638298    0.023457210624012313
2.2986170212765957    0.01731018777476305
2.3004255319148936    0.01152526728588429
2.3022340425531915    0.00655204449313344
2.3040425531914894    0.0024764249108427186
2.3058510638297873    -0.0012426922452031125
2.3076595744680852    -0.005618719909936638
2.309468085106383    -0.011563488572972444
2.311276595744681    -0.019234312244455147
2.313085106382979    -0.027768952745072045
2.314893617021277    -0.035655780061173176
2.3167021276595747    -0.04155002094721344
2.3185106382978726    -0.0450068718284166
2.32031914893617    -0.046625579713755125
2.322127659574468    -0.047496067167813294
2.323936170212766    -0.048339184564964305
2.325744680851064    -0.04896752145928747
2.3275531914893617    -0.04847776378460503
2.3293617021276596    -0.04605733439775793
2.3311702127659575    -0.04182445449764516
2.3329787234042554    -0.03706482500724306
2.3347872340425533    -0.03363430722005267
2.336595744680851    -0.03288409755554611
2.338404255319149    -0.03481569090211027
2.340212765957447    -0.03803573386111407
2.342021276595745    -0.04055139371223673
2.343829787234043    -0.040896712566527674
2.3456382978723407    -0.03888694904710158
2.3474468085106386    -0.035576362625550764
2.349255319148936    -0.03252805773974579
2.351063829787234    -0.03091440601954068
2.352872340425532    -0.030992259078903205
2.3546808510638297    -0.0321697948381453
2.3564893617021276    -0.03347458935629299
2.3582978723404255    -0.03403791058924668
2.3601063829787234    -0.03332410532077267
2.3619148936170213    -0.031108618662176478
2.3637234042553192    -0.027396875188059736
2.365531914893617    -0.022440473725020726
2.367340425531915    -0.01681767635477329
2.369148936170213    -0.01140267048178507
2.370957446808511    -0.007099623986717131
2.3727659574468087    -0.004427143527864394
2.3745744680851066    -0.003219419248284428
2.3763829787234045    -0.0026875460422761026
2.378191489361702    -0.0018507902702041825
2.38    -7.696905575354813e-05
2.381808510638298    0.0026201506086119862
2.3836170212765957    0.005710032872090351
2.3854255319148936    0.008580926670814167
2.3872340425531915    0.010954184383936642
2.3890425531914894    0.012993188258765477
2.3908510638297873    0.01507316062344841
2.392659574468085    0.017433067007777425
2.394468085106383    0.01999444087580093
2.396276595744681    0.022469446477584188
2.398085106382979    0.02463724898426636
2.399893617021277    0.02654310159469721
2.4017021276595747    0.028458564638785693
2.4035106382978726    0.030649253155033033
2.4053191489361705    0.033149740005369494
2.407127659574468    0.03572365513248019
2.408936170212766    0.03802354273881402
2.4107446808510637    0.039806532828292676
2.4125531914893616    0.04103767166544742
2.4143617021276595    0.04182758713473926
2.4161702127659574    0.042292241165174535
2.4179787234042553    0.042467031399159916
2.4197872340425532    0.04233049352731004
2.421595744680851    0.04188026686404148
2.423404255319149    0.0411649117181665
2.425212765957447    0.04023864049950991
2.427021276595745    0.0390986233832982
2.4288297872340427    0.03768714335522462
2.4306382978723406    0.03596896150138937
2.4324468085106385    0.03400358635950286
2.4342553191489364    0.031923235452030935
2.436063829787234    0.029820568183930425
2.437872340425532    0.027656669046071426
2.4396808510638297    0.025302651121166135
2.4414893617021276    0.022703930267650628
2.4432978723404255    0.0200138669888058
2.4451063829787234    0.017533289123823022
2.4469148936170213    0.01545655173375561
2.448723404255319    0.013632969133828516
2.450531914893617    0.011600322506107614
2.452340425531915    0.008946757919409496
2.454148936170213    0.005748000041293798
2.455957446808511    0.0026846151761968327
2.4577659574468087    0.0006433878135307623
2.4595744680851066    3.491588162363515e-05
2.4613829787234045    0.0003679495431517163
2.4631914893617024    0.0005050929712226825
2.465    -0.0004911003185937167
2.4668085106382978    -0.002541135278871065
2.4686170212765957    -0.0044602005015193505
2.4704255319148936    -0.0047894788876590285
2.4722340425531915    -0.002991395098321717
2.4740425531914894    -7.0969558649203e-05
2.4758510638297873    0.0019619426837381025
2.477659574468085    0.0014942243435606428
2.479468085106383    -0.0014556842726081265
2.481276595744681    -0.005168048828031576
2.483085106382979    -0.00746944770422923
2.4848936170212768    -0.007409655372129135
2.4867021276595747    -0.006073532830349595
2.4885106382978726    -0.00583381426273974
2.4903191489361705    -0.00853862778902521
2.4921276595744684    -0.013987652924883295
2.493936170212766    -0.01988601954725976
2.4957446808510637    -0.02336824108592497
2.4975531914893616    -0.02299108961905202
2.4993617021276595    -0.019733307114724857
2.5011702127659574    -0.01629445659706551
2.5029787234042553    -0.015261858086364207
2.504787234042553    -0.01751702912923087
2.506595744680851    -0.021978804600983153
2.508404255319149    -0.026693464245557342
2.510212765957447    -0.030278478015949604
2.512021276595745    -0.032590401410901026
2.5138297872340427    -0.03426009545377469
2.5156382978723406    -0.03571619020567923
2.5174468085106385    -0.036669366433872475
2.5192553191489364    -0.036501076478468564
2.5210638297872343    -0.035107093784151194
2.5228723404255318    -0.03330464863464325
2.5246808510638297    -0.03231638856625908
2.5264893617021276    -0.03272475004138001
2.5282978723404255    -0.033842524927674034
2.5301063829787234    -0.03414679788479416
2.5319148936170213    -0.03250561782595282
2.533723404255319    -0.029187633909320027
2.535531914893617    -0.02575581272312725
2.537340425531915    -0.023854386621950087
2.539148936170213    -0.023849308781404913
2.5409574468085108    -0.024457173014010257
2.5427659574468087    -0.023717930863031103
2.5445744680851066    -0.0205643808131713
2.5463829787234045    -0.015733572713054964
2.5481914893617024    -0.011281489987192524
2.5500000000000003    -0.0090801763080436
2.551808510638298    -0.009476657522781807
2.5536170212765956    -0.011130505028404961
2.5554255319148935    -0.012081787816178791
2.5572340425531914    -0.011145629276969764
2.5590425531914893    -0.008553887304404938
2.560851063829787    -0.005460918062170264
2.562659574468085    -0.0028693361098726146
2.564468085106383    -0.000925033968619361
2.566276595744681    0.0008991621588392286
2.568085106382979    0.0030306450262147346
2.5698936170212767    0.005211591610933355
2.5717021276595746    0.006631625445592349
2.5735106382978725    0.006614575012608012
2.5753191489361704    0.005200460435956706
2.5771276595744683    0.003097585236628457
2.578936170212766    0.0010823751648172683
2.580744680851064    -0.0005780804355157277
2.5825531914893616    -0.002165047681879449
2.5843617021276595    -0.004030321724603684
2.5861702127659574    -0.006119337726959951
2.5879787234042553    -0.00799788478436202
2.589787234042553    -0.009374048920471823
2.591595744680851    -0.010585581380157586
2.593404255319149    -0.012496837353810464
2.595212765957447    -0.01577283684247377
2.5970212765957448    -0.020110574362549843
2.5988297872340427    -0.024141947290309287
2.6006382978723406    -0.02621755540230148
2.6024468085106385    -0.025541398733951268
2.6042553191489364    -0.022784065658030983
2.6060638297872343    -0.01966786352308276
2.607872340425532    -0.017809354948308098
2.60968085106383    -0.017680689851715885
2.6114893617021275    -0.01844645676391088
2.6132978723404254    -0.018742507130646527
2.6151063829787233    -0.017750696412633445
2.6169148936170212    -0.015747409444424383
2.618723404255319    -0.013769209206672555
2.620531914893617    -0.012739415470876422
2.622340425531915    -0.012773636870941917
2.624148936170213    -0.013169720962101849
2.6259574468085107    -0.01300871161302309
2.6277659574468086    -0.011833496747976062
2.6295744680851065    -0.00987590611013723
2.6313829787234044    -0.007720035985788486
2.6331914893617023    -0.005751567665230623
2.6350000000000002    -0.003881919488326932
2.636808510638298    -0.0017688205457985834
2.638617021276596    0.0006791500349442852
2.6404255319148935    0.0029740881610044916
2.6422340425531914    0.004225674564726156
2.6440425531914893    0.003747937338183829
2.645851063829787    0.0016528662624613593
2.647659574468085    -0.0010554693276149869
2.649468085106383    -0.0030386448202762125
2.651276595744681    -0.0035000014148445424
2.653085106382979    -0.002763369208002202
2.6548936170212767    -0.002094268312302733
2.6567021276595746    -0.0028253529283317255
2.6585106382978725    -0.005377163662575873
2.6603191489361704    -0.008895266094131802
2.6621276595744683    -0.011811503038560114
2.663936170212766    -0.012947880034760963
2.665744680851064    -0.012335209218897306
2.667553191489362    -0.011095551982273476
2.6693617021276594    -0.010450491348433871
2.6711702127659573    -0.010629417447858534
2.6729787234042552    -0.010576627568401737
2.674787234042553    -0.00874550495755965
2.676595744680851    -0.004380212983409213
2.678404255319149    0.0017533114697957874
2.680212765957447    0.007818770694638901
2.6820212765957447    0.012220993384436208
2.6838297872340426    0.014734184549301841
2.6856382978723405    0.016534904657748036
2.6874468085106384    0.01912657874535943
2.6892553191489363    0.023062700507119716
2.6910638297872342    0.027532825514327525
2.692872340425532    0.031126373061157727
2.69468085106383    0.03307482526776599
2.696489361702128    0.03387273837567795
2.6982978723404254    0.034742159205935
2.7001063829787233    0.03643809488075139
2.701914893617021    0.0384818605172188
2.703723404255319    0.039529852592913375
2.705531914893617    0.03857078088081471
2.707340425531915    0.035895017222875455
2.709148936170213    0.03296406734802938
2.7109574468085107    0.03126681123966772
2.7127659574468086    0.03113560632590011
2.7145744680851065    0.03152922797238812
2.7163829787234044    0.030947844458667134
2.7181914893617023    0.028674809705743508
2.72    0.025287969754868224
2.721808510638298    0.02204917763973919
2.723617021276596    0.019758145953264118
2.725425531914894    0.01808826355961713
2.7272340425531914    0.015957573695774246
2.7290425531914893    0.01256945694950859
2.730851063829787    0.008197349203505979
2.732659574468085    0.004046340330283803
2.734468085106383    0.001333431423596652
2.736276595744681    0.0003691508327197384
2.7380851063829788    0.00037384729931409495
2.7398936170212767    0.00012175922823150394
2.7417021276595746    -0.001146934354271199
2.7435106382978725    -0.00324775718809534
2.7453191489361704    -0.005295175252775602
2.7471276595744683    -0.006388929942775897
2.748936170212766    -0.006200181766647394
2.750744680851064    -0.005086758582009625
2.752553191489362    -0.003755479040537236
2.75436170212766    -0.0027723883187515293
2.7561702127659573    -0.0022446556427887527
2.757978723404255    -0.001829079987741328
2.759787234042553    -0.0010163975888541582
2.761595744680851    0.0004993187137916965
2.763404255319149    0.002597629951003728
2.765212765957447    0.004812853962726842
2.7670212765957447    0.006690810544403097
2.7688297872340426    0.00817469048540598
2.7706382978723405    0.009693015192913696
2.7724468085106384    0.011808385947977352
2.7742553191489363    0.014655125575848723
2.776063829787234    0.01764602545376031
2.777872340425532    0.019784050741154968
2.77968085106383    0.02041596655095615
2.781489361702128    0.019817767747552444
2.783297872340426    0.01904995915470256
2.7851063829787237    0.019107223661794577
2.786914893617021    0.020038483732033992
2.788723404255319    0.020821604749814218
2.790531914893617    0.02017239340150164
2.792340425531915    0.01763888057077568
2.7941489361702128    0.014030177805160145
2.7959574468085107    0.01077570072007792
2.7977659574468086    0.008754795779910948
2.7995744680851065    0.007627473232193382
2.8013829787234044    0.006261806212005174
2.8031914893617023    0.0038645789989915566
2.805    0.0007804540462864077
2.806808510638298    -0.0017689541109331035
2.808617021276596    -0.002756422220965675
2.810425531914894    -0.00223875786675257
2.8122340425531918    -0.0012577521488731057
2.8140425531914897    -0.0008773030039383222
2.815851063829787    -0.0012754933600474696
2.817659574468085    -0.0017205790606826402
2.819468085106383    -0.0013906744131963683
2.821276595744681    -0.00019660110856686364
2.8230851063829787    0.0011960367868931905
2.8248936170212766    0.0021306410704537626
2.8267021276595745    0.0027092956988662934
2.8285106382978724    0.003749994354194726
2.8303191489361703    0.005972801094003207
2.832127659574468    0.009216616867993528
2.833936170212766    0.012473308035996656
2.835744680851064    0.014729205928455929
2.837553191489362    0.015813258608226417
2.83936170212766    0.016446948226893965
2.8411702127659577    0.017473633559332083
2.8429787234042556    0.019037017308941778
2.844787234042553    0.020500162801285443
2.846595744680851    0.02113945237134713
2.848404255319149    0.02087711621111759
2.8502127659574468    0.020300655690074963
2.8520212765957447    0.01996188582869962
2.8538297872340426    0.019692982393257057
2.8556382978723405    0.0186667457963096
2.8574468085106384    0.016173606090644388
2.8592553191489363    0.012352434497283023
2.861063829787234    0.008141119621893254
2.862872340425532    0.00448002571494795
2.86468085106383    0.0015364409120028847
2.866489361702128    -0.00131500311939532
2.8682978723404258    -0.004781025109860735
2.8701063829787237    -0.008946755186546286
2.8719148936170216    -0.013271010630764458
2.873723404255319    -0.017222657359673366
2.875531914893617    -0.020834608527460757
2.877340425531915    -0.02455705028109047
2.8791489361702127    -0.028558758310517327
2.8809574468085106    -0.032252394692553615
2.8827659574468085    -0.03463429643335164
2.8845744680851064    -0.035192166289962634
2.8863829787234043    -0.034494912867364225
2.8881914893617022    -0.03381786803584769
2.89    -0.03407752089844866
2.891808510638298    -0.03505119331744623
2.893617021276596    -0.03562541509719899
2.895425531914894    -0.034850963709180255
2.8972340425531917    -0.03281420609269166
2.8990425531914896    -0.030513402401491682
2.9008510638297875    -0.028881723209974883
2.902659574468085    -0.027900189077474345
2.904468085106383    -0.02662738027476344
2.906276595744681    -0.024076900411298716
2.9080851063829787    -0.020085074127242628
2.9098936170212766    -0.015379239630414612
2.9117021276595745    -0.010867793612220122
2.9135106382978724    -0.006899299936875481
2.9153191489361703    -0.003183723482770684
2.917127659574468    0.0006516544423721374
2.918936170212766    0.004520801511987593
2.920744680851064    0.007910571064731437
2.922553191489362    0.01038948182485866
2.92436170212766    0.01199633254515153
2.9261702127659577    0.013081102942714327
2.9279787234042556    0.013798897362208132
2.9297872340425535    0.013850168209151432
2.931595744680851    0.012790542422686187
2.933404255319149    0.010595589270259567
2.9352127659574467    0.00785633877915605
2.9370212765957446    0.005350243668343137
2.9388297872340425    0.0033998568690801496
2.9406382978723404    0.0016823426570519743
2.9424468085106383    -0.0003022178101361186
2.9442553191489362    -0.0025954869762022633
2.946063829787234    -0.0046710613637368685
2.947872340425532    -0.00600410069619062
2.94968085106383    -0.006736434588324945
2.951489361702128    -0.0076970110191043805
2.9532978723404257    -0.009667721902615872
2.9551063829787236    -0.01258462119596494
2.9569148936170215    -0.015502057569530828
2.9587234042553194    -0.017431995819677307
2.960531914893617    -0.01828490123165853
2.962340425531915    -0.018978164830336642
2.9641489361702127    -0.020548645803263006
2.9659574468085106    -0.023084045695021243
2.9677659574468085    -0.025511023837742713
2.9695744680851064    -0.026495175454452364
2.9713829787234043    -0.02564824491737704
2.973191489361702    -0.023918141799113276
2.975    -0.022777891680647432
2.976808510638298    -0.02293867258700438
2.978617021276596    -0.023746444302443128
2.980425531914894    -0.02378225293819682
2.9822340425531917    -0.022087130757047938
2.9840425531914896    -0.018901161359198258
2.9858510638297875    -0.015308366201474497
2.9876595744680854    -0.012203201879903456
2.989468085106383    -0.009570720641928106
2.9912765957446807    -0.006698418384458966
2.9930851063829786    -0.0030224149341482546
2.9948936170212765    0.0012580670907683207
2.9967021276595744    0.005376310278271697
2.9985106382978723    0.00876257516105319
3.0003191489361702    0.011591747301285104
3.002127659574468    0.014564730157149
3.003936170212766    0.018135292665436134
3.005744680851064    0.021938392222962337
3.007553191489362    0.024991116647351645
3.0093617021276597    0.02650945304805808
3.0111702127659576    0.026600874262380232
3.0129787234042555    0.026193991456827402
3.0147872340425534    0.02625441949856653
3.0165957446808513    0.02698074099541179
3.0184042553191492    0.02769443007409149
3.0202127659574467    0.02751834735842138
3.0220212765957446    0.026234502208400214
3.0238297872340425    0.024547898152514118
3.0256382978723404    0.023504542438696818
3.0274468085106383    0.023560891863449188
3.029255319148936    0.024121601567970788
3.031063829787234    0.023968078008608507
3.032872340425532    0.022230275399768573
3.03468085106383    0.019078792778336677
3.036489361702128    0.015552938468732055
3.0382978723404257    0.012689422825483396
3.0401063829787236    0.010719350940266412
3.0419148936170215    0.009024490659301571
3.0437234042553194    0.006855424078943611
3.0455319148936173    0.004132578541654301
3.047340425531915    0.0015925725372247582
3.0491489361702127    0.00015715393547631159
3.0509574468085106    0.00012062622833370994
3.0527659574468085    0.0009068050543732927
3.0545744680851064    0.0015981044527687775
3.0563829787234043    0.0017117383269030417
3.058191489361702    0.0014856407292446097
3.06    0.0014377085079025182
3.061808510638298    0.0016825530433227035
3.063617021276596    0.0017211172208954236
3.0654255319148938    0.0009315413629402273
3.0672340425531917    -0.0007322914980735077
3.0690425531914896    -0.0025617705165751716
3.0708510638297875    -0.0036623838437430845
3.0726595744680854    -0.0037534358264110957
3.0744680851063833    -0.0034315560506239192
3.076276595744681    -0.0036332381956215762
3.0780851063829786    -0.004797792348635251
3.0798936170212765    -0.006509833674947457
3.0817021276595744    -0.007922931803536641
3.0835106382978723    -0.008515027813151096
3.08531914893617    -0.008444203365512038
3.087127659574468    -0.008218704491861163
3.088936170212766    -0.008093397997997367
3.090744680851064    -0.007843747688202413
3.092553191489362    -0.007125219837197166
3.0943617021276597    -0.00598384554670478
3.0961702127659576    -0.004921101878605311
3.0979787234042555    -0.004402186481538081
3.0997872340425534    -0.004317757107373839
3.1015957446808513    -0.004004642030621657
3.103404255319149    -0.0028806861185889966
3.105212765957447    -0.001104036629949721
3.1070212765957446    0.0004092321139124327
3.1088297872340425    0.0006848825327952811
3.1106382978723404    -0.0005033999288989422
3.1124468085106383    -0.0024460315042388135
3.114255319148936    -0.004085097686376714
3.116063829787234    -0.004837395490344267
3.117872340425532    -0.004939948623839664
3.11968085106383    -0.005085029984921279
3.1214893617021278    -0.005754556292997855
3.1232978723404257    -0.006867496068883137
3.1251063829787236    -0.00798152085913531
3.1269148936170215    -0.008754492721359253
3.1287234042553194    -0.009189346362215581
3.1305319148936173    -0.009478170881006286
3.132340425531915    -0.009684071705071799
3.134148936170213    -0.009627894154269269
3.1359574468085105    -0.009092083835604729
3.1377659574468084    -0.008108887819784725
3.1395744680851063    -0.007014839779534134
3.141382978723404    -0.006193391326272061
3.143191489361702    -0.00574043987426974
3.145    -0.005371269018182452
3.146808510638298    -0.0046724726760623315
3.148617021276596    -0.0034922998467483736
3.1504255319148937    -0.0021321210059412343
3.1522340425531916    -0.0011587373485272873
3.1540425531914895    -0.0009693158455078969
3.1558510638297874    -0.0014541599808473695
3.1576595744680853    -0.002042476334429632
3.159468085106383    -0.002119148533702397
3.161276595744681    -0.0014933578413701774
3.163085106382979    -0.0005366465748222692
3.1648936170212765    0.0001350382499459162
3.1667021276595744    0.0001753078902359385
3.1685106382978723    -0.00022589258141231721
3.17031914893617    -0.0005594290360456178
3.172127659574468    -0.0004952814931145548
3.173936170212766    -0.0001866021426017041
3.175744680851064    -7.886653420520359e-05
3.1775531914893618    -0.00040765967344040847
3.1793617021276597    -0.0008955275936028316
3.1811702127659576    -0.0009785666506298644
3.1829787234042555    -0.0003549143499202844
3.1847872340425534    0.0007088163812912815
3.1865957446808513    0.001654775517652103
3.188404255319149    0.0022263150822511126
3.190212765957447    0.0027392326919520055
3.192021276595745    0.0036963179280136964
3.1938297872340424    0.005114995605232261
3.1956382978723403    0.006310737848747977
3.1974468085106382    0.006469557906250615
3.199255319148936    0.005511273175852429
3.201063829787234    0.004351381820866132
3.202872340425532    0.004188999829223002
3.20468085106383    0.005422149005867519
3.2064893617021277    0.007234360482207099
3.2082978723404256    0.00830213683017412
3.2101063829787235    0.007984166034324112
3.2119148936170214    0.006858096297843506
3.2137234042553193    0.006095641995223881
3.2155319148936172    0.006306948073378275
3.217340425531915    0.006994643142061826
3.219148936170213    0.0071216258877581096
3.220957446808511    0.006169606661796901
3.2227659574468084    0.004602378546787354
3.2245744680851063    0.003306649125465109
3.226382978723404    0.00265473178093132
3.228191489361702    0.002193282467143254
3.23    0.0012543339255545816
3.231808510638298    -0.000215792245584788
3.233617021276596    -0.0015370945408630897
3.2354255319148937    -0.0020325030415919544
3.2372340425531916    -0.0018294324415104126
3.2390425531914895    -0.0018461634182894058
3.2408510638297874    -0.00293383563258923
3.2426595744680853    -0.005029678406740271
3.244468085106383    -0.007168920311218862
3.246276595744681    -0.008330407484910408
3.248085106382979    -0.008278884196664487
3.249893617021277    -0.007634427720844165
3.251702127659575    -0.007214244997224733
3.2535106382978722    -0.0073676249795774085
3.25531914893617    -0.007899246710374917
3.257127659574468    -0.008483325520731017
3.258936170212766    -0.009008550100596934
3.260744680851064    -0.009513365771431685
3.2625531914893617    -0.009925415153101427
3.2643617021276596    -0.010028026357603779
3.2661702127659575    -0.009730525402999474
3.2679787234042554    -0.00928499955147797
3.2697872340425533    -0.009121453263790578
3.2715957446808512    -0.009434591949859412
3.273404255319149    -0.009981242036033934
3.275212765957447    -0.01032655814090451
3.277021276595745    -0.010259657302794871
3.278829787234043    -0.009905196783125896
3.2806382978723407    -0.009430335466080741
3.282446808510638    -0.008744840694758445
3.284255319148936    -0.007604279927818369
3.286063829787234    -0.006014220962682549
3.287872340425532    -0.004409860895164831
3.28968085106383    -0.0032980813164664056
3.2914893617021277    -0.002697816986796368
3.2932978723404256    -0.002036374346679746
3.2951063829787235    -0.0007128789290334905
3.2969148936170214    0.0012255123540439107
3.2987234042553193    0.003052413787216843
3.300531914893617    0.004075454016666782
3.302340425531915    0.0043601030194469915
3.304148936170213    0.00466840376628499
3.305957446808511    0.005649674011373286
3.307765957446809    0.007151496827837566
3.3095744680851067    0.008406938457084208
3.311382978723404    0.008889183440695525
3.313191489361702    0.00887494969745904
3.315    0.009082821029646021
3.316808510638298    0.009808508939007662
3.3186170212765957    0.010569550780757312
3.3204255319148936    0.01069718768779067
3.3222340425531915    0.010200904696481836
3.3240425531914894    0.009864076594802257
3.3258510638297873    0.010380619974879669
3.3276595744680852    0.011482307687939548
3.329468085106383    0.012109227823534312
3.331276595744681    0.011543929674914877
3.333085106382979    0.010291929644065277
3.334893617021277    0.009667811330664385
3.3367021276595747    0.010431627725749971
3.3385106382978726    0.011917993354697681
3.34031914893617    0.012649314592363356
3.342127659574468    0.01184271770166498
3.343936170212766    0.010214928529821808
3.345744680851064    0.009198953765082613
3.3475531914893617    0.00938732239713583
3.3493617021276596    0.009867735830798844
3.3511702127659575    0.009170116916676933
3.3529787234042554    0.006810495234114417
3.3547872340425533    0.0037824166530478955
3.356595744680851    0.0015024012254641807
3.358404255319149    0.0003917435767171488
3.360212765957447    -0.0003648002274189967
3.362021276595745    -0.0016798325848311527
3.363829787234043    -0.0033773667698430644
3.3656382978723407    -0.004325895640384858
3.3674468085106386    -0.0037578489806001404
3.369255319148936    -0.0022899294218012905
3.371063829787234    -0.0014609426080614382
3.372872340425532    -0.0022292100999117205
3.3746808510638298    -0.0040237801004800455
3.3764893617021277    -0.0053562479986099445
3.3782978723404256    -0.005327879349937255
3.3801063829787235    -0.004440864565079998
3.3819148936170214    -0.003923717235645418
3.3837234042553193    -0.004388455128441765
3.385531914893617    -0.0052884026002786785
3.387340425531915    -0.005684750338597831
3.389148936170213    -0.0053802640518108985
3.390957446808511    -0.00513945373505424
3.3927659574468088    -0.005793362946669921
3.3945744680851067    -0.007266599412347427
3.3963829787234046    -0.00860073466691229
3.398191489361702    -0.008912134076833613
3.4    -0.008223541116914876
3.401808510638298    -0.007320995766584829
3.4036170212765957    -0.006887220980833737
3.4054255319148936    -0.006885723728899467
3.4072340425531915    -0.006775590125648576
3.4090425531914894    -0.00617806558837058
3.4108510638297873    -0.005206779260170699
3.412659574468085    -0.0041911456191017875
3.414468085106383    -0.0032561991104963417
3.416276595744681    -0.0022966039413906507
3.418085106382979    -0.0012935389868862631
3.419893617021277    -0.0004665465991452323
3.4217021276595747    -1.644160073060682e-06
3.4235106382978726    0.0002947272093855552
3.4253191489361705    0.0009046014021898588
3.427127659574468    0.0020838560006272086
3.428936170212766    0.003508349409449169
3.4307446808510638    0.004545210901069493
3.4325531914893617    0.004897348897814512
3.4343617021276596    0.004902747884551047
3.4361702127659575    0.00513875928576376
3.4379787234042554    0.00577996569246953
3.4397872340425533    0.006445612603628507
3.441595744680851    0.006694619100802377
3.443404255319149    0.006559473978886871
3.445212765957447    0.006472399689328283
3.447021276595745    0.006683381090380139
3.4488297872340428    0.0069041453288170825
3.4506382978723407    0.006650548139230056
3.4524468085106386    0.005887348670490644
3.4542553191489365    0.005156518520489752
3.456063829787234    0.004952731178463755
3.457872340425532    0.005048474952587266
3.4596808510638297    0.004628389713230458
3.4614893617021276    0.0031987752188428935
3.4632978723404255    0.001283290389270191
3.4651063829787234    4.626364511158866e-05
3.4669148936170213    0.00014446550583762323
3.468723404255319    0.0010217988492336816
3.470531914893617    0.0014544711863977988
3.472340425531915    0.0008124213914367821
3.474148936170213    -0.00030173739876944764
3.475957446808511    -0.0007225589391605422
3.4777659574468087    2.9153846208017798e-05
3.4795744680851066    0.001267304855483885
3.4813829787234045    0.001919735955860963
3.4831914893617024    0.0016744956470279202
3.4850000000000003    0.0012347146252835888
3.4868085106382978    0.0014522971507426024
3.4886170212765957    0.0023570964412019156
3.4904255319148936    0.003168562370231336
3.4922340425531915    0.0032294881848940462
3.4940425531914894    0.002763684433753459
3.4958510638297873    0.0025979124129547684
3.497659574468085    0.0031943842605659913
3.499468085106383    0.0041162468700118035
3.501276595744681    0.00452374536951406
3.503085106382979    0.004107207197768141
3.5048936170212768    0.0033833543635764596
3.5067021276595747    0.0030435198817247953
3.5085106382978726    0.0031403674569813406
3.5103191489361705    0.003063651259006925
3.5121276595744684    0.0023172377909900484
3.5139361702127663    0.0011730097718798608
3.5157446808510637    0.000423710717603748
3.5175531914893616    0.000502308986569853
3.5193617021276595    0.0009665100487777563
3.5211702127659574    0.0009323506048561026
3.5229787234042553    -2.6774323875458053e-05
3.5247872340425532    -0.0014986637394595707
3.526595744680851    -0.0027430290460683784
3.528404255319149    -0.0034814543126525923
3.530212765957447    -0.0041051562049000175
3.532021276595745    -0.005153272809384367
3.5338297872340427    -0.006718704404859525
3.5356382978723406    -0.008426011820040163
3.5374468085106385    -0.00989493162244245
3.5392553191489364    -0.011070457688042464
3.5410638297872343    -0.012068915645684778
3.5428723404255322    -0.012852605925398412
3.5446808510638297    -0.013240597519598126
3.5464893617021276    -0.013258902544339446
3.5482978723404255    -0.013308158487458003
3.5501063829787234    -0.013801354086125256
3.5519148936170213    -0.014624999653286957
3.553723404255319    -0.015113308661222699
3.555531914893617    -0.014693471900316267
3.557340425531915    -0.013532011850065988
3.559148936170213    -0.012406512018187614
3.560957446808511    -0.01186737656312069
3.5627659574468087    -0.011612355119569656
3.5645744680851066    -0.010829605807875254
3.5663829787234045    -0.009178766989298969
3.5681914893617024    -0.007295206341696876
3.5700000000000003    -0.006177447598807947
3.571808510638298    -0.006084046771073217
3.5736170212765956    -0.006188845070377683
3.5754255319148935    -0.005450307277249414
3.5772340425531914    -0.003777343842639015
3.5790425531914893    -0.0021784132146066273
3.5808510638297872    -0.0016708354353839054
3.582659574468085    -0.0021251441057863287
3.584468085106383    -0.002344269905610732
3.586276595744681    -0.0013398727520804164
3.588085106382979    0.0005695206735993995
3.5898936170212767    0.002051663628954516
3.5917021276595746    0.0021503599591455327
3.5935106382978725    0.0012828662665813804
3.5953191489361704    0.0007922993587038589
3.5971276595744683    0.001574891970455208
3.5989361702127662    0.003266814359317576
3.600744680851064    0.004795378054031593
3.6025531914893616    0.005582468010033025
3.6043617021276595    0.006039324979434645
3.6061702127659574    0.0068839331832730635
3.6079787234042553    0.008167869373252338
3.609787234042553    0.00916804230031112
3.611595744680851    0.009229410444770944
3.613404255319149    0.008525205704982884
3.615212765957447    0.007830233923783054
