0.0    0.0
0.0018085106382978724    0.0
0.003617021276595745    0.0
0.005425531914893617    0.0
0.00723404255319149    0.0
0.009042553191489363    0.0
0.010851063829787235    0.0
0.012659574468085107    0.0
0.01446808510638298    0.0
0.016276595744680853    0.0
0.018085106382978725    0.0
0.019893617021276597    0.0
0.02170212765957447    0.0
0.023510638297872342    0.0
0.025319148936170214    0.0
0.027127659574468086    0.0
0.02893617021276596    0.0
0.03074468085106383    0.0
0.032553191489361706    0.0
0.03436170212765958    0.0
0.03617021276595745    0.0
0.03797872340425532    0.0
0.039787234042553195    0.0
0.04159574468085107    0.0
0.04340425531914894    0.0
0.04521276595744681    0.0
0.047021276595744683    0.0
0.048829787234042556    0.0
0.05063829787234043    0.0
0.0524468085106383    0.0
0.05425531914893617    0.0
0.056063829787234044    0.0
0.05787234042553192    0.0
0.05968085106382979    0.0
0.06148936170212766    0.0
0.06329787234042554    0.0
0.06510638297872341    0.0
0.06691489361702128    0.0
0.06872340425531916    0.0
0.07053191489361703    0.0
0.0723404255319149    0.0
0.07414893617021277    0.0
0.07595744680851065    0.0
0.07776595744680852    0.0
0.07957446808510639    0.0
0.08138297872340426    0.0
0.08319148936170213    0.0
0.085    0.0
0.08680851063829788    0.0
0.08861702127659575    0.0
0.09042553191489362    0.0
0.0922340425531915    0.0
0.09404255319148937    0.0
0.09585106382978724    0.0
0.09765957446808511    0.0
0.09946808510638298    0.0
0.10127659574468086    0.0
0.10308510638297873    0.0
0.1048936170212766    0.0
0.10670212765957447    0.0
0.10851063829787234    0.0
0.11031914893617022    0.0
0.11212765957446809    0.0
0.11393617021276596    0.0
0.11574468085106383    0.0
0.1175531914893617    0.0
0.11936170212765958    0.0
0.12117021276595745    0.0
0.12297872340425532    0.0
0.1247872340425532    0.0
0.12659574468085108    0.0
0.12840425531914895    0.0
0.13021276595744682    0.0
0.1320212765957447    0.0
0.13382978723404257    0.0
0.13563829787234044    0.0
0.1374468085106383    0.0
0.13925531914893619    0.0
0.14106382978723406    0.0
0.14287234042553193    0.0
0.1446808510638298    0.0
0.14648936170212767    0.0
0.14829787234042555    0.0
0.15010638297872342    0.0
0.1519148936170213    0.0
0.15372340425531916    0.0
0.15553191489361703    0.0
0.1573404255319149    0.0
0.15914893617021278    0.0
0.16095744680851065    0.0
0.16276595744680852    0.0
0.1645744680851064    0.0
0.16638297872340427    0.0
0.16819148936170214    0.0
0.17    0.0
0.17180851063829788    0.0
0.17361702127659576    0.0
0.17542553191489363    0.0
0.1772340425531915    0.0
0.17904255319148937    0.0
0.18085106382978725    0.0
0.18265957446808512    0.0
0.184468085106383    0.0
0.18627659574468086    0.0
0.18808510638297873    0.0
0.1898936170212766    0.0
0.19170212765957448    0.0
0.19351063829787235    0.0
0.19531914893617022    0.0
0.1971276595744681    0.0
0.19893617021276597    0.0
0.20074468085106384    0.0
0.2025531914893617    0.0
0.20436170212765958    0.0
0.20617021276595746    0.0
0.20797872340425533    0.0
0.2097872340425532    0.0
0.21159574468085107    0.0
0.21340425531914894    0.0
0.21521276595744682    0.0
0.2170212765957447    0.0
0.21882978723404256    0.0
0.22063829787234043    0.0
0.2224468085106383    0.0
0.22425531914893618    0.0
0.22606382978723405    0.0
0.22787234042553192    0.0
0.2296808510638298    0.0
0.23148936170212767    0.0
0.23329787234042554    0.0
0.2351063829787234    0.0
0.23691489361702128    0.0
0.23872340425531915    0.0
0.24053191489361703    0.0
0.2423404255319149    0.0
0.24414893617021277    0.0
0.24595744680851064    0.0
0.24776595744680852    0.0
0.2495744680851064    0.0
0.25138297872340426    0.0
0.25319148936170216    0.0
0.255    0.0
0.2568085106382979    0.0
0.25861702127659575    0.0
0.26042553191489365    0.0
0.2622340425531915    0.0
0.2640425531914894    0.0
0.26585106382978724    0.0
0.26765957446808514    0.0
0.269468085106383    0.0
0.2712765957446809    0.0
0.2730851063829787    0.0
0.2748936170212766    0.0
0.27670212765957447    0.0
0.27851063829787237    0.0
0.2803191489361702    0.0
0.2821276595744681    0.0
0.28393617021276596    0.0
0.28574468085106386    0.0
0.2875531914893617    0.0
0.2893617021276596    0.0
0.29117021276595745    0.0
0.29297872340425535    0.0
0.2947872340425532    0.0
0.2965957446808511    0.0
0.29840425531914894    0.0
0.30021276595744684    0.0
0.3020212765957447    0.0
0.3038297872340426    0.0
0.3056382978723404    0.0
0.3074468085106383    0.0
0.30925531914893617    0.0
0.31106382978723407    0.0
0.3128723404255319    0.0
0.3146808510638298    0.0
0.31648936170212766    0.0
0.31829787234042556    0.0
0.3201063829787234    0.0
0.3219148936170213    0.0
0.32372340425531915    0.0
0.32553191489361705    0.0
0.3273404255319149    0.0
0.3291489361702128    0.0
0.33095744680851064    0.0
0.33276595744680854    0.0
0.3345744680851064    0.0
0.3363829787234043    0.0
0.3381914893617021    0.0
0.34    0.0
0.34180851063829787    0.0
0.34361702127659577    0.0
0.3454255319148936    0.0
0.3472340425531915    0.0
0.34904255319148936    0.0
0.35085106382978726    0.0
0.3526595744680851    0.0
0.354468085106383    0.0
0.35627659574468085    0.0
0.35808510638297875    0.0
0.3598936170212766    0.0
0.3617021276595745    0.0
0.36351063829787233    0.0
0.36531914893617023    0.0
0.3671276595744681    0.0
0.368936170212766    0.0
0.3707446808510638    0.0
0.3725531914893617    0.0
0.37436170212765957    0.0
0.37617021276595747    0.0
0.3779787234042553    0.0
0.3797872340425532    0.0
0.38159574468085106    0.0
0.38340425531914896    0.0
0.3852127659574468    0.0
0.3870212765957447    0.0
0.38882978723404255    0.0
0.39063829787234045    0.0
0.3924468085106383    0.0
0.3942553191489362    0.0
0.39606382978723403    0.0
0.39787234042553193    0.0
0.3996808510638298    0.0
0.4014893617021277    0.0
0.4032978723404255    0.0
0.4051063829787234    0.0
0.40691489361702127    0.0
0.40872340425531917    0.0
0.410531914893617    0.0
0.4123404255319149    0.0
0.41414893617021276    0.0
0.41595744680851066    0.0
0.4177659574468085    0.0
0.4195744680851064    0.0
0.42138297872340424    0.0
0.42319148936170214    0.0
0.425    0.0
0.4268085106382979    0.0
0.42861702127659573    0.0
0.43042553191489363    0.0
0.4322340425531915    0.0
0.4340425531914894    0.0
0.4358510638297872    0.0
0.4376595744680851    0.0
0.43946808510638297    0.0
0.44127659574468087    0.0
0.4430851063829787    0.0
0.4448936170212766    0.0
0.44670212765957445    0.0
0.44851063829787235    0.0
0.4503191489361702    0.0
0.4521276595744681    0.0
0.45393617021276594    0.0
0.45574468085106384    0.0
0.4575531914893617    0.0
0.4593617021276596    0.0
0.46117021276595743    0.0
0.46297872340425533    0.0
0.46478723404255323    0.0
0.4665957446808511    0.0
0.468404255319149    0.0
0.4702127659574468    0.0
0.4720212765957447    0.0
0.47382978723404257    0.0
0.47563829787234047    0.0
0.4774468085106383    0.0
0.4792553191489362    0.0
0.48106382978723405    0.0
0.48287234042553195    0.0
0.4846808510638298    0.0
0.4864893617021277    0.0
0.48829787234042554    0.0
0.49010638297872344    0.0
0.4919148936170213    0.0
0.4937234042553192    0.0
0.49553191489361703    0.0
0.49734042553191493    0.0
0.4991489361702128    0.0
0.5009574468085106    0.0
0.5027659574468085    0.0
0.5045744680851064    0.0
0.5063829787234043    0.0
0.5081914893617021    0.0
0.51    0.0
0.5118085106382979    0.0
0.5136170212765958    0.0
0.5154255319148936    0.0
0.5172340425531915    0.0
0.5190425531914894    0.0
0.5208510638297873    0.0
0.5226595744680851    0.0
0.524468085106383    0.0
0.5262765957446809    0.0
0.5280851063829788    0.0
0.5298936170212766    0.0
0.5317021276595745    0.0
0.5335106382978724    0.0
0.5353191489361703    0.0
0.5371276595744681    0.0
0.538936170212766    0.0
0.5407446808510639    0.0
0.5425531914893618    0.0
0.5443617021276596    0.0
0.5461702127659575    0.0
0.5479787234042554    0.0
0.5497872340425533    0.0
0.551595744680851    0.0
0.5534042553191489    0.0
0.5552127659574468    0.0
0.5570212765957447    0.0
0.5588297872340425    0.0
0.5606382978723404    0.0
0.5624468085106383    0.0
0.5642553191489362    0.0
0.566063829787234    0.0
0.5678723404255319    0.0
0.5696808510638298    0.0
0.5714893617021277    0.0
0.5732978723404255    0.0
0.5751063829787234    0.0
0.5769148936170213    0.0
0.5787234042553192    0.0
0.580531914893617    0.0
0.5823404255319149    0.0
0.5841489361702128    0.0
0.5859574468085107    0.0
0.5877659574468085    0.0
0.5895744680851064    0.0
0.5913829787234043    0.0
0.5931914893617022    0.0
0.595    0.0
0.5968085106382979    0.0
0.5986170212765958    0.0
0.6004255319148937    0.0
0.6022340425531915    0.0
0.6040425531914894    0.0
0.6058510638297873    0.0
0.6076595744680852    0.0
0.609468085106383    0.0
0.6112765957446809    0.0
0.6130851063829788    0.0
0.6148936170212767    0.0
0.6167021276595744    0.0
0.6185106382978723    0.0
0.6203191489361702    0.0
0.6221276595744681    0.0
0.6239361702127659    0.0
0.6257446808510638    0.0
0.6275531914893617    0.0
0.6293617021276596    0.0
0.6311702127659574    0.0
0.6329787234042553    0.0
0.6347872340425532    0.0
0.6365957446808511    0.0
0.6384042553191489    0.0
0.6402127659574468    0.0
0.6420212765957447    0.0
0.6438297872340426    0.0
0.6456382978723404    0.0
0.6474468085106383    0.0
0.6492553191489362    0.0
0.6510638297872341    0.0
0.6528723404255319    0.0
0.6546808510638298    0.0
0.6564893617021277    0.0
0.6582978723404256    0.0
0.6601063829787234    0.0
0.6619148936170213    0.0
0.6637234042553192    0.0
0.6655319148936171    0.0
0.6673404255319149    0.0
0.6691489361702128    0.0
0.6709574468085107    0.0
0.6727659574468086    0.0
0.6745744680851063    0.0
0.6763829787234042    0.0
0.6781914893617021    0.0
0.68    0.0
0.6818085106382978    0.0
0.6836170212765957    0.0
0.6854255319148936    0.0
0.6872340425531915    0.0
0.6890425531914893    0.0
0.6908510638297872    0.0
0.6926595744680851    0.0
0.694468085106383    0.0
0.6962765957446809    0.0
0.6980851063829787    0.0
0.6998936170212766    0.0
0.7017021276595745    0.0
0.7035106382978724    0.0
0.7053191489361702    0.0
0.7071276595744681    0.0
0.708936170212766    0.0
0.7107446808510639    0.0
0.7125531914893617    0.0
0.7143617021276596    0.0
0.7161702127659575    0.0
0.7179787234042554    0.0
0.7197872340425532    0.0
0.7215957446808511    0.0
0.723404255319149    0.0
0.7252127659574469    0.0
0.7270212765957447    0.0
0.7288297872340426    0.0
0.7306382978723405    0.0
0.7324468085106384    0.0
0.7342553191489362    0.0
0.7360638297872341    0.0
0.737872340425532    0.0
0.7396808510638299    0.0
0.7414893617021276    0.0
0.7432978723404255    0.0
0.7451063829787234    0.0
0.7469148936170213    0.0
0.7487234042553191    0.0
0.750531914893617    0.0
0.7523404255319149    0.0
0.7541489361702128    0.0
0.7559574468085106    0.0
0.7577659574468085    0.0
0.7595744680851064    0.0
0.7613829787234043    7e-323
0.7631914893617021    1.833e-321
0.765    4.4777e-320
0.7668085106382979    1.07656e-318
0.7686170212765958    2.552238e-317
0.7704255319148936    5.96775545e-316
0.7722340425531915    1.3764674847e-314
0.7740425531914894    3.13210941895e-313
0.7758510638297873    7.031914315247e-312
0.7776595744680851    1.5578467165333e-310
0.779468085106383    3.4059514347686e-309
0.7812765957446809    7.349572388132483e-308
0.7830851063829788    1.5654607097097826e-306
0.7848936170212766    3.291733170270401e-305
0.7867021276595745    6.8336793900603045e-304
0.7885106382978724    1.4008014665797582e-302
0.7903191489361703    2.835531055131782e-301
0.7921276595744681    5.668540129154221e-300
0.793936170212766    1.1192563429664117e-298
0.7957446808510639    2.182987867116364e-297
0.7975531914893618    4.2060824556860323e-296
0.7993617021276596    8.006627583238018e-295
0.8011702127659575    1.5059375242875126e-293
0.8029787234042554    2.7989122363801184e-292
0.8047872340425533    5.1408574355385146e-291
0.806595744680851    9.33220338938381e-290
0.808404255319149    1.6744533255126675e-288
0.8102127659574468    2.969883700687779e-287
0.8120212765957447    5.207391080662555e-286
0.8138297872340425    9.02716961305039e-285
0.8156382978723404    1.5472819762710932e-283
0.8174468085106383    2.622461360625011e-282
0.8192553191489362    4.395470073466686e-281
0.821063829787234    7.286056170295757e-280
0.8228723404255319    1.1945506216462978e-278
0.8246808510638298    1.9372019764731887e-277
0.8264893617021277    3.1076818422363735e-276
0.8282978723404255    4.9319885968255355e-275
0.8301063829787234    7.743968558695416e-274
0.8319148936170213    1.2030753238005285e-272
0.8337234042553192    1.84944356332123e-271
0.835531914893617    2.8134504693862762e-270
0.8373404255319149    4.2356288212669894e-269
0.8391489361702128    6.311129037287326e-268
0.8409574468085107    9.307574048786946e-267
0.8427659574468085    1.358737527626446e-265
0.8445744680851064    1.96351063271188e-264
0.8463829787234043    2.809041684504548e-263
0.8481914893617022    3.9786763953927784e-262
0.85    5.579592411240833e-261
0.8518085106382979    7.747780886281789e-260
0.8536170212765958    1.0653453586240502e-258
0.8554255319148937    1.4506700429531783e-257
0.8572340425531915    1.956314081404085e-256
0.8590425531914894    2.61292226204121e-255
0.8608510638297873    3.456673084880728e-254
0.8626595744680852    4.5295980891506284e-253
0.864468085106383    5.879709880429056e-252
0.8662765957446809    7.560874339713658e-251
0.8680851063829788    9.632361401588332e-250
0.8698936170212767    1.2158012471891899e-248
0.8717021276595744    1.5204971977751006e-247
0.8735106382978723    1.884194636600523e-246
0.8753191489361702    2.313697630840906e-245
0.8771276595744681    2.8154736581352387e-244
0.8789361702127659    3.39534120485032e-243
0.8807446808510638    4.058123566836635e-242
0.8825531914893617    4.8072813084512515e-241
0.8843617021276596    5.644539518090467e-240
0.8861702127659574    6.569529167392508e-239
0.8879787234042553    7.579464193559398e-238
0.8897872340425532    8.668877058151397e-237
0.8915957446808511    9.829435225409582e-236
0.8934042553191489    1.1049859072472199e-234
0.8952127659574468    1.2315958135019834e-233
0.8970212765957447    1.3610797385669527e-232
0.8988297872340426    1.4914998666152944e-231
0.9006382978723404    1.6207174815681307e-230
0.9024468085106383    1.746448594399531e-229
0.9042553191489362    1.866329925987077e-228
0.9060638297872341    1.9779926493927587e-227
0.9078723404255319    2.079140684306853e-226
0.9096808510638298    2.1676299037391555e-225
0.9114893617021277    2.241544399276424e-224
0.9132978723404256    2.2992659805108525e-223
0.9151063829787234    2.3395333618466144e-222
0.9169148936170213    2.3614880012318096e-221
0.9187234042553192    2.3647042669672504e-220
0.9205319148936171    2.3492024709988997e-219
0.9223404255319149    2.3154442585478636e-218
0.9241489361702128    2.264310816645798e-217
0.9259574468085107    2.1970652896470693e-216
0.9277659574468086    2.115301604891146e-215
0.9295744680851065    2.0208825636685027e-214
0.9313829787234043    1.915870503284704e-213
0.9331914893617022    1.802454064147045e-212
0.935    1.682874598150991e-211
0.936808510638298    1.5593555450667534e-210
0.9386170212765957    1.4340377108051775e-209
0.9404255319148936    1.3089228454727237e-208
0.9422340425531915    1.1858272873509925e-207
0.9440425531914894    1.066346761506474e-206
0.9458510638297872    9.518327473340053e-206
0.9476595744680851    8.43380201459202e-205
0.949468085106383    7.418258765031017e-204
0.9512765957446809    6.477560377518676e-203
0.9530851063829787    5.615220635596751e-202
0.9548936170212766    4.832622256186142e-201
0.9567021276595745    4.1292787689018215e-200
0.9585106382978724    3.5031231511391124e-199
0.9603191489361702    2.9508071987259103e-198
0.9621276595744681    2.4679975931559037e-197
0.963936170212766    2.0496570574867786e-196
0.9657446808510639    1.6903016505127078e-195
0.9675531914893617    1.3842279321443397e-194
0.9693617021276596    1.1257062750074568e-193
0.9711702127659575    9.091388708934069e-193
0.9729787234042554    7.291829003705602e-192
0.9747872340425532    5.808408540369948e-191
0.9765957446808511    4.595211043390422e-190
0.978404255319149    3.610725462736669e-189
0.9802127659574469    2.8179749384470783e-188
0.9820212765957447    2.1844709112926298e-187
0.9838297872340426    1.682033336456484e-186
0.9856382978723405    1.2865146002459577e-185
0.9874468085106384    9.774602494300915e-185
0.9892553191489362    7.377345429070468e-184
0.9910638297872341    5.531335623517599e-183
0.992872340425532    4.120035122203528e-182
0.9946808510638299    3.048771443350226e-181
0.9964893617021277    2.2413711465602554e-180
0.9982978723404256    1.637116004557426e-179
1.0001063829787233    1.18804694474164e-178
1.0019148936170212    8.566192226814328e-178
1.0037234042553191    6.136964172791258e-177
1.005531914893617    4.3686002504104744e-176
1.007340425531915    3.0900482236653823e-175
1.0091489361702128    2.1718689941085313e-174
1.0109574468085107    1.516905395086169e-173
1.0127659574468086    1.0528120702240733e-172
1.0145744680851063    7.261420586493698e-172
1.0163829787234042    4.97715880811708e-171
1.0181914893617021    3.390324514401002e-170
1.02    2.295152298966807e-169
1.021808510638298    1.5441970715714117e-168
1.0236170212765958    1.0325838583004397e-167
1.0254255319148937    6.86261531778312e-167
1.0272340425531916    4.53321095084472e-166
1.0290425531914893    2.976352040610214e-165
1.0308510638297872    1.9423827714562694e-164
1.032659574468085    1.2599910365946514e-163
1.034468085106383    8.124414907926958e-163
1.036276595744681    5.207371110945008e-162
1.0380851063829788    3.317847890125652e-161
1.0398936170212767    2.101432997870368e-160
1.0417021276595746    1.3231384835933768e-159
1.0435106382978723    8.28199938105682e-159
1.0453191489361702    5.1536462534331895e-158
1.047127659574468    3.1882534259092064e-157
1.048936170212766    1.9609165077162967e-156
1.0507446808510639    1.1990645087666312e-155
1.0525531914893618    7.28974329179076e-155
1.0543617021276597    4.406331294264904e-154
1.0561702127659576    2.64817202017424e-153
1.0579787234042553    1.5824434695792474e-152
1.0597872340425532    9.402253137985883e-152
1.061595744680851    5.554769993198473e-151
1.063404255319149    3.2631665252648585e-150
1.0652127659574468    1.906162603130716e-149
1.0670212765957447    1.1072270004657157e-148
1.0688297872340426    6.395548521444757e-148
1.0706382978723405    3.6735982322794347e-147
1.0724468085106382    2.0983913951323223e-146
1.0742553191489361    1.19198419681104e-145
1.076063829787234    6.733669132299132e-145
1.077872340425532    3.783017646440214e-144
1.0796808510638298    2.113675225321204e-143
1.0814893617021277    1.1745171224573914e-142
1.0832978723404256    6.49096843004459e-142
1.0851063829787235    3.567766867175609e-141
1.0869148936170212    1.9504192667931527e-140
1.088723404255319    1.0605024493559076e-139
1.090531914893617    5.735286857137878e-139
1.092340425531915    3.085076266564727e-138
1.0941489361702128    1.6506363856375852e-137
1.0959574468085107    8.784540880005555e-137
1.0977659574468086    4.650248917919683e-136
1.0995744680851065    2.4486689992610546e-135
1.1013829787234042    1.2825902310728256e-134
1.103191489361702    6.682775721754561e-134
1.105    3.4637301509932695e-133
1.1068085106382979    1.7858971827055924e-132
1.1086170212765958    9.16011796420785e-132
1.1104255319148937    4.673958039548775e-131
1.1122340425531916    2.372545436733649e-130
1.1140425531914895    1.1981109992525209e-129
1.1158510638297872    6.019204578016607e-129
1.117659574468085    3.008481695488977e-128
1.119468085106383    1.4959893283432962e-127
1.1212765957446809    7.400976878511365e-127
1.1230851063829788    3.642801875643754e-126
1.1248936170212767    1.7839163076444829e-125
1.1267021276595746    8.691850214203152e-125
1.1285106382978725    4.213618243049803e-124
1.1303191489361701    2.0324021189991975e-123
1.132127659574468    9.753979716672199e-123
1.133936170212766    4.6577697399468776e-122
1.1357446808510638    2.213116571129774e-121
1.1375531914893617    1.0463254086909327e-120
1.1393617021276596    4.9223388592863136e-120
1.1411702127659575    2.304222933678454e-119
1.1429787234042554    1.0733260734787472e-118
1.1447872340425531    4.9750672794092684e-118
1.146595744680851    2.294733088634275e-117
1.148404255319149    1.0532637472572916e-116
1.1502127659574468    4.8108252524080766e-116
1.1520212765957447    2.1866799114360326e-115
1.1538297872340426    9.890988297552024e-115
1.1556382978723405    4.452342902282224e-114
1.1574468085106384    1.994515986762048e-113
1.1592553191489363    8.891846332331578e-113
1.161063829787234    3.945093932951075e-112
1.162872340425532    1.741963843735446e-111
1.1646808510638298    7.654955730020703e-111
1.1664893617021277    3.3479064416053396e-110
1.1682978723404256    1.4572575148678108e-109
1.1701063829787235    6.313015976491713e-109
1.1719148936170214    2.7219507037078334e-108
1.1737234042553193    1.1680772044943525e-107
1.175531914893617    4.9890271396091483e-107
1.1773404255319149    2.1208905846009997e-106
1.1791489361702128    8.973952215704142e-106
1.1809574468085107    3.77935162309772e-105
1.1827659574468086    1.584250413984508e-104
1.1845744680851065    6.610102938208997e-104
1.1863829787234044    2.745208396002268e-103
1.1881914893617023    1.1348276593684604e-102
1.19    4.669568580817856e-102
1.1918085106382978    1.9125842163807525e-101
1.1936170212765957    7.797690798012896e-101
1.1954255319148936    3.1645919175063244e-100
1.1972340425531915    1.278439756802941e-99
1.1990425531914894    5.1411256236148655e-99
1.2008510638297873    2.0580506757042318e-98
1.2026595744680852    8.201216508182098e-98
1.204468085106383    3.2533386980191503e-97
1.2062765957446808    1.2847346988400551e-96
1.2080851063829787    5.05050895990059e-96
1.2098936170212766    1.9765083769359438e-95
1.2117021276595745    7.700310880269318e-95
1.2135106382978724    2.986538863590696e-94
1.2153191489361703    1.1531414419056507e-93
1.2171276595744682    4.4325703329317015e-93
1.218936170212766    1.696256187263453e-92
1.2207446808510638    6.462403610538122e-92
1.2225531914893617    2.4511369005356328e-91
1.2243617021276596    9.255841459677248e-91
1.2261702127659575    3.4797099981975116e-90
1.2279787234042554    1.3024255800550228e-89
1.2297872340425533    4.8534368798825335e-89
1.2315957446808512    1.800678997225276e-88
1.2334042553191489    6.651467322262319e-88
1.2352127659574468    2.4462263603207895e-87
1.2370212765957447    8.957309275636086e-87
1.2388297872340426    3.265607157269873e-86
1.2406382978723405    1.185384945497324e-85
1.2424468085106384    4.284178865136928e-85
1.2442553191489363    1.5416723528398184e-84
1.2460638297872342    5.523780647029128e-84
1.2478723404255319    1.9706256234517498e-83
1.2496808510638298    7.000010047427384e-83
1.2514893617021277    2.4758451407092002e-82
1.2532978723404256    8.719307006088998e-82
1.2551063829787235    3.0575777429160977e-81
1.2569148936170214    1.0676119484689897e-80
1.2587234042553193    3.711872223113053e-80
1.2605319148936172    1.2850485782923625e-79
1.2623404255319148    4.429923582525197e-79
1.2641489361702127    1.5206395279146508e-78
1.2659574468085106    5.197719317734321e-78
1.2677659574468085    1.769126951731668e-77
1.2695744680851064    5.996086465387461e-77
1.2713829787234043    2.0236832552506647e-76
1.2731914893617022    6.801206612769482e-76
1.2750000000000001    2.276151465396443e-75
1.2768085106382978    7.585619513199332e-75
1.2786170212765957    2.5174367621735523e-74
1.2804255319148936    8.319679194002344e-74
1.2822340425531915    2.7380282778466468e-73
1.2840425531914894    8.973366894201617e-73
1.2858510638297873    2.9286120332761516e-72
1.2876595744680852    9.518311669273573e-72
1.289468085106383    3.0807209885064e-71
1.2912765957446808    9.929830891192222e-71
1.2930851063829787    3.18735923445055e-70
1.2948936170212766    1.0188786342258708e-69
1.2967021276595745    3.2435361754408165e-69
1.2985106382978724    1.0283061225338045e-68
1.3003191489361703    3.246653817775648e-68
1.3021276595744682    1.0208499195660934e-67
1.303936170212766    3.196705303711265e-67
1.3057446808510638    9.969204183826441e-67
1.3075531914893617    3.096263641490244e-66
1.3093617021276596    9.577171382674818e-66
1.3111702127659575    2.9502632353200928e-65
1.3129787234042554    9.051295039088783e-65
1.3147872340425533    2.765599905737202e-64
1.3165957446808512    8.415866816626712e-64
1.318404255319149    2.550594334118979e-63
1.3202127659574467    7.698730014049887e-63
1.3220212765957446    2.314376684248284e-62
1.3238297872340425    6.929283309328991e-62
1.3256382978723404    2.0662550788461478e-61
1.3274468085106383    6.1365303330294294e-61
1.3292553191489362    1.81512747188904e-60
1.3310638297872341    5.347349763722358e-60
1.332872340425532    1.5689863328302613e-59
1.3346808510638297    4.585119846753735e-59
1.3364893617021276    1.3345504828496774e-58
1.3382978723404255    3.86877873572296e-58
1.3401063829787234    1.1170409654793177e-57
1.3419148936170213    3.212346241426867e-57
1.3437234042553192    9.201006181682048e-57
1.3455319148936171    2.6248812966997985e-56
1.347340425531915    7.458422837274597e-56
1.3491489361702127    2.1108088166278693e-55
1.3509574468085106    5.949999210764867e-55
1.3527659574468085    1.6705232946026517e-54
1.3545744680851064    4.671509725452159e-54
1.3563829787234043    1.3011654139315644e-53
1.3581914893617022    3.6097714031538458e-53
1.36    9.974708049020723e-53
1.361808510638298    2.7453348448580428e-52
1.3636170212765957    7.526037612774056e-52
1.3654255319148936    2.0550133158418258e-51
1.3672340425531915    5.589092724511735e-51
1.3690425531914894    1.514075724540981e-50
1.3708510638297873    4.0854004989892233e-50
1.3726595744680852    1.098003069662628e-49
1.374468085106383    2.939377906763697e-49
1.376276595744681    7.837747964100497e-49
1.3780851063829787    2.0816713479862703e-48
1.3798936170212766    5.507049827569528e-48
1.3817021276595745    1.4511514786324213e-47
1.3835106382978724    3.8088536514019533e-47
1.3853191489361703    9.957824622647237e-47
1.3871276595744682    2.5931290338926372e-46
1.388936170212766    6.726265855034146e-46
1.390744680851064    1.7378605185740133e-45
1.3925531914893619    4.472470595344308e-45
1.3943617021276595    1.1464956809199068e-44
1.3961702127659574    2.92745567273351e-44
1.3979787234042553    7.44563585779675e-44
1.3997872340425532    1.8862852189367263e-43
1.4015957446808511    4.760006432825074e-43
1.403404255319149    1.1964726916625609e-42
1.405212765957447    2.9956670207280127e-42
1.4070212765957448    7.471024575165241e-42
1.4088297872340425    1.8559360687987707e-41
1.4106382978723404    4.592428244060162e-41
1.4124468085106383    1.1319272738232067e-40
1.4142553191489362    2.7790199404433985e-40
1.416063829787234    6.79613454334955e-40
1.417872340425532    1.655501464924246e-39
1.41968085106383    4.016932682012811e-39
1.4214893617021278    9.70860794327863e-39
1.4232978723404255    2.3373125870907087e-38
1.4251063829787234    5.604979267888022e-38
1.4269148936170213    1.3388394805417546e-37
1.4287234042553192    3.185518721117298e-37
1.430531914893617    7.549684129810489e-37
1.432340425531915    1.782272645656912e-36
1.4341489361702129    4.1909836462427544e-36
1.4359574468085108    9.816438103338668e-36
1.4377659574468085    2.2902751979519028e-35
1.4395744680851064    5.322513352439404e-35
1.4413829787234043    1.2320851790786256e-34
1.4431914893617022    2.8409204569496095e-34
1.445    6.524860247418242e-34
1.446808510638298    1.4927137585971798e-33
1.4486170212765959    3.4015305024658e-33
1.4504255319148938    7.720830087745914e-33
1.4522340425531914    1.7455996181053145e-32
1.4540425531914893    3.9311125016846405e-32
1.4558510638297872    8.81811215702218e-32
1.4576595744680851    1.9702627200723705e-31
1.459468085106383    4.384903578203547e-31
1.461276595744681    9.720358800500468e-31
1.4630851063829788    2.1462968182500078e-30
1.4648936170212767    4.720427643879502e-30
1.4667021276595744    1.0340838785018328e-29
1.4685106382978723    2.2563775585060906e-29
1.4703191489361702    4.903972433324966e-29
1.4721276595744681    1.0616053901768851e-28
1.473936170212766    2.289051669731767e-28
1.475744680851064    4.916136587401688e-28
1.4775531914893618    1.0516387076865037e-27
1.4793617021276597    2.24069018513642e-27
1.4811702127659574    4.755191060471894e-27
1.4829787234042553    1.0051323669202255e-26
1.4847872340425532    2.116146945471582e-26
1.486595744680851    4.437452759987582e-26
1.488404255319149    9.267978788754051e-26
1.490212765957447    1.9279582569476447e-25
1.4920212765957448    3.994564111399002e-25
1.4938297872340427    8.243243564764659e-25
1.4956382978723404    1.6942658378889866e-24
1.4974468085106383    3.468305171850149e-24
1.4992553191489362    7.071359957250237e-24
1.501063829787234    1.4359389094982034e-23
1.502872340425532    2.9041146967370183e-23
1.5046808510638299    5.849701030516362e-23
1.5064893617021278    1.1735265523666595e-22
1.5082978723404257    2.344707477071778e-22
1.5101063829787233    4.665712575975555e-22
1.5119148936170212    9.246509866674586e-22
1.5137234042553191    1.82500948042634e-21
1.515531914893617    3.587373859098599e-21
1.517340425531915    7.022780293941969e-21
1.5191489361702128    1.3691753074802525e-20
1.5209574468085107    2.658416816060904e-20
1.5227659574468086    5.1404074031518596e-20
1.5245744680851063    9.898713563570891e-20
1.5263829787234042    1.898291600223525e-19
1.5281914893617021    3.6253182631572824e-19
1.53    6.894842959443012e-19
1.531808510638298    1.3058506726751079e-18
1.5336170212765958    2.462914353842784e-18
1.5354255319148937    4.625805796699811e-18
1.5372340425531916    8.65173671140801e-18
1.5390425531914893    1.611359342098792e-17
1.5408510638297872    2.9884774693987205e-17
1.542659574468085    5.519137184940584e-17
1.544468085106383    1.0149648891725117e-16
1.546276595744681    1.8585932159680517e-16
1.5480851063829788    3.388955827972096e-16
1.5498936170212767    6.153047826731425e-16
1.5517021276595746    1.1123768411495217e-15
1.5535106382978723    2.0023737541618206e-15
1.5553191489361702    3.588922211925718e-15
1.557127659574468    6.404756464643156e-15
1.558936170212766    1.1380325542889407e-14
1.5607446808510639    2.0133250025889917e-14
1.5625531914893618    3.5462855197037927e-14
1.5643617021276597    6.21909823949596e-14
1.5661702127659576    1.0858457977729854e-13
1.5679787234042553    1.887508152811432e-13
1.5697872340425532    3.266496448782688e-13
1.571595744680851    5.627827103712091e-13
1.573404255319149    9.652878229950347e-13
1.5752127659574469    1.6482479430148289e-12
1.5770212765957448    2.8017525782663183e-12
1.5788297872340427    4.741002705649534e-12
1.5806382978723406    7.986109092747546e-12
1.5824468085106382    1.339109438409949e-11
1.5842553191489361    2.2351343606786247e-11
1.586063829787234    3.713544264955939e-11
1.587872340425532    6.14131519335552e-11
1.5896808510638298    1.0109091109341301e-10
1.5914893617021277    1.656268015915858e-10
1.5932978723404256    2.7008871798640667e-10
1.5951063829787235    4.383578899422251e-10
1.5969148936170212    7.080870959750175e-10
1.5987234042553191    1.1383310401208484e-09
1.600531914893617    1.8212214436120531e-09
1.602340425531915    2.8997268013465157e-09
1.6041489361702128    4.594508495248196e-09
1.6059574468085107    7.2442894185348955e-09
1.6077659574468086    1.1366165805735287e-08
1.6095744680851065    1.7745160148872756e-08
1.6113829787234042    2.7566361129342374e-08
1.613191489361702    4.260866451299188e-08
1.615    6.552699731218275e-08
1.616808510638298    1.0026073332336029e-07
1.6186170212765958    1.526207651058536e-07
1.6204255319148937    2.3112761832630668e-07
1.6222340425531916    3.481996126753605e-07
1.6240425531914895    5.218252590945959e-07
1.6258510638297874    7.779000629520602e-07
1.627659574468085    1.1534672559345509e-06
1.629468085106383    1.701177587825988e-06
1.6312765957446809    2.495378245063991e-06
1.6330851063829788    3.6403582831432933e-06
1.6348936170212767    5.281420377585034e-06
1.6367021276595746    7.6196180919337695e-06
1.6385106382978725    1.0931194585144078e-05
1.6403191489361704    1.5592980637757665e-05
1.642127659574468    2.2115251327701727e-05
1.643936170212766    3.1183790787478e-05
1.6457446808510638    4.3713155556704744e-05
1.6475531914893617    6.091333271278769e-05
1.6493617021276596    8.437212213959101e-05
1.6511702127659575    0.00011615558342108366
1.6529787234042554    0.00015892871356881953
1.6547872340425533    0.0002160980845539262
1.656595744680851    0.00029197737873038767
1.658404255319149    0.0003919755150993571
1.6602127659574468    0.0005228052555401584
1.6620212765957447    0.0006927077191034147
1.6638297872340426    0.00091168503567682
1.6656382978723405    0.0011917293980183128
1.6674468085106384    0.0015470320458513952
1.6692553191489363    0.001994150349944445
1.671063829787234    0.002552105390493037
1.672872340425532    0.003242376625435925
1.6746808510638298    0.0040887549791122505
1.6764893617021277    0.005117011700211117
1.6782978723404256    0.006354338581690115
1.6801063829787235    0.007828516711776295
1.6819148936170214    0.009566777050554441
1.6837234042553193    0.011594328028940563
1.685531914893617    0.013932544144196056
1.6873404255319149    0.01659683596028398
1.6891489361702128    0.01959425625134556
1.6909574468085107    0.022920938696785582
1.6927659574468086    0.02655951294282751
1.6945744680851065    0.030476690114239674
1.6963829787234044    0.03462126170417901
1.6981914893617023    0.03892279647522538
1.7    0.04329134759913528
1.7018085106382979    0.04761848792285295
1.7036170212765958    0.0517799669718433
1.7054255319148937    0.055640221859506386
1.7072340425531916    0.05905887040311503
1.7090425531914895    0.061899166521749135
1.7108510638297874    0.06403820819476179
1.7126595744680853    0.0653784656063972
1.714468085106383    0.06585995704522109
1.7162765957446808    0.06547216498138698
1.7180851063829787    0.06426458288501845
1.7198936170212766    0.062354647276451944
1.7217021276595745    0.05993177269733521
1.7235106382978724    0.05725629995385369
1.7253191489361703    0.054652411908759746
1.7271276595744682    0.05249447429070837
1.728936170212766    0.051186810714235115
1.7307446808510638    0.051137588338633216
1.7325531914893617    0.05272821685092953
1.7343617021276596    0.056280370880012115
1.7361702127659575    0.06202334128648743
1.7379787234042554    0.07006480536422943
1.7397872340425533    0.08036818920130068
1.7415957446808512    0.09273951026612487
1.7434042553191489    0.10682590698494959
1.7452127659574468    0.12212700929631837
1.7470212765957447    0.1380189644314722
1.7488297872340426    0.15378944911676318
1.7506382978723405    0.16868056476519727
1.7524468085106384    0.18193534403984696
1.7542553191489363    0.1928429084568129
1.7560638297872342    0.20077727824359942
1.7578723404255319    0.2052255383949262
1.7596808510638298    0.20580248876499618
1.7614893617021277    0.20225090319217348
1.7632978723404256    0.19442882080406948
1.7651063829787235    0.18228752314980412
1.7669148936170214    0.16584560084305688
1.7687234042553193    0.1451653972716639
1.7705319148936172    0.12033785595577207
1.7723404255319148    0.09148029461544807
1.7741489361702127    0.05874901755636397
1.7759574468085106    0.02236533870356036
1.7777659574468085    -0.017349889610032053
1.7795744680851064    -0.05994104944781737
1.7813829787234043    -0.10479126084131324
1.7831914893617022    -0.1511138400524205
1.7850000000000001    -0.19796866318925238
1.7868085106382978    -0.24430621482747322
1.7886170212765957    -0.2890366473211828
1.7904255319148936    -0.33111543823673967
1.7922340425531915    -0.36963243450802247
1.7940425531914894    -0.4038884222522347
1.7958510638297873    -0.4334437781822064
1.7976595744680852    -0.4581276079144075
1.7994680851063831    -0.47800269659787514
1.8012765957446808    -0.4932904650039553
1.8030851063829787    -0.5042691955912222
1.8048936170212766    -0.5111660163950482
1.8067021276595745    -0.5140665854966058
1.8085106382978724    -0.5128647954325047
1.8103191489361703    -0.507267823633117
1.8121276595744682    -0.49686044142265917
1.813936170212766    -0.48121880268159545
1.8157446808510638    -0.46005094753658216
1.8175531914893617    -0.43333218673084994
1.8193617021276596    -0.4014010536273077
1.8211702127659575    -0.3649870252794716
1.8229787234042554    -0.3251543315671589
1.8247872340425533    -0.2831645746447293
1.8265957446808512    -0.2402806650125543
1.828404255319149    -0.19755104539237717
1.8302127659574468    -0.15562192267068697
1.8320212765957447    -0.11462332356711663
1.8338297872340426    -0.07416166489296308
1.8356382978723405    -0.03342938570110543
1.8374468085106384    0.008584292454222264
1.8392553191489363    0.05282204256439952
1.8410638297872342    0.09988367364803807
1.842872340425532    0.14980892322032496
1.8446808510638297    0.2019682412363289
1.8464893617021276    0.2550889431515846
1.8482978723404255    0.30741374863757565
1.8501063829787234    0.35695841775956794
1.8519148936170213    0.4018125748846526
1.8537234042553192    0.44041871680488176
1.8555319148936171    0.4717712298899901
1.857340425531915    0.495498163734414
1.859148936170213    0.5118178807694496
1.8609574468085106    0.5213925880099812
1.8627659574468085    0.5251231827138743
1.8645744680851064    0.523939110337452
1.8663829787234043    0.518631297304708
1.8681914893617022    0.5097583776807977
1.87    0.49763261025642946
1.871808510638298    0.482369797355111
1.873617021276596    0.46397382894295003
1.8754255319148936    0.4424245887386463
1.8772340425531915    0.4177469330183534
1.8790425531914894    0.39005345095306065
1.8808510638297873    0.3595678794959154
1.8826595744680852    0.3266431703790875
1.884468085106383    0.2917852442911819
1.886276595744681    0.25568189569251243
1.8880851063829789    0.2192217521175997
1.8898936170212766    0.18347829300352064
1.8917021276595745    0.14963521793191487
1.8935106382978724    0.11884430167956128
1.8953191489361703    0.09203187931119064
1.8971276595744682    0.06969664981018694
1.898936170212766    0.05175855545289185
1.900744680851064    0.03751688145983892
1.9025531914893619    0.025752107947588004
1.9043617021276595    0.014965280809562845
1.9061702127659574    0.0037030892902567038
1.9079787234042553    -0.009117470150461784
1.9097872340425532    -0.023979906178668534
1.9115957446808511    -0.040706755124430116
1.913404255319149    -0.0585881503462381
1.915212765957447    -0.07666112358026272
1.9170212765957448    -0.09404817865735243
1.9188297872340425    -0.11024076445456257
1.9206382978723404    -0.12523010978892313
1.9224468085106383    -0.13944091190616936
1.9242553191489362    -0.15349509300208658
1.9260638297872341    -0.1678973819336912
1.927872340425532    -0.18276691604869116
1.92968085106383    -0.19772515218991138
1.9314893617021278    -0.2119929041631447
1.9332978723404255    -0.22466820133680238
1.9351063829787234    -0.2350822986040642
1.9369148936170213    -0.24309317924679963
1.9387234042553192    -0.2491913478836379
1.940531914893617    -0.25435859041112835
1.942340425531915    -0.25971358183704546
1.944148936170213    -0.26606362772023456
1.9459574468085108    -0.2735256295813065
1.9477659574468085    -0.2813626192515109
1.9495744680851064    -0.288109022006451
1.9513829787234043    -0.2919546131202669
1.9531914893617022    -0.2912628635152275
1.955    -0.285050233976929
1.956808510638298    -0.2732678797190748
1.9586170212765959    -0.2567999438478647
1.9604255319148938    -0.2371941766007381
1.9622340425531914    -0.21623113527155635
1.9640425531914893    -0.19548337526136744
1.9658510638297872    -0.17600119887810117
1.9676595744680851    -0.1581973840404033
1.969468085106383    -0.14192053313715375
1.971276595744681    -0.1266418051817268
1.9730851063829788    -0.111658725816109
1.9748936170212767    -0.0962463503780974
1.9767021276595744    -0.07974106801665823
1.9785106382978723    -0.06159351897296711
1.9803191489361702    -0.041445539257928335
1.9821276595744681    -0.01926110112450475
1.983936170212766    0.004513470700668598
1.985744680851064    0.028837465762530406
1.9875531914893618    0.05210640860568304
1.9893617021276597    0.07238335657045142
1.9911702127659574    0.08780847311540488
1.9929787234042553    0.09707475787505804
1.9947872340425532    0.09980344675646696
1.996595744680851    0.09666634850796205
1.998404255319149    0.08918723727993128
2.0002127659574467    0.07927891972727111
2.0020212765957446    0.06868296854809869
2.0038297872340425    0.05852350968113482
2.0056382978723404    0.04914023803565605
2.0074468085106383    0.040245534201838074
2.009255319148936    0.031308646771211035
2.011063829787234    0.02197175516300416
2.012872340425532    0.012295745140552435
2.01468085106383    0.002723276530242619
2.016489361702128    -0.0062078385839770146
2.0182978723404257    -0.014236599871390665
2.0201063829787236    -0.021620234279850846
2.0219148936170215    -0.029086474929399225
2.0237234042553194    -0.037480702684130174
2.0255319148936173    -0.04725284809883014
2.0273404255319147    -0.05802881964423162
2.0291489361702126    -0.06849684741818371
2.0309574468085105    -0.07671064606301012
2.0327659574468084    -0.08072428038453366
2.0345744680851063    -0.07931413057975728
2.0363829787234042    -0.07248744024208914
2.038191489361702    -0.06155397702397247
2.04    -0.048715335846301444
2.041808510638298    -0.0363265544605237
2.043617021276596    -0.026118329541618655
2.0454255319148937    -0.01867801714664661
2.0472340425531916    -0.013373623828077767
2.0490425531914895    -0.008721891609674098
2.0508510638297874    -0.0030310795787590137
2.0526595744680853    0.004939129641303496
2.0544680851063832    0.015536771881041037
2.0562765957446807    0.02812392344190498
2.0580851063829786    0.04131987366079294
2.0598936170212765    0.05346090182626263
2.0617021276595744    0.06310956143850543
2.0635106382978723    0.06946241031124811
2.06531914893617    0.07255865966230213
2.067127659574468    0.0732532551006663
2.068936170212766    0.07296941194026996
2.070744680851064    0.07328744259977013
2.072553191489362    0.0754652491578843
2.0743617021276597    0.08001911010540075
2.0761702127659576    0.08650421174562473
2.0779787234042555    0.09359921264192053
2.0797872340425534    0.09950813464558422
2.0815957446808513    0.10256744239662549
2.083404255319149    0.1018390456270972
2.085212765957447    0.09744248438561295
2.0870212765957445    0.09046577030618846
2.0888297872340424    0.0824727405209951
2.0906382978723403    0.07481791394903309
2.0924468085106382    0.06808807075672038
2.094255319148936    0.06194463478510631
2.096063829787234    0.0554492389962119
2.097872340425532    0.04770547946158504
2.09968085106383    0.03847370163760841
2.1014893617021277    0.028416008860671763
2.1032978723404256    0.018819356497087457
2.1051063829787235    0.01093299194743234
2.1069148936170214    0.005286485670656309
2.1087234042553193    0.0013904173700440845
2.1105319148936172    -0.001971966001528393
2.112340425531915    -0.005983213934604767
2.114148936170213    -0.010966813930316874
2.1159574468085105    -0.015978764545345442
2.1177659574468084    -0.019097493793887838
2.1195744680851063    -0.018318234417605078
2.121382978723404    -0.01260650642925094
2.123191489361702    -0.002540789737171008
2.125    0.009837017893507959
2.126808510638298    0.021930324854443004
2.128617021276596    0.031803306096521426
2.1304255319148937    0.039062063472238166
2.1322340425531916    0.044919395920451556
2.1340425531914895    0.051392996443434306
2.1358510638297874    0.06006014763702378
2.1376595744680853    0.07104363222767462
2.139468085106383    0.08278761099711548
2.141276595744681    0.09275582410611372
2.143085106382979    0.09868043812015598
2.1448936170212765    0.09968799840636597
2.1467021276595744    0.09669816068093287
2.1485106382978723    0.09189238333076
2.15031914893617    0.08755812128168211
2.152127659574468    0.08494509531210126
2.153936170212766    0.08374262310194999
2.155744680851064    0.08242437745560122
2.1575531914893618    0.07922131732309115
2.1593617021276597    0.07315090187872816
2.1611702127659576    0.06453187456577711
2.1629787234042555    0.054733842641183375
2.1647872340425534    0.045353778252143095
2.1665957446808513    0.03732022350474576
2.168404255319149    0.030432597977053708
2.170212765957447    0.02356204857249162
2.172021276595745    0.015350905279682463
2.1738297872340424    0.004980693647901383
2.1756382978723403    -0.00742160252004619
2.177446808510638    -0.02092351448837472
2.179255319148936    -0.03432886132841115
2.181063829787234    -0.04676395123942072
2.182872340425532    -0.05796853513178467
2.18468085106383    -0.06816858123603849
2.1864893617021277    -0.07767621844131008
2.1882978723404256    -0.08651612810292907
2.1901063829787235    -0.09433392514719637
2.1919148936170214    -0.10064290306196912
2.1937234042553193    -0.10524271424881161
2.195531914893617    -0.10853221622584817
2.197340425531915    -0.11149746040501797
2.199148936170213    -0.11534041879001951
2.200957446808511    -0.12091385735238085
2.2027659574468084    -0.1282351052213626
2.2045744680851063    -0.13631903582696098
2.206382978723404    -0.14342614773923346
2.208191489361702    -0.14764069613620973
2.21    -0.1475553350407074
2.211808510638298    -0.14279226412587614
2.2136170212765958    -0.1341473168739345
2.2154255319148937    -0.12328192257145665
2.2172340425531916    -0.11206494661473182
2.2190425531914895    -0.1018218637370443
2.2208510638297874    -0.09281584729815526
2.2226595744680853    -0.08421511845384463
2.224468085106383    -0.07459591512539734
2.226276595744681    -0.06276641862874816
2.228085106382979    -0.04850484285960373
2.229893617021277    -0.03280730817858357
2.2317021276595743    -0.017472174285158286
2.233510638297872    -0.0042084380300346155
2.23531914893617    0.0062509394345355435
2.237127659574468    0.014512399962414553
2.238936170212766    0.02211665469612048
2.240744680851064    0.030568867680975893
2.2425531914893617    0.040369140975921085
2.2443617021276596    0.05064477531212009
2.2461702127659575    0.05964570829682816
2.2479787234042554    0.0658346111729507
2.2497872340425533    0.06890926526812483
2.251595744680851    0.07010030211682439
2.253404255319149    0.07151450601681067
2.255212765957447    0.07489150722036103
2.257021276595745    0.08053229403476464
2.258829787234043    0.08707875634928805
2.2606382978723403    0.09230594256430383
2.262446808510638    0.09445211329009931
2.264255319148936    0.0932645249127684
2.266063829787234    0.09011250276486091
2.267872340425532    0.08710965513962557
2.2696808510638298    0.08581500372930215
2.2714893617021277    0.0863401315928295
2.2732978723404256    0.08740920917922415
2.2751063829787235    0.08728852186011385
2.2769148936170214    0.08494063569790694
2.2787234042553193    0.0806357116757006
2.280531914893617    0.07564213196887479
2.282340425531915    0.07124974686015273
2.284148936170213    0.0678225804704796
2.285957446808511    0.06453855099880931
2.2877659574468088    0.059988687119390996
2.2895744680851062    0.05321596428326661
2.291382978723404    0.04447809412708023
2.293191489361702    0.03521226900131012
2.295    0.02721926457071064
2.296808510638298    0.02159717087816409
2.2986170212765957    0.018101473677847355
2.3004255319148936    0.015309511987848246
2.3022340425531915    0.011445740252834492
2.3040425531914894    0.005334708165642035
2.3058510638297873    -0.003069945518238233
2.3076595744680852    -0.012808857347393525
2.309468085106383    -0.022507200032235462
2.311276595744681    -0.031020325483753997
2.313085106382979    -0.037795435117107395
2.314893617021277    -0.042869147856684206
2.3167021276595747    -0.046647658778515094
2.3185106382978726    -0.049662311952586774
2.32031914893617    -0.052383810167850264
2.322127659574468    -0.055062479770425374
2.323936170212766    -0.05756610684812964
2.325744680851064    -0.05929659791112071
2.3275531914893617    -0.059342436475013444
2.3293617021276596    -0.05693515730225446
2.3311702127659575    -0.052041226818593106
2.3329787234042554    -0.0457144928776443
2.3347872340425533    -0.039865730264105045
2.336595744680851    -0.03642685706904346
2.338404255319149    -0.03631605846548086
2.340212765957447    -0.03883648792420455
2.342021276595745    -0.0419560771977977
2.343829787234043    -0.043390087686846796
2.3456382978723407    -0.04187469015892287
2.3474468085106386    -0.03785358068780394
2.349255319148936    -0.033143461233778815
2.351063829787234    -0.02978896356654638
2.352872340425532    -0.02883358180412815
2.3546808510638297    -0.02976909930101567
2.3564893617021276    -0.030960468595585156
2.3582978723404255    -0.03070231709950552
2.3601063829787234    -0.028187878343054182
2.3619148936170213    -0.023801759019037395
2.3637234042553192    -0.018659864415128048
2.365531914893617    -0.013827032154249096
2.367340425531915    -0.009789460529905977
2.369148936170213    -0.006476738353789757
2.370957446808511    -0.0036698911559094414
2.3727659574468087    -0.001361572213398752
2.3745744680851066    0.0002560348852240178
2.3763829787234045    0.0011302947269785251
2.378191489361702    0.0016597730214598359
2.38    0.002633793920170904
2.381808510638298    0.00477267200918907
2.3836170212765957    0.008200002711494571
2.3854255319148936    0.012275924857378396
2.3872340425531915    0.015965627751015184
2.3890425531914894    0.018506159150657904
2.3908510638297873    0.019893219893004604
2.392659574468085    0.020833833480001868
2.394468085106383    0.022208310450075562
2.396276595744681    0.024448123288197454
2.398085106382979    0.027285638749766125
2.399893617021277    0.030035203022206934
2.4017021276595747    0.03215972329615752
2.4035106382978726    0.03367711405070118
2.4053191489361705    0.03511073185210909
2.407127659574468    0.0370538173742301
2.408936170212766    0.03970502011691603
2.4107446808510637    0.042723293075779524
2.4125531914893616    0.045474544411807184
2.4143617021276595    0.04743767188368544
2.4161702127659574    0.04844840927585164
2.4179787234042553    0.04863764930041254
2.4197872340425532    0.04819441903525321
2.421595744680851    0.04721204326670562
2.423404255319149    0.045757480253955575
2.425212765957447    0.04405786329529807
2.427021276595745    0.04255651480294715
2.4288297872340427    0.04169167536586132
2.4306382978723406    0.04151605135743188
2.4324468085106385    0.04147139677949498
2.4342553191489364    0.04057209264601066
2.436063829787234    0.03795806262933427
2.437872340425532    0.03347472767519078
2.4396808510638297    0.02787250392037942
2.4414893617021276    0.022457317076788677
2.4432978723404255    0.01839612247168615
2.4451063829787234    0.016113027772602706
2.4469148936170213    0.015138269116898438
2.448723404255319    0.014461480558433073
2.450531914893617    0.013126814459065182
2.452340425531915    0.010703091426530795
2.454148936170213    0.007403447676155802
2.455957446808511    0.00387429251173038
2.4577659574468087    0.0008392829388811016
2.4595744680851066    -0.0012091365439707803
2.4613829787234045    -0.002171670261628528
2.4631914893617024    -0.002344028363582057
2.465    -0.0022754307369963474
2.4668085106382978    -0.002516062242573804
2.4686170212765957    -0.0033388043413243077
2.4704255319148936    -0.004587955375302972
2.4722340425531915    -0.0057956733236762155
2.4740425531914894    -0.006555298173379607
2.4758510638297873    -0.006922917592340894
2.477659574468085    -0.007519029761451648
2.479468085106383    -0.009161620405806616
2.481276595744681    -0.012218550383932696
2.483085106382979    -0.016155435687321053
2.4848936170212768    -0.01970221396212952
2.4867021276595747    -0.021635793287781615
2.4885106382978726    -0.021667411372119232
2.4903191489361705    -0.020748576880521893
2.4921276595744684    -0.02047187425410271
2.493936170212766    -0.021923139895030867
2.4957446808510637    -0.024823089812995098
2.4975531914893616    -0.027661260679654184
2.4993617021276595    -0.028813305964839494
2.5011702127659574    -0.02785839587558583
2.5029787234042553    -0.026088754473784042
2.504787234042553    -0.025749149030875034
2.506595744680851    -0.02848380801910665
2.508404255319149    -0.03409268179723424
2.510212765957447    -0.040513882890228045
2.512021276595745    -0.045073531032037234
2.5138297872340427    -0.046132339188270186
2.5156382978723406    -0.043995177308251185
2.5174468085106385    -0.04051829589156737
2.5192553191489364    -0.03779434784680592
2.5210638297872343    -0.03689556409511886
2.5228723404255318    -0.03749164768843877
2.5246808510638297    -0.03842573005329092
2.5264893617021276    -0.03864450228467449
2.5282978723404255    -0.037755044535260615
2.5301063829787234    -0.03593481119132684
2.5319148936170213    -0.03349821259599131
2.533723404255319    -0.030623122036212577
2.535531914893617    -0.027448057275701765
2.537340425531915    -0.024302819615553056
2.539148936170213    -0.021684815579933785
2.5409574468085108    -0.019882751002150326
2.5427659574468087    -0.01858327623840221
2.5445744680851066    -0.01692373146451382
2.5463829787234045    -0.014102916605735757
2.5481914893617024    -0.01012102977202714
2.5500000000000003    -0.0059957694691966275
2.551808510638298    -0.0031542558113138667
2.5536170212765956    -0.0023799906134127444
2.5554255319148935    -0.0031274043617328306
2.5572340425531914    -0.0037988639745656803
2.5590425531914893    -0.002844079583855924
2.560851063829787    0.000123883672577704
2.562659574468085    0.004043290652926348
2.564468085106383    0.007163260981450105
2.566276595744681    0.008261090508957254
2.568085106382979    0.007405173194698529
2.5698936170212767    0.005747713676275129
2.5717021276595746    0.004600904961280386
2.5735106382978725    0.004557741766291415
2.5753191489361704    0.005281053492157434
2.5771276595744683    0.005975384941358224
2.578936170212766    0.006025090234027381
2.580744680851064    0.00526061063085493
2.5825531914893616    0.003755798665171362
2.5843617021276595    0.0015131037577871239
2.5861702127659574    -0.0015601579836581748
2.5879787234042553    -0.005351863071581517
2.589787234042553    -0.009285413766518355
2.591595744680851    -0.012478113158897793
2.593404255319149    -0.014294691468401732
2.595212765957447    -0.014839624287239308
2.5970212765957448    -0.01490309072970055
2.5988297872340427    -0.015323156620214003
2.6006382978723406    -0.01626719273339256
2.6024468085106385    -0.01706562222803757
2.6042553191489364    -0.01679323370287416
2.6060638297872343    -0.015142291546727756
2.607872340425532    -0.012838886658768176
2.60968085106383    -0.011201449307615796
2.6114893617021275    -0.011155613601053254
2.6132978723404254    -0.012496524984164998
2.6151063829787233    -0.014010714646197256
2.6169148936170212    -0.014373470150757121
2.618723404255319    -0.0131064828717335
2.620531914893617    -0.010842707841906666
2.622340425531915    -0.008724667324268336
2.624148936170213    -0.007464517963675497
2.6259574468085107    -0.006835590059081022
2.6277659574468086    -0.0059676523596290994
2.6295744680851065    -0.0041435236063111554
2.6313829787234044    -0.0014155946068105689
2.6331914893617023    0.0014315966436084103
2.6350000000000002    0.003471218373586314
2.636808510638298    0.004242097589966944
2.638617021276596    0.003898635802469399
2.6404255319148935    0.002877062038930678
2.6422340425531914    0.0014681253814200733
2.6440425531914893    -0.0002933532233083086
2.645851063829787    -0.0023700259043241915
2.647659574468085    -0.004424741086076615
2.649468085106383    -0.005861850668938081
2.651276595744681    -0.006255892449846464
2.653085106382979    -0.005815358860929403
2.6548936170212767    -0.005427031768229183
2.6567021276595746    -0.006134145500431592
2.6585106382978725    -0.00837451011951347
2.6603191489361704    -0.011549511718854093
2.6621276595744683    -0.014296336148868608
2.663936170212766    -0.015330046993595338
2.665744680851064    -0.014287687327046002
2.667553191489362    -0.011972306285856188
2.6693617021276594    -0.009796732993474278
2.6711702127659573    -0.008786764107620318
2.6729787234042552    -0.008829126140905915
2.674787234042553    -0.00870650898090274
2.676595744680851    -0.006932744297362327
2.678404255319149    -0.0028361004633908338
2.680212765957447    0.002869813228644512
2.6820212765957447    0.008469310024293582
2.6838297872340426    0.012365079704285818
2.6856382978723405    0.014168219851010959
2.6874468085106384    0.014961663543085636
2.6892553191489363    0.016502604215004612
2.6910638297872342    0.01990909835335065
2.692872340425532    0.024793931131357205
2.69468085106383    0.02951108739519093
2.696489361702128    0.03234799483187305
2.6982978723404254    0.03275669627821104
2.7001063829787233    0.031670205117330444
2.701914893617021    0.030670176769878266
2.703723404255319    0.030699988547145868
2.705531914893617    0.03138833911872934
2.707340425531915    0.031530873821093174
2.709148936170213    0.030285324762296645
2.7109574468085107    0.02801202283875097
2.7127659574468086    0.025992831360576736
2.7145744680851065    0.0252525237891197
2.7163829787234044    0.025530617679461534
2.7181914893617023    0.02536455281876994
2.72    0.02328682532671522
2.721808510638298    0.019133073946288694
2.723617021276596    0.014306423596248306
2.725425531914894    0.010716487110222099
2.7272340425531914    0.0092671603690813
2.7290425531914893    0.00918479996445212
2.730851063829787    0.00876610478070992
2.732659574468085    0.006890688806855085
2.734468085106383    0.003973428736896375
2.736276595744681    0.001527568804770665
2.7380851063829788    0.0007406817581980646
2.7398936170212767    0.001341745507859341
2.7417021276595746    0.001778807946141024
2.7435106382978725    0.0005625163745315988
2.7453191489361704    -0.002403229904944203
2.7471276595744683    -0.0056706897812375725
2.748936170212766    -0.007407751125774496
2.750744680851064    -0.006861911848149578
2.752553191489362    -0.004886107747813492
2.75436170212766    -0.0031268340269481124
2.7561702127659573    -0.0026270327726865862
2.757978723404255    -0.0030458409312359297
2.759787234042553    -0.0030936994446912813
2.761595744680851    -0.001710743882987916
2.763404255319149    0.00106555677815931
2.765212765957447    0.004229181054594846
2.7670212765957447    0.006700872781453718
2.7688297872340426    0.008142335001953653
2.7706382978723405    0.009024726907664402
2.7724468085106384    0.010018696999392836
2.7742553191489363    0.011346069940522837
2.776063829787234    0.012664288954556902
2.777872340425532    0.013493035208846572
2.77968085106383    0.013709018499361795
2.781489361702128    0.013651036919866185
2.783297872340426    0.013800065503069218
2.7851063829787237    0.014379241253523762
2.786914893617021    0.015220456924305785
2.788723404255319    0.015941541524344443
2.790531914893617    0.016213951969940365
2.792340425531915    0.015907853035780694
2.7941489361702128    0.015092087221406807
2.7959574468085107    0.013987725202952894
2.7977659574468086    0.012914981137807265
2.7995744680851065    0.012173209310709452
2.8013829787234044    0.011839536477897834
2.8031914893617023    0.011639141682538927
2.805    0.011095854711177557
2.806808510638298    0.009956267323881676
2.808617021276596    0.008552152332258915
2.810425531914894    0.007692308706968864
2.8122340425531918    0.008037928168346292
2.8140425531914897    0.009443500986860389
2.815851063829787    0.010908703581431863
2.817659574468085    0.011325272406042992
2.819468085106383    0.010460717297205428
2.821276595744681    0.009295745006962099
2.8230851063829787    0.009314276227340476
2.8248936170212766    0.011275145658158466
2.8267021276595745    0.014527796578323763
2.8285106382978724    0.01751959123304805
2.8303191489361703    0.01909204447333358
2.832127659574468    0.019423958594113267
2.833936170212766    0.01976514243161431
2.835744680851064    0.021195760446323115
2.837553191489362    0.023550333506596795
2.83936170212766    0.025508204232557893
2.8411702127659577    0.02577757533639351
2.8429787234042556    0.02427932933629121
2.844787234042553    0.022228264654217202
2.846595744680851    0.021029343602732595
2.848404255319149    0.021002974493736396
2.8502127659574468    0.021101678561606305
2.8520212765957447    0.019852359343837753
2.8538297872340426    0.016636783499681274
2.8556382978723405    0.012154882983539061
2.8574468085106384    0.0077198324249113
2.8592553191489363    0.0041154197086183
2.861063829787234    0.0010819618121436147
2.862872340425532    -0.002182647633862855
2.86468085106383    -0.006105603441988911
2.866489361702128    -0.010333881301543248
2.8682978723404258    -0.014172465059022924
2.8701063829787237    -0.01732572380513608
2.8719148936170216    -0.020140682954335482
2.873723404255319    -0.023128337736818955
2.875531914893617    -0.0263206542780472
2.877340425531915    -0.029184953623428284
2.8791489361702127    -0.031203828913756154
2.8809574468085106    -0.03249417336679061
2.8827659574468085    -0.033767042450346244
2.8845744680851064    -0.035612073340167666
2.8863829787234043    -0.037821704675507994
2.8881914893617022    -0.03947660559831809
2.89    -0.039759008036734614
2.891808510638298    -0.03870498592689206
2.893617021276596    -0.037136279013637905
2.895425531914894    -0.035824328263541705
2.8972340425531917    -0.03472269257547338
2.8990425531914896    -0.033053373929571236
2.9008510638297875    -0.030176254525511884
2.902659574468085    -0.026363719241614084
2.904468085106383    -0.022671279214777962
2.906276595744681    -0.019992772698087136
2.9080851063829787    -0.01822281683566534
2.9098936170212766    -0.01637110519784646
2.9117021276595745    -0.013541109112817213
2.9135106382978724    -0.009822646287156681
2.9153191489361703    -0.006222384128796769
2.917127659574468    -0.0037055836972544227
2.918936170212766    -0.002303483719129515
2.920744680851064    -0.0011712724759415606
2.922553191489362    0.00047250714926799157
2.92436170212766    0.002479179453324195
2.9261702127659577    0.003858058924752688
2.9279787234042556    0.003743877149035278
2.9297872340425535    0.00228366138713689
2.931595744680851    0.0005585251399384604
2.933404255319149    -0.0003861625308782488
2.9352127659574467    -0.0004486838638503201
2.9370212765957446    -0.00043910247005024376
2.9388297872340425    -0.0011764520831476913
2.9406382978723404    -0.0026454506160586517
2.9424468085106383    -0.004058522209318743
2.9442553191489362    -0.0047354767649546055
2.946063829787234    -0.004880670951629735
2.947872340425532    -0.005444608951958802
2.94968085106383    -0.007188562299775634
2.951489361702128    -0.009882446963648053
2.9532978723404257    -0.012441943950212211
2.9551063829787236    -0.01388163027681752
2.9569148936170215    -0.014161773730735457
2.9587234042553194    -0.014128629042299133
2.960531914893617    -0.014650257199662755
2.962340425531915    -0.01581899815293098
2.9641489361702127    -0.016973817107788988
2.9659574468085106    -0.017445043408028216
2.9677659574468085    -0.01721995923538938
2.9695744680851064    -0.016866849726372785
2.9713829787234043    -0.016854596652776214
2.973191489361702    -0.017018687577543004
2.975    -0.016729912332601432
2.976808510638298    -0.015553371392043616
2.978617021276596    -0.013668790072485486
2.980425531914894    -0.011601563317941935
2.9822340425531917    -0.009579649531349581
2.9840425531914896    -0.00725524179849002
2.9858510638297875    -0.004142190658179817
2.9876595744680854    -0.00031871813726127435
2.989468085106383    0.003407445483140291
2.9912765957446807    0.006159662866608258
2.9930851063829786    0.007879776649680516
2.9948936170212765    0.009512395142220662
2.9967021276595744    0.012185286231925753
2.9985106382978723    0.016096686552573302
3.0003191489361702    0.02019607494917638
3.002127659574468    0.02304894641633191
3.003936170212766    0.024133809160426557
3.005744680851064    0.024343285319538912
3.007553191489362    0.0251605237607648
3.0093617021276597    0.027231869855405277
3.0111702127659576    0.02966769989882186
3.0129787234042555    0.030764116990284484
3.0147872340425534    0.0295227325775945
3.0165957446808513    0.026586088392258764
3.0184042553191492    0.023725566700897403
3.0202127659574467    0.022340510679566227
3.0220212765957446    0.022322837654199634
3.0238297872340425    0.022286214779352814
3.0256382978723404    0.0208995547391664
3.0274468085106383    0.018077777399672406
3.029255319148936    0.014965241544806513
3.031063829787234    0.012792807156209434
3.032872340425532    0.01171319716480217
3.03468085106383    0.010688858988229827
3.036489361702128    0.008495468533908045
3.0382978723404257    0.004882541876829976
3.0401063829787236    0.0008344912826296963
3.0419148936170215    -0.002257645343958041
3.0437234042553194    -0.0037156977029857317
3.0455319148936173    -0.003984721397196295
3.047340425531915    -0.004049574372814507
3.0491489361702127    -0.004488966127108118
3.0509574468085106    -0.005060878103049043
3.0527659574468085    -0.005131844151247454
3.0545744680851064    -0.004443620246389619
3.0563829787234043    -0.003439935793253669
3.058191489361702    -0.0028677889679499793
3.06    -0.003096920531752384
3.061808510638298    -0.0038467736758837677
3.063617021276596    -0.004560641769090241
3.0654255319148938    -0.005001701598722061
3.0672340425531917    -0.005439585620529391
3.0690425531914896    -0.006244846080188917
3.0708510638297875    -0.007343323555442334
3.0726595744680854    -0.008146781269674146
3.0744680851063833    -0.0080896954703218
3.076276595744681    -0.007249889515711918
3.0780851063829786    -0.0063857004305348745
3.0798936170212765    -0.006266511695412107
3.0817021276595744    -0.006892939071880001
3.0835106382978723    -0.007376463301888054
3.08531914893617    -0.006663519732690753
3.087127659574468    -0.004479995239258121
3.088936170212766    -0.0016230580724969903
3.090744680851064    0.000691984437667217
3.092553191489362    0.0018424025346602051
3.0943617021276597    0.002239477270277895
3.0961702127659576    0.002811155579718956
3.0979787234042555    0.004043971238418526
3.0997872340425534    0.005507847835327705
3.1015957446808513    0.006299435367869764
3.103404255319149    0.005936315838014663
3.105212765957447    0.004802819698031057
3.1070212765957446    0.0037129966343278044
3.1088297872340425    0.0030541509175386816
3.1106382978723404    0.0024050833674962944
3.1124468085106383    0.0010443579817209867
3.114255319148936    -0.0011560566554248831
3.116063829787234    -0.0033899185939601953
3.117872340425532    -0.004551271547691539
3.11968085106383    -0.004286278401120853
3.1214893617021278    -0.003431555451851172
3.1232978723404257    -0.0033455284795443126
3.1251063829787236    -0.004698013739880696
3.1269148936170215    -0.006838298281293847
3.1287234042553194    -0.008351035179091689
3.1305319148936173    -0.008298809814116515
3.132340425531915    -0.007001058245654685
3.134148936170213    -0.0056410949516158305
3.1359574468085105    -0.005107724778039396
3.1377659574468084    -0.005196114421446747
3.1395744680851063    -0.004926810352773961
3.141382978723404    -0.0036501806701084976
3.143191489361702    -0.001841100102501731
3.145    -0.0007869582592588951
3.146808510638298    -0.001438189745491993
3.148617021276596    -0.0034985243587499536
3.1504255319148937    -0.005613976935644913
3.1522340425531916    -0.006493786621036414
3.1540425531914895    -0.005941881423590453
3.1558510638297874    -0.004888822237610614
3.1576595744680853    -0.004457710920265408
3.159468085106383    -0.004966769172592349
3.161276595744681    -0.005766305921823255
3.163085106382979    -0.005979632197411595
3.1648936170212765    -0.005380673522052703
3.1667021276595744    -0.004573211666112956
3.1685106382978723    -0.0043526796167580655
3.17031914893617    -0.004911600043073529
3.172127659574468    -0.005657175072288895
3.173936170212766    -0.005783919812524594
3.175744680851064    -0.005019862847975106
3.1775531914893618    -0.003832509198031699
3.1793617021276597    -0.002932009740927633
3.1811702127659576    -0.0025830819782269206
3.1829787234042555    -0.002388335782991623
3.1847872340425534    -0.0017198543582445077
3.1865957446808513    -0.00035053734007636436
3.188404255319149    0.0013253785523588352
3.190212765957447    0.0026642210282891206
3.192021276595745    0.0033436119620245033
3.1938297872340424    0.0035785594637503483
3.1956382978723403    0.0038154237789385717
3.1974468085106382    0.004260238265326751
3.199255319148936    0.004734587483412099
3.201063829787234    0.004981446186773068
3.202872340425532    0.00505853085506079
3.20468085106383    0.005360637969528509
3.2064893617021277    0.0062072891250198915
3.2082978723404256    0.00741333341233919
3.2101063829787235    0.008323335247222488
3.2119148936170214    0.008346300082753224
3.2137234042553193    0.0075074575264018565
3.2155319148936172    0.0064700011545944635
3.217340425531915    0.005964970746913347
3.219148936170213    0.0061426702268505
3.220957446808511    0.006453714287452067
3.2227659574468084    0.006170683088979553
3.2245744680851063    0.0050482808668977155
3.226382978723404    0.0034943857021177086
3.228191489361702    0.002115127044917102
3.23    0.0011175274683569605
3.231808510638298    0.00018012029649542368
3.233617021276596    -0.0010945200715472107
3.2354255319148937    -0.0026449798143176584
3.2372340425531916    -0.003927874792183506
3.2390425531914895    -0.004463818537935026
3.2408510638297874    -0.0043886505799871495
3.2426595744680853    -0.004397092031800576
3.244468085106383    -0.00507304711616632
3.246276595744681    -0.006259434016365764
3.248085106382979    -0.007137554972701788
3.249893617021277    -0.007001033829338914
3.251702127659575    -0.005991131923746333
3.2535106382978722    -0.005049528853356343
3.25531914893617    -0.005090632826519923
3.257127659574468    -0.006173382872274041
3.258936170212766    -0.007475616803957301
3.260744680851064    -0.008096332849108575
3.2625531914893617    -0.007896973303792168
3.2643617021276596    -0.007559417601292924
3.2661702127659575    -0.007825595386990167
3.2679787234042554    -0.008701479425942859
3.2697872340425533    -0.009431260195440667
3.2715957446808512    -0.00925567902598868
3.273404255319149    -0.008171359832093363
3.275212765957447    -0.006918294699965516
3.277021276595745    -0.006222696167121733
3.278829787234043    -0.006083241639886284
3.2806382978723407    -0.0058271812042255105
3.282446808510638    -0.004852119244457007
3.284255319148936    -0.003260400452739504
3.286063829787234    -0.0017250020029839636
3.287872340425532    -0.0007522342475245964
3.28968085106383    -0.0001494373214131334
3.2914893617021277    0.0007189261419078764
3.2932978723404256    0.0021597275834129444
3.2951063829787235    0.003711283225910749
3.2969148936170214    0.004548742106810548
3.2987234042553193    0.00434361712108465
3.300531914893617    0.003668776150571972
3.302340425531915    0.003480577361445846
3.304148936170213    0.004171898800456075
3.305957446808511    0.005168011634436916
3.307765957446809    0.005508698406390731
3.3095744680851067    0.004849426967620373
3.311382978723404    0.0038654162260622644
3.313191489361702    0.0036333633012137056
3.315    0.004600853744550737
3.316808510638298    0.006171472989926938
3.3186170212765957    0.007305521320725332
3.3204255319148936    0.007510836100370719
3.3222340425531915    0.007227731151652225
3.3240425531914894    0.007262063257896207
3.3258510638297873    0.007900788228119451
3.3276595744680852    0.008639372855282693
3.329468085106383    0.00877632987900485
3.331276595744681    0.008214064567308102
3.333085106382979    0.007606835364385637
3.334893617021277    0.007703290182127065
3.3367021276595747    0.00858062964509966
3.3385106382978726    0.009567594560123314
3.34031914893617    0.009918221644392523
3.342127659574468    0.00951813353569107
3.343936170212766    0.008896911484310096
3.345744680851064    0.008570783146724246
3.3475531914893617    0.008442158156837548
3.3493617021276596    0.007901914860509479
3.3511702127659575    0.006521701581516956
3.3529787234042554    0.004597722481450111
3.3547872340425533    0.0029646437549904732
3.356595744680851    0.0022564503780453425
3.358404255319149    0.0023526783138617157
3.360212765957447    0.002545616449096691
3.362021276595745    0.0022320192864274616
3.363829787234043    0.0014322008607923196
3.3656382978723407    0.0006563468333990034
3.3674468085106386    0.0003102539199723389
3.369255319148936    0.0002635906561853468
3.371063829787234    -9.933761088677597e-06
3.372872340425532    -0.0009030051121379982
3.3746808510638298    -0.0022969291430786146
3.3764893617021277    -0.0036806005695412466
3.3782978723404256    -0.004609937836679191
3.3801063829787235    -0.005056512699600179
3.3819148936170214    -0.005353374400445995
3.3837234042553193    -0.005846450725019402
3.385531914893617    -0.00659930048497334
3.387340425531915    -0.007391346360295136
3.389148936170213    -0.007954581057778118
3.390957446808511    -0.008203000926757603
3.3927659574468088    -0.008262064912457501
3.3945744680851067    -0.008307178836835308
3.3963829787234046    -0.008378526047531653
3.398191489361702    -0.00833977462692987
3.4    -0.008014078538302532
3.401808510638298    -0.007375316403257677
3.4036170212765957    -0.006615319572366777
3.4054255319148936    -0.006003112406420801
3.4072340425531915    -0.0056404156160287655
3.4090425531914894    -0.00534143094717324
3.4108510638297873    -0.00478527083110983
3.412659574468085    -0.00383737504998073
3.414468085106383    -0.002736493107389157
3.416276595744681    -0.00192404871274692
3.418085106382979    -0.001628627699216904
3.419893617021277    -0.0015976801466844057
3.4217021276595747    -0.001277397441438114
3.4235106382978726    -0.0003157843142688535
3.4253191489361705    0.0010885129116726881
3.427127659574468    0.0023599713708852927
3.428936170212766    0.0031027685038816383
3.4307446808510638    0.0034937635459592114
3.4325531914893617    0.004100801444813704
3.4343617021276596    0.00528927217010537
3.4361702127659575    0.006813372543929509
3.4379787234042554    0.008017618207740563
3.4397872340425533    0.008454639762905046
3.441595744680851    0.008294320613800225
3.443404255319149    0.008112320705977167
3.445212765957447    0.008286625641024144
3.447021276595745    0.008629209137886106
3.4488297872340428    0.008620477039010812
3.4506382978723407    0.007977258590092478
3.4524468085106386    0.006946638994340238
3.4542553191489365    0.006027883550547062
3.456063829787234    0.005440219336172369
3.457872340425532    0.004916138658530994
3.4596808510638297    0.004038822114679107
3.4614893617021276    0.0027549180672759785
3.4632978723404255    0.0015064200621688374
3.4651063829787234    0.0008278250745980577
3.4669148936170213    0.0008159212793112018
3.468723404255319    0.0010163675723306557
3.470531914893617    0.000853761721485665
3.472340425531915    0.00019375237338201232
3.474148936170213    -0.0005003279688033918
3.475957446808511    -0.0005651868898024647
3.4777659574468087    0.0002721706755667356
3.4795744680851066    0.0016322230631853202
3.4813829787234045    0.002763090140006574
3.4831914893617024    0.0031112106560172437
3.4850000000000003    0.002709511993300313
3.4868085106382978    0.002089085326611476
3.4886170212765957    0.0018190051797432544
3.4904255319148936    0.002067185090466841
3.4922340425531915    0.002535342453445831
3.4940425531914894    0.002795700348789128
3.4958510638297873    0.0027108134668909763
3.497659574468085    0.0025445407472881047
3.499468085106383    0.002655446973941208
3.501276595744681    0.0030709934828190917
3.503085106382979    0.0033863221194783987
3.5048936170212768    0.003133748946395784
3.5067021276595747    0.0022795154001671422
3.5085106382978726    0.0013203960124311574
3.5103191489361705    0.0008197939034716305
3.5121276595744684    0.0008175931508830568
3.5139361702127663    0.0007438777020002834
3.5157446808510637    -9.825053892665377e-06
3.5175531914893616    -0.0014155954140053048
3.5193617021276595    -0.0027631710939943544
3.5211702127659574    -0.003362854438588805
3.5229787234042553    -0.003304535324260101
3.5247872340425532    -0.00344838144864085
3.526595744680851    -0.0045844951258996805
3.528404255319149    -0.006594902311354345
3.530212765957447    -0.008509449281483172
3.532021276595745    -0.00944460679845514
3.5338297872340427    -0.009474141340201234
3.5356382978723406    -0.00951995943418146
3.5374468085106385    -0.010367332852224766
3.5392553191489364    -0.011835882117385031
3.5410638297872343    -0.012975913157321786
3.5428723404255322    -0.013069091173784474
3.5446808510638297    -0.012362256611444307
3.5464893617021276    -0.011768197410211921
3.5482978723404255    -0.011886909775493282
3.5501063829787234    -0.012412300441502298
3.5519148936170213    -0.012531624100681
3.553723404255319    -0.011829184766988864
3.555531914893617    -0.010689184917236406
3.557340425531915    -0.009799936154544102
3.559148936170213    -0.009376328398325941
3.560957446808511    -0.008992392281219095
3.5627659574468087    -0.008171798980840504
3.5645744680851066    -0.00700373621042176
3.5663829787234045    -0.006048917584281327
3.5681914893617024    -0.0056576508552020986
3.5700000000000003    -0.005524993111095796
3.571808510638298    -0.005031488196819209
3.5736170212765956    -0.003984824767416002
3.5754255319148935    -0.002884308812753991
3.5772340425531914    -0.0023683139532548834
3.5790425531914893    -0.002463265929813689
3.5808510638297872    -0.002513598851711575
3.582659574468085    -0.0019091844512489327
3.584468085106383    -0.0008008861410412891
3.586276595744681    2.3210469088081817e-05
3.588085106382979    -5.348704884142798e-06
3.5898936170212767    -0.000586201141197643
3.5917021276595746    -0.0008315301454417118
3.5935106382978725    -0.00016847693252536441
3.5953191489361704    0.0011284646808048678
3.5971276595744683    0.0023306307864010343
3.5989361702127662    0.0030824348352209165
3.600744680851064    0.003708047179312396
3.6025531914893616    0.004679600791468376
3.6043617021276595    0.005916012035000372
3.6061702127659574    0.006773056659151474
3.6079787234042553    0.00676237203508992
3.609787234042553    0.006159489833382402
3.611595744680851    0.005757875898956915
3.613404255319149    0.006001690897904909
3.615212765957447    0.006465401593084055
